    -99.945         0.00000     0.00000     0.00000     0.00000
    -99.795         0.00000     0.00000     0.00000     0.00000
    -99.645         0.00000     0.00000     0.00000     0.00000
    -99.495         0.00000     0.00000     0.00000     0.00000
    -99.345         0.00000     0.00000     0.00000     0.00000
    -99.195         0.00000     0.00000     0.00000     0.00000
    -99.045         0.00000     0.00000     0.00000     0.00000
    -98.895         0.00000     0.00000     0.00000     0.00000
    -98.745         0.00000     0.00000     0.00000     0.00000
    -98.595         0.00000     0.00000     0.00000     0.00000
    -98.445         0.00000     0.00000     0.00000     0.00000
    -98.295         0.00000     0.00000     0.00000     0.00000
    -98.145         0.00000     0.00000     0.00000     0.00000
    -97.995         0.00000     0.00000     0.00000     0.00000
    -97.845         0.00000     0.00000     0.00000     0.00000
    -97.695         0.00000     0.00000     0.00000     0.00000
    -97.545         0.00000     0.00000     0.00000     0.00000
    -97.395         0.00000     0.00000     0.00000     0.00000
    -97.245         0.00000     0.00000     0.00000     0.00000
    -97.095         0.00000     0.00000     0.00000     0.00000
    -96.945         0.00000     0.00000     0.00000     0.00000
    -96.795         0.00000     0.00000     0.00000     0.00000
    -96.645         0.00000     0.00000     0.00000     0.00000
    -96.495         0.00000     0.00000     0.00000     0.00000
    -96.345         0.00000     0.00000     0.00000     0.00000
    -96.195         0.00000     0.00000     0.00000     0.00000
    -96.045         0.00000     0.00000     0.00000     0.00000
    -95.895         0.00000     0.00000     0.00000     0.00000
    -95.745         0.00000     0.00000     0.00000     0.00000
    -95.595         0.00000     0.00000     0.00000     0.00000
    -95.445         0.00000     0.00000     0.00000     0.00000
    -95.295         0.00000     0.00000     0.00000     0.00000
    -95.145         0.00000     0.00000     0.00000     0.00000
    -94.995         0.00000     0.00000     0.00000     0.00000
    -94.845         0.00000     0.00000     0.00000     0.00000
    -94.695         0.00000     0.00000     0.00000     0.00000
    -94.545         0.00000     0.00000     0.00000     0.00000
    -94.395         0.00000     0.00000     0.00000     0.00000
    -94.245         0.00000     0.00000     0.00000     0.00000
    -94.095         0.00000     0.00000     0.00000     0.00000
    -93.945         0.00000     0.00000     0.00000     0.00000
    -93.795         0.00000     0.00000     0.00000     0.00000
    -93.645         0.00000     0.00000     0.00000     0.00000
    -93.495         0.00000     0.00000     0.00000     0.00000
    -93.345         0.00000     0.00000     0.00000     0.00000
    -93.195         0.00000     0.00000     0.00000     0.00000
    -93.045         0.00000     0.00000     0.00000     0.00000
    -92.895         0.00000     0.00000     0.00000     0.00000
    -92.745         0.00000     0.00000     0.00000     0.00000
    -92.595         0.00000     0.00000     0.00000     0.00000
    -92.445         0.00000     0.00000     0.00000     0.00000
    -92.295         0.00000     0.00000     0.00000     0.00000
    -92.145         0.00000     0.00000     0.00000     0.00000
    -91.995         0.00000     0.00000     0.00000     0.00000
    -91.845         0.00000     0.00000     0.00000     0.00000
    -91.695         0.00000     0.00000     0.00000     0.00000
    -91.545         0.00000     0.00000     0.00000     0.00000
    -91.395         0.00000     0.00000     0.00000     0.00000
    -91.245         0.00000     0.00000     0.00000     0.00000
    -91.095         0.00000     0.00000     0.00000     0.00000
    -90.945         0.00000     0.00000     0.00000     0.00000
    -90.795         0.00000     0.00000     0.00000     0.00000
    -90.645         0.00000     0.00000     0.00000     0.00000
    -90.495         0.00000     0.00000     0.00000     0.00000
    -90.345         0.00000     0.00000     0.00000     0.00000
    -90.195         0.00000     0.00000     0.00000     0.00000
    -90.045         0.00000     0.00000     0.00000     0.00000
    -89.895         0.00000     0.00000     0.00000     0.00000
    -89.745         0.00000     0.00000     0.00000     0.00000
    -89.595         0.00000     0.00000     0.00000     0.00000
    -89.445         0.00000     0.00000     0.00000     0.00000
    -89.295         0.00000     0.00000     0.00000     0.00000
    -89.145         0.00000     0.00000     0.00000     0.00000
    -88.995         0.00000     0.00000     0.00000     0.00000
    -88.845         0.00000     0.00000     0.00000     0.00000
    -88.695         0.00000     0.00000     0.00000     0.00000
    -88.545         0.00000     0.00000     0.00000     0.00000
    -88.395         0.00000     0.00000     0.00000     0.00000
    -88.245         0.00000     0.00000     0.00000     0.00000
    -88.095         0.00000     0.00000     0.00000     0.00000
    -87.945         0.00000     0.00000     0.00000     0.00000
    -87.795         0.00000     0.00000     0.00000     0.00000
    -87.645         0.00000     0.00000     0.00000     0.00000
    -87.495         0.00000     0.00000     0.00000     0.00000
    -87.345         0.00000     0.00000     0.00000     0.00000
    -87.195         0.00000     0.00000     0.00000     0.00000
    -87.045         0.00000     0.00000     0.00000     0.00000
    -86.895         0.00000     0.00000     0.00000     0.00000
    -86.745         0.00000     0.00000     0.00000     0.00000
    -86.595         0.00000     0.00000     0.00000     0.00000
    -86.445         0.00000     0.00000     0.00000     0.00000
    -86.295         0.00000     0.00000     0.00000     0.00000
    -86.145         0.00000     0.00000     0.00000     0.00000
    -85.995         0.00000     0.00000     0.00000     0.00000
    -85.845         0.00000     0.00000     0.00000     0.00000
    -85.695         0.00000     0.00000     0.00000     0.00000
    -85.545         0.00000     0.00000     0.00000     0.00000
    -85.395         0.00000     0.00000     0.00000     0.00000
    -85.245         0.00000     0.00000     0.00000     0.00000
    -85.095         0.00000     0.00000     0.00000     0.00000
    -84.945         0.00000     0.00000     0.00000     0.00000
    -84.795         0.00000     0.00000     0.00000     0.00000
    -84.645         0.00000     0.00000     0.00000     0.00000
    -84.495         0.00000     0.00000     0.00000     0.00000
    -84.345         0.00000     0.00000     0.00000     0.00000
    -84.195         0.00000     0.00000     0.00000     0.00000
    -84.045         0.00000     0.00000     0.00000     0.00000
    -83.895         0.00000     0.00000     0.00000     0.00000
    -83.745         0.00000     0.00000     0.00000     0.00000
    -83.595         0.00000     0.00000     0.00000     0.00000
    -83.445         0.00000     0.00000     0.00000     0.00000
    -83.295         0.00000     0.00000     0.00000     0.00000
    -83.145         0.00000     0.00000     0.00000     0.00000
    -82.995         0.00000     0.00000     0.00000     0.00000
    -82.845         0.00000     0.00000     0.00000     0.00000
    -82.695         0.00000     0.00000     0.00000     0.00000
    -82.545         0.00000     0.00000     0.00000     0.00000
    -82.395         0.00000     0.00000     0.00000     0.00000
    -82.245         0.00000     0.00000     0.00000     0.00000
    -82.095         0.00000     0.00000     0.00000     0.00000
    -81.945         0.00000     0.00000     0.00000     0.00000
    -81.795         0.00000     0.00000     0.00000     0.00000
    -81.645         0.00000     0.00000     0.00000     0.00000
    -81.495         0.00000     0.00000     0.00000     0.00000
    -81.345         0.00000     0.00000     0.00000     0.00000
    -81.195         0.00000     0.00000     0.00000     0.00000
    -81.045         0.00000     0.00000     0.00000     0.00000
    -80.895         0.00000     0.00000     0.00000     0.00000
    -80.745         0.00000     0.00000     0.00000     0.00000
    -80.595         0.00000     0.00000     0.00000     0.00000
    -80.445         0.00000     0.00000     0.00000     0.00000
    -80.295         0.00000     0.00000     0.00000     0.00000
    -80.145         0.00000     0.00000     0.00000     0.00000
    -79.995         0.00000     0.00000     0.00000     0.00000
    -79.845         0.00000     0.00000     0.00000     0.00000
    -79.695         0.00000     0.00000     0.00000     0.00000
    -79.545         0.00000     0.00000     0.00000     0.00000
    -79.395         0.00000     0.00000     0.00000     0.00000
    -79.245         0.00000     0.00000     0.00000     0.00000
    -79.095         0.00000     0.00000     0.00000     0.00000
    -78.945         0.00000     0.00000     0.00000     0.00000
    -78.795         0.00000     0.00000     0.00000     0.00000
    -78.645         0.00000     0.00000     0.00000     0.00000
    -78.495         0.00000     0.00000     0.00000     0.00000
    -78.345         0.00000     0.00000     0.00000     0.00000
    -78.195         0.00000     0.00000     0.00000     0.00000
    -78.045         0.00000     0.00000     0.00000     0.00000
    -77.895         0.00000     0.00000     0.00000     0.00000
    -77.745         0.00000     0.00000     0.00000     0.00000
    -77.595         0.00000     0.00000     0.00000     0.00000
    -77.445         0.00000     0.00000     0.00000     0.00000
    -77.295         0.00000     0.00000     0.00000     0.00000
    -77.145         0.00000     0.00000     0.00000     0.00000
    -76.995         0.00000     0.00000     0.00000     0.00000
    -76.845         0.00000     0.00000     0.00000     0.00000
    -76.695         0.00000     0.00000     0.00000     0.00000
    -76.545         0.00000     0.00000     0.00000     0.00000
    -76.395         0.00000     0.00000     0.00000     0.00000
    -76.245         0.00000     0.00000     0.00000     0.00000
    -76.095         0.00000     0.00000     0.00000     0.00000
    -75.945         0.00000     0.00000     0.00000     0.00000
    -75.795         0.00000     0.00000     0.00000     0.00000
    -75.645         0.00000     0.00000     0.00000     0.00000
    -75.495         0.00000     0.00000     0.00000     0.00000
    -75.345         0.00000     0.00000     0.00000     0.00000
    -75.195         0.00000     0.00000     0.00000     0.00000
    -75.045         0.00000     0.00000     0.00000     0.00000
    -74.895         0.00000     0.00000     0.00000     0.00000
    -74.745         0.00000     0.00000     0.00000     0.00000
    -74.595         0.00000     0.00000     0.00000     0.00000
    -74.445         0.00000     0.00000     0.00000     0.00000
    -74.295         0.00000     0.00000     0.00000     0.00000
    -74.145         0.00000     0.00000     0.00000     0.00000
    -73.995         0.00000     0.00000     0.00000     0.00000
    -73.845         0.00000     0.00000     0.00000     0.00000
    -73.695         0.00000     0.00000     0.00000     0.00000
    -73.545         0.00000     0.00000     0.00000     0.00000
    -73.395         0.00000     0.00000     0.00000     0.00000
    -73.245         0.00000     0.00000     0.00000     0.00000
    -73.095         0.00000     0.00000     0.00000     0.00000
    -72.945         0.00000     0.00000     0.00000     0.00000
    -72.795         0.00000     0.00000     0.00000     0.00000
    -72.645         0.00000     0.00000     0.00000     0.00000
    -72.495         0.00000     0.00000     0.00000     0.00000
    -72.345         0.00000     0.00000     0.00000     0.00000
    -72.195         0.00000     0.00000     0.00000     0.00000
    -72.045         0.00000     0.00000     0.00000     0.00000
    -71.895         0.00000     0.00000     0.00000     0.00000
    -71.745         0.00000     0.00000     0.00000     0.00000
    -71.595         0.00000     0.00000     0.00000     0.00000
    -71.445         0.00000     0.00000     0.00000     0.00000
    -71.295         0.00000     0.00000     0.00000     0.00000
    -71.145         0.00000     0.00000     0.00000     0.00000
    -70.995         0.00000     0.00000     0.00000     0.00000
    -70.845         0.00000     0.00000     0.00000     0.00000
    -70.695         0.00000     0.00000     0.00000     0.00000
    -70.545         0.00000     0.00000     0.00000     0.00000
    -70.395         0.00000     0.00000     0.00000     0.00000
    -70.245         0.00000     0.00000     0.00000     0.00000
    -70.095         0.00000     0.00000     0.00000     0.00000
    -69.945         0.00000     0.00000     0.00000     0.00000
    -69.795         0.00000     0.00000     0.00000     0.00000
    -69.645         0.00000     0.00000     0.00000     0.00000
    -69.495         0.00000     0.00000     0.00000     0.00000
    -69.345         0.00000     0.00000     0.00000     0.00000
    -69.195         0.00000     0.00000     0.00000     0.00000
    -69.045         0.00000     0.00000     0.00000     0.00000
    -68.895         0.00000     0.00000     0.00000     0.00000
    -68.745         0.00000     0.00000     0.00000     0.00000
    -68.595         0.00000     0.00000     0.00000     0.00000
    -68.445         0.00000     0.00000     0.00000     0.00000
    -68.295         0.00000     0.00000     0.00000     0.00000
    -68.145         0.00000     0.00000     0.00000     0.00000
    -67.995         0.00000     0.00000     0.00000     0.00000
    -67.845         0.00000     0.00000     0.00000     0.00000
    -67.695         0.00000     0.00000     0.00000     0.00000
    -67.545         0.00000     0.00000     0.00000     0.00000
    -67.395         0.00000     0.00000     0.00000     0.00000
    -67.245         0.00000     0.00000     0.00000     0.00000
    -67.095         0.00000     0.00000     0.00000     0.00000
    -66.945         0.00000     0.00000     0.00000     0.00000
    -66.795         0.00000     0.00000     0.00000     0.00000
    -66.645         0.00000     0.00000     0.00000     0.00000
    -66.495         0.00000     0.00000     0.00000     0.00000
    -66.345         0.00000     0.00000     0.00000     0.00000
    -66.195         0.00000     0.00000     0.00000     0.00000
    -66.045         0.00000     0.00000     0.00000     0.00000
    -65.895         0.00000     0.00000     0.00000     0.00000
    -65.745         0.00000     0.00000     0.00000     0.00000
    -65.595         0.00000     0.00000     0.00000     0.00000
    -65.445         0.00000     0.00000     0.00000     0.00000
    -65.295         0.00000     0.00000     0.00000     0.00000
    -65.145         0.00000     0.00000     0.00000     0.00000
    -64.995         0.00000     0.00000     0.00000     0.00000
    -64.845         0.00000     0.00000     0.00000     0.00000
    -64.695         0.00000     0.00000     0.00000     0.00000
    -64.545         0.00000     0.00000     0.00000     0.00000
    -64.395         0.00000     0.00000     0.00000     0.00000
    -64.245         0.00000     0.00000     0.00000     0.00000
    -64.095         0.00000     0.00000     0.00000     0.00000
    -63.945         0.00000     0.00000     0.00000     0.00000
    -63.795         0.00000     0.00000     0.00000     0.00000
    -63.645         0.00000     0.00000     0.00000     0.00000
    -63.495         0.00000     0.00000     0.00000     0.00000
    -63.345         0.00000     0.00000     0.00000     0.00000
    -63.195         0.00000     0.00000     0.00000     0.00000
    -63.045         0.00000     0.00000     0.00000     0.00000
    -62.895         0.00000     0.00000     0.00000     0.00000
    -62.745         0.00000     0.00000     0.00000     0.00000
    -62.595         0.00000     0.00000     0.00000     0.00000
    -62.445         0.00000     0.00000     0.00000     0.00000
    -62.295         0.00000     0.00000     0.00000     0.00000
    -62.145         0.00000     0.00000     0.00000     0.00000
    -61.995         0.00000     0.00000     0.00000     0.00000
    -61.845         0.00000     0.00000     0.00000     0.00000
    -61.695         0.00000     0.00000     0.00000     0.00000
    -61.545         0.00000     0.00000     0.00000     0.00000
    -61.395         0.00000     0.00000     0.00000     0.00000
    -61.245         0.00000     0.00000     0.00000     0.00000
    -61.095         0.00000     0.00000     0.00000     0.00000
    -60.945         0.00000     0.00000     0.00000     0.00000
    -60.795         0.00000     0.00000     0.00000     0.00000
    -60.645         0.00000     0.00000     0.00000     0.00000
    -60.495         0.00000     0.00000     0.00000     0.00000
    -60.345         0.00000     0.00000     0.00000     0.00000
    -60.195         0.00000     0.00000     0.00000     0.00000
    -60.045         0.00000     0.00000     0.00000     0.00000
    -59.895         0.00000     0.00000     0.00000     0.00000
    -59.745         0.00000     0.00000     0.00000     0.00000
    -59.595         0.00000     0.00000     0.00000     0.00000
    -59.445         0.00000     0.00000     0.00000     0.00000
    -59.295         0.00000     0.00000     0.00000     0.00000
    -59.145         0.00000     0.00000     0.00000     0.00000
    -58.995         0.00000     0.00000     0.00000     0.00000
    -58.845         0.00000     0.00000     0.00000     0.00000
    -58.695         0.00000     0.00000     0.00000     0.00000
    -58.545         0.00000     0.00000     0.00000     0.00000
    -58.395         0.00000     0.00000     0.00000     0.00000
    -58.245         0.00000     0.00000     0.00000     0.00000
    -58.095         0.00000     0.00000     0.00000     0.00000
    -57.945         0.00000     0.00000     0.00000     0.00000
    -57.795         0.00000     0.00000     0.00000     0.00000
    -57.645         0.00000     0.00000     0.00000     0.00000
    -57.495         0.00000     0.00000     0.00000     0.00000
    -57.345         0.00000     0.00000     0.00000     0.00000
    -57.195         0.00000     0.00000     0.00000     0.00000
    -57.045         0.00000     0.00000     0.00000     0.00000
    -56.895         0.00000     0.00000     0.00000     0.00000
    -56.745         0.00000     0.00000     0.00000     0.00000
    -56.595         0.00000     0.00000     0.00000     0.00000
    -56.445         0.00000     0.00000     0.00000     0.00000
    -56.295         0.00000     0.00000     0.00000     0.00000
    -56.145         0.00000     0.00000     0.00000     0.00000
    -55.995         0.00000     0.00000     0.00000     0.00000
    -55.845         0.00000     0.00000     0.00000     0.00000
    -55.695         0.00000     0.00000     0.00000     0.00000
    -55.545         0.00000     0.00000     0.00000     0.00000
    -55.395         0.00000     0.00000     0.00000     0.00000
    -55.245         0.00000     0.00000     0.00000     0.00000
    -55.095         0.00000     0.00000     0.00000     0.00000
    -54.945         0.00000     0.00000     0.00000     0.00000
    -54.795         0.00000     0.00000     0.00000     0.00000
    -54.645         0.00000     0.00000     0.00000     0.00000
    -54.495         0.00000     0.00000     0.00000     0.00000
    -54.345         0.00000     0.00000     0.00000     0.00000
    -54.195         0.00000     0.00000     0.00000     0.00000
    -54.045         0.00000     0.00000     0.00000     0.00000
    -53.895         0.00000     0.00000     0.00000     0.00000
    -53.745         0.00000     0.00000     0.00000     0.00000
    -53.595         0.00000     0.00000     0.00000     0.00000
    -53.445         0.00000     0.00000     0.00000     0.00000
    -53.295         0.00000     0.00000     0.00000     0.00000
    -53.145         0.00000     0.00000     0.00000     0.00000
    -52.995         0.00000     0.00000     0.00000     0.00000
    -52.845         0.00000     0.00000     0.00000     0.00000
    -52.695         0.00000     0.00000     0.00000     0.00000
    -52.545         0.00000     0.00000     0.00000     0.00000
    -52.395         0.00000     0.00000     0.00000     0.00000
    -52.245         0.00000     0.00000     0.00000     0.00000
    -52.095         0.00000     0.00000     0.00000     0.00000
    -51.945         0.00000     0.00000     0.00000     0.00000
    -51.795         0.00000     0.00000     0.00000     0.00000
    -51.645         0.00000     0.00000     0.00000     0.00000
    -51.495         0.00000     0.00000     0.00000     0.00000
    -51.345         0.00000     0.00000     0.00000     0.00000
    -51.195         0.00000     0.00000     0.00000     0.00000
    -51.045         0.00000     0.00000     0.00000     0.00000
    -50.895         0.00000     0.00000     0.00000     0.00000
    -50.745         0.00000     0.00000     0.00000     0.00000
    -50.595         0.00000     0.00000     0.00000     0.00000
    -50.445         0.00000     0.00000     0.00000     0.00000
    -50.295         0.00000     0.00000     0.00000     0.00000
    -50.145         0.00000     0.00000     0.00000     0.00000
    -49.995         0.00000     0.00000     0.00000     0.00000
    -49.845         0.00000     0.00000     0.00000     0.00000
    -49.695         0.00000     0.00000     0.00000     0.00000
    -49.545         0.00000     0.00000     0.00000     0.00000
    -49.395         0.00000     0.00000     0.00000     0.00000
    -49.245         0.00000     0.00000     0.00000     0.00000
    -49.095         0.00000     0.00000     0.00000     0.00000
    -48.945         0.00000     0.00000     0.00000     0.00000
    -48.795         0.00000     0.00000     0.00000     0.00000
    -48.645         0.00000     0.00000     0.00000     0.00000
    -48.495         0.00000     0.00000     0.00000     0.00000
    -48.345         0.00000     0.00000     0.00000     0.00000
    -48.195         0.00000     0.00000     0.00000     0.00000
    -48.045         0.00000     0.00000     0.00000     0.00000
    -47.895         0.00000     0.00000     0.00000     0.00000
    -47.745         0.00000     0.00000     0.00000     0.00000
    -47.595         0.00000     0.00000     0.00000     0.00000
    -47.445         0.00000     0.00000     0.00000     0.00000
    -47.295         0.00000     0.00000     0.00000     0.00000
    -47.145         0.00000     0.00000     0.00000     0.00000
    -46.995         0.00000     0.00000     0.00000     0.00000
    -46.845         0.00000     0.00000     0.00000     0.00000
    -46.695         0.00000     0.00000     0.00000     0.00000
    -46.545         0.00000     0.00000     0.00000     0.00000
    -46.395         0.00000     0.00000     0.00000     0.00000
    -46.245         0.00000     0.00000     0.00000     0.00000
    -46.095         0.00000     0.00000     0.00000     0.00000
    -45.945         0.00000     0.00000     0.00000     0.00000
    -45.795         0.00000     0.00000     0.00000     0.00000
    -45.645         0.00000     0.00000     0.00000     0.00000
    -45.495         0.00000     0.00000     0.00000     0.00000
    -45.345         0.00000     0.00000     0.00000     0.00000
    -45.195         0.00000     0.00000     0.00000     0.00000
    -45.045         0.00000     0.00000     0.00000     0.00000
    -44.895         0.00000     0.00000     0.00000     0.00000
    -44.745         0.00000     0.00000     0.00000     0.00000
    -44.595         0.00000     0.00000     0.00000     0.00000
    -44.445         0.00000     0.00000     0.00000     0.00000
    -44.295         0.00000     0.00000     0.00000     0.00000
    -44.145         0.00000     0.00000     0.00000     0.00000
    -43.995         0.00000     0.00000     0.00000     0.00000
    -43.845         0.00000     0.00000     0.00000     0.00000
    -43.695         0.00000     0.00000     0.00000     0.00000
    -43.545         0.00000     0.00000     0.00000     0.00000
    -43.395         0.00000     0.00000     0.00000     0.00000
    -43.245         0.00000     0.00000     0.00000     0.00000
    -43.095         0.00000     0.00000     0.00000     0.00000
    -42.945         0.00000     0.00000     0.00000     0.00000
    -42.795         0.00000     0.00000     0.00000     0.00000
    -42.645         0.00000     0.00000     0.00000     0.00000
    -42.495         0.00000     0.00000     0.00000     0.00000
    -42.345         0.00000     0.00000     0.00000     0.00000
    -42.195         0.00000     0.00000     0.00000     0.00000
    -42.045         0.00000     0.00000     0.00000     0.00000
    -41.895         0.00000     0.00000     0.00000     0.00000
    -41.745         0.00000     0.00000     0.00000     0.00000
    -41.595         0.00000     0.00000     0.00000     0.00000
    -41.445         0.00000     0.00000     0.00000     0.00000
    -41.295         0.00000     0.00000     0.00000     0.00000
    -41.145         0.00000     0.00000     0.00000     0.00000
    -40.995         0.00000     0.00000     0.00000     0.00000
    -40.845         0.00000     0.00000     0.00000     0.00000
    -40.695         0.00000     0.00000     0.00000     0.00000
    -40.545         0.00000     0.00000     0.00000     0.00000
    -40.395         0.00000     0.00000     0.00000     0.00000
    -40.245         0.00000     0.00000     0.00000     0.00000
    -40.095         0.00000     0.00000     0.00000     0.00000
    -39.945         0.00000     0.00000     0.00000     0.00000
    -39.795         0.00000     0.00000     0.00000     0.00000
    -39.645         0.00000     0.00000     0.00000     0.00000
    -39.495         0.00000     0.00000     0.00000     0.00000
    -39.345         0.00000     0.00000     0.00000     0.00000
    -39.195         0.00000     0.00000     0.00000     0.00000
    -39.045         0.00000     0.00000     0.00000     0.00000
    -38.895         0.00000     0.00000     0.00000     0.00000
    -38.745         0.00000     0.00000     0.00000     0.00000
    -38.595         0.00000     0.00000     0.00000     0.00000
    -38.445         0.00000     0.00000     0.00000     0.00000
    -38.295         0.00000     0.00000     0.00000     0.00000
    -38.145         0.00000     0.00000     0.00000     0.00000
    -37.995         0.00000     0.00000     0.00000     0.00000
    -37.845         0.00000     0.00000     0.00000     0.00000
    -37.695         0.00000     0.00000     0.00000     0.00000
    -37.545         0.00000     0.00000     0.00000     0.00000
    -37.395         0.00000     0.00000     0.00000     0.00000
    -37.245         0.00000     0.00000     0.00000     0.00000
    -37.095         0.00000     0.00000     0.00000     0.00000
    -36.945         0.00000     0.00000     0.00000     0.00000
    -36.795         0.00000     0.00000     0.00000     0.00000
    -36.645         0.00000     0.00000     0.00000     0.00000
    -36.495         0.00000     0.00000     0.00000     0.00000
    -36.345         0.00000     0.00000     0.00000     0.00000
    -36.195         0.00000     0.00000     0.00000     0.00000
    -36.045         0.00000     0.00000     0.00000     0.00000
    -35.895         0.00000     0.00000     0.00000     0.00000
    -35.745         0.00000     0.00000     0.00000     0.00000
    -35.595         0.00000     0.00000     0.00000     0.00000
    -35.445         0.00000     0.00000     0.00000     0.00000
    -35.295         0.00000     0.00000     0.00000     0.00000
    -35.145         0.00000     0.00000     0.00000     0.00000
    -34.995         0.00000     0.00000     0.00000     0.00000
    -34.845         0.00000     0.00000     0.00000     0.00000
    -34.695         0.00000     0.00000     0.00000     0.00000
    -34.545         0.00000     0.00000     0.00000     0.00000
    -34.395         0.00000     0.00000     0.00000     0.00000
    -34.245         0.00000     0.00000     0.00000     0.00000
    -34.095         0.00000     0.00000     0.00000     0.00000
    -33.945         0.00000     0.00000     0.00000     0.00000
    -33.795         0.00000     0.00000     0.00000     0.00000
    -33.645         0.00000     0.00000     0.00000     0.00000
    -33.495         0.00000     0.00000     0.00000     0.00000
    -33.345         0.00000     0.00000     0.00000     0.00000
    -33.195         0.00000     0.00000     0.00000     0.00000
    -33.045         0.00000     0.00000     0.00000     0.00000
    -32.895         0.00000     0.00000     0.00000     0.00000
    -32.745         0.00000     0.00000     0.00000     0.00000
    -32.595         0.00000     0.00000     0.00000     0.00000
    -32.445         0.00000     0.00000     0.00000     0.00000
    -32.295         0.00000     0.00000     0.00000     0.00000
    -32.145         0.00000     0.00000     0.00000     0.00000
    -31.995         0.00000     0.00000     0.00000     0.00000
    -31.845         0.00000     0.00000     0.00000     0.00000
    -31.695         0.00000     0.00000     0.00000     0.00000
    -31.545         0.00000     0.00000     0.00000     0.00000
    -31.395         0.00000     0.00000     0.00000     0.00000
    -31.245         0.00000     0.00000     0.00000     0.00000
    -31.095         0.00000     0.00000     0.00000     0.00000
    -30.945         0.00000     0.00000     0.00000     0.00000
    -30.795         0.00000     0.00000     0.00000     0.00000
    -30.645         0.00000     0.00000     0.00000     0.00000
    -30.495         0.00000     0.00000     0.00000     0.00000
    -30.345         0.00000     0.00000     0.00000     0.00000
    -30.195         0.00000     0.00000     0.00000     0.00000
    -30.045         0.00000     0.00000     0.00000     0.00000
    -29.895         0.00000     0.00000     0.00000     0.00000
    -29.745         0.00000     0.00000     0.00000     0.00000
    -29.595         0.00000     0.00000     0.00000     0.00000
    -29.445         0.00000     0.00000     0.00000     0.00000
    -29.295         0.00000     0.00000     0.00000     0.00000
    -29.145         0.00000     0.00000     0.00000     0.00000
    -28.995         0.00000     0.00000     0.00000     0.00000
    -28.845         0.00000     0.00000     0.00000     0.00000
    -28.695         0.00000     0.00000     0.00000     0.00000
    -28.545         0.00000     0.00000     0.00000     0.00000
    -28.395         0.00000     0.00000     0.00000     0.00000
    -28.245         0.00000     0.00000     0.00000     0.00000
    -28.095         0.00000     0.00000     0.00000     0.00000
    -27.945         0.00000     0.00000     0.00000     0.00000
    -27.795         0.00000     0.00000     0.00000     0.00000
    -27.645         0.00000     0.00000     0.00000     0.00000
    -27.495         0.00000     0.00000     0.00000     0.00000
    -27.345         0.00000     0.00000     0.00000     0.00000
    -27.195         0.00000     0.00000     0.00000     0.00000
    -27.045         0.00000     0.00000     0.00000     0.00000
    -26.895         0.00000     0.00000     0.00000     0.00000
    -26.745         0.00000     0.00000     0.00000     0.00000
    -26.595         0.00000     0.00000     0.00000     0.00000
    -26.445         0.00000     0.00000     0.00000     0.00000
    -26.295         0.00000     0.00000     0.00000     0.00000
    -26.145         0.00000     0.00000     0.00000     0.00000
    -25.995         0.00000     0.00000     0.00000     0.00000
    -25.845         0.00000     0.00000     0.00000     0.00000
    -25.695         0.00000     0.00000     0.00000     0.00000
    -25.545         0.00000     0.00000     0.00000     0.00000
    -25.395         0.00000     0.00000     0.00000     0.00000
    -25.245         0.00000     0.00000     0.00000     0.00000
    -25.095         0.00000     0.00000     0.00000     0.00000
    -24.945         0.00000     0.00000     0.00000     0.00000
    -24.795         0.00000     0.00000     0.00000     0.00000
    -24.645         0.00000     0.00000     0.00000     0.00000
    -24.495         0.00000     0.00000     0.00000     0.00000
    -24.345         0.00000     0.00000     0.00000     0.00000
    -24.195         0.00000     0.00000     0.00000     0.00000
    -24.045         0.00000     0.00000     0.00000     0.00000
    -23.895         0.00000     0.00000     0.00000     0.00000
    -23.745         0.00000     0.00000     0.00000     0.00000
    -23.595         0.00000     0.00000     0.00000     0.00000
    -23.445         0.00000     0.00000     0.00000     0.00000
    -23.295         0.00000     0.00000     0.00000     0.00000
    -23.145         0.00000     0.00000     0.00000     0.00000
    -22.995         0.00000     0.00000     0.00000     0.00000
    -22.845         0.00000     0.00000     0.00000     0.00000
    -22.695         0.00000     0.00000     0.00000     0.00000
    -22.545         0.00000     0.00000     0.00000     0.00000
    -22.395         0.00000     0.00000     0.00000     0.00000
    -22.245         0.00000     0.00000     0.00000     0.00000
    -22.095         0.00000     0.00000     0.00000     0.00000
    -21.945         0.00000     0.00000     0.00000     0.00000
    -21.795         0.00000     0.00000     0.00000     0.00000
    -21.645         0.00000     0.00000     0.00000     0.00000
    -21.495         0.00000     0.00000     0.00000     0.00000
    -21.345         0.00000     0.00000     0.00000     0.00000
    -21.195         0.00000     0.00000     0.00000     0.00000
    -21.045         0.00000     0.00000     0.00000     0.00000
    -20.895         0.00000     0.00000     0.00000     0.00000
    -20.745         0.00000     0.00000     0.00000     0.00000
    -20.595         0.00000     0.00000     0.00000     0.00000
    -20.445         0.00000     0.00000     0.00000     0.00000
    -20.295         0.00000     0.00000     0.00000     0.00000
    -20.145         0.00000     0.00000     0.00000     0.00000
    -19.995         0.00000     0.00000     0.00000     0.00000
    -19.845         0.00000     0.00000     0.00000     0.00000
    -19.695         0.00000     0.00000     0.00000     0.00000
    -19.545         0.00000     0.00000     0.00000     0.00000
    -19.395         0.00000     0.00000     0.00000     0.00000
    -19.245         0.00000     0.00000     0.00000     0.00000
    -19.095         0.00000     0.00000     0.00000     0.00000
    -18.945         0.00000     0.00000     0.00000     0.00000
    -18.795         0.00000     0.00000     0.00000     0.00000
    -18.645         0.00000     0.00000     0.00000     0.00000
    -18.495         0.00000     0.00000     0.00000     0.00000
    -18.345         0.00000     0.00000     0.00000     0.00000
    -18.195         0.00000     0.00000     0.00000     0.00000
    -18.045         0.00000     0.00000     0.00000     0.00000
    -17.895         0.00000     0.00000     0.00000     0.00000
    -17.745         0.00000     0.00000     0.00000     0.00000
    -17.595         0.00000     0.00000     0.00000     0.00000
    -17.445         0.00000     0.00000     0.00000     0.00000
    -17.295         0.00000     0.00000     0.00000     0.00000
    -17.145         0.00000     0.00000     0.00000     0.00000
    -16.995         0.00000     0.00000     0.00000     0.00000
    -16.845         0.00000     0.00000     0.00000     0.00000
    -16.695         0.00000     0.00000     0.00000     0.00000
    -16.545         0.00000     0.00000     0.00000     0.00000
    -16.395         0.00000     0.00000     0.00000     0.00000
    -16.245         0.00000     0.00000     0.00000     0.00000
    -16.095         0.00000     0.00000     0.00000     0.00000
    -15.945         0.00000     0.00000     0.00000     0.00000
    -15.795         0.00000     0.00000     0.00000     0.00000
    -15.645         0.00000     0.00000     0.00000     0.00000
    -15.495         0.00000     0.00000     0.00000     0.00000
    -15.345         0.00000     0.00000     0.00000     0.00000
    -15.195         0.00000     0.00000     0.00000     0.00000
    -15.045         0.00000     0.00000     0.00000     0.00000
    -14.895         0.00000     0.00000     0.00000     0.00000
    -14.745         0.00000     0.00000     0.00000     0.00000
    -14.595         0.00000     0.00000     0.00000     0.00000
    -14.445         0.00000     0.00000     0.00000     0.00000
    -14.295         0.00000     0.00000     0.00000     0.00000
    -14.145         0.00000     0.00000     0.00000     0.00000
    -13.995         0.00000     0.00000     0.00000     0.00000
    -13.845         0.00000     0.00000     0.00000     0.00000
    -13.695         0.00000     0.00000     0.00000     0.00000
    -13.545         0.00000     0.00000     0.00000     0.00000
    -13.395         0.00000     0.00000     0.00000     0.00000
    -13.245         0.00000     0.00000     0.00000     0.00000
    -13.095         0.00000     0.00000     0.00000     0.00000
    -12.945         0.00000     0.00000     0.00000     0.00000
    -12.795         0.00000     0.00000     0.00000     0.00000
    -12.645         0.00000     0.00000     0.00000     0.00000
    -12.495         0.00000     0.00000     0.00000     0.00000
    -12.345         0.00000     0.00000     0.00000     0.00000
    -12.195         0.00000     0.00000     0.00000     0.00000
    -12.045         0.00000     0.00000     0.00000     0.00000
    -11.895         0.00000     0.00000     0.00000     0.00000
    -11.745         0.00000     0.00000     0.00000     0.00000
    -11.595         0.00000     0.00000     0.00000     0.00000
    -11.445         0.00000     0.00000     0.00000     0.00000
    -11.295         0.00000     0.00000     0.00000     0.00000
    -11.145         0.00000     0.00000     0.00000     0.00000
    -10.995         0.00000     0.00000     0.00000     0.00000
    -10.845         0.00000     0.00000     0.00000     0.00000
    -10.695         0.00000     0.00000     0.00000     0.00000
    -10.545         0.00000     0.00000     0.00000     0.00000
    -10.395         0.00000     0.00000     0.00000     0.00000
    -10.245         0.00000     0.00000     0.00000     0.00000
    -10.095         0.00000     0.00000     0.00000     0.00000
    -9.9450         0.00000     0.00000     0.00000     0.00000
    -9.7950         0.00000     0.00000     0.00000     0.00000
    -9.6450         0.00000     0.00000     0.00000     0.00000
    -9.4950         0.00000     0.00000     0.00000     0.00000
    -9.3450         0.00000     0.00000     0.00000     0.00000
    -9.1950         0.00000     0.00000     0.00000     0.00000
    -9.0450         0.00000     0.00000     0.00000     0.00000
    -8.8950         0.00000     0.00000     0.00000     0.00000
    -8.7450         0.00000     0.00000     0.00000     0.00000
    -8.5950         0.00000     0.00000     0.00000     0.00000
    -8.4450         0.00000     0.00000     0.00000     0.00000
    -8.2950         0.00000     0.00000     0.00000     0.00000
    -8.1450         0.00000     0.00000     0.00000     0.00000
    -7.9950         0.00000     0.00000     0.00000     0.00000
    -7.8450         0.00000     0.00000     0.00000     0.00000
    -7.6950         0.00000     0.00000     0.00000     0.00000
    -7.5450         0.00000     0.00000     0.00000     0.00000
    -7.3950         0.00000     0.00000     0.00000     0.00000
    -7.2450         0.00000     0.00000     0.00000     0.00000
    -7.0950         0.00000     0.00000     0.00000     0.00000
    -6.9450         0.00000     0.00000     0.00000     0.00000
    -6.7950         0.00000     0.00000     0.00000     0.00000
    -6.6450         0.00000     0.00000     0.00000     0.00000
    -6.4950         0.00000     0.00000     0.00000     0.00000
    -6.3450         0.00000     0.00000     0.00000     0.00000
    -6.1950         0.00000     0.00000     0.00000     0.00000
    -6.0450         0.00000     0.00000     0.00000     0.00000
    -5.8950         0.00000     0.00000     0.00000     0.00000
    -5.7450         0.00000     0.00000     0.00000     0.00000
    -5.5950         0.00000     0.00000     0.00000     0.00000
    -5.4450         0.00000     0.00000     0.00000     0.00000
    -5.2950         0.00000     0.00000     0.00000     0.00000
    -5.1450         0.00000     0.00000     0.00000     0.00000
    -4.9950         0.00000     0.00000     0.00000     0.00000
    -4.8450         0.00000     0.00000     0.00000     0.00000
    -4.6950         0.00000     0.00000     0.00000     0.00000
    -4.5450         0.00000     0.00000     0.00000     0.00000
    -4.3950         0.00000     0.00000     0.00000     0.00000
    -4.2450         0.00000     0.00000     0.00000     0.00000
    -4.0950         0.00000     0.00000     0.00000     0.00000
    -3.9450         0.00000     0.00000     0.00000     0.00000
    -3.7950         0.00000     0.00000     0.00000     0.00000
    -3.6450         0.00000     0.00000     0.00000     0.00000
    -3.4950         0.00000     0.00000     0.00000     0.00000
    -3.3450         0.00000     0.00000     0.00000     0.00000
    -3.1950         0.00000     0.00000     0.00000     0.00000
    -3.0450         0.00000     0.00000     0.00000     0.00000
    -2.8950         0.00000     0.00000     0.00000     0.00000
    -2.7450         0.00000     0.00000     0.00000     0.00000
    -2.5950        -0.00000    -0.00000     0.00000     0.00000
    -2.4450        -0.00000    -0.00000     0.00000     0.00000
    -2.2950        -0.00000    -0.00000     0.00000     0.00000
    -2.1450        -0.00000    -0.00000     0.00000     0.00000
    -1.9950        -0.00000    -0.00000     0.00000     0.00000
    -1.8450        -0.00000    -0.00000     0.00000     0.00000
    -1.6950        -0.00000    -0.00000     0.00000     0.00000
    -1.5450        -0.00000    -0.00000     0.00000     0.00000
    -1.3950        -0.00000    -0.00000     0.00000     0.00000
    -1.2450         0.00001     0.00001     0.00000     0.00000
    -1.0950        -0.00007     0.00004     0.00000    -0.00010
   -0.94500        -0.00232    -0.00062     0.00000    -0.00170
   -0.79500        -0.01507    -0.00205     0.00000    -0.01302
   -0.64500        -0.09340    -0.00407    -0.00043    -0.08890
   -0.49500        -0.68112    -0.00916    -0.01497    -0.65699
   -0.34500        -2.83074    -0.01881    -0.07778    -2.73416
   -0.22700        -3.57916    -0.02448    -0.09908    -3.45559
   -0.21300        -3.65953    -0.02532    -0.10151    -3.53271
   -0.20700        -3.73755    -0.02613    -0.10370    -3.60772
   -0.20100        -3.81449    -0.02702    -0.10603    -3.68145
   -0.19500        -3.89008    -0.02793    -0.10833    -3.75383
   -0.18900        -3.96437    -0.02877    -0.11070    -3.82490
   -0.18300        -4.03742    -0.02962    -0.11284    -3.89495
   -0.17700        -4.11070    -0.03051    -0.11503    -3.96515
   -0.17100        -4.18332    -0.03161    -0.11736    -4.03436
   -0.16500        -4.25351    -0.03263    -0.11966    -4.10123
   -0.15900        -4.32358    -0.03369    -0.12201    -4.16789
   -0.15300        -4.39366    -0.03467    -0.12438    -4.23461
   -0.14700        -4.46355    -0.03582    -0.12669    -4.30104
   -0.14100        -4.53323    -0.03696    -0.12903    -4.36723
   -0.13500        -4.60324    -0.03823    -0.13136    -4.43365
   -0.12900        -4.67245    -0.03949    -0.13379    -4.49917
   -0.12300        -4.74276    -0.04082    -0.13640    -4.56554
   -0.11700        -4.81371    -0.04225    -0.13903    -4.63244
   -0.11100        -4.88504    -0.04384    -0.14162    -4.69958
   -0.10500        -4.95758    -0.04535    -0.14444    -4.76779
   -0.99000E-01    -5.03104    -0.04717    -0.14742    -4.83645
   -0.93000E-01    -5.10622    -0.04888    -0.15035    -4.90699
   -0.87000E-01    -5.18375    -0.05074    -0.15369    -4.97931
   -0.81000E-01    -5.26298    -0.05274    -0.15705    -5.05318
   -0.75000E-01    -5.34527    -0.05478    -0.16045    -5.13003
   -0.69000E-01    -5.43125    -0.05717    -0.16440    -5.20968
   -0.63000E-01    -5.52174    -0.05967    -0.16841    -5.29366
   -0.57000E-01    -5.61855    -0.06249    -0.17283    -5.38323
   -0.51000E-01    -5.72239    -0.06557    -0.17783    -5.47899
   -0.45000E-01    -5.83688    -0.06900    -0.18320    -5.58469
   -0.39000E-01    -5.96356    -0.07314    -0.18922    -5.70120
   -0.33000E-01    -6.10512    -0.07803    -0.19603    -5.83106
   -0.27000E-01    -6.26546    -0.08422    -0.20430    -5.97695
   -0.21300E-01    -6.38727    -0.08946    -0.21130    -6.08652
   -0.19500E-01    -6.40618    -0.09032    -0.21245    -6.10341
   -0.18900E-01    -6.42539    -0.09121    -0.21366    -6.12051
   -0.18300E-01    -6.44501    -0.09215    -0.21494    -6.13792
   -0.17700E-01    -6.46501    -0.09312    -0.21630    -6.15559
   -0.17100E-01    -6.48548    -0.09411    -0.21770    -6.17366
   -0.16500E-01    -6.50624    -0.09515    -0.21918    -6.19191
   -0.15900E-01    -6.52738    -0.09622    -0.22075    -6.21041
   -0.15300E-01    -6.54896    -0.09737    -0.22236    -6.22923
   -0.14700E-01    -6.57100    -0.09853    -0.22411    -6.24836
   -0.14100E-01    -6.59346    -0.09979    -0.22591    -6.26776
   -0.13500E-01    -6.61660    -0.10111    -0.22787    -6.28762
   -0.12900E-01    -6.64021    -0.10249    -0.22995    -6.30777
   -0.12300E-01    -6.66475    -0.10392    -0.23217    -6.32866
   -0.11700E-01    -6.68992    -0.10546    -0.23459    -6.34987
   -0.11100E-01    -6.71588    -0.10711    -0.23721    -6.37156
   -0.10500E-01    -6.74276    -0.10881    -0.24009    -6.39386
   -0.99000E-02    -6.77044    -0.11061    -0.24322    -6.41661
   -0.93000E-02    -6.79923    -0.11252    -0.24660    -6.44011
   -0.87000E-02    -6.82931    -0.11457    -0.25043    -6.46432
   -0.81000E-02    -6.86051    -0.11672    -0.25460    -6.48920
   -0.75000E-02    -6.89319    -0.11902    -0.25935    -6.51481
   -0.69000E-02    -6.92749    -0.12148    -0.26477    -6.54124
   -0.63000E-02    -6.96376    -0.12411    -0.27101    -6.56864
   -0.57000E-02    -7.00193    -0.12699    -0.27823    -6.59671
   -0.51000E-02    -7.04248    -0.13009    -0.28683    -6.62556
   -0.45000E-02    -7.08601    -0.13347    -0.29733    -6.65521
   -0.39000E-02    -7.13342    -0.13713    -0.31073    -6.68557
   -0.33000E-02    -7.18647    -0.14113    -0.32890    -6.71644
   -0.27000E-02    -7.24935    -0.14540    -0.35627    -6.74768
   -0.21000E-02    -7.33046    -0.14995    -0.40079    -6.77971
   -0.15000E-02    -7.43443    -0.15466    -0.46409    -6.81568
   -0.90000E-03    -7.52831    -0.15909    -0.49813    -6.87109
   -0.30000E-03    -8.99146    -0.16172    -0.50353    -8.32622
    0.30000E-03    -7.53002    -0.15632    -0.50090    -6.87281
    0.90000E-03    -7.44839    -0.12234    -0.49647    -6.82957
    0.15000E-02    -7.36673    -0.05901    -0.49180    -6.81592
    0.21000E-02    -7.31315    -0.01458    -0.48726    -6.81131
    0.27000E-02    -7.27992     0.01279    -0.48300    -6.80971
    0.33000E-02    -7.25722     0.03103    -0.47909    -6.80916
    0.39000E-02    -7.23995     0.04447    -0.47547    -6.80895
    0.45000E-02    -7.22600     0.05503    -0.47217    -6.80887
    0.51000E-02    -7.21424     0.06370    -0.46911    -6.80883
    0.57000E-02    -7.20420     0.07091    -0.46631    -6.80881
    0.63000E-02    -7.19539     0.07711    -0.46372    -6.80879
    0.69000E-02    -7.18761     0.08249    -0.46132    -6.80877
    0.75000E-02    -7.18061     0.08723    -0.45908    -6.80876
    0.81000E-02    -7.17428     0.09146    -0.45699    -6.80875
    0.87000E-02    -7.16855     0.09527    -0.45509    -6.80873
    0.93000E-02    -7.16327     0.09873    -0.45328    -6.80871
    0.99000E-02    -7.15841     0.10192    -0.45163    -6.80869
    0.10500E-01    -7.15401     0.10475    -0.45008    -6.80868
    0.11100E-01    -7.14991     0.10740    -0.44865    -6.80866
    0.11700E-01    -7.14610     0.10981    -0.44727    -6.80864
    0.12300E-01    -7.14260     0.11202    -0.44600    -6.80862
    0.12900E-01    -7.13925     0.11418    -0.44483    -6.80860
    0.13500E-01    -7.13617     0.11609    -0.44369    -6.80857
    0.14100E-01    -7.13322     0.11794    -0.44261    -6.80855
    0.14700E-01    -7.13047     0.11964    -0.44158    -6.80853
    0.15300E-01    -7.12790     0.12128    -0.44068    -6.80850
    0.15900E-01    -7.12548     0.12281    -0.43981    -6.80848
    0.16500E-01    -7.12321     0.12422    -0.43898    -6.80845
    0.17100E-01    -7.12098     0.12560    -0.43817    -6.80842
    0.17700E-01    -7.11885     0.12690    -0.43737    -6.80839
    0.18300E-01    -7.11689     0.12815    -0.43668    -6.80836
    0.18900E-01    -7.11501     0.12930    -0.43598    -6.80833
    0.19500E-01    -7.11328     0.13039    -0.43537    -6.80830
    0.21300E-01    -7.10324     0.13672    -0.43190    -6.80806
    0.27000E-01    -7.09300     0.14327    -0.42865    -6.80762
    0.33000E-01    -7.08593     0.14800    -0.42683    -6.80710
    0.39000E-01    -7.08067     0.15157    -0.42575    -6.80649
    0.45000E-01    -7.07664     0.15433    -0.42516    -6.80581
    0.51000E-01    -7.07344     0.15647    -0.42482    -6.80508
    0.57000E-01    -7.07062     0.15815    -0.42457    -6.80421
    0.63000E-01    -7.06815     0.15956    -0.42443    -6.80328
    0.69000E-01    -7.06595     0.16069    -0.42434    -6.80229
    0.75000E-01    -7.06386     0.16165    -0.42427    -6.80124
    0.81000E-01    -7.06199     0.16239    -0.42421    -6.80017
    0.87000E-01    -7.06017     0.16301    -0.42413    -6.79905
    0.93000E-01    -7.05837     0.16354    -0.42409    -6.79782
    0.99000E-01    -7.05667     0.16401    -0.42405    -6.79663
    0.10500        -7.05457     0.16437    -0.42358    -6.79535
    0.11100        -7.05287     0.16469    -0.42354    -6.79402
    0.11700        -7.05108     0.16500    -0.42345    -6.79264
    0.12300        -7.04912     0.16518    -0.42302    -6.79128
    0.12900        -7.04744     0.16539    -0.42297    -6.78985
    0.13500        -7.04573     0.16555    -0.42289    -6.78839
    0.14100        -7.04398     0.16567    -0.42284    -6.78681
    0.14700        -7.04182     0.16583    -0.42243    -6.78522
    0.15300        -7.03991     0.16592    -0.42235    -6.78348
    0.15900        -7.03799     0.16603    -0.42227    -6.78175
    0.16500        -7.03609     0.16609    -0.42219    -6.77999
    0.17100        -7.03421     0.16614    -0.42212    -6.77823
    0.17700        -7.03220     0.16618    -0.42207    -6.77631
    0.18300        -7.03018     0.16625    -0.42199    -6.77444
    0.18900        -7.02788     0.16627    -0.42162    -6.77253
    0.19500        -7.02566     0.16630    -0.42125    -6.77070
    0.20100        -7.02330     0.16633    -0.42088    -6.76875
    0.20700        -7.02125     0.16638    -0.42082    -6.76680
    0.21300        -7.01878     0.16646    -0.42046    -6.76478
    0.22700        -7.00045     0.16678    -0.41982    -6.74742
    0.34500        -6.93771     0.16770    -0.41761    -6.68780
    0.49500        -6.86805     0.16837    -0.41459    -6.62183
    0.64500        -6.79614     0.16923    -0.41178    -6.55359
    0.79500        -6.72331     0.16997    -0.40695    -6.48633
    0.94500        -6.65130     0.17044    -0.40399    -6.41775
     1.0950        -6.58015     0.17101    -0.40072    -6.35045
     1.2450        -6.51019     0.17153    -0.39773    -6.28399
     1.3950        -6.44139     0.17199    -0.39447    -6.21891
     1.5450        -6.37411     0.17247    -0.39145    -6.15514
     1.6950        -6.30916     0.17287    -0.38864    -6.09339
     1.8450        -6.24624     0.17323    -0.38600    -6.03348
     1.9950        -6.18574     0.17359    -0.38353    -5.97580
     2.1450        -6.12760     0.17390    -0.38121    -5.92030
     2.2950        -6.07173     0.17420    -0.37902    -5.86691
     2.4450        -6.01796     0.17448    -0.37693    -5.81550
     2.5950        -5.96627     0.17476    -0.37495    -5.76608
     2.7450        -5.91659     0.17501    -0.37307    -5.71854
     2.8950        -5.86875     0.17525    -0.37128    -5.67272
     3.0450        -5.82287     0.17549    -0.36957    -5.62880
     3.1950        -5.77877     0.17572    -0.36793    -5.58656
     3.3450        -5.73587     0.17593    -0.36636    -5.54544
     3.4950        -5.69491     0.17614    -0.36485    -5.50620
     3.6450        -5.65540     0.17635    -0.36340    -5.46835
     3.7950        -5.61717     0.17654    -0.36199    -5.43172
     3.9450        -5.58019     0.17673    -0.36063    -5.39630
     4.0950        -5.54448     0.17692    -0.35932    -5.36208
     4.2450        -5.50991     0.17711    -0.35806    -5.32896
     4.3950        -5.47646     0.17727    -0.35684    -5.29689
     4.5450        -5.44383     0.17743    -0.35565    -5.26561
     4.6950        -5.41213     0.17760    -0.35450    -5.23523
     4.8450        -5.38158     0.17775    -0.35337    -5.20597
     4.9950        -5.35187     0.17790    -0.35228    -5.17749
     5.1450        -5.32299     0.17804    -0.35122    -5.14981
     5.2950        -5.29489     0.17818    -0.35020    -5.12286
     5.4450        -5.26748     0.17831    -0.34920    -5.09659
     5.5950        -5.24079     0.17844    -0.34822    -5.07101
     5.7450        -5.21478     0.17858    -0.34727    -5.04609
     5.8950        -5.18941     0.17871    -0.34634    -5.02178
     6.0450        -5.16458     0.17884    -0.34543    -4.99799
     6.1950        -5.14034     0.17897    -0.34454    -4.97477
     6.3450        -5.11670     0.17909    -0.34368    -4.95212
     6.4950        -5.09362     0.17921    -0.34284    -4.92998
     6.6450        -5.07097     0.17933    -0.34201    -4.90829
     6.7950        -5.04886     0.17944    -0.34120    -4.88709
     6.9450        -5.02723     0.17955    -0.34041    -4.86638
     7.0950        -5.00603     0.17967    -0.33963    -4.84607
     7.2450        -4.98525     0.17977    -0.33888    -4.82614
     7.3950        -4.96490     0.17988    -0.33813    -4.80665
     7.5450        -4.94488     0.17998    -0.33740    -4.78746
     7.6950        -4.92529     0.18008    -0.33668    -4.76869
     7.8450        -4.90608     0.18017    -0.33598    -4.75028
     7.9950        -4.88720     0.18027    -0.33529    -4.73218
     8.1450        -4.86867     0.18036    -0.33461    -4.71442
     8.2950        -4.85050     0.18046    -0.33396    -4.69700
     8.4450        -4.83261     0.18055    -0.33331    -4.67985
     8.5950        -4.81504     0.18064    -0.33267    -4.66301
     8.7450        -4.79779     0.18073    -0.33204    -4.64647
     8.8950        -4.78083     0.18081    -0.33143    -4.63022
     9.0450        -4.76417     0.18089    -0.33082    -4.61424
     9.1950        -4.74776     0.18098    -0.33022    -4.59852
     9.3450        -4.73158     0.18106    -0.32963    -4.58302
     9.4950        -4.71567     0.18115    -0.32905    -4.56777
     9.6450        -4.70004     0.18124    -0.32848    -4.55279
     9.7950        -4.68460     0.18131    -0.32792    -4.53799
     9.9450        -4.66943     0.18139    -0.32736    -4.52346
     10.095        -4.65450     0.18145    -0.32681    -4.50914
     10.245        -4.63976     0.18152    -0.32627    -4.49501
     10.395        -4.62528     0.18160    -0.32574    -4.48114
     10.545        -4.61095     0.18168    -0.32522    -4.46741
     10.695        -4.59687     0.18175    -0.32471    -4.45391
     10.845        -4.58293     0.18182    -0.32420    -4.44056
     10.995        -4.56924     0.18189    -0.32370    -4.42743
     11.145        -4.55570     0.18196    -0.32321    -4.41444
     11.295        -4.54231     0.18203    -0.32272    -4.40162
     11.445        -4.52917     0.18209    -0.32225    -4.38901
     11.595        -4.51618     0.18216    -0.32178    -4.37656
     11.745        -4.50337     0.18222    -0.32131    -4.36428
     11.895        -4.49067     0.18229    -0.32085    -4.35212
     12.045        -4.47814     0.18236    -0.32039    -4.34011
     12.195        -4.46578     0.18243    -0.31994    -4.32826
     12.345        -4.45357     0.18249    -0.31950    -4.31656
     12.495        -4.44155     0.18255    -0.31906    -4.30504
     12.645        -4.42966     0.18261    -0.31863    -4.29365
     12.795        -4.41790     0.18267    -0.31821    -4.28236
     12.945        -4.40629     0.18273    -0.31778    -4.27124
     13.095        -4.39482     0.18279    -0.31737    -4.26025
     13.245        -4.38349     0.18285    -0.31696    -4.24938
     13.395        -4.37228     0.18290    -0.31655    -4.23863
     13.545        -4.36118     0.18296    -0.31614    -4.22800
     13.695        -4.35021     0.18302    -0.31574    -4.21749
     13.845        -4.33937     0.18308    -0.31535    -4.20710
     13.995        -4.32867     0.18313    -0.31497    -4.19683
     14.145        -4.31807     0.18319    -0.31458    -4.18667
     14.295        -4.30756     0.18324    -0.31420    -4.17659
     14.445        -4.29722     0.18329    -0.31382    -4.16668
     14.595        -4.28696     0.18335    -0.31346    -4.15685
     14.745        -4.27679     0.18341    -0.31309    -4.14710
     14.895        -4.26672     0.18346    -0.31272    -4.13746
     15.045        -4.25677     0.18352    -0.31236    -4.12792
     15.195        -4.24695     0.18356    -0.31201    -4.11851
     15.345        -4.23720     0.18361    -0.31165    -4.10916
     15.495        -4.22754     0.18366    -0.31130    -4.09990
     15.645        -4.21799     0.18371    -0.31095    -4.09075
     15.795        -4.20854     0.18375    -0.31061    -4.08168
     15.945        -4.19918     0.18380    -0.31028    -4.07270
     16.095        -4.18992     0.18385    -0.30994    -4.06383
     16.245        -4.18073     0.18389    -0.30961    -4.05501
     16.395        -4.17164     0.18394    -0.30928    -4.04630
     16.545        -4.16264     0.18399    -0.30896    -4.03767
     16.695        -4.15371     0.18404    -0.30864    -4.02911
     16.845        -4.14488     0.18409    -0.30832    -4.02064
     16.995        -4.13613     0.18412    -0.30800    -4.01226
     17.145        -4.12745     0.18417    -0.30769    -4.00394
     17.295        -4.11887     0.18421    -0.30738    -3.99571
     17.445        -4.11036     0.18426    -0.30707    -3.98755
     17.595        -4.10190     0.18430    -0.30677    -3.97943
     17.745        -4.09351     0.18435    -0.30647    -3.97139
     17.895        -4.08521     0.18439    -0.30617    -3.96343
     18.045        -4.07699     0.18444    -0.30587    -3.95556
     18.195        -4.06884     0.18448    -0.30557    -3.94775
     18.345        -4.06076     0.18453    -0.30527    -3.94001
     18.495        -4.05274     0.18457    -0.30499    -3.93232
     18.645        -4.04477     0.18462    -0.30470    -3.92468
     18.795        -4.03691     0.18466    -0.30442    -3.91715
     18.945        -4.02908     0.18469    -0.30414    -3.90964
     19.095        -4.02131     0.18474    -0.30386    -3.90219
     19.245        -4.01362     0.18478    -0.30358    -3.89482
     19.395        -4.00599     0.18482    -0.30330    -3.88751
     19.545        -3.99842     0.18487    -0.30303    -3.88026
     19.695        -3.99094     0.18490    -0.30277    -3.87307
     19.845        -3.98347     0.18494    -0.30250    -3.86592
     19.995        -3.97610     0.18498    -0.30223    -3.85886
     20.145        -3.96879     0.18502    -0.30196    -3.85185
     20.295        -3.96153     0.18506    -0.30170    -3.84489
     20.445        -3.95432     0.18510    -0.30143    -3.83798
     20.595        -3.94717     0.18514    -0.30117    -3.83113
     20.745        -3.94006     0.18517    -0.30091    -3.82432
     20.895        -3.93302     0.18520    -0.30066    -3.81756
     21.045        -3.92603     0.18524    -0.30041    -3.81086
     21.195        -3.91907     0.18528    -0.30016    -3.80419
     21.345        -3.91217     0.18532    -0.29991    -3.79758
     21.495        -3.90535     0.18535    -0.29966    -3.79103
     21.645        -3.89856     0.18538    -0.29942    -3.78452
     21.795        -3.89178     0.18542    -0.29918    -3.77802
     21.945        -3.88507     0.18545    -0.29894    -3.77158
     22.095        -3.87845     0.18549    -0.29870    -3.76524
     22.245        -3.87184     0.18552    -0.29846    -3.75891
     22.395        -3.86529     0.18555    -0.29822    -3.75262
     22.545        -3.85880     0.18559    -0.29799    -3.74639
     22.695        -3.85236     0.18561    -0.29776    -3.74021
     22.845        -3.84595     0.18564    -0.29753    -3.73407
     22.995        -3.83956     0.18568    -0.29729    -3.72795
     23.145        -3.83327     0.18571    -0.29707    -3.72191
     23.295        -3.82699     0.18574    -0.29684    -3.71589
     23.445        -3.82075     0.18577    -0.29661    -3.70991
     23.595        -3.81454     0.18581    -0.29639    -3.70396
     23.745        -3.80837     0.18584    -0.29617    -3.69804
     23.895        -3.80225     0.18587    -0.29595    -3.69217
     24.045        -3.79618     0.18591    -0.29573    -3.68635
     24.195        -3.79012     0.18594    -0.29551    -3.68055
     24.345        -3.78413     0.18597    -0.29529    -3.67480
     24.495        -3.77816     0.18600    -0.29508    -3.66908
     24.645        -3.77222     0.18603    -0.29487    -3.66338
     24.795        -3.76634     0.18607    -0.29466    -3.65775
     24.945        -3.76050     0.18610    -0.29445    -3.65216
     25.095        -3.75470     0.18613    -0.29424    -3.64659
     25.245        -3.74892     0.18616    -0.29403    -3.64105
     25.395        -3.74317     0.18619    -0.29382    -3.63554
     25.545        -3.73744     0.18622    -0.29361    -3.63004
     25.695        -3.73175     0.18625    -0.29341    -3.62458
     25.845        -3.72612     0.18628    -0.29321    -3.61918
     25.995        -3.72050     0.18630    -0.29301    -3.61379
     26.145        -3.71496     0.18634    -0.29281    -3.60849
     26.295        -3.70941     0.18637    -0.29261    -3.60317
     26.445        -3.70391     0.18640    -0.29241    -3.59789
     26.595        -3.69843     0.18643    -0.29221    -3.59265
     26.745        -3.69301     0.18645    -0.29202    -3.58745
     26.895        -3.68759     0.18649    -0.29182    -3.58225
     27.045        -3.68222     0.18651    -0.29163    -3.57711
     27.195        -3.67690     0.18654    -0.29143    -3.57200
     27.345        -3.67161     0.18657    -0.29124    -3.56693
     27.495        -3.66630     0.18660    -0.29105    -3.56185
     27.645        -3.66104     0.18662    -0.29086    -3.55681
     27.795        -3.65584     0.18665    -0.29067    -3.55182
     27.945        -3.65065     0.18668    -0.29049    -3.54685
     28.095        -3.64549     0.18671    -0.29030    -3.54190
     28.245        -3.64036     0.18674    -0.29012    -3.53698
     28.395        -3.63527     0.18677    -0.28993    -3.53211
     28.545        -3.63019     0.18680    -0.28975    -3.52724
     28.695        -3.62517     0.18682    -0.28957    -3.52242
     28.845        -3.62014     0.18685    -0.28939    -3.51761
     28.995        -3.61514     0.18688    -0.28921    -3.51282
     29.145        -3.61018     0.18691    -0.28903    -3.50806
     29.295        -3.60525     0.18693    -0.28886    -3.50332
     29.445        -3.60037     0.18696    -0.28868    -3.49865
     29.595        -3.59549     0.18699    -0.28850    -3.49398
     29.745        -3.59065     0.18701    -0.28833    -3.48934
     29.895        -3.58586     0.18703    -0.28815    -3.48474
     30.045        -3.58105     0.18706    -0.28798    -3.48013
     30.195        -3.57629     0.18708    -0.28781    -3.47557
     30.345        -3.57155     0.18711    -0.28764    -3.47102
     30.495        -3.56684     0.18714    -0.28747    -3.46650
     30.645        -3.56215     0.18716    -0.28730    -3.46200
     30.795        -3.55747     0.18719    -0.28714    -3.45752
     30.945        -3.55281     0.18721    -0.28697    -3.45305
     31.095        -3.54819     0.18724    -0.28681    -3.44862
     31.245        -3.54357     0.18727    -0.28664    -3.44420
     31.395        -3.53898     0.18729    -0.28647    -3.43980
     31.545        -3.53443     0.18732    -0.28631    -3.43544
     31.695        -3.52988     0.18734    -0.28615    -3.43107
     31.845        -3.52537     0.18737    -0.28599    -3.42675
     31.995        -3.52090     0.18739    -0.28583    -3.42246
     32.145        -3.51643     0.18742    -0.28567    -3.41818
     32.295        -3.51201     0.18744    -0.28551    -3.41394
     32.445        -3.50759     0.18747    -0.28536    -3.40970
     32.595        -3.50321     0.18749    -0.28520    -3.40550
     32.745        -3.49884     0.18751    -0.28504    -3.40131
     32.895        -3.49448     0.18754    -0.28488    -3.39713
     33.045        -3.49015     0.18756    -0.28473    -3.39298
     33.195        -3.48585     0.18758    -0.28458    -3.38885
     33.345        -3.48155     0.18760    -0.28443    -3.38473
     33.495        -3.47731     0.18762    -0.28427    -3.38065
     33.645        -3.47306     0.18765    -0.28412    -3.37659
     33.795        -3.46884     0.18767    -0.28397    -3.37254
     33.945        -3.46461     0.18769    -0.28382    -3.36848
     34.095        -3.46043     0.18771    -0.28367    -3.36448
     34.245        -3.45624     0.18774    -0.28352    -3.36046
     34.395        -3.45211     0.18776    -0.28337    -3.35650
     34.545        -3.44799     0.18778    -0.28322    -3.35255
     34.695        -3.44388     0.18780    -0.28307    -3.34861
     34.845        -3.43978     0.18782    -0.28293    -3.34468
     34.995        -3.43572     0.18784    -0.28278    -3.34078
     35.145        -3.43168     0.18787    -0.28264    -3.33691
     35.295        -3.42767     0.18789    -0.28250    -3.33306
     35.445        -3.42363     0.18791    -0.28235    -3.32919
     35.595        -3.41964     0.18793    -0.28221    -3.32535
     35.745        -3.41564     0.18795    -0.28207    -3.32152
     35.895        -3.41166     0.18797    -0.28193    -3.31770
     36.045        -3.40773     0.18799    -0.28179    -3.31393
     36.195        -3.40381     0.18801    -0.28165    -3.31018
     36.345        -3.39989     0.18803    -0.28150    -3.30642
     36.495        -3.39599     0.18805    -0.28136    -3.30268
     36.645        -3.39211     0.18807    -0.28122    -3.29896
     36.795        -3.38826     0.18810    -0.28109    -3.29527
     36.945        -3.38442     0.18812    -0.28095    -3.29159
     37.095        -3.38061     0.18814    -0.28081    -3.28793
     37.245        -3.37681     0.18816    -0.28067    -3.28429
     37.395        -3.37301     0.18818    -0.28054    -3.28064
     37.545        -3.36924     0.18819    -0.28041    -3.27703
     37.695        -3.36548     0.18821    -0.28027    -3.27342
     37.845        -3.36174     0.18823    -0.28015    -3.26983
     37.995        -3.35800     0.18826    -0.28001    -3.26625
     38.145        -3.35427     0.18828    -0.27988    -3.26267
     38.295        -3.35059     0.18830    -0.27975    -3.25914
     38.445        -3.34688     0.18832    -0.27961    -3.25559
     38.595        -3.34322     0.18834    -0.27948    -3.25208
     38.745        -3.33958     0.18836    -0.27935    -3.24858
     38.895        -3.33595     0.18838    -0.27922    -3.24511
     39.045        -3.33235     0.18840    -0.27909    -3.24166
     39.195        -3.32875     0.18842    -0.27897    -3.23820
     39.345        -3.32515     0.18844    -0.27883    -3.23475
     39.495        -3.32157     0.18846    -0.27871    -3.23132
     39.645        -3.31801     0.18848    -0.27858    -3.22791
     39.795        -3.31448     0.18850    -0.27845    -3.22452
     39.945        -3.31094     0.18852    -0.27833    -3.22113
     40.095        -3.30742     0.18854    -0.27820    -3.21776
     40.245        -3.30392     0.18856    -0.27808    -3.21440
     40.395        -3.30045     0.18858    -0.27796    -3.21107
     40.545        -3.29697     0.18859    -0.27783    -3.20773
     40.695        -3.29351     0.18861    -0.27771    -3.20441
     40.845        -3.29005     0.18863    -0.27758    -3.20109
     40.995        -3.28661     0.18865    -0.27746    -3.19780
     41.145        -3.28320     0.18866    -0.27734    -3.19452
     41.295        -3.27979     0.18868    -0.27721    -3.19126
     41.445        -3.27640     0.18870    -0.27709    -3.18801
     41.595        -3.27302     0.18872    -0.27697    -3.18477
     41.745        -3.26966     0.18873    -0.27685    -3.18154
     41.895        -3.26631     0.18875    -0.27673    -3.17834
     42.045        -3.26297     0.18877    -0.27661    -3.17513
     42.195        -3.25963     0.18879    -0.27649    -3.17193
     42.345        -3.25631     0.18881    -0.27637    -3.16875
     42.495        -3.25300     0.18882    -0.27625    -3.16558
     42.645        -3.24971     0.18884    -0.27613    -3.16243
     42.795        -3.24644     0.18886    -0.27601    -3.15929
     42.945        -3.24318     0.18888    -0.27589    -3.15617
     43.095        -3.23993     0.18889    -0.27577    -3.15306
     43.245        -3.23669     0.18891    -0.27566    -3.14994
     43.395        -3.23347     0.18893    -0.27554    -3.14686
     43.545        -3.23022     0.18895    -0.27542    -3.14375
     43.695        -3.22702     0.18897    -0.27531    -3.14069
     43.845        -3.22382     0.18899    -0.27519    -3.13761
     43.995        -3.22062     0.18900    -0.27508    -3.13454
     44.145        -3.21747     0.18902    -0.27496    -3.13152
     44.295        -3.21432     0.18904    -0.27485    -3.12850
     44.445        -3.21117     0.18905    -0.27474    -3.12548
     44.595        -3.20804     0.18907    -0.27463    -3.12248
     44.745        -3.20493     0.18909    -0.27452    -3.11950
     44.895        -3.20183     0.18910    -0.27441    -3.11652
     45.045        -3.19873     0.18912    -0.27430    -3.11355
     45.195        -3.19563     0.18914    -0.27419    -3.11058
     45.345        -3.19255     0.18915    -0.27408    -3.10762
     45.495        -3.18950     0.18917    -0.27398    -3.10469
     45.645        -3.18644     0.18919    -0.27387    -3.10176
     45.795        -3.18340     0.18920    -0.27375    -3.09885
     45.945        -3.18037     0.18922    -0.27365    -3.09594
     46.095        -3.17735     0.18924    -0.27354    -3.09305
     46.245        -3.17435     0.18925    -0.27343    -3.09017
     46.395        -3.17133     0.18927    -0.27332    -3.08728
     46.545        -3.16835     0.18929    -0.27322    -3.08442
     46.695        -3.16538     0.18931    -0.27311    -3.08157
     46.845        -3.16241     0.18932    -0.27301    -3.07872
     46.995        -3.15945     0.18934    -0.27290    -3.07588
     47.145        -3.15651     0.18935    -0.27280    -3.07306
     47.295        -3.15356     0.18936    -0.27269    -3.07023
     47.445        -3.15062     0.18938    -0.27258    -3.06742
     47.595        -3.14770     0.18940    -0.27248    -3.06462
     47.745        -3.14478     0.18941    -0.27238    -3.06182
     47.895        -3.14187     0.18943    -0.27227    -3.05903
     48.045        -3.13897     0.18945    -0.27217    -3.05625
     48.195        -3.13608     0.18946    -0.27206    -3.05348
     48.345        -3.13320     0.18948    -0.27196    -3.05071
     48.495        -3.13031     0.18949    -0.27185    -3.04795
     48.645        -3.12746     0.18951    -0.27175    -3.04522
     48.795        -3.12463     0.18952    -0.27165    -3.04250
     48.945        -3.12179     0.18954    -0.27155    -3.03978
     49.095        -3.11896     0.18956    -0.27145    -3.03707
     49.245        -3.11615     0.18957    -0.27135    -3.03438
     49.395        -3.11336     0.18958    -0.27125    -3.03170
     49.545        -3.11056     0.18960    -0.27114    -3.02901
     49.695        -3.10778     0.18961    -0.27105    -3.02635
     49.845        -3.10501     0.18963    -0.27095    -3.02369
     49.995        -3.10223     0.18964    -0.27085    -3.02103
     50.145        -3.09948     0.18966    -0.27075    -3.01838
     50.295        -3.09672     0.18967    -0.27065    -3.01574
     50.445        -3.09397     0.18969    -0.27056    -3.01310
     50.595        -3.09123     0.18970    -0.27046    -3.01047
     50.745        -3.08851     0.18972    -0.27036    -3.00786
     50.895        -3.08581     0.18973    -0.27027    -3.00527
     51.045        -3.08309     0.18975    -0.27017    -3.00266
     51.195        -3.08039     0.18976    -0.27007    -3.00008
     51.345        -3.07769     0.18977    -0.26998    -2.99749
     51.495        -3.07502     0.18979    -0.26988    -2.99493
     51.645        -3.07233     0.18980    -0.26978    -2.99235
     51.795        -3.06965     0.18982    -0.26969    -2.98978
     51.945        -3.06700     0.18983    -0.26959    -2.98724
     52.095        -3.06436     0.18984    -0.26950    -2.98470
     52.245        -3.06173     0.18986    -0.26941    -2.98218
     52.395        -3.05910     0.18987    -0.26931    -2.97966
     52.545        -3.05647     0.18989    -0.26922    -2.97714
     52.695        -3.05385     0.18990    -0.26913    -2.97463
     52.845        -3.05127     0.18992    -0.26903    -2.97215
     52.995        -3.04866     0.18993    -0.26894    -2.96965
     53.145        -3.04606     0.18995    -0.26885    -2.96716
     53.295        -3.04349     0.18996    -0.26876    -2.96469
     53.445        -3.04091     0.18997    -0.26867    -2.96222
     53.595        -3.03836     0.18999    -0.26857    -2.95977
     53.745        -3.03580     0.19000    -0.26848    -2.95732
     53.895        -3.03325     0.19002    -0.26840    -2.95487
     54.045        -3.03072     0.19003    -0.26830    -2.95244
     54.195        -3.02819     0.19005    -0.26821    -2.95002
     54.345        -3.02566     0.19006    -0.26812    -2.94760
     54.495        -3.02315     0.19007    -0.26803    -2.94520
     54.645        -3.02063     0.19009    -0.26794    -2.94278
     54.795        -3.01812     0.19010    -0.26785    -2.94037
     54.945        -3.01564     0.19011    -0.26776    -2.93799
     55.095        -3.01316     0.19013    -0.26767    -2.93562
     59.433        -2.81861     0.19120    -0.26077    -2.74904
     80.646        -2.53548     0.19276    -0.25073    -2.47751
     111.21        -2.26172     0.19430    -0.24110    -2.21492
     153.36        -1.99766     0.19579    -0.23184    -1.96161
     211.49        -1.74315     0.19721    -0.22299    -1.71737
     291.64        -1.49830     0.19859    -0.21452    -1.48237
     402.18        -1.26293     0.19994    -0.20643    -1.25643
     554.60        -1.03664     0.20125    -0.19868    -1.03921
     764.80        -0.81941     0.20250    -0.19129    -0.83062
     1054.7        -0.61071     0.20372    -0.18424    -0.63019
     1454.4        -0.41045     0.20487    -0.17753    -0.43779
     2005.6        -0.21827     0.20597    -0.17112    -0.25313
     2765.8        -0.03378     0.20701    -0.16503    -0.07577
     3814.0         0.14341     0.20799    -0.15915     0.09457
     5259.5         0.31338     0.20893    -0.15358     0.25803
     7252.9         0.47658     0.20980    -0.14825     0.41503
     10002.         0.63314     0.21063    -0.14314     0.56566
     13793.         0.78332     0.21139    -0.13829     0.71022
     19020.         0.92706     0.21213    -0.13366     0.84859
     26229.         1.06456     0.21280    -0.12922     0.98098
     36170.         1.19596     0.21345    -0.12498     1.10749
     49878.         1.32143     0.21402    -0.12090     1.22830
     68782.         1.44099     0.21456    -0.11699     1.34341
     94851.         1.55513     0.21508    -0.11326     1.45331
    0.13080E+06     1.66387     0.21555    -0.10968     1.55800
    0.18038E+06     1.76739     0.21598    -0.10626     1.65768
    0.24874E+06     1.86600     0.21637    -0.10299     1.75263
    0.34301E+06     1.95975     0.21674    -0.09986     1.84287
    0.47302E+06     2.04893     0.21707    -0.09685     1.92871
    0.65229E+06     2.13363     0.21739    -0.09398     2.01022
    0.89952E+06     2.21423     0.21768    -0.09124     2.08779
    0.12404E+07     2.29082     0.21795    -0.08863     2.16150
    0.17106E+07     2.36369     0.21818    -0.08615     2.23166
    0.23589E+07     2.43301     0.21839    -0.08379     2.29841
    0.32529E+07     2.49878     0.21859    -0.08155     2.36173
    0.44858E+07     2.56119     0.21878    -0.07942     2.42182
    0.61860E+07     2.62066     0.21895    -0.07737     2.47908
    0.85305E+07     2.67712     0.21910    -0.07545     2.53347
    0.11764E+08     2.73067     0.21923    -0.07361     2.58505
    0.16222E+08     2.78159     0.21935    -0.07186     2.63410
    0.22370E+08     2.82996     0.21946    -0.07018     2.68069
    0.30849E+08     2.87560     0.21955    -0.06861     2.72465
    0.42541E+08     2.91860     0.21964    -0.06710     2.76606
    0.58664E+08     2.95883     0.21972    -0.06567     2.80478
    0.80898E+08     2.99660     0.21978    -0.06432     2.84113
    0.11156E+09     3.03221     0.21984    -0.06302     2.87539
    0.15384E+09     3.06573     0.21990    -0.06179     2.90762
    0.21215E+09     3.09732     0.21996    -0.06061     2.93798
    0.29255E+09     3.12709     0.22001    -0.05951     2.96660
    0.40343E+09     3.15516     0.22005    -0.05845     2.99356
    0.55633E+09     3.18170     0.22009    -0.05747     3.01907
    0.76719E+09     3.20590     0.22014    -0.05655     3.04232
    0.10580E+10     3.22782     0.22017    -0.05568     3.06334
    0.14589E+10     3.24797     0.22020    -0.05487     3.08265
    0.20119E+10     3.26655     0.22022    -0.05411     3.10044
    0.27744E+10     3.28369     0.22026    -0.05338     3.11682
    0.38259E+10     3.29948     0.22027    -0.05271     3.13191
    0.52760E+10     3.31406     0.22029    -0.05206     3.14584
    0.72756E+10     3.32752     0.22031    -0.05145     3.15867
    0.10033E+11     3.34000     0.22033    -0.05088     3.17055
    0.13836E+11     3.35150     0.22034    -0.05037     3.18152
    0.19079E+11     3.36205     0.22036    -0.04991     3.19160
    0.26311E+11     3.37185     0.22037    -0.04948     3.20095
    0.36283E+11     3.38087     0.22039    -0.04908     3.20956
    0.50034E+11     3.38918     0.22040    -0.04872     3.21750
    0.68997E+11     3.39684     0.22041    -0.04838     3.22481
    0.10000E+12     3.48881     0.22052    -0.04434     3.31263
