    -99.945         0.00000     0.00000     0.00000     0.00000
    -99.795         0.00000     0.00000     0.00000     0.00000
    -99.645         0.00000     0.00000     0.00000     0.00000
    -99.495         0.00000     0.00000     0.00000     0.00000
    -99.345         0.00000     0.00000     0.00000     0.00000
    -99.195         0.00000     0.00000     0.00000     0.00000
    -99.045         0.00000     0.00000     0.00000     0.00000
    -98.895         0.00000     0.00000     0.00000     0.00000
    -98.745         0.00000     0.00000     0.00000     0.00000
    -98.595         0.00000     0.00000     0.00000     0.00000
    -98.445         0.00000     0.00000     0.00000     0.00000
    -98.295         0.00000     0.00000     0.00000     0.00000
    -98.145         0.00000     0.00000     0.00000     0.00000
    -97.995         0.00000     0.00000     0.00000     0.00000
    -97.845         0.00000     0.00000     0.00000     0.00000
    -97.695         0.00000     0.00000     0.00000     0.00000
    -97.545         0.00000     0.00000     0.00000     0.00000
    -97.395         0.00000     0.00000     0.00000     0.00000
    -97.245         0.00000     0.00000     0.00000     0.00000
    -97.095         0.00000     0.00000     0.00000     0.00000
    -96.945         0.00000     0.00000     0.00000     0.00000
    -96.795         0.00000     0.00000     0.00000     0.00000
    -96.645         0.00000     0.00000     0.00000     0.00000
    -96.495         0.00000     0.00000     0.00000     0.00000
    -96.345         0.00000     0.00000     0.00000     0.00000
    -96.195         0.00000     0.00000     0.00000     0.00000
    -96.045         0.00000     0.00000     0.00000     0.00000
    -95.895         0.00000     0.00000     0.00000     0.00000
    -95.745         0.00000     0.00000     0.00000     0.00000
    -95.595         0.00000     0.00000     0.00000     0.00000
    -95.445         0.00000     0.00000     0.00000     0.00000
    -95.295         0.00000     0.00000     0.00000     0.00000
    -95.145         0.00000     0.00000     0.00000     0.00000
    -94.995         0.00000     0.00000     0.00000     0.00000
    -94.845         0.00000     0.00000     0.00000     0.00000
    -94.695         0.00000     0.00000     0.00000     0.00000
    -94.545         0.00000     0.00000     0.00000     0.00000
    -94.395         0.00000     0.00000     0.00000     0.00000
    -94.245         0.00000     0.00000     0.00000     0.00000
    -94.095         0.00000     0.00000     0.00000     0.00000
    -93.945         0.00000     0.00000     0.00000     0.00000
    -93.795         0.00000     0.00000     0.00000     0.00000
    -93.645         0.00000     0.00000     0.00000     0.00000
    -93.495         0.00000     0.00000     0.00000     0.00000
    -93.345         0.00000     0.00000     0.00000     0.00000
    -93.195         0.00000     0.00000     0.00000     0.00000
    -93.045         0.00000     0.00000     0.00000     0.00000
    -92.895         0.00000     0.00000     0.00000     0.00000
    -92.745         0.00000     0.00000     0.00000     0.00000
    -92.595         0.00000     0.00000     0.00000     0.00000
    -92.445         0.00000     0.00000     0.00000     0.00000
    -92.295         0.00000     0.00000     0.00000     0.00000
    -92.145         0.00000     0.00000     0.00000     0.00000
    -91.995         0.00000     0.00000     0.00000     0.00000
    -91.845         0.00000     0.00000     0.00000     0.00000
    -91.695         0.00000     0.00000     0.00000     0.00000
    -91.545         0.00000     0.00000     0.00000     0.00000
    -91.395         0.00000     0.00000     0.00000     0.00000
    -91.245         0.00000     0.00000     0.00000     0.00000
    -91.095         0.00000     0.00000     0.00000     0.00000
    -90.945         0.00000     0.00000     0.00000     0.00000
    -90.795         0.00000     0.00000     0.00000     0.00000
    -90.645         0.00000     0.00000     0.00000     0.00000
    -90.495         0.00000     0.00000     0.00000     0.00000
    -90.345         0.00000     0.00000     0.00000     0.00000
    -90.195         0.00000     0.00000     0.00000     0.00000
    -90.045         0.00000     0.00000     0.00000     0.00000
    -89.895         0.00000     0.00000     0.00000     0.00000
    -89.745         0.00000     0.00000     0.00000     0.00000
    -89.595         0.00000     0.00000     0.00000     0.00000
    -89.445         0.00000     0.00000     0.00000     0.00000
    -89.295         0.00000     0.00000     0.00000     0.00000
    -89.145         0.00000     0.00000     0.00000     0.00000
    -88.995         0.00000     0.00000     0.00000     0.00000
    -88.845         0.00000     0.00000     0.00000     0.00000
    -88.695         0.00000     0.00000     0.00000     0.00000
    -88.545         0.00000     0.00000     0.00000     0.00000
    -88.395         0.00000     0.00000     0.00000     0.00000
    -88.245         0.00000     0.00000     0.00000     0.00000
    -88.095         0.00000     0.00000     0.00000     0.00000
    -87.945         0.00000     0.00000     0.00000     0.00000
    -87.795         0.00000     0.00000     0.00000     0.00000
    -87.645         0.00000     0.00000     0.00000     0.00000
    -87.495         0.00000     0.00000     0.00000     0.00000
    -87.345         0.00000     0.00000     0.00000     0.00000
    -87.195         0.00000     0.00000     0.00000     0.00000
    -87.045         0.00000     0.00000     0.00000     0.00000
    -86.895         0.00000     0.00000     0.00000     0.00000
    -86.745         0.00000     0.00000     0.00000     0.00000
    -86.595         0.00000     0.00000     0.00000     0.00000
    -86.445         0.00000     0.00000     0.00000     0.00000
    -86.295         0.00000     0.00000     0.00000     0.00000
    -86.145         0.00000     0.00000     0.00000     0.00000
    -85.995         0.00000     0.00000     0.00000     0.00000
    -85.845         0.00000     0.00000     0.00000     0.00000
    -85.695         0.00000     0.00000     0.00000     0.00000
    -85.545         0.00000     0.00000     0.00000     0.00000
    -85.395         0.00000     0.00000     0.00000     0.00000
    -85.245         0.00000     0.00000     0.00000     0.00000
    -85.095         0.00000     0.00000     0.00000     0.00000
    -84.945         0.00000     0.00000     0.00000     0.00000
    -84.795         0.00000     0.00000     0.00000     0.00000
    -84.645         0.00000     0.00000     0.00000     0.00000
    -84.495         0.00000     0.00000     0.00000     0.00000
    -84.345         0.00000     0.00000     0.00000     0.00000
    -84.195         0.00000     0.00000     0.00000     0.00000
    -84.045         0.00000     0.00000     0.00000     0.00000
    -83.895         0.00000     0.00000     0.00000     0.00000
    -83.745         0.00000     0.00000     0.00000     0.00000
    -83.595         0.00000     0.00000     0.00000     0.00000
    -83.445         0.00000     0.00000     0.00000     0.00000
    -83.295         0.00000     0.00000     0.00000     0.00000
    -83.145         0.00000     0.00000     0.00000     0.00000
    -82.995         0.00000     0.00000     0.00000     0.00000
    -82.845         0.00000     0.00000     0.00000     0.00000
    -82.695         0.00000     0.00000     0.00000     0.00000
    -82.545         0.00000     0.00000     0.00000     0.00000
    -82.395         0.00000     0.00000     0.00000     0.00000
    -82.245         0.00000     0.00000     0.00000     0.00000
    -82.095         0.00000     0.00000     0.00000     0.00000
    -81.945         0.00000     0.00000     0.00000     0.00000
    -81.795         0.00000     0.00000     0.00000     0.00000
    -81.645         0.00000     0.00000     0.00000     0.00000
    -81.495         0.00000     0.00000     0.00000     0.00000
    -81.345         0.00000     0.00000     0.00000     0.00000
    -81.195         0.00000     0.00000     0.00000     0.00000
    -81.045         0.00000     0.00000     0.00000     0.00000
    -80.895         0.00000     0.00000     0.00000     0.00000
    -80.745         0.00000     0.00000     0.00000     0.00000
    -80.595         0.00000     0.00000     0.00000     0.00000
    -80.445         0.00000     0.00000     0.00000     0.00000
    -80.295         0.00000     0.00000     0.00000     0.00000
    -80.145         0.00000     0.00000     0.00000     0.00000
    -79.995         0.00000     0.00000     0.00000     0.00000
    -79.845         0.00000     0.00000     0.00000     0.00000
    -79.695         0.00000     0.00000     0.00000     0.00000
    -79.545         0.00000     0.00000     0.00000     0.00000
    -79.395         0.00000     0.00000     0.00000     0.00000
    -79.245         0.00000     0.00000     0.00000     0.00000
    -79.095         0.00000     0.00000     0.00000     0.00000
    -78.945         0.00000     0.00000     0.00000     0.00000
    -78.795         0.00000     0.00000     0.00000     0.00000
    -78.645         0.00000     0.00000     0.00000     0.00000
    -78.495         0.00000     0.00000     0.00000     0.00000
    -78.345         0.00000     0.00000     0.00000     0.00000
    -78.195         0.00000     0.00000     0.00000     0.00000
    -78.045         0.00000     0.00000     0.00000     0.00000
    -77.895         0.00000     0.00000     0.00000     0.00000
    -77.745         0.00000     0.00000     0.00000     0.00000
    -77.595         0.00000     0.00000     0.00000     0.00000
    -77.445         0.00000     0.00000     0.00000     0.00000
    -77.295         0.00000     0.00000     0.00000     0.00000
    -77.145         0.00000     0.00000     0.00000     0.00000
    -76.995         0.00000     0.00000     0.00000     0.00000
    -76.845         0.00000     0.00000     0.00000     0.00000
    -76.695         0.00000     0.00000     0.00000     0.00000
    -76.545         0.00000     0.00000     0.00000     0.00000
    -76.395         0.00000     0.00000     0.00000     0.00000
    -76.245         0.00000     0.00000     0.00000     0.00000
    -76.095         0.00000     0.00000     0.00000     0.00000
    -75.945         0.00000     0.00000     0.00000     0.00000
    -75.795         0.00000     0.00000     0.00000     0.00000
    -75.645         0.00000     0.00000     0.00000     0.00000
    -75.495         0.00000     0.00000     0.00000     0.00000
    -75.345         0.00000     0.00000     0.00000     0.00000
    -75.195         0.00000     0.00000     0.00000     0.00000
    -75.045         0.00000     0.00000     0.00000     0.00000
    -74.895         0.00000     0.00000     0.00000     0.00000
    -74.745         0.00000     0.00000     0.00000     0.00000
    -74.595         0.00000     0.00000     0.00000     0.00000
    -74.445         0.00000     0.00000     0.00000     0.00000
    -74.295         0.00000     0.00000     0.00000     0.00000
    -74.145         0.00000     0.00000     0.00000     0.00000
    -73.995         0.00000     0.00000     0.00000     0.00000
    -73.845         0.00000     0.00000     0.00000     0.00000
    -73.695         0.00000     0.00000     0.00000     0.00000
    -73.545         0.00000     0.00000     0.00000     0.00000
    -73.395         0.00000     0.00000     0.00000     0.00000
    -73.245         0.00000     0.00000     0.00000     0.00000
    -73.095         0.00000     0.00000     0.00000     0.00000
    -72.945         0.00000     0.00000     0.00000     0.00000
    -72.795         0.00000     0.00000     0.00000     0.00000
    -72.645         0.00000     0.00000     0.00000     0.00000
    -72.495         0.00000     0.00000     0.00000     0.00000
    -72.345         0.00000     0.00000     0.00000     0.00000
    -72.195         0.00000     0.00000     0.00000     0.00000
    -72.045         0.00000     0.00000     0.00000     0.00000
    -71.895         0.00000     0.00000     0.00000     0.00000
    -71.745         0.00000     0.00000     0.00000     0.00000
    -71.595         0.00000     0.00000     0.00000     0.00000
    -71.445         0.00000     0.00000     0.00000     0.00000
    -71.295         0.00000     0.00000     0.00000     0.00000
    -71.145         0.00000     0.00000     0.00000     0.00000
    -70.995         0.00000     0.00000     0.00000     0.00000
    -70.845         0.00000     0.00000     0.00000     0.00000
    -70.695         0.00000     0.00000     0.00000     0.00000
    -70.545         0.00000     0.00000     0.00000     0.00000
    -70.395         0.00000     0.00000     0.00000     0.00000
    -70.245         0.00000     0.00000     0.00000     0.00000
    -70.095         0.00000     0.00000     0.00000     0.00000
    -69.945         0.00000     0.00000     0.00000     0.00000
    -69.795         0.00000     0.00000     0.00000     0.00000
    -69.645         0.00000     0.00000     0.00000     0.00000
    -69.495         0.00000     0.00000     0.00000     0.00000
    -69.345         0.00000     0.00000     0.00000     0.00000
    -69.195         0.00000     0.00000     0.00000     0.00000
    -69.045         0.00000     0.00000     0.00000     0.00000
    -68.895         0.00000     0.00000     0.00000     0.00000
    -68.745         0.00000     0.00000     0.00000     0.00000
    -68.595         0.00000     0.00000     0.00000     0.00000
    -68.445         0.00000     0.00000     0.00000     0.00000
    -68.295         0.00000     0.00000     0.00000     0.00000
    -68.145         0.00000     0.00000     0.00000     0.00000
    -67.995         0.00000     0.00000     0.00000     0.00000
    -67.845         0.00000     0.00000     0.00000     0.00000
    -67.695         0.00000     0.00000     0.00000     0.00000
    -67.545         0.00000     0.00000     0.00000     0.00000
    -67.395         0.00000     0.00000     0.00000     0.00000
    -67.245         0.00000     0.00000     0.00000     0.00000
    -67.095         0.00000     0.00000     0.00000     0.00000
    -66.945         0.00000     0.00000     0.00000     0.00000
    -66.795         0.00000     0.00000     0.00000     0.00000
    -66.645         0.00000     0.00000     0.00000     0.00000
    -66.495         0.00000     0.00000     0.00000     0.00000
    -66.345         0.00000     0.00000     0.00000     0.00000
    -66.195         0.00000     0.00000     0.00000     0.00000
    -66.045         0.00000     0.00000     0.00000     0.00000
    -65.895         0.00000     0.00000     0.00000     0.00000
    -65.745         0.00000     0.00000     0.00000     0.00000
    -65.595         0.00000     0.00000     0.00000     0.00000
    -65.445         0.00000     0.00000     0.00000     0.00000
    -65.295         0.00000     0.00000     0.00000     0.00000
    -65.145         0.00000     0.00000     0.00000     0.00000
    -64.995         0.00000     0.00000     0.00000     0.00000
    -64.845         0.00000     0.00000     0.00000     0.00000
    -64.695         0.00000     0.00000     0.00000     0.00000
    -64.545         0.00000     0.00000     0.00000     0.00000
    -64.395         0.00000     0.00000     0.00000     0.00000
    -64.245         0.00000     0.00000     0.00000     0.00000
    -64.095         0.00000     0.00000     0.00000     0.00000
    -63.945         0.00000     0.00000     0.00000     0.00000
    -63.795         0.00000     0.00000     0.00000     0.00000
    -63.645         0.00000     0.00000     0.00000     0.00000
    -63.495         0.00000     0.00000     0.00000     0.00000
    -63.345         0.00000     0.00000     0.00000     0.00000
    -63.195         0.00000     0.00000     0.00000     0.00000
    -63.045         0.00000     0.00000     0.00000     0.00000
    -62.895         0.00000     0.00000     0.00000     0.00000
    -62.745         0.00000     0.00000     0.00000     0.00000
    -62.595         0.00000     0.00000     0.00000     0.00000
    -62.445         0.00000     0.00000     0.00000     0.00000
    -62.295         0.00000     0.00000     0.00000     0.00000
    -62.145         0.00000     0.00000     0.00000     0.00000
    -61.995         0.00000     0.00000     0.00000     0.00000
    -61.845         0.00000     0.00000     0.00000     0.00000
    -61.695         0.00000     0.00000     0.00000     0.00000
    -61.545         0.00000     0.00000     0.00000     0.00000
    -61.395         0.00000     0.00000     0.00000     0.00000
    -61.245         0.00000     0.00000     0.00000     0.00000
    -61.095         0.00000     0.00000     0.00000     0.00000
    -60.945         0.00000     0.00000     0.00000     0.00000
    -60.795         0.00000     0.00000     0.00000     0.00000
    -60.645         0.00000     0.00000     0.00000     0.00000
    -60.495         0.00000     0.00000     0.00000     0.00000
    -60.345         0.00000     0.00000     0.00000     0.00000
    -60.195         0.00000     0.00000     0.00000     0.00000
    -60.045         0.00000     0.00000     0.00000     0.00000
    -59.895         0.00000     0.00000     0.00000     0.00000
    -59.745         0.00000     0.00000     0.00000     0.00000
    -59.595         0.00000     0.00000     0.00000     0.00000
    -59.445         0.00000     0.00000     0.00000     0.00000
    -59.295         0.00000     0.00000     0.00000     0.00000
    -59.145         0.00000     0.00000     0.00000     0.00000
    -58.995         0.00000     0.00000     0.00000     0.00000
    -58.845         0.00000     0.00000     0.00000     0.00000
    -58.695         0.00000     0.00000     0.00000     0.00000
    -58.545         0.00000     0.00000     0.00000     0.00000
    -58.395         0.00000     0.00000     0.00000     0.00000
    -58.245         0.00000     0.00000     0.00000     0.00000
    -58.095         0.00000     0.00000     0.00000     0.00000
    -57.945         0.00000     0.00000     0.00000     0.00000
    -57.795         0.00000     0.00000     0.00000     0.00000
    -57.645         0.00000     0.00000     0.00000     0.00000
    -57.495         0.00000     0.00000     0.00000     0.00000
    -57.345         0.00000     0.00000     0.00000     0.00000
    -57.195         0.00000     0.00000     0.00000     0.00000
    -57.045         0.00000     0.00000     0.00000     0.00000
    -56.895         0.00000     0.00000     0.00000     0.00000
    -56.745         0.00000     0.00000     0.00000     0.00000
    -56.595         0.00000     0.00000     0.00000     0.00000
    -56.445         0.00000     0.00000     0.00000     0.00000
    -56.295         0.00000     0.00000     0.00000     0.00000
    -56.145         0.00000     0.00000     0.00000     0.00000
    -55.995         0.00000     0.00000     0.00000     0.00000
    -55.845         0.00000     0.00000     0.00000     0.00000
    -55.695         0.00000     0.00000     0.00000     0.00000
    -55.545         0.00000     0.00000     0.00000     0.00000
    -55.395         0.00000     0.00000     0.00000     0.00000
    -55.245         0.00000     0.00000     0.00000     0.00000
    -55.095         0.00000     0.00000     0.00000     0.00000
    -54.945         0.00000     0.00000     0.00000     0.00000
    -54.795         0.00000     0.00000     0.00000     0.00000
    -54.645         0.00000     0.00000     0.00000     0.00000
    -54.495         0.00000     0.00000     0.00000     0.00000
    -54.345         0.00000     0.00000     0.00000     0.00000
    -54.195         0.00000     0.00000     0.00000     0.00000
    -54.045         0.00000     0.00000     0.00000     0.00000
    -53.895         0.00000     0.00000     0.00000     0.00000
    -53.745         0.00000     0.00000     0.00000     0.00000
    -53.595         0.00000     0.00000     0.00000     0.00000
    -53.445         0.00000     0.00000     0.00000     0.00000
    -53.295         0.00000     0.00000     0.00000     0.00000
    -53.145         0.00000     0.00000     0.00000     0.00000
    -52.995         0.00000     0.00000     0.00000     0.00000
    -52.845         0.00000     0.00000     0.00000     0.00000
    -52.695         0.00000     0.00000     0.00000     0.00000
    -52.545         0.00000     0.00000     0.00000     0.00000
    -52.395         0.00000     0.00000     0.00000     0.00000
    -52.245         0.00000     0.00000     0.00000     0.00000
    -52.095         0.00000     0.00000     0.00000     0.00000
    -51.945         0.00000     0.00000     0.00000     0.00000
    -51.795         0.00000     0.00000     0.00000     0.00000
    -51.645         0.00000     0.00000     0.00000     0.00000
    -51.495         0.00000     0.00000     0.00000     0.00000
    -51.345         0.00000     0.00000     0.00000     0.00000
    -51.195         0.00000     0.00000     0.00000     0.00000
    -51.045         0.00000     0.00000     0.00000     0.00000
    -50.895         0.00000     0.00000     0.00000     0.00000
    -50.745         0.00000     0.00000     0.00000     0.00000
    -50.595         0.00000     0.00000     0.00000     0.00000
    -50.445         0.00000     0.00000     0.00000     0.00000
    -50.295         0.00000     0.00000     0.00000     0.00000
    -50.145         0.00000     0.00000     0.00000     0.00000
    -49.995         0.00000     0.00000     0.00000     0.00000
    -49.845         0.00000     0.00000     0.00000     0.00000
    -49.695         0.00000     0.00000     0.00000     0.00000
    -49.545         0.00000     0.00000     0.00000     0.00000
    -49.395         0.00000     0.00000     0.00000     0.00000
    -49.245         0.00000     0.00000     0.00000     0.00000
    -49.095         0.00000     0.00000     0.00000     0.00000
    -48.945         0.00000     0.00000     0.00000     0.00000
    -48.795         0.00000     0.00000     0.00000     0.00000
    -48.645         0.00000     0.00000     0.00000     0.00000
    -48.495         0.00000     0.00000     0.00000     0.00000
    -48.345         0.00000     0.00000     0.00000     0.00000
    -48.195         0.00000     0.00000     0.00000     0.00000
    -48.045         0.00000     0.00000     0.00000     0.00000
    -47.895         0.00000     0.00000     0.00000     0.00000
    -47.745         0.00000     0.00000     0.00000     0.00000
    -47.595         0.00000     0.00000     0.00000     0.00000
    -47.445         0.00000     0.00000     0.00000     0.00000
    -47.295         0.00000     0.00000     0.00000     0.00000
    -47.145         0.00000     0.00000     0.00000     0.00000
    -46.995         0.00000     0.00000     0.00000     0.00000
    -46.845         0.00000     0.00000     0.00000     0.00000
    -46.695         0.00000     0.00000     0.00000     0.00000
    -46.545         0.00000     0.00000     0.00000     0.00000
    -46.395         0.00000     0.00000     0.00000     0.00000
    -46.245         0.00000     0.00000     0.00000     0.00000
    -46.095         0.00000     0.00000     0.00000     0.00000
    -45.945         0.00000     0.00000     0.00000     0.00000
    -45.795         0.00000     0.00000     0.00000     0.00000
    -45.645         0.00000     0.00000     0.00000     0.00000
    -45.495         0.00000     0.00000     0.00000     0.00000
    -45.345         0.00000     0.00000     0.00000     0.00000
    -45.195         0.00000     0.00000     0.00000     0.00000
    -45.045         0.00000     0.00000     0.00000     0.00000
    -44.895         0.00000     0.00000     0.00000     0.00000
    -44.745         0.00000     0.00000     0.00000     0.00000
    -44.595         0.00000     0.00000     0.00000     0.00000
    -44.445         0.00000     0.00000     0.00000     0.00000
    -44.295         0.00000     0.00000     0.00000     0.00000
    -44.145         0.00000     0.00000     0.00000     0.00000
    -43.995         0.00000     0.00000     0.00000     0.00000
    -43.845         0.00000     0.00000     0.00000     0.00000
    -43.695         0.00000     0.00000     0.00000     0.00000
    -43.545         0.00000     0.00000     0.00000     0.00000
    -43.395         0.00000     0.00000     0.00000     0.00000
    -43.245         0.00000     0.00000     0.00000     0.00000
    -43.095         0.00000     0.00000     0.00000     0.00000
    -42.945         0.00000     0.00000     0.00000     0.00000
    -42.795         0.00000     0.00000     0.00000     0.00000
    -42.645         0.00000     0.00000     0.00000     0.00000
    -42.495         0.00000     0.00000     0.00000     0.00000
    -42.345         0.00000     0.00000     0.00000     0.00000
    -42.195         0.00000     0.00000     0.00000     0.00000
    -42.045         0.00000     0.00000     0.00000     0.00000
    -41.895         0.00000     0.00000     0.00000     0.00000
    -41.745         0.00000     0.00000     0.00000     0.00000
    -41.595         0.00000     0.00000     0.00000     0.00000
    -41.445         0.00000     0.00000     0.00000     0.00000
    -41.295         0.00000     0.00000     0.00000     0.00000
    -41.145         0.00000     0.00000     0.00000     0.00000
    -40.995         0.00000     0.00000     0.00000     0.00000
    -40.845         0.00000     0.00000     0.00000     0.00000
    -40.695         0.00000     0.00000     0.00000     0.00000
    -40.545         0.00000     0.00000     0.00000     0.00000
    -40.395         0.00000     0.00000     0.00000     0.00000
    -40.245         0.00000     0.00000     0.00000     0.00000
    -40.095         0.00000     0.00000     0.00000     0.00000
    -39.945         0.00000     0.00000     0.00000     0.00000
    -39.795         0.00000     0.00000     0.00000     0.00000
    -39.645         0.00000     0.00000     0.00000     0.00000
    -39.495         0.00000     0.00000     0.00000     0.00000
    -39.345         0.00000     0.00000     0.00000     0.00000
    -39.195         0.00000     0.00000     0.00000     0.00000
    -39.045         0.00000     0.00000     0.00000     0.00000
    -38.895         0.00000     0.00000     0.00000     0.00000
    -38.745         0.00000     0.00000     0.00000     0.00000
    -38.595         0.00000     0.00000     0.00000     0.00000
    -38.445         0.00000     0.00000     0.00000     0.00000
    -38.295         0.00000     0.00000     0.00000     0.00000
    -38.145         0.00000     0.00000     0.00000     0.00000
    -37.995         0.00000     0.00000     0.00000     0.00000
    -37.845         0.00000     0.00000     0.00000     0.00000
    -37.695         0.00000     0.00000     0.00000     0.00000
    -37.545         0.00000     0.00000     0.00000     0.00000
    -37.395         0.00000     0.00000     0.00000     0.00000
    -37.245         0.00000     0.00000     0.00000     0.00000
    -37.095         0.00000     0.00000     0.00000     0.00000
    -36.945         0.00000     0.00000     0.00000     0.00000
    -36.795         0.00000     0.00000     0.00000     0.00000
    -36.645         0.00000     0.00000     0.00000     0.00000
    -36.495         0.00000     0.00000     0.00000     0.00000
    -36.345         0.00000     0.00000     0.00000     0.00000
    -36.195         0.00000     0.00000     0.00000     0.00000
    -36.045         0.00000     0.00000     0.00000     0.00000
    -35.895         0.00000     0.00000     0.00000     0.00000
    -35.745         0.00000     0.00000     0.00000     0.00000
    -35.595         0.00000     0.00000     0.00000     0.00000
    -35.445         0.00000     0.00000     0.00000     0.00000
    -35.295         0.00000     0.00000     0.00000     0.00000
    -35.145         0.00000     0.00000     0.00000     0.00000
    -34.995         0.00000     0.00000     0.00000     0.00000
    -34.845         0.00000     0.00000     0.00000     0.00000
    -34.695         0.00000     0.00000     0.00000     0.00000
    -34.545         0.00000     0.00000     0.00000     0.00000
    -34.395         0.00000     0.00000     0.00000     0.00000
    -34.245         0.00000     0.00000     0.00000     0.00000
    -34.095         0.00000     0.00000     0.00000     0.00000
    -33.945         0.00000     0.00000     0.00000     0.00000
    -33.795         0.00000     0.00000     0.00000     0.00000
    -33.645         0.00000     0.00000     0.00000     0.00000
    -33.495         0.00000     0.00000     0.00000     0.00000
    -33.345         0.00000     0.00000     0.00000     0.00000
    -33.195         0.00000     0.00000     0.00000     0.00000
    -33.045         0.00000     0.00000     0.00000     0.00000
    -32.895         0.00000     0.00000     0.00000     0.00000
    -32.745         0.00000     0.00000     0.00000     0.00000
    -32.595         0.00000     0.00000     0.00000     0.00000
    -32.445         0.00000     0.00000     0.00000     0.00000
    -32.295         0.00000     0.00000     0.00000     0.00000
    -32.145         0.00000     0.00000     0.00000     0.00000
    -31.995         0.00000     0.00000     0.00000     0.00000
    -31.845         0.00000     0.00000     0.00000     0.00000
    -31.695         0.00000     0.00000     0.00000     0.00000
    -31.545         0.00000     0.00000     0.00000     0.00000
    -31.395         0.00000     0.00000     0.00000     0.00000
    -31.245         0.00000     0.00000     0.00000     0.00000
    -31.095         0.00000     0.00000     0.00000     0.00000
    -30.945         0.00000     0.00000     0.00000     0.00000
    -30.795         0.00000     0.00000     0.00000     0.00000
    -30.645         0.00000     0.00000     0.00000     0.00000
    -30.495         0.00000     0.00000     0.00000     0.00000
    -30.345         0.00000     0.00000     0.00000     0.00000
    -30.195         0.00000     0.00000     0.00000     0.00000
    -30.045         0.00000     0.00000     0.00000     0.00000
    -29.895         0.00000     0.00000     0.00000     0.00000
    -29.745         0.00000     0.00000     0.00000     0.00000
    -29.595         0.00000     0.00000     0.00000     0.00000
    -29.445         0.00000     0.00000     0.00000     0.00000
    -29.295         0.00000     0.00000     0.00000     0.00000
    -29.145         0.00000     0.00000     0.00000     0.00000
    -28.995         0.00000     0.00000     0.00000     0.00000
    -28.845         0.00000     0.00000     0.00000     0.00000
    -28.695         0.00000     0.00000     0.00000     0.00000
    -28.545         0.00000     0.00000     0.00000     0.00000
    -28.395         0.00000     0.00000     0.00000     0.00000
    -28.245         0.00000     0.00000     0.00000     0.00000
    -28.095         0.00000     0.00000     0.00000     0.00000
    -27.945         0.00000     0.00000     0.00000     0.00000
    -27.795         0.00000     0.00000     0.00000     0.00000
    -27.645         0.00000     0.00000     0.00000     0.00000
    -27.495         0.00000     0.00000     0.00000     0.00000
    -27.345         0.00000     0.00000     0.00000     0.00000
    -27.195         0.00000     0.00000     0.00000     0.00000
    -27.045         0.00000     0.00000     0.00000     0.00000
    -26.895         0.00000     0.00000     0.00000     0.00000
    -26.745         0.00000     0.00000     0.00000     0.00000
    -26.595         0.00000     0.00000     0.00000     0.00000
    -26.445         0.00000     0.00000     0.00000     0.00000
    -26.295         0.00000     0.00000     0.00000     0.00000
    -26.145         0.00000     0.00000     0.00000     0.00000
    -25.995         0.00000     0.00000     0.00000     0.00000
    -25.845         0.00000     0.00000     0.00000     0.00000
    -25.695         0.00000     0.00000     0.00000     0.00000
    -25.545         0.00000     0.00000     0.00000     0.00000
    -25.395         0.00000     0.00000     0.00000     0.00000
    -25.245         0.00000     0.00000     0.00000     0.00000
    -25.095         0.00000     0.00000     0.00000     0.00000
    -24.945         0.00000     0.00000     0.00000     0.00000
    -24.795         0.00000     0.00000     0.00000     0.00000
    -24.645         0.00000     0.00000     0.00000     0.00000
    -24.495         0.00000     0.00000     0.00000     0.00000
    -24.345         0.00000     0.00000     0.00000     0.00000
    -24.195         0.00000     0.00000     0.00000     0.00000
    -24.045         0.00000     0.00000     0.00000     0.00000
    -23.895         0.00000     0.00000     0.00000     0.00000
    -23.745         0.00000     0.00000     0.00000     0.00000
    -23.595         0.00000     0.00000     0.00000     0.00000
    -23.445         0.00000     0.00000     0.00000     0.00000
    -23.295         0.00000     0.00000     0.00000     0.00000
    -23.145         0.00000     0.00000     0.00000     0.00000
    -22.995         0.00000     0.00000     0.00000     0.00000
    -22.845         0.00000     0.00000     0.00000     0.00000
    -22.695         0.00000     0.00000     0.00000     0.00000
    -22.545         0.00000     0.00000     0.00000     0.00000
    -22.395         0.00000     0.00000     0.00000     0.00000
    -22.245         0.00000     0.00000     0.00000     0.00000
    -22.095         0.00000     0.00000     0.00000     0.00000
    -21.945         0.00000     0.00000     0.00000     0.00000
    -21.795         0.00000     0.00000     0.00000     0.00000
    -21.645         0.00000     0.00000     0.00000     0.00000
    -21.495         0.00000     0.00000     0.00000     0.00000
    -21.345         0.00000     0.00000     0.00000     0.00000
    -21.195         0.00000     0.00000     0.00000     0.00000
    -21.045         0.00000     0.00000     0.00000     0.00000
    -20.895        -0.00000    -0.00000     0.00000     0.00000
    -20.745        -0.00000    -0.00000     0.00000     0.00000
    -20.595        -0.00000    -0.00000     0.00000     0.00000
    -20.445        -0.00000    -0.00000     0.00000     0.00000
    -20.295        -0.00095    -0.00095     0.00000     0.00000
    -20.145        -0.00096    -0.00096     0.00000     0.00000
    -19.995        -0.00651    -0.00651     0.00000     0.00000
    -19.845        -0.00941    -0.00941     0.00000     0.00000
    -19.695        -0.01050    -0.01050     0.00000     0.00000
    -19.545        -0.01896    -0.01896     0.00000     0.00000
    -19.395        -0.02927    -0.02927     0.00000     0.00000
    -19.245        -0.03516    -0.03516     0.00000     0.00000
    -19.095        -0.03835    -0.03835     0.00000     0.00000
    -18.945        -0.04068    -0.04068     0.00000     0.00000
    -18.795        -0.04581    -0.04581     0.00000     0.00000
    -18.645        -0.05541    -0.05541     0.00000     0.00000
    -18.495        -0.06415    -0.06415     0.00000     0.00000
    -18.345        -0.07202    -0.07202     0.00000     0.00000
    -18.195        -0.07725    -0.07725     0.00000     0.00000
    -18.045        -0.08424    -0.08424     0.00000     0.00000
    -17.895        -0.09550    -0.09550     0.00000     0.00000
    -17.745        -0.10250    -0.10250     0.00000     0.00000
    -17.595        -0.11116    -0.11116     0.00000     0.00000
    -17.445        -0.12151    -0.12151     0.00000     0.00000
    -17.295        -0.12766    -0.12766     0.00000     0.00000
    -17.145        -0.13039    -0.13039     0.00000     0.00000
    -16.995        -0.13652    -0.13652     0.00000     0.00000
    -16.845        -0.14425    -0.14425     0.00000     0.00000
    -16.695        -0.15116    -0.15116     0.00000     0.00000
    -16.545        -0.15563    -0.15563     0.00000     0.00000
    -16.395        -0.16008    -0.16008     0.00000     0.00000
    -16.245        -0.16694    -0.16694     0.00000     0.00000
    -16.095        -0.17299    -0.17299     0.00000     0.00000
    -15.945        -0.17748    -0.17748     0.00000     0.00000
    -15.795        -0.18273    -0.18273     0.00000     0.00000
    -15.645        -0.18644    -0.18644     0.00000     0.00000
    -15.495        -0.19091    -0.19091     0.00000     0.00000
    -15.345        -0.19466    -0.19466     0.00000     0.00000
    -15.195        -0.19988    -0.19988     0.00000     0.00000
    -15.045        -0.20204    -0.20204     0.00000     0.00000
    -14.895        -0.20652    -0.20652     0.00000     0.00000
    -14.745        -0.21104    -0.21104     0.00000     0.00000
    -14.595        -0.21485    -0.21485     0.00000     0.00000
    -14.445        -0.21493    -0.21493     0.00000     0.00000
    -14.295        -0.21805    -0.21805     0.00000     0.00000
    -14.145        -0.22117    -0.22117     0.00000     0.00000
    -13.995        -0.22341    -0.22341     0.00000     0.00000
    -13.845        -0.22569    -0.22569     0.00000     0.00000
    -13.695        -0.23092    -0.23092     0.00000     0.00000
    -13.545        -0.23407    -0.23407     0.00000     0.00000
    -13.395        -0.23794    -0.23794     0.00000     0.00000
    -13.245        -0.24026    -0.24026     0.00000     0.00000
    -13.095        -0.24259    -0.24259     0.00000     0.00000
    -12.945        -0.24326    -0.24269    -0.00056     0.00000
    -12.795        -0.24884    -0.24661    -0.00223     0.00000
    -12.645        -0.25331    -0.24989    -0.00342     0.00000
    -12.495        -0.26086    -0.25452    -0.00634     0.00000
    -12.345        -0.26889    -0.25688    -0.01201     0.00000
    -12.195        -0.27529    -0.26022    -0.01507     0.00000
    -12.045        -0.28793    -0.26491    -0.02302     0.00000
    -11.895        -0.29774    -0.26727    -0.03047     0.00000
    -11.745        -0.30476    -0.26737    -0.03740     0.00000
    -11.595        -0.31563    -0.26973    -0.04590     0.00000
    -11.445        -0.33236    -0.27444    -0.05792     0.00000
    -11.295        -0.34118    -0.27788    -0.06329     0.00000
    -11.145        -0.34843    -0.28026    -0.06817     0.00000
    -10.995        -0.36167    -0.28264    -0.07902     0.00000
    -10.845        -0.37405    -0.28277    -0.09127     0.00000
    -10.695        -0.38444    -0.28290    -0.10153     0.00000
    -10.545        -0.39604    -0.28528    -0.11076     0.00000
    -10.395        -0.40734    -0.28883    -0.11851     0.00000
    -10.245        -0.42003    -0.29237    -0.12766     0.00000
    -10.095        -0.42962    -0.29474    -0.13488     0.00000
    -9.9450        -0.43871    -0.29711    -0.14160     0.00000
    -9.7950        -0.44944    -0.30068    -0.14876     0.00000
    -9.6450        -0.45251    -0.30080    -0.15170     0.00000
    -9.4950        -0.46108    -0.30316    -0.15792     0.00000
    -9.3450        -0.46990    -0.30761    -0.16229     0.00000
    -9.1950        -0.47966    -0.31121    -0.16845     0.00000
    -9.0450        -0.48942    -0.31481    -0.17461     0.00000
    -8.8950        -0.49571    -0.31494    -0.18077     0.00000
    -8.7450        -0.50249    -0.31856    -0.18393     0.00000
    -8.5950        -0.51178    -0.32379    -0.18799     0.00000
    -8.4450        -0.51897    -0.32606    -0.19291     0.00000
    -8.2950        -0.52983    -0.33195    -0.19789     0.00000
    -8.1450        -0.53761    -0.33554    -0.20207     0.00000
    -7.9950        -0.54799    -0.34247    -0.20552     0.00000
    -7.8450        -0.56088    -0.35030    -0.21058     0.00000
    -7.6950        -0.56739    -0.35245    -0.21495     0.00000
    -7.5450        -0.58004    -0.35954    -0.22050     0.00000
    -7.3950        -0.59368    -0.36830    -0.22538     0.00000
    -7.2450        -0.60408    -0.37373    -0.23035     0.00000
    -7.0950        -0.61767    -0.38224    -0.23542     0.00000
    -6.9450        -0.63387    -0.39224    -0.24164     0.00000
    -6.7950        -0.65070    -0.40367    -0.24656    -0.00047
    -6.6450        -0.67202    -0.41550    -0.25265    -0.00387
    -6.4950        -0.70219    -0.42671    -0.25889    -0.01659
    -6.3450        -0.74175    -0.43829    -0.26590    -0.03756
    -6.1950        -0.78976    -0.45059    -0.27245    -0.06672
    -6.0450        -0.85289    -0.46329    -0.27952    -0.11008
    -5.8950        -0.93903    -0.47988    -0.28802    -0.17113
    -5.7450        -1.04763    -0.49590    -0.29730    -0.25443
    -5.5950        -1.17769    -0.50942    -0.30714    -0.36113
    -5.4450        -1.33536    -0.52445    -0.31607    -0.49484
    -5.2950        -1.53524    -0.54590    -0.32619    -0.66316
    -5.1450        -1.75353    -0.56346    -0.33719    -0.85288
    -4.9950        -1.98414    -0.58131    -0.35034    -1.05249
    -4.8450        -2.22638    -0.60051    -0.36652    -1.25935
    -4.6950        -2.46979    -0.61909    -0.38205    -1.46865
    -4.5450        -2.71905    -0.63807    -0.40001    -1.68097
    -4.3950        -2.97347    -0.66010    -0.41602    -1.89735
    -4.2450        -3.22563    -0.68138    -0.43055    -2.11370
    -4.0950        -3.46901    -0.70475    -0.44972    -2.31454
    -3.9450        -3.70349    -0.72868    -0.47051    -2.50430
    -3.7950        -3.93417    -0.75325    -0.49321    -2.68771
    -3.6450        -4.18279    -0.77903    -0.51780    -2.88596
    -3.4950        -4.41498    -0.80618    -0.54441    -3.06440
    -3.3450        -4.65584    -0.83739    -0.57228    -3.24616
    -3.1950        -4.88120    -0.86635    -0.60060    -3.41425
    -3.0450        -5.10828    -0.89869    -0.62980    -3.57979
    -2.8950        -5.35035    -0.93441    -0.66541    -3.75053
    -2.7450        -5.59618    -0.97572    -0.70036    -3.92011
    -2.5950        -5.85748    -1.01882    -0.74272    -4.09594
    -2.4450        -6.13391    -1.06621    -0.78550    -4.28220
    -2.2950        -6.41943    -1.11588    -0.83386    -4.46969
    -2.1450        -6.73235    -1.16978    -0.88871    -4.67385
    -1.9950        -7.07802    -1.23097    -0.95106    -4.89599
    -1.8450        -7.45861    -1.29674    -1.01794    -5.14392
    -1.6950        -7.89810    -1.37050    -1.09675    -5.43084
    -1.5450        -8.41255    -1.45469    -1.18812    -5.76974
    -1.3950        -9.03272    -1.55178    -1.29127    -6.18966
    -1.2450        -9.80403    -1.67029    -1.41571    -6.71802
    -1.0950       -10.76640    -1.81538    -1.56424    -7.38677
   -0.94500       -11.92846    -2.00014    -1.74918    -8.17915
   -0.79500       -13.33199    -2.23644    -1.98768    -9.10786
   -0.64500       -15.03828    -2.55288    -2.31471   -10.17069
   -0.49500       -17.24641    -3.02720    -2.79007   -11.42915
   -0.34500       -20.53120    -3.80498    -3.58263   -13.14358
   -0.22700       -22.06896    -4.17910    -3.97644   -13.91342
   -0.21300       -22.27579    -4.23037    -4.03077   -14.01464
   -0.20700       -22.48717    -4.28300    -4.08626   -14.11791
   -0.20100       -22.70507    -4.33738    -4.14270   -14.22499
   -0.19500       -22.93072    -4.39266    -4.20154   -14.33652
   -0.18900       -23.16360    -4.45044    -4.26210   -14.45107
   -0.18300       -23.40169    -4.50963    -4.32485   -14.56722
   -0.17700       -23.64987    -4.57087    -4.38998   -14.68903
   -0.17100       -23.90600    -4.63516    -4.45683   -14.81401
   -0.16500       -24.16910    -4.70023    -4.52591   -14.94296
   -0.15900       -24.44153    -4.76738    -4.59771   -15.07644
   -0.15300       -24.72318    -4.83646    -4.67205   -15.21467
   -0.14700       -25.01737    -4.90888    -4.74986   -15.35863
   -0.14100       -25.32155    -4.98324    -4.83117   -15.50714
   -0.13500       -25.64009    -5.06008    -4.91758   -15.66243
   -0.12900       -25.96977    -5.14038    -5.00586   -15.82353
   -0.12300       -26.31313    -5.22353    -5.09654   -15.99306
   -0.11700       -26.67422    -5.31043    -5.19247   -16.17132
   -0.11100       -27.04928    -5.40096    -5.29082   -16.35750
   -0.10500       -27.44461    -5.49531    -5.39492   -16.55437
   -0.99000E-01   -27.85969    -5.59482    -5.50384   -16.76103
   -0.93000E-01   -28.29709    -5.69826    -5.61778   -16.98105
   -0.87000E-01   -28.76015    -5.80716    -5.73812   -17.21487
   -0.81000E-01   -29.24950    -5.92077    -5.86530   -17.46343
   -0.75000E-01   -29.77280    -6.04165    -5.99944   -17.73171
   -0.69000E-01   -30.33409    -6.16870    -6.14202   -18.02337
   -0.63000E-01   -30.93762    -6.30348    -6.29392   -18.34022
   -0.57000E-01   -31.60155    -6.44870    -6.46239   -18.69047
   -0.51000E-01   -32.34016    -6.60913    -6.65163   -19.07940
   -0.45000E-01   -33.16214    -6.78620    -6.85616   -19.51979
   -0.39000E-01   -34.06689    -6.97259    -7.06649   -20.02781
   -0.33000E-01   -35.06080    -7.15939    -7.27403   -20.62737
   -0.27000E-01   -36.16861    -7.33629    -7.46929   -21.36303
   -0.21300E-01   -37.01456    -7.44615    -7.58961   -21.97879
   -0.19500E-01   -37.14710    -7.46132    -7.60596   -22.07982
   -0.18900E-01   -37.28181    -7.47616    -7.62189   -22.18376
   -0.18300E-01   -37.41937    -7.49069    -7.63747   -22.29120
   -0.17700E-01   -37.55976    -7.50487    -7.65255   -22.40234
   -0.17100E-01   -37.70373    -7.51866    -7.66725   -22.51781
   -0.16500E-01   -37.85058    -7.53211    -7.68153   -22.63694
   -0.15900E-01   -38.00129    -7.54527    -7.69548   -22.76054
   -0.15300E-01   -38.15613    -7.55812    -7.70882   -22.88918
   -0.14700E-01   -38.31591    -7.57047    -7.72183   -23.02361
   -0.14100E-01   -38.47951    -7.58253    -7.73426   -23.16272
   -0.13500E-01   -38.64898    -7.59406    -7.74631   -23.30861
   -0.12900E-01   -38.82444    -7.60511    -7.75781   -23.46153
   -0.12300E-01   -39.00678    -7.61579    -7.76880   -23.62219
   -0.11700E-01   -39.19677    -7.62613    -7.77929   -23.79134
   -0.11100E-01   -39.39491    -7.63593    -7.78934   -23.96964
   -0.10500E-01   -39.60250    -7.64522    -7.79887   -24.15841
   -0.99000E-02   -39.82063    -7.65400    -7.80789   -24.35874
   -0.93000E-02   -40.05204    -7.66228    -7.81635   -24.57341
   -0.87000E-02   -40.29785    -7.67005    -7.82427   -24.80353
   -0.81000E-02   -40.56139    -7.67737    -7.83166   -25.05237
   -0.75000E-02   -40.84597    -7.68418    -7.83849   -25.32330
   -0.69000E-02   -41.15711    -7.69041    -7.84485   -25.62185
   -0.63000E-02   -41.50137    -7.69614    -7.85063   -25.95461
   -0.57000E-02   -41.88520    -7.70132    -7.85590   -26.32798
   -0.51000E-02   -42.31598    -7.70598    -7.86063   -26.74937
   -0.45000E-02   -42.80272    -7.71012    -7.86478   -27.22782
   -0.39000E-02   -43.35496    -7.71371    -7.86839   -27.77286
   -0.33000E-02   -43.98297    -7.71676    -7.87144   -28.39477
   -0.27000E-02   -44.69968    -7.71925    -7.87393   -29.10650
   -0.21000E-02   -45.52670    -7.72120    -7.87588   -29.92963
   -0.15000E-02   -46.50597    -7.72258    -7.87725   -30.90614
   -0.90000E-03   -47.50722    -7.72342    -7.87809   -31.90571
   -0.30000E-03   -47.94223    -7.72369    -7.87837   -32.34017
    0.30000E-03   -47.50838    -7.72342    -7.87809   -31.90687
    0.90000E-03   -46.50698    -7.72258    -7.87726   -30.90714
    0.15000E-02   -45.52845    -7.72120    -7.87586   -29.93140
    0.21000E-02   -44.70225    -7.71925    -7.87392   -29.10908
    0.27000E-02   -43.98748    -7.71676    -7.87142   -28.39929
    0.33000E-02   -43.36202    -7.71370    -7.86839   -27.77994
    0.39000E-02   -42.81209    -7.71010    -7.86482   -27.23717
    0.45000E-02   -42.32712    -7.70591    -7.86074   -26.76047
    0.51000E-02   -41.89756    -7.70124    -7.85606   -26.34026
    0.57000E-02   -41.51452    -7.69596    -7.85092   -25.96764
    0.63000E-02   -41.17055    -7.69017    -7.84528   -25.63510
    0.69000E-02   -40.85955    -7.68381    -7.83909   -25.33665
    0.75000E-02   -40.57518    -7.67688    -7.83231   -25.06598
    0.81000E-02   -40.31170    -7.66952    -7.82503   -24.81715
    0.87000E-02   -40.06568    -7.66156    -7.81732   -24.58681
    0.93000E-02   -39.83440    -7.65303    -7.80913   -24.37224
    0.99000E-02   -39.61545    -7.64412    -7.80039   -24.17094
    0.10500E-01   -39.40735    -7.63458    -7.79124   -23.98154
    0.11100E-01   -39.20892    -7.62453    -7.78164   -23.80275
    0.11700E-01   -39.01857    -7.61396    -7.77141   -23.63319
    0.12300E-01   -38.83612    -7.60293    -7.76079   -23.47240
    0.12900E-01   -38.66065    -7.59144    -7.74991   -23.31931
    0.13500E-01   -38.49056    -7.57939    -7.73841   -23.17275
    0.14100E-01   -38.32590    -7.56694    -7.72661   -23.03235
    0.14700E-01   -38.16667    -7.55399    -7.71433   -22.89835
    0.15300E-01   -38.01153    -7.54057    -7.70158   -22.76938
    0.15900E-01   -37.86084    -7.52666    -7.68851   -22.64567
    0.16500E-01   -37.71316    -7.51234    -7.67495   -22.52587
    0.17100E-01   -37.56908    -7.49757    -7.66102   -22.41049
    0.17700E-01   -37.42819    -7.48246    -7.64678   -22.29895
    0.18300E-01   -37.29045    -7.46670    -7.63226   -22.19150
    0.18900E-01   -37.15601    -7.45067    -7.61753   -22.08780
    0.19500E-01   -37.02423    -7.43432    -7.60240   -21.98751
    0.21300E-01   -36.17612    -7.31327    -7.49300   -21.36986
    0.27000E-01   -35.06649    -7.11696    -7.31603   -20.63350
    0.33000E-01   -34.07148    -6.90884    -7.12964   -20.03300
    0.39000E-01   -33.16636    -6.69835    -6.94251   -19.52550
    0.45000E-01   -32.34527    -6.49346    -6.76558   -19.08623
    0.51000E-01   -31.61116    -6.30528    -6.60628   -18.69960
    0.57000E-01   -30.95393    -6.13825    -6.46049   -18.35520
    0.63000E-01   -30.35484    -5.98589    -6.32417   -18.04478
    0.69000E-01   -29.80246    -5.84344    -6.19561   -17.76341
    0.75000E-01   -29.28832    -5.70858    -6.07493   -17.50480
    0.81000E-01   -28.80714    -5.58240    -5.95936   -17.26539
    0.87000E-01   -28.35795    -5.46340    -5.84913   -17.04543
    0.93000E-01   -27.93407    -5.35016    -5.74399   -16.83992
    0.99000E-01   -27.53157    -5.24190    -5.64376   -16.64592
    0.10500       -27.14997    -5.13828    -5.54732   -16.46437
    0.11100       -26.78868    -5.03965    -5.45422   -16.29481
    0.11700       -26.44280    -4.94454    -5.36555   -16.13271
    0.12300       -26.11385    -4.85332    -5.28053   -15.98000
    0.12900       -25.79702    -4.76560    -5.19798   -15.83344
    0.13500       -25.49473    -4.68121    -5.11896   -15.69456
    0.14100       -25.20534    -4.60014    -5.04265   -15.56255
    0.14700       -24.92701    -4.52204    -4.96947   -15.43549
    0.15300       -24.65752    -4.44654    -4.89853   -15.31246
    0.15900       -24.39857    -4.37376    -4.82936   -15.19545
    0.16500       -24.14843    -4.30315    -4.76300   -15.08228
    0.17100       -23.90814    -4.23481    -4.69813   -14.97520
    0.17700       -23.68025    -4.17008    -4.63718   -14.87299
    0.18300       -23.45810    -4.10711    -4.57753   -14.77347
    0.18900       -23.24310    -4.04637    -4.51946   -14.67727
    0.19500       -23.03426    -3.98734    -4.46331   -14.58361
    0.20100       -22.83365    -3.93093    -4.41035   -14.49238
    0.20700       -22.63797    -3.87497    -4.35775   -14.40525
    0.21300       -22.44971    -3.82205    -4.30685   -14.32081
    0.22700       -21.06103    -3.43148    -3.93230   -13.69725
    0.34500       -18.23785    -2.64819    -3.16736   -12.42231
    0.49500       -16.50917    -2.17497    -2.69980   -11.63440
    0.64500       -15.29598    -1.85602    -2.37573   -11.06424
    0.79500       -14.37185    -1.61870    -2.14076   -10.61238
    0.94500       -13.63712    -1.43655    -1.95858   -10.24200
     1.0950       -13.03792    -1.29350    -1.81810    -9.92632
     1.2450       -12.53461    -1.17349    -1.70179    -9.65933
     1.3950       -12.10876    -1.07526    -1.60268    -9.43082
     1.5450       -11.73811    -0.99252    -1.51810    -9.22749
     1.6950       -11.41686    -0.92067    -1.44744    -9.04875
     1.8450       -11.12588    -0.85522    -1.38394    -8.88672
     1.9950       -10.86094    -0.79562    -1.32862    -8.73670
     2.1450       -10.61659    -0.74051    -1.27474    -8.60134
     2.2950       -10.40004    -0.69168    -1.22772    -8.48064
     2.4450       -10.19867    -0.64646    -1.18429    -8.36791
     2.5950       -10.02297    -0.60424    -1.14611    -8.27263
     2.7450        -9.86128    -0.56463    -1.11152    -8.18514
     2.8950        -9.70860    -0.52869    -1.07834    -8.10156
     3.0450        -9.57531    -0.49678    -1.05023    -8.02830
     3.1950        -9.45575    -0.46640    -1.02339    -7.96597
     3.3450        -9.34781    -0.43913    -1.00304    -7.90564
     3.4950        -9.25493    -0.41409    -0.98423    -7.85661
     3.6450        -9.15463    -0.39021    -0.96202    -7.80240
     3.7950        -9.07185    -0.36731    -0.94290    -7.76164
     3.9450        -8.99643    -0.34724    -0.92438    -7.72482
     4.0950        -8.92687    -0.32737    -0.90598    -7.69352
     4.2450        -8.85955    -0.31121    -0.88825    -7.66008
     4.3950        -8.79179    -0.29388    -0.87341    -7.62449
     4.5450        -8.73808    -0.27792    -0.86455    -7.59561
     4.6950        -8.67820    -0.26356    -0.85019    -7.56446
     4.8450        -8.62963    -0.25039    -0.83908    -7.54016
     4.9950        -8.58277    -0.23594    -0.83018    -7.51665
     5.1450        -8.53658    -0.22291    -0.81980    -7.49388
     5.2950        -8.49261    -0.21092    -0.81091    -7.47078
     5.4450        -8.44887    -0.19955    -0.79936    -7.44996
     5.5950        -8.40808    -0.18902    -0.78925    -7.42980
     5.7450        -8.37298    -0.18141    -0.78217    -7.40940
     5.8950        -8.33628    -0.17164    -0.77509    -7.38954
     6.0450        -8.30633    -0.16340    -0.77187    -7.37105
     6.1950        -8.27083    -0.15479    -0.76397    -7.35206
     6.3450        -8.24019    -0.14633    -0.75927    -7.33459
     6.4950        -8.21188    -0.14195    -0.75231    -7.31761
     6.6450        -8.18410    -0.13385    -0.74918    -7.30106
     6.7950        -8.15554    -0.12738    -0.74321    -7.28495
     6.9450        -8.13416    -0.12297    -0.74198    -7.26921
     7.0950        -8.11130    -0.12017    -0.73725    -7.25388
     7.2450        -8.09238    -0.11735    -0.73613    -7.23890
     7.3950        -8.06912    -0.11190    -0.73300    -7.22422
     7.5450        -8.04884    -0.10906    -0.72990    -7.20989
     7.6950        -8.02885    -0.10621    -0.72680    -7.19585
     7.8450        -8.01138    -0.10336    -0.72587    -7.18215
     7.9950        -7.99276    -0.09902    -0.72498    -7.16876
     8.1450        -7.97596    -0.09616    -0.72415    -7.15566
     8.2950        -7.95942    -0.09330    -0.72332    -7.14280
     8.4450        -7.94552    -0.09279    -0.72255    -7.13017
     8.5950        -7.92815    -0.08854    -0.72179    -7.11782
     8.7450        -7.91486    -0.08806    -0.72107    -7.10572
     8.8950        -7.90180    -0.08762    -0.72038    -7.09380
     9.0450        -7.88903    -0.08719    -0.71971    -7.08214
     9.1950        -7.87652    -0.08677    -0.71906    -7.07068
     9.3450        -7.86425    -0.08637    -0.71843    -7.05944
     9.4950        -7.85223    -0.08599    -0.71783    -7.04841
     9.6450        -7.84046    -0.08562    -0.71724    -7.03760
     9.7950        -7.82887    -0.08525    -0.71668    -7.02693
     9.9450        -7.81747    -0.08491    -0.71614    -7.01642
     10.095        -7.80630    -0.08458    -0.71562    -7.00610
     10.245        -7.79534    -0.08426    -0.71511    -6.99596
     10.395        -7.78455    -0.08396    -0.71461    -6.98598
     10.545        -7.77399    -0.08366    -0.71413    -6.97620
     10.695        -7.76357    -0.08337    -0.71366    -6.96654
     10.845        -7.75328    -0.08308    -0.71320    -6.95700
     10.995        -7.74315    -0.08281    -0.71276    -6.94759
     11.145        -7.73319    -0.08254    -0.71233    -6.93832
     11.295        -7.72342    -0.08229    -0.71191    -6.92922
     11.445        -7.71381    -0.08205    -0.71150    -6.92027
     11.595        -7.70433    -0.08181    -0.71109    -6.91143
     11.745        -7.69500    -0.08159    -0.71071    -6.90270
     11.895        -7.68583    -0.08137    -0.71033    -6.89413
     12.045        -7.67679    -0.08115    -0.70995    -6.88568
     12.195        -7.66786    -0.08094    -0.70959    -6.87733
     12.345        -7.65905    -0.08075    -0.70923    -6.86908
     12.495        -7.65036    -0.08055    -0.70888    -6.86094
     12.645        -7.64182    -0.08036    -0.70855    -6.85292
     12.795        -7.63339    -0.08017    -0.70821    -6.84500
     12.945        -7.62506    -0.08000    -0.70789    -6.83717
     13.095        -7.61684    -0.07983    -0.70758    -6.82944
     13.245        -7.60874    -0.07966    -0.70727    -6.82180
     13.395        -7.60071    -0.07950    -0.70697    -6.81424
     13.545        -7.59283    -0.07934    -0.70667    -6.80682
     13.695        -7.58501    -0.07918    -0.70638    -6.79946
     13.845        -7.57734    -0.07903    -0.70609    -6.79222
     13.995        -7.56977    -0.07888    -0.70581    -6.78508
     14.145        -7.56225    -0.07873    -0.70553    -6.77798
     14.295        -7.55485    -0.07859    -0.70526    -6.77099
     14.445        -7.54752    -0.07846    -0.70499    -6.76407
     14.595        -7.54028    -0.07832    -0.70473    -6.75723
     14.745        -7.53314    -0.07819    -0.70447    -6.75048
     14.895        -7.52606    -0.07806    -0.70421    -6.74379
     15.045        -7.51904    -0.07792    -0.70397    -6.73715
     15.195        -7.51214    -0.07780    -0.70372    -6.73062
     15.345        -7.50531    -0.07768    -0.70349    -6.72414
     15.495        -7.49855    -0.07755    -0.70325    -6.71775
     15.645        -7.49188    -0.07744    -0.70302    -6.71142
     15.795        -7.48527    -0.07733    -0.70278    -6.70516
     15.945        -7.47874    -0.07721    -0.70256    -6.69897
     16.095        -7.47226    -0.07710    -0.70234    -6.69283
     16.245        -7.46583    -0.07700    -0.70211    -6.68672
     16.395        -7.45949    -0.07689    -0.70190    -6.68070
     16.545        -7.45321    -0.07679    -0.70169    -6.67473
     16.695        -7.44698    -0.07668    -0.70148    -6.66882
     16.845        -7.44083    -0.07658    -0.70126    -6.66298
     16.995        -7.43476    -0.07649    -0.70106    -6.65721
     17.145        -7.42875    -0.07640    -0.70086    -6.65150
     17.295        -7.42278    -0.07630    -0.70066    -6.64582
     17.445        -7.41686    -0.07621    -0.70046    -6.64019
     17.595        -7.41099    -0.07612    -0.70027    -6.63460
     17.745        -7.40519    -0.07603    -0.70007    -6.62909
     17.895        -7.39943    -0.07594    -0.69988    -6.62361
     18.045        -7.39374    -0.07585    -0.69970    -6.61819
     18.195        -7.38810    -0.07577    -0.69951    -6.61282
     18.345        -7.38250    -0.07568    -0.69933    -6.60749
     18.495        -7.37697    -0.07560    -0.69914    -6.60222
     18.645        -7.37148    -0.07552    -0.69896    -6.59699
     18.795        -7.36605    -0.07544    -0.69879    -6.59182
     18.945        -7.36068    -0.07536    -0.69861    -6.58671
     19.095        -7.35535    -0.07528    -0.69844    -6.58163
     19.245        -7.35005    -0.07520    -0.69826    -6.57658
     19.395        -7.34481    -0.07513    -0.69809    -6.57158
     19.545        -7.33960    -0.07505    -0.69793    -6.56661
     19.695        -7.33446    -0.07499    -0.69777    -6.56171
     19.845        -7.32937    -0.07492    -0.69761    -6.55685
     19.995        -7.32429    -0.07485    -0.69745    -6.55199
     20.145        -7.31927    -0.07479    -0.69728    -6.54720
     20.295        -7.31427    -0.07472    -0.69713    -6.54243
     20.445        -7.30935    -0.07465    -0.69697    -6.53773
     20.595        -7.30445    -0.07458    -0.69681    -6.53306
     20.745        -7.29961    -0.07451    -0.69666    -6.52843
     20.895        -7.29479    -0.07445    -0.69651    -6.52383
     21.045        -7.29002    -0.07438    -0.69636    -6.51927
     21.195        -7.28529    -0.07432    -0.69622    -6.51476
     21.345        -7.28057    -0.07426    -0.69607    -6.51025
     21.495        -7.27589    -0.07420    -0.69592    -6.50577
     21.645        -7.27129    -0.07414    -0.69577    -6.50138
     21.795        -7.26668    -0.07407    -0.69563    -6.49698
     21.945        -7.26211    -0.07402    -0.69549    -6.49261
     22.095        -7.25760    -0.07396    -0.69535    -6.48829
     22.245        -7.25309    -0.07391    -0.69521    -6.48398
     22.395        -7.24862    -0.07385    -0.69507    -6.47969
     22.545        -7.24418    -0.07380    -0.69493    -6.47545
     22.695        -7.23980    -0.07374    -0.69479    -6.47127
     22.845        -7.23543    -0.07368    -0.69465    -6.46709
     22.995        -7.23110    -0.07363    -0.69452    -6.46295
     23.145        -7.22679    -0.07357    -0.69439    -6.45883
     23.295        -7.22253    -0.07352    -0.69426    -6.45475
     23.445        -7.21831    -0.07347    -0.69413    -6.45072
     23.595        -7.21412    -0.07341    -0.69400    -6.44670
     23.745        -7.20994    -0.07337    -0.69387    -6.44271
     23.895        -7.20581    -0.07332    -0.69374    -6.43875
     24.045        -7.20169    -0.07327    -0.69361    -6.43480
     24.195        -7.19759    -0.07322    -0.69349    -6.43088
     24.345        -7.19352    -0.07317    -0.69337    -6.42698
     24.495        -7.18952    -0.07312    -0.69325    -6.42315
     24.645        -7.18552    -0.07307    -0.69312    -6.41932
     24.795        -7.18156    -0.07302    -0.69301    -6.41553
     24.945        -7.17759    -0.07298    -0.69289    -6.41173
     25.095        -7.17368    -0.07293    -0.69277    -6.40798
     25.245        -7.16980    -0.07288    -0.69265    -6.40427
     25.395        -7.16593    -0.07284    -0.69253    -6.40056
     25.545        -7.16208    -0.07280    -0.69241    -6.39687
     25.695        -7.15825    -0.07275    -0.69230    -6.39320
     25.845        -7.15446    -0.07271    -0.69218    -6.38956
     25.995        -7.15068    -0.07267    -0.69207    -6.38594
     26.145        -7.14694    -0.07263    -0.69196    -6.38236
     26.295        -7.14323    -0.07259    -0.69184    -6.37880
     26.445        -7.13951    -0.07254    -0.69173    -6.37524
     26.595        -7.13585    -0.07250    -0.69162    -6.37172
     26.745        -7.13219    -0.07246    -0.69151    -6.36822
     26.895        -7.12854    -0.07242    -0.69140    -6.36472
     27.045        -7.12492    -0.07238    -0.69130    -6.36125
     27.195        -7.12135    -0.07234    -0.69119    -6.35782
     27.345        -7.11778    -0.07230    -0.69109    -6.35439
     27.495        -7.11424    -0.07227    -0.69098    -6.35100
     27.645        -7.11072    -0.07222    -0.69087    -6.34762
     27.795        -7.10722    -0.07218    -0.69077    -6.34426
     27.945        -7.10373    -0.07215    -0.69067    -6.34092
     28.095        -7.10027    -0.07211    -0.69056    -6.33759
     28.245        -7.09683    -0.07207    -0.69045    -6.33431
     28.395        -7.09341    -0.07203    -0.69035    -6.33103
     28.545        -7.09002    -0.07200    -0.69025    -6.32776
     28.695        -7.08665    -0.07196    -0.69015    -6.32454
     28.845        -7.08330    -0.07192    -0.69005    -6.32132
     28.995        -7.07996    -0.07188    -0.68996    -6.31812
     29.145        -7.07665    -0.07185    -0.68986    -6.31494
     29.295        -7.07334    -0.07182    -0.68976    -6.31175
     29.445        -7.07007    -0.07179    -0.68967    -6.30861
     29.595        -7.06681    -0.07175    -0.68957    -6.30549
     29.745        -7.06355    -0.07172    -0.68948    -6.30236
     29.895        -7.06034    -0.07168    -0.68938    -6.29928
     30.045        -7.05713    -0.07165    -0.68929    -6.29619
     30.195        -7.05395    -0.07162    -0.68919    -6.29314
     30.345        -7.05078    -0.07158    -0.68910    -6.29009
     30.495        -7.04762    -0.07155    -0.68901    -6.28706
     30.645        -7.04450    -0.07152    -0.68892    -6.28407
     30.795        -7.04137    -0.07148    -0.68883    -6.28106
     30.945        -7.03828    -0.07145    -0.68874    -6.27809
     31.095        -7.03518    -0.07142    -0.68865    -6.27512
     31.245        -7.03213    -0.07139    -0.68856    -6.27219
     31.395        -7.02909    -0.07135    -0.68847    -6.26927
     31.545        -7.02604    -0.07132    -0.68838    -6.26634
     31.695        -7.02303    -0.07129    -0.68829    -6.26345
     31.845        -7.02002    -0.07126    -0.68821    -6.26055
     31.995        -7.01706    -0.07123    -0.68812    -6.25771
     32.145        -7.01407    -0.07120    -0.68803    -6.25484
     32.295        -7.01112    -0.07117    -0.68795    -6.25200
     32.445        -7.00819    -0.07114    -0.68786    -6.24919
     32.595        -7.00527    -0.07111    -0.68778    -6.24638
     32.745        -7.00236    -0.07108    -0.68769    -6.24359
     32.895        -6.99947    -0.07105    -0.68761    -6.24081
     33.045        -6.99660    -0.07102    -0.68752    -6.23805
     33.195        -6.99373    -0.07099    -0.68744    -6.23530
     33.345        -6.99087    -0.07096    -0.68736    -6.23255
     33.495        -6.98805    -0.07093    -0.68727    -6.22985
     33.645        -6.98522    -0.07090    -0.68719    -6.22713
     33.795        -6.98241    -0.07088    -0.68711    -6.22443
     33.945        -6.97963    -0.07085    -0.68703    -6.22175
     34.095        -6.97685    -0.07082    -0.68695    -6.21908
     34.245        -6.97409    -0.07079    -0.68687    -6.21643
     34.395        -6.97134    -0.07076    -0.68679    -6.21379
     34.545        -6.96860    -0.07073    -0.68671    -6.21116
     34.695        -6.96588    -0.07071    -0.68663    -6.20854
     34.845        -6.96316    -0.07068    -0.68655    -6.20592
     34.995        -6.96046    -0.07065    -0.68648    -6.20333
     35.145        -6.95778    -0.07063    -0.68640    -6.20076
     35.295        -6.95511    -0.07060    -0.68632    -6.19819
     35.445        -6.95243    -0.07058    -0.68624    -6.19561
     35.595        -6.94977    -0.07055    -0.68617    -6.19306
     35.745        -6.94714    -0.07052    -0.68609    -6.19052
     35.895        -6.94452    -0.07050    -0.68602    -6.18801
     36.045        -6.94190    -0.07047    -0.68594    -6.18548
     36.195        -6.93928    -0.07045    -0.68586    -6.18298
     36.345        -6.93669    -0.07042    -0.68579    -6.18048
     36.495        -6.93412    -0.07039    -0.68571    -6.17801
     36.645        -6.93155    -0.07037    -0.68564    -6.17555
     36.795        -6.92900    -0.07034    -0.68557    -6.17309
     36.945        -6.92647    -0.07032    -0.68549    -6.17066
     37.095        -6.92395    -0.07029    -0.68542    -6.16824
     37.245        -6.92144    -0.07026    -0.68535    -6.16582
     37.395        -6.91894    -0.07024    -0.68528    -6.16342
     37.545        -6.91646    -0.07022    -0.68520    -6.16104
     37.695        -6.91399    -0.07019    -0.68513    -6.15866
     37.845        -6.91151    -0.07017    -0.68506    -6.15628
     37.995        -6.90906    -0.07014    -0.68499    -6.15392
     38.145        -6.90663    -0.07011    -0.68492    -6.15159
     38.295        -6.90418    -0.07009    -0.68485    -6.14923
     38.445        -6.90176    -0.07007    -0.68479    -6.14691
     38.595        -6.89933    -0.07004    -0.68472    -6.14457
     38.745        -6.89691    -0.07002    -0.68465    -6.14224
     38.895        -6.89451    -0.07000    -0.68458    -6.13993
     39.045        -6.89213    -0.06997    -0.68451    -6.13764
     39.195        -6.88975    -0.06995    -0.68444    -6.13535
     39.345        -6.88739    -0.06993    -0.68438    -6.13309
     39.495        -6.88504    -0.06991    -0.68431    -6.13083
     39.645        -6.88269    -0.06988    -0.68424    -6.12857
     39.795        -6.88036    -0.06986    -0.68417    -6.12633
     39.945        -6.87803    -0.06984    -0.68411    -6.12409
     40.095        -6.87572    -0.06981    -0.68404    -6.12186
     40.245        -6.87340    -0.06979    -0.68397    -6.11964
     40.395        -6.87111    -0.06977    -0.68391    -6.11743
     40.545        -6.86883    -0.06975    -0.68384    -6.11524
     40.695        -6.86655    -0.06973    -0.68378    -6.11305
     40.845        -6.86429    -0.06970    -0.68371    -6.11087
     40.995        -6.86202    -0.06968    -0.68365    -6.10869
     41.145        -6.85978    -0.06966    -0.68358    -6.10653
     41.295        -6.85754    -0.06964    -0.68352    -6.10438
     41.445        -6.85529    -0.06962    -0.68345    -6.10222
     41.595        -6.85307    -0.06960    -0.68339    -6.10008
     41.745        -6.85086    -0.06958    -0.68333    -6.09795
     41.895        -6.84865    -0.06956    -0.68327    -6.09583
     42.045        -6.84645    -0.06954    -0.68321    -6.09371
     42.195        -6.84426    -0.06952    -0.68314    -6.09160
     42.345        -6.84208    -0.06950    -0.68308    -6.08950
     42.495        -6.83993    -0.06948    -0.68302    -6.08744
     42.645        -6.83778    -0.06946    -0.68296    -6.08537
     42.795        -6.83563    -0.06944    -0.68290    -6.08329
     42.945        -6.83349    -0.06942    -0.68284    -6.08123
     43.095        -6.83135    -0.06940    -0.68278    -6.07918
     43.245        -6.82923    -0.06938    -0.68272    -6.07713
     43.395        -6.82711    -0.06936    -0.68266    -6.07509
     43.545        -6.82499    -0.06934    -0.68260    -6.07305
     43.695        -6.82289    -0.06932    -0.68254    -6.07102
     43.845        -6.82080    -0.06930    -0.68248    -6.06901
     43.995        -6.81871    -0.06929    -0.68242    -6.06700
     44.145        -6.81664    -0.06927    -0.68236    -6.06501
     44.295        -6.81455    -0.06925    -0.68230    -6.06300
     44.445        -6.81250    -0.06923    -0.68224    -6.06103
     44.595        -6.81044    -0.06921    -0.68219    -6.05904
     44.745        -6.80839    -0.06920    -0.68213    -6.05707
     44.895        -6.80637    -0.06918    -0.68207    -6.05513
     45.045        -6.80434    -0.06916    -0.68201    -6.05318
     45.195        -6.80232    -0.06914    -0.68195    -6.05123
     45.345        -6.80030    -0.06912    -0.68190    -6.04929
     45.495        -6.79828    -0.06910    -0.68184    -6.04734
     45.645        -6.79627    -0.06908    -0.68178    -6.04541
     45.795        -6.79427    -0.06906    -0.68173    -6.04349
     45.945        -6.79228    -0.06904    -0.68167    -6.04157
     46.095        -6.79030    -0.06902    -0.68162    -6.03966
     46.245        -6.78832    -0.06900    -0.68156    -6.03776
     46.395        -6.78637    -0.06898    -0.68150    -6.03588
     46.545        -6.78440    -0.06897    -0.68145    -6.03399
     46.695        -6.78245    -0.06895    -0.68139    -6.03211
     46.845        -6.78049    -0.06893    -0.68134    -6.03022
     46.995        -6.77856    -0.06891    -0.68128    -6.02836
     47.145        -6.77663    -0.06890    -0.68123    -6.02650
     47.295        -6.77470    -0.06888    -0.68118    -6.02464
     47.445        -6.77279    -0.06886    -0.68112    -6.02280
     47.595        -6.77088    -0.06884    -0.68107    -6.02096
     47.745        -6.76897    -0.06883    -0.68101    -6.01912
     47.895        -6.76708    -0.06881    -0.68096    -6.01731
     48.045        -6.76518    -0.06880    -0.68091    -6.01548
     48.195        -6.76330    -0.06878    -0.68086    -6.01366
     48.345        -6.76142    -0.06876    -0.68080    -6.01186
     48.495        -6.75954    -0.06874    -0.68075    -6.01005
     48.645        -6.75768    -0.06873    -0.68070    -6.00826
     48.795        -6.75582    -0.06871    -0.68065    -6.00646
     48.945        -6.75396    -0.06869    -0.68059    -6.00467
     49.095        -6.75212    -0.06868    -0.68054    -6.00290
     49.245        -6.75028    -0.06866    -0.68049    -6.00113
     49.395        -6.74846    -0.06865    -0.68044    -5.99938
     49.545        -6.74662    -0.06863    -0.68039    -5.99760
     49.695        -6.74480    -0.06861    -0.68034    -5.99585
     49.845        -6.74298    -0.06860    -0.68029    -5.99410
     49.995        -6.74118    -0.06858    -0.68024    -5.99236
     50.145        -6.73938    -0.06856    -0.68019    -5.99063
     50.295        -6.73757    -0.06855    -0.68013    -5.98889
     50.445        -6.73578    -0.06853    -0.68008    -5.98717
     50.595        -6.73401    -0.06852    -0.68003    -5.98546
     50.745        -6.73223    -0.06850    -0.67998    -5.98374
     50.895        -6.73045    -0.06849    -0.67993    -5.98203
     51.045        -6.72870    -0.06847    -0.67988    -5.98035
     51.195        -6.72695    -0.06845    -0.67984    -5.97866
     51.345        -6.72520    -0.06844    -0.67979    -5.97697
     51.495        -6.72344    -0.06842    -0.67974    -5.97529
     51.645        -6.72170    -0.06840    -0.67969    -5.97361
     51.795        -6.71995    -0.06838    -0.67964    -5.97193
     51.945        -6.71824    -0.06837    -0.67959    -5.97028
     52.095        -6.71652    -0.06835    -0.67954    -5.96863
     52.245        -6.71480    -0.06834    -0.67950    -5.96697
     52.395        -6.71310    -0.06832    -0.67945    -5.96532
     52.545        -6.71138    -0.06831    -0.67940    -5.96367
     52.695        -6.70968    -0.06830    -0.67935    -5.96203
     52.845        -6.70798    -0.06828    -0.67930    -5.96040
     52.995        -6.70630    -0.06827    -0.67926    -5.95877
     53.145        -6.70462    -0.06825    -0.67921    -5.95715
     53.295        -6.70295    -0.06824    -0.67916    -5.95554
     53.445        -6.70128    -0.06823    -0.67912    -5.95393
     53.595        -6.69961    -0.06821    -0.67907    -5.95233
     53.745        -6.69796    -0.06820    -0.67902    -5.95074
     53.895        -6.69631    -0.06818    -0.67898    -5.94915
     54.045        -6.69466    -0.06817    -0.67893    -5.94756
     54.195        -6.69301    -0.06815    -0.67888    -5.94597
     54.345        -6.69137    -0.06814    -0.67884    -5.94439
     54.495        -6.68973    -0.06812    -0.67879    -5.94282
     54.645        -6.68809    -0.06811    -0.67874    -5.94124
     54.795        -6.68647    -0.06810    -0.67870    -5.93968
     54.945        -6.68484    -0.06808    -0.67865    -5.93811
     55.095        -6.68321    -0.06807    -0.67861    -5.93653
     59.433        -6.55695    -0.06697    -0.67509    -5.81488
     80.646        -6.37494    -0.06545    -0.67009    -5.63939
     111.21        -6.20060    -0.06400    -0.66532    -5.47129
     153.36        -6.03400    -0.06267    -0.66079    -5.31055
     211.49        -5.87508    -0.06139    -0.65648    -5.15721
     291.64        -5.72343    -0.06018    -0.65238    -5.01087
     402.18        -5.57894    -0.05904    -0.64851    -4.87140
     554.60        -5.44161    -0.05793    -0.64482    -4.73886
     764.80        -5.31093    -0.05687    -0.64128    -4.61277
     1054.7        -5.18682    -0.05588    -0.63795    -4.49300
     1454.4        -5.06905    -0.05493    -0.63480    -4.37932
     2005.6        -4.95722    -0.05399    -0.63183    -4.27140
     2765.8        -4.85107    -0.05313    -0.62898    -4.16896
     3814.0        -4.75049    -0.05230    -0.62628    -4.07190
     5259.5        -4.65501    -0.05151    -0.62373    -3.97976
     7252.9        -4.56473    -0.05076    -0.62133    -3.89264
     10002.        -4.47892    -0.05006    -0.61903    -3.80982
     13793.        -4.39765    -0.04938    -0.61689    -3.73138
     19020.        -4.32066    -0.04874    -0.61486    -3.65707
     26229.        -4.24779    -0.04813    -0.61294    -3.58672
     36170.        -4.17877    -0.04758    -0.61113    -3.52006
     49878.        -4.11315    -0.04704    -0.60940    -3.45670
     68782.        -4.05107    -0.04654    -0.60776    -3.39677
     94851.        -3.99220    -0.04606    -0.60620    -3.33994
    0.13080E+06    -3.93640    -0.04561    -0.60474    -3.28606
    0.18038E+06    -3.88354    -0.04519    -0.60335    -3.23500
    0.24874E+06    -3.83350    -0.04478    -0.60205    -3.18667
    0.34301E+06    -3.78608    -0.04440    -0.60080    -3.14088
    0.47302E+06    -3.74114    -0.04405    -0.59962    -3.09747
    0.65229E+06    -3.69854    -0.04372    -0.59849    -3.05634
    0.89952E+06    -3.65824    -0.04341    -0.59743    -3.01740
    0.12404E+07    -3.62001    -0.04311    -0.59644    -2.98046
    0.17106E+07    -3.58380    -0.04284    -0.59549    -2.94547
    0.23589E+07    -3.54959    -0.04259    -0.59461    -2.91239
    0.32529E+07    -3.51713    -0.04235    -0.59376    -2.88101
    0.44858E+07    -3.48631    -0.04212    -0.59296    -2.85124
    0.61860E+07    -3.45708    -0.04191    -0.59219    -2.82297
    0.85305E+07    -3.42945    -0.04172    -0.59147    -2.79626
    0.11764E+08    -3.40322    -0.04154    -0.59078    -2.77090
    0.16222E+08    -3.37840    -0.04138    -0.59013    -2.74689
    0.22370E+08    -3.35490    -0.04122    -0.58952    -2.72416
    0.30849E+08    -3.33258    -0.04108    -0.58893    -2.70257
    0.42541E+08    -3.31143    -0.04095    -0.58838    -2.68210
    0.58664E+08    -3.29139    -0.04082    -0.58785    -2.66271
    0.80898E+08    -3.27269    -0.04071    -0.58736    -2.64462
    0.11156E+09    -3.25523    -0.04060    -0.58688    -2.62775
    0.15384E+09    -3.23887    -0.04050    -0.58643    -2.61194
    0.21215E+09    -3.22355    -0.04042    -0.58601    -2.59712
    0.29255E+09    -3.20914    -0.04034    -0.58560    -2.58321
    0.40343E+09    -3.19566    -0.04026    -0.58523    -2.57017
    0.55633E+09    -3.18306    -0.04019    -0.58487    -2.55799
    0.76719E+09    -3.17170    -0.04013    -0.58455    -2.54703
    0.10580E+10    -3.16124    -0.04007    -0.58423    -2.53693
    0.14589E+10    -3.15161    -0.04002    -0.58395    -2.52764
    0.20119E+10    -3.14272    -0.03998    -0.58367    -2.51907
    0.27744E+10    -3.13452    -0.03994    -0.58342    -2.51117
    0.38259E+10    -3.12697    -0.03990    -0.58319    -2.50389
    0.52760E+10    -3.11998    -0.03986    -0.58298    -2.49714
    0.72756E+10    -3.11354    -0.03983    -0.58278    -2.49093
    0.10033E+11    -3.10758    -0.03979    -0.58260    -2.48519
    0.13836E+11    -3.10210    -0.03976    -0.58244    -2.47990
    0.19079E+11    -3.09703    -0.03973    -0.58228    -2.47501
    0.26311E+11    -3.09233    -0.03971    -0.58214    -2.47048
    0.36283E+11    -3.08798    -0.03969    -0.58201    -2.46629
    0.50034E+11    -3.08400    -0.03967    -0.58189    -2.46244
    0.68997E+11    -3.08029    -0.03965    -0.58178    -2.45886
    0.10000E+12    -3.03587    -0.03944    -0.58045    -2.41598
