    -99.945         0.00000     0.00000     0.00000     0.00000
    -99.795         0.00000     0.00000     0.00000     0.00000
    -99.645         0.00000     0.00000     0.00000     0.00000
    -99.495         0.00000     0.00000     0.00000     0.00000
    -99.345         0.00000     0.00000     0.00000     0.00000
    -99.195         0.00000     0.00000     0.00000     0.00000
    -99.045         0.00000     0.00000     0.00000     0.00000
    -98.895         0.00000     0.00000     0.00000     0.00000
    -98.745         0.00000     0.00000     0.00000     0.00000
    -98.595         0.00000     0.00000     0.00000     0.00000
    -98.445         0.00000     0.00000     0.00000     0.00000
    -98.295         0.00000     0.00000     0.00000     0.00000
    -98.145         0.00000     0.00000     0.00000     0.00000
    -97.995         0.00000     0.00000     0.00000     0.00000
    -97.845         0.00000     0.00000     0.00000     0.00000
    -97.695         0.00000     0.00000     0.00000     0.00000
    -97.545         0.00000     0.00000     0.00000     0.00000
    -97.395         0.00000     0.00000     0.00000     0.00000
    -97.245         0.00000     0.00000     0.00000     0.00000
    -97.095         0.00000     0.00000     0.00000     0.00000
    -96.945         0.00000     0.00000     0.00000     0.00000
    -96.795         0.00000     0.00000     0.00000     0.00000
    -96.645         0.00000     0.00000     0.00000     0.00000
    -96.495         0.00000     0.00000     0.00000     0.00000
    -96.345         0.00000     0.00000     0.00000     0.00000
    -96.195         0.00000     0.00000     0.00000     0.00000
    -96.045         0.00000     0.00000     0.00000     0.00000
    -95.895         0.00000     0.00000     0.00000     0.00000
    -95.745         0.00000     0.00000     0.00000     0.00000
    -95.595         0.00000     0.00000     0.00000     0.00000
    -95.445         0.00000     0.00000     0.00000     0.00000
    -95.295         0.00000     0.00000     0.00000     0.00000
    -95.145         0.00000     0.00000     0.00000     0.00000
    -94.995         0.00000     0.00000     0.00000     0.00000
    -94.845         0.00000     0.00000     0.00000     0.00000
    -94.695         0.00000     0.00000     0.00000     0.00000
    -94.545         0.00000     0.00000     0.00000     0.00000
    -94.395         0.00000     0.00000     0.00000     0.00000
    -94.245         0.00000     0.00000     0.00000     0.00000
    -94.095         0.00000     0.00000     0.00000     0.00000
    -93.945         0.00000     0.00000     0.00000     0.00000
    -93.795         0.00000     0.00000     0.00000     0.00000
    -93.645         0.00000     0.00000     0.00000     0.00000
    -93.495         0.00000     0.00000     0.00000     0.00000
    -93.345         0.00000     0.00000     0.00000     0.00000
    -93.195         0.00000     0.00000     0.00000     0.00000
    -93.045         0.00000     0.00000     0.00000     0.00000
    -92.895         0.00000     0.00000     0.00000     0.00000
    -92.745         0.00000     0.00000     0.00000     0.00000
    -92.595         0.00000     0.00000     0.00000     0.00000
    -92.445         0.00000     0.00000     0.00000     0.00000
    -92.295         0.00000     0.00000     0.00000     0.00000
    -92.145         0.00000     0.00000     0.00000     0.00000
    -91.995         0.00000     0.00000     0.00000     0.00000
    -91.845         0.00000     0.00000     0.00000     0.00000
    -91.695         0.00000     0.00000     0.00000     0.00000
    -91.545         0.00000     0.00000     0.00000     0.00000
    -91.395         0.00000     0.00000     0.00000     0.00000
    -91.245         0.00000     0.00000     0.00000     0.00000
    -91.095         0.00000     0.00000     0.00000     0.00000
    -90.945         0.00000     0.00000     0.00000     0.00000
    -90.795         0.00000     0.00000     0.00000     0.00000
    -90.645         0.00000     0.00000     0.00000     0.00000
    -90.495         0.00000     0.00000     0.00000     0.00000
    -90.345         0.00000     0.00000     0.00000     0.00000
    -90.195         0.00000     0.00000     0.00000     0.00000
    -90.045         0.00000     0.00000     0.00000     0.00000
    -89.895         0.00000     0.00000     0.00000     0.00000
    -89.745         0.00000     0.00000     0.00000     0.00000
    -89.595         0.00000     0.00000     0.00000     0.00000
    -89.445         0.00000     0.00000     0.00000     0.00000
    -89.295         0.00000     0.00000     0.00000     0.00000
    -89.145         0.00000     0.00000     0.00000     0.00000
    -88.995         0.00000     0.00000     0.00000     0.00000
    -88.845         0.00000     0.00000     0.00000     0.00000
    -88.695         0.00000     0.00000     0.00000     0.00000
    -88.545         0.00000     0.00000     0.00000     0.00000
    -88.395         0.00000     0.00000     0.00000     0.00000
    -88.245         0.00000     0.00000     0.00000     0.00000
    -88.095         0.00000     0.00000     0.00000     0.00000
    -87.945         0.00000     0.00000     0.00000     0.00000
    -87.795         0.00000     0.00000     0.00000     0.00000
    -87.645         0.00000     0.00000     0.00000     0.00000
    -87.495         0.00000     0.00000     0.00000     0.00000
    -87.345         0.00000     0.00000     0.00000     0.00000
    -87.195         0.00000     0.00000     0.00000     0.00000
    -87.045         0.00000     0.00000     0.00000     0.00000
    -86.895         0.00000     0.00000     0.00000     0.00000
    -86.745         0.00000     0.00000     0.00000     0.00000
    -86.595         0.00000     0.00000     0.00000     0.00000
    -86.445         0.00000     0.00000     0.00000     0.00000
    -86.295         0.00000     0.00000     0.00000     0.00000
    -86.145         0.00000     0.00000     0.00000     0.00000
    -85.995         0.00000     0.00000     0.00000     0.00000
    -85.845         0.00000     0.00000     0.00000     0.00000
    -85.695         0.00000     0.00000     0.00000     0.00000
    -85.545         0.00000     0.00000     0.00000     0.00000
    -85.395         0.00000     0.00000     0.00000     0.00000
    -85.245         0.00000     0.00000     0.00000     0.00000
    -85.095         0.00000     0.00000     0.00000     0.00000
    -84.945         0.00000     0.00000     0.00000     0.00000
    -84.795         0.00000     0.00000     0.00000     0.00000
    -84.645         0.00000     0.00000     0.00000     0.00000
    -84.495         0.00000     0.00000     0.00000     0.00000
    -84.345         0.00000     0.00000     0.00000     0.00000
    -84.195         0.00000     0.00000     0.00000     0.00000
    -84.045         0.00000     0.00000     0.00000     0.00000
    -83.895         0.00000     0.00000     0.00000     0.00000
    -83.745         0.00000     0.00000     0.00000     0.00000
    -83.595         0.00000     0.00000     0.00000     0.00000
    -83.445         0.00000     0.00000     0.00000     0.00000
    -83.295         0.00000     0.00000     0.00000     0.00000
    -83.145         0.00000     0.00000     0.00000     0.00000
    -82.995         0.00000     0.00000     0.00000     0.00000
    -82.845         0.00000     0.00000     0.00000     0.00000
    -82.695         0.00000     0.00000     0.00000     0.00000
    -82.545         0.00000     0.00000     0.00000     0.00000
    -82.395         0.00000     0.00000     0.00000     0.00000
    -82.245         0.00000     0.00000     0.00000     0.00000
    -82.095         0.00000     0.00000     0.00000     0.00000
    -81.945         0.00000     0.00000     0.00000     0.00000
    -81.795         0.00000     0.00000     0.00000     0.00000
    -81.645         0.00000     0.00000     0.00000     0.00000
    -81.495         0.00000     0.00000     0.00000     0.00000
    -81.345         0.00000     0.00000     0.00000     0.00000
    -81.195         0.00000     0.00000     0.00000     0.00000
    -81.045         0.00000     0.00000     0.00000     0.00000
    -80.895         0.00000     0.00000     0.00000     0.00000
    -80.745         0.00000     0.00000     0.00000     0.00000
    -80.595         0.00000     0.00000     0.00000     0.00000
    -80.445         0.00000     0.00000     0.00000     0.00000
    -80.295         0.00000     0.00000     0.00000     0.00000
    -80.145         0.00000     0.00000     0.00000     0.00000
    -79.995         0.00000     0.00000     0.00000     0.00000
    -79.845         0.00000     0.00000     0.00000     0.00000
    -79.695         0.00000     0.00000     0.00000     0.00000
    -79.545         0.00000     0.00000     0.00000     0.00000
    -79.395         0.00000     0.00000     0.00000     0.00000
    -79.245         0.00000     0.00000     0.00000     0.00000
    -79.095         0.00000     0.00000     0.00000     0.00000
    -78.945         0.00000     0.00000     0.00000     0.00000
    -78.795         0.00000     0.00000     0.00000     0.00000
    -78.645         0.00000     0.00000     0.00000     0.00000
    -78.495         0.00000     0.00000     0.00000     0.00000
    -78.345         0.00000     0.00000     0.00000     0.00000
    -78.195         0.00000     0.00000     0.00000     0.00000
    -78.045         0.00000     0.00000     0.00000     0.00000
    -77.895         0.00000     0.00000     0.00000     0.00000
    -77.745         0.00000     0.00000     0.00000     0.00000
    -77.595         0.00000     0.00000     0.00000     0.00000
    -77.445         0.00000     0.00000     0.00000     0.00000
    -77.295         0.00000     0.00000     0.00000     0.00000
    -77.145         0.00000     0.00000     0.00000     0.00000
    -76.995         0.00000     0.00000     0.00000     0.00000
    -76.845         0.00000     0.00000     0.00000     0.00000
    -76.695         0.00000     0.00000     0.00000     0.00000
    -76.545         0.00000     0.00000     0.00000     0.00000
    -76.395         0.00000     0.00000     0.00000     0.00000
    -76.245         0.00000     0.00000     0.00000     0.00000
    -76.095         0.00000     0.00000     0.00000     0.00000
    -75.945         0.00000     0.00000     0.00000     0.00000
    -75.795         0.00000     0.00000     0.00000     0.00000
    -75.645         0.00000     0.00000     0.00000     0.00000
    -75.495         0.00000     0.00000     0.00000     0.00000
    -75.345         0.00000     0.00000     0.00000     0.00000
    -75.195         0.00000     0.00000     0.00000     0.00000
    -75.045         0.00000     0.00000     0.00000     0.00000
    -74.895         0.00000     0.00000     0.00000     0.00000
    -74.745         0.00000     0.00000     0.00000     0.00000
    -74.595         0.00000     0.00000     0.00000     0.00000
    -74.445         0.00000     0.00000     0.00000     0.00000
    -74.295         0.00000     0.00000     0.00000     0.00000
    -74.145         0.00000     0.00000     0.00000     0.00000
    -73.995         0.00000     0.00000     0.00000     0.00000
    -73.845         0.00000     0.00000     0.00000     0.00000
    -73.695         0.00000     0.00000     0.00000     0.00000
    -73.545         0.00000     0.00000     0.00000     0.00000
    -73.395         0.00000     0.00000     0.00000     0.00000
    -73.245         0.00000     0.00000     0.00000     0.00000
    -73.095         0.00000     0.00000     0.00000     0.00000
    -72.945         0.00000     0.00000     0.00000     0.00000
    -72.795         0.00000     0.00000     0.00000     0.00000
    -72.645         0.00000     0.00000     0.00000     0.00000
    -72.495         0.00000     0.00000     0.00000     0.00000
    -72.345         0.00000     0.00000     0.00000     0.00000
    -72.195         0.00000     0.00000     0.00000     0.00000
    -72.045         0.00000     0.00000     0.00000     0.00000
    -71.895         0.00000     0.00000     0.00000     0.00000
    -71.745         0.00000     0.00000     0.00000     0.00000
    -71.595         0.00000     0.00000     0.00000     0.00000
    -71.445         0.00000     0.00000     0.00000     0.00000
    -71.295         0.00000     0.00000     0.00000     0.00000
    -71.145         0.00000     0.00000     0.00000     0.00000
    -70.995         0.00000     0.00000     0.00000     0.00000
    -70.845         0.00000     0.00000     0.00000     0.00000
    -70.695         0.00000     0.00000     0.00000     0.00000
    -70.545         0.00000     0.00000     0.00000     0.00000
    -70.395         0.00000     0.00000     0.00000     0.00000
    -70.245         0.00000     0.00000     0.00000     0.00000
    -70.095         0.00000     0.00000     0.00000     0.00000
    -69.945         0.00000     0.00000     0.00000     0.00000
    -69.795         0.00000     0.00000     0.00000     0.00000
    -69.645         0.00000     0.00000     0.00000     0.00000
    -69.495         0.00000     0.00000     0.00000     0.00000
    -69.345         0.00000     0.00000     0.00000     0.00000
    -69.195         0.00000     0.00000     0.00000     0.00000
    -69.045         0.00000     0.00000     0.00000     0.00000
    -68.895         0.00000     0.00000     0.00000     0.00000
    -68.745         0.00000     0.00000     0.00000     0.00000
    -68.595         0.00000     0.00000     0.00000     0.00000
    -68.445         0.00000     0.00000     0.00000     0.00000
    -68.295         0.00000     0.00000     0.00000     0.00000
    -68.145         0.00000     0.00000     0.00000     0.00000
    -67.995         0.00000     0.00000     0.00000     0.00000
    -67.845         0.00000     0.00000     0.00000     0.00000
    -67.695         0.00000     0.00000     0.00000     0.00000
    -67.545         0.00000     0.00000     0.00000     0.00000
    -67.395         0.00000     0.00000     0.00000     0.00000
    -67.245         0.00000     0.00000     0.00000     0.00000
    -67.095         0.00000     0.00000     0.00000     0.00000
    -66.945         0.00000     0.00000     0.00000     0.00000
    -66.795         0.00000     0.00000     0.00000     0.00000
    -66.645         0.00000     0.00000     0.00000     0.00000
    -66.495         0.00000     0.00000     0.00000     0.00000
    -66.345         0.00000     0.00000     0.00000     0.00000
    -66.195         0.00000     0.00000     0.00000     0.00000
    -66.045         0.00000     0.00000     0.00000     0.00000
    -65.895         0.00000     0.00000     0.00000     0.00000
    -65.745         0.00000     0.00000     0.00000     0.00000
    -65.595         0.00000     0.00000     0.00000     0.00000
    -65.445         0.00000     0.00000     0.00000     0.00000
    -65.295         0.00000     0.00000     0.00000     0.00000
    -65.145         0.00000     0.00000     0.00000     0.00000
    -64.995         0.00000     0.00000     0.00000     0.00000
    -64.845         0.00000     0.00000     0.00000     0.00000
    -64.695         0.00000     0.00000     0.00000     0.00000
    -64.545         0.00000     0.00000     0.00000     0.00000
    -64.395         0.00000     0.00000     0.00000     0.00000
    -64.245         0.00000     0.00000     0.00000     0.00000
    -64.095         0.00000     0.00000     0.00000     0.00000
    -63.945         0.00000     0.00000     0.00000     0.00000
    -63.795         0.00000     0.00000     0.00000     0.00000
    -63.645         0.00000     0.00000     0.00000     0.00000
    -63.495         0.00000     0.00000     0.00000     0.00000
    -63.345         0.00000     0.00000     0.00000     0.00000
    -63.195         0.00000     0.00000     0.00000     0.00000
    -63.045         0.00000     0.00000     0.00000     0.00000
    -62.895         0.00000     0.00000     0.00000     0.00000
    -62.745         0.00000     0.00000     0.00000     0.00000
    -62.595         0.00000     0.00000     0.00000     0.00000
    -62.445         0.00000     0.00000     0.00000     0.00000
    -62.295         0.00000     0.00000     0.00000     0.00000
    -62.145         0.00000     0.00000     0.00000     0.00000
    -61.995         0.00000     0.00000     0.00000     0.00000
    -61.845         0.00000     0.00000     0.00000     0.00000
    -61.695         0.00000     0.00000     0.00000     0.00000
    -61.545         0.00000     0.00000     0.00000     0.00000
    -61.395         0.00000     0.00000     0.00000     0.00000
    -61.245         0.00000     0.00000     0.00000     0.00000
    -61.095         0.00000     0.00000     0.00000     0.00000
    -60.945         0.00000     0.00000     0.00000     0.00000
    -60.795         0.00000     0.00000     0.00000     0.00000
    -60.645         0.00000     0.00000     0.00000     0.00000
    -60.495         0.00000     0.00000     0.00000     0.00000
    -60.345         0.00000     0.00000     0.00000     0.00000
    -60.195         0.00000     0.00000     0.00000     0.00000
    -60.045         0.00000     0.00000     0.00000     0.00000
    -59.895         0.00000     0.00000     0.00000     0.00000
    -59.745         0.00000     0.00000     0.00000     0.00000
    -59.595         0.00000     0.00000     0.00000     0.00000
    -59.445         0.00000     0.00000     0.00000     0.00000
    -59.295         0.00000     0.00000     0.00000     0.00000
    -59.145         0.00000     0.00000     0.00000     0.00000
    -58.995         0.00000     0.00000     0.00000     0.00000
    -58.845         0.00000     0.00000     0.00000     0.00000
    -58.695         0.00000     0.00000     0.00000     0.00000
    -58.545         0.00000     0.00000     0.00000     0.00000
    -58.395         0.00000     0.00000     0.00000     0.00000
    -58.245         0.00000     0.00000     0.00000     0.00000
    -58.095         0.00000     0.00000     0.00000     0.00000
    -57.945         0.00000     0.00000     0.00000     0.00000
    -57.795         0.00000     0.00000     0.00000     0.00000
    -57.645         0.00000     0.00000     0.00000     0.00000
    -57.495         0.00000     0.00000     0.00000     0.00000
    -57.345         0.00000     0.00000     0.00000     0.00000
    -57.195         0.00000     0.00000     0.00000     0.00000
    -57.045         0.00000     0.00000     0.00000     0.00000
    -56.895         0.00000     0.00000     0.00000     0.00000
    -56.745         0.00000     0.00000     0.00000     0.00000
    -56.595         0.00000     0.00000     0.00000     0.00000
    -56.445         0.00000     0.00000     0.00000     0.00000
    -56.295         0.00000     0.00000     0.00000     0.00000
    -56.145         0.00000     0.00000     0.00000     0.00000
    -55.995         0.00000     0.00000     0.00000     0.00000
    -55.845         0.00000     0.00000     0.00000     0.00000
    -55.695         0.00000     0.00000     0.00000     0.00000
    -55.545         0.00000     0.00000     0.00000     0.00000
    -55.395         0.00000     0.00000     0.00000     0.00000
    -55.245         0.00000     0.00000     0.00000     0.00000
    -55.095         0.00000     0.00000     0.00000     0.00000
    -54.945         0.00000     0.00000     0.00000     0.00000
    -54.795         0.00000     0.00000     0.00000     0.00000
    -54.645         0.00000     0.00000     0.00000     0.00000
    -54.495         0.00000     0.00000     0.00000     0.00000
    -54.345         0.00000     0.00000     0.00000     0.00000
    -54.195         0.00000     0.00000     0.00000     0.00000
    -54.045         0.00000     0.00000     0.00000     0.00000
    -53.895         0.00000     0.00000     0.00000     0.00000
    -53.745         0.00000     0.00000     0.00000     0.00000
    -53.595         0.00000     0.00000     0.00000     0.00000
    -53.445         0.00000     0.00000     0.00000     0.00000
    -53.295         0.00000     0.00000     0.00000     0.00000
    -53.145         0.00000     0.00000     0.00000     0.00000
    -52.995         0.00000     0.00000     0.00000     0.00000
    -52.845         0.00000     0.00000     0.00000     0.00000
    -52.695         0.00000     0.00000     0.00000     0.00000
    -52.545         0.00000     0.00000     0.00000     0.00000
    -52.395         0.00000     0.00000     0.00000     0.00000
    -52.245         0.00000     0.00000     0.00000     0.00000
    -52.095         0.00000     0.00000     0.00000     0.00000
    -51.945         0.00000     0.00000     0.00000     0.00000
    -51.795         0.00000     0.00000     0.00000     0.00000
    -51.645         0.00000     0.00000     0.00000     0.00000
    -51.495         0.00000     0.00000     0.00000     0.00000
    -51.345         0.00000     0.00000     0.00000     0.00000
    -51.195         0.00000     0.00000     0.00000     0.00000
    -51.045         0.00000     0.00000     0.00000     0.00000
    -50.895         0.00000     0.00000     0.00000     0.00000
    -50.745         0.00000     0.00000     0.00000     0.00000
    -50.595         0.00000     0.00000     0.00000     0.00000
    -50.445         0.00000     0.00000     0.00000     0.00000
    -50.295         0.00000     0.00000     0.00000     0.00000
    -50.145         0.00000     0.00000     0.00000     0.00000
    -49.995         0.00000     0.00000     0.00000     0.00000
    -49.845         0.00000     0.00000     0.00000     0.00000
    -49.695         0.00000     0.00000     0.00000     0.00000
    -49.545         0.00000     0.00000     0.00000     0.00000
    -49.395         0.00000     0.00000     0.00000     0.00000
    -49.245         0.00000     0.00000     0.00000     0.00000
    -49.095         0.00000     0.00000     0.00000     0.00000
    -48.945         0.00000     0.00000     0.00000     0.00000
    -48.795         0.00000     0.00000     0.00000     0.00000
    -48.645         0.00000     0.00000     0.00000     0.00000
    -48.495         0.00000     0.00000     0.00000     0.00000
    -48.345         0.00000     0.00000     0.00000     0.00000
    -48.195         0.00000     0.00000     0.00000     0.00000
    -48.045         0.00000     0.00000     0.00000     0.00000
    -47.895         0.00000     0.00000     0.00000     0.00000
    -47.745         0.00000     0.00000     0.00000     0.00000
    -47.595         0.00000     0.00000     0.00000     0.00000
    -47.445         0.00000     0.00000     0.00000     0.00000
    -47.295         0.00000     0.00000     0.00000     0.00000
    -47.145         0.00000     0.00000     0.00000     0.00000
    -46.995         0.00000     0.00000     0.00000     0.00000
    -46.845         0.00000     0.00000     0.00000     0.00000
    -46.695         0.00000     0.00000     0.00000     0.00000
    -46.545         0.00000     0.00000     0.00000     0.00000
    -46.395         0.00000     0.00000     0.00000     0.00000
    -46.245         0.00000     0.00000     0.00000     0.00000
    -46.095         0.00000     0.00000     0.00000     0.00000
    -45.945         0.00000     0.00000     0.00000     0.00000
    -45.795         0.00000     0.00000     0.00000     0.00000
    -45.645         0.00000     0.00000     0.00000     0.00000
    -45.495         0.00000     0.00000     0.00000     0.00000
    -45.345         0.00000     0.00000     0.00000     0.00000
    -45.195         0.00000     0.00000     0.00000     0.00000
    -45.045         0.00000     0.00000     0.00000     0.00000
    -44.895         0.00000     0.00000     0.00000     0.00000
    -44.745         0.00000     0.00000     0.00000     0.00000
    -44.595         0.00000     0.00000     0.00000     0.00000
    -44.445         0.00000     0.00000     0.00000     0.00000
    -44.295         0.00000     0.00000     0.00000     0.00000
    -44.145         0.00000     0.00000     0.00000     0.00000
    -43.995         0.00000     0.00000     0.00000     0.00000
    -43.845         0.00000     0.00000     0.00000     0.00000
    -43.695         0.00000     0.00000     0.00000     0.00000
    -43.545         0.00000     0.00000     0.00000     0.00000
    -43.395         0.00000     0.00000     0.00000     0.00000
    -43.245         0.00000     0.00000     0.00000     0.00000
    -43.095         0.00000     0.00000     0.00000     0.00000
    -42.945         0.00000     0.00000     0.00000     0.00000
    -42.795         0.00000     0.00000     0.00000     0.00000
    -42.645         0.00000     0.00000     0.00000     0.00000
    -42.495         0.00000     0.00000     0.00000     0.00000
    -42.345         0.00000     0.00000     0.00000     0.00000
    -42.195         0.00000     0.00000     0.00000     0.00000
    -42.045         0.00000     0.00000     0.00000     0.00000
    -41.895         0.00000     0.00000     0.00000     0.00000
    -41.745         0.00000     0.00000     0.00000     0.00000
    -41.595         0.00000     0.00000     0.00000     0.00000
    -41.445         0.00000     0.00000     0.00000     0.00000
    -41.295         0.00000     0.00000     0.00000     0.00000
    -41.145         0.00000     0.00000     0.00000     0.00000
    -40.995         0.00000     0.00000     0.00000     0.00000
    -40.845         0.00000     0.00000     0.00000     0.00000
    -40.695         0.00000     0.00000     0.00000     0.00000
    -40.545         0.00000     0.00000     0.00000     0.00000
    -40.395         0.00000     0.00000     0.00000     0.00000
    -40.245         0.00000     0.00000     0.00000     0.00000
    -40.095         0.00000     0.00000     0.00000     0.00000
    -39.945         0.00000     0.00000     0.00000     0.00000
    -39.795         0.00000     0.00000     0.00000     0.00000
    -39.645         0.00000     0.00000     0.00000     0.00000
    -39.495         0.00000     0.00000     0.00000     0.00000
    -39.345         0.00000     0.00000     0.00000     0.00000
    -39.195         0.00000     0.00000     0.00000     0.00000
    -39.045         0.00000     0.00000     0.00000     0.00000
    -38.895         0.00000     0.00000     0.00000     0.00000
    -38.745         0.00000     0.00000     0.00000     0.00000
    -38.595         0.00000     0.00000     0.00000     0.00000
    -38.445         0.00000     0.00000     0.00000     0.00000
    -38.295         0.00000     0.00000     0.00000     0.00000
    -38.145         0.00000     0.00000     0.00000     0.00000
    -37.995         0.00000     0.00000     0.00000     0.00000
    -37.845         0.00000     0.00000     0.00000     0.00000
    -37.695         0.00000     0.00000     0.00000     0.00000
    -37.545         0.00000     0.00000     0.00000     0.00000
    -37.395         0.00000     0.00000     0.00000     0.00000
    -37.245         0.00000     0.00000     0.00000     0.00000
    -37.095         0.00000     0.00000     0.00000     0.00000
    -36.945         0.00000     0.00000     0.00000     0.00000
    -36.795         0.00000     0.00000     0.00000     0.00000
    -36.645         0.00000     0.00000     0.00000     0.00000
    -36.495         0.00000     0.00000     0.00000     0.00000
    -36.345         0.00000     0.00000     0.00000     0.00000
    -36.195         0.00000     0.00000     0.00000     0.00000
    -36.045         0.00000     0.00000     0.00000     0.00000
    -35.895         0.00000     0.00000     0.00000     0.00000
    -35.745         0.00000     0.00000     0.00000     0.00000
    -35.595         0.00000     0.00000     0.00000     0.00000
    -35.445         0.00000     0.00000     0.00000     0.00000
    -35.295         0.00000     0.00000     0.00000     0.00000
    -35.145         0.00000     0.00000     0.00000     0.00000
    -34.995         0.00000     0.00000     0.00000     0.00000
    -34.845         0.00000     0.00000     0.00000     0.00000
    -34.695         0.00000     0.00000     0.00000     0.00000
    -34.545         0.00000     0.00000     0.00000     0.00000
    -34.395         0.00000     0.00000     0.00000     0.00000
    -34.245         0.00000     0.00000     0.00000     0.00000
    -34.095         0.00000     0.00000     0.00000     0.00000
    -33.945         0.00000     0.00000     0.00000     0.00000
    -33.795         0.00000     0.00000     0.00000     0.00000
    -33.645         0.00000     0.00000     0.00000     0.00000
    -33.495         0.00000     0.00000     0.00000     0.00000
    -33.345         0.00000     0.00000     0.00000     0.00000
    -33.195         0.00000     0.00000     0.00000     0.00000
    -33.045         0.00000     0.00000     0.00000     0.00000
    -32.895         0.00000     0.00000     0.00000     0.00000
    -32.745         0.00000     0.00000     0.00000     0.00000
    -32.595         0.00000     0.00000     0.00000     0.00000
    -32.445         0.00000     0.00000     0.00000     0.00000
    -32.295         0.00000     0.00000     0.00000     0.00000
    -32.145         0.00000     0.00000     0.00000     0.00000
    -31.995         0.00000     0.00000     0.00000     0.00000
    -31.845         0.00000     0.00000     0.00000     0.00000
    -31.695         0.00000     0.00000     0.00000     0.00000
    -31.545         0.00000     0.00000     0.00000     0.00000
    -31.395         0.00000     0.00000     0.00000     0.00000
    -31.245         0.00000     0.00000     0.00000     0.00000
    -31.095         0.00000     0.00000     0.00000     0.00000
    -30.945         0.00000     0.00000     0.00000     0.00000
    -30.795         0.00000     0.00000     0.00000     0.00000
    -30.645         0.00000     0.00000     0.00000     0.00000
    -30.495         0.00000     0.00000     0.00000     0.00000
    -30.345         0.00000     0.00000     0.00000     0.00000
    -30.195         0.00000     0.00000     0.00000     0.00000
    -30.045         0.00000     0.00000     0.00000     0.00000
    -29.895         0.00000     0.00000     0.00000     0.00000
    -29.745         0.00000     0.00000     0.00000     0.00000
    -29.595         0.00000     0.00000     0.00000     0.00000
    -29.445         0.00000     0.00000     0.00000     0.00000
    -29.295         0.00000     0.00000     0.00000     0.00000
    -29.145         0.00000     0.00000     0.00000     0.00000
    -28.995         0.00000     0.00000     0.00000     0.00000
    -28.845         0.00000     0.00000     0.00000     0.00000
    -28.695         0.00000     0.00000     0.00000     0.00000
    -28.545         0.00000     0.00000     0.00000     0.00000
    -28.395         0.00000     0.00000     0.00000     0.00000
    -28.245         0.00000     0.00000     0.00000     0.00000
    -28.095         0.00000     0.00000     0.00000     0.00000
    -27.945         0.00000     0.00000     0.00000     0.00000
    -27.795         0.00000     0.00000     0.00000     0.00000
    -27.645         0.00000     0.00000     0.00000     0.00000
    -27.495         0.00000     0.00000     0.00000     0.00000
    -27.345         0.00000     0.00000     0.00000     0.00000
    -27.195         0.00000     0.00000     0.00000     0.00000
    -27.045         0.00000     0.00000     0.00000     0.00000
    -26.895         0.00000     0.00000     0.00000     0.00000
    -26.745         0.00000     0.00000     0.00000     0.00000
    -26.595         0.00000     0.00000     0.00000     0.00000
    -26.445         0.00000     0.00000     0.00000     0.00000
    -26.295         0.00000     0.00000     0.00000     0.00000
    -26.145         0.00000     0.00000     0.00000     0.00000
    -25.995         0.00000     0.00000     0.00000     0.00000
    -25.845         0.00000     0.00000     0.00000     0.00000
    -25.695         0.00000     0.00000     0.00000     0.00000
    -25.545         0.00000     0.00000     0.00000     0.00000
    -25.395         0.00000     0.00000     0.00000     0.00000
    -25.245         0.00000     0.00000     0.00000     0.00000
    -25.095         0.00000     0.00000     0.00000     0.00000
    -24.945         0.00000     0.00000     0.00000     0.00000
    -24.795         0.00000     0.00000     0.00000     0.00000
    -24.645         0.00000     0.00000     0.00000     0.00000
    -24.495         0.00000     0.00000     0.00000     0.00000
    -24.345         0.00000     0.00000     0.00000     0.00000
    -24.195         0.00000     0.00000     0.00000     0.00000
    -24.045         0.00000     0.00000     0.00000     0.00000
    -23.895         0.00000     0.00000     0.00000     0.00000
    -23.745         0.00000     0.00000     0.00000     0.00000
    -23.595         0.00000     0.00000     0.00000     0.00000
    -23.445         0.00000     0.00000     0.00000     0.00000
    -23.295         0.00000     0.00000     0.00000     0.00000
    -23.145         0.00000     0.00000     0.00000     0.00000
    -22.995         0.00000     0.00000     0.00000     0.00000
    -22.845         0.00000     0.00000     0.00000     0.00000
    -22.695         0.00000     0.00000     0.00000     0.00000
    -22.545         0.00000     0.00000     0.00000     0.00000
    -22.395         0.00000     0.00000     0.00000     0.00000
    -22.245         0.00000     0.00000     0.00000     0.00000
    -22.095         0.00000     0.00000     0.00000     0.00000
    -21.945         0.00000     0.00000     0.00000     0.00000
    -21.795         0.00000     0.00000     0.00000     0.00000
    -21.645         0.00000     0.00000     0.00000     0.00000
    -21.495         0.00000     0.00000     0.00000     0.00000
    -21.345         0.00000     0.00000     0.00000     0.00000
    -21.195         0.00000     0.00000     0.00000     0.00000
    -21.045         0.00000     0.00000     0.00000     0.00000
    -20.895         0.00000     0.00000     0.00000     0.00000
    -20.745         0.00000     0.00000     0.00000     0.00000
    -20.595         0.00000     0.00000     0.00000     0.00000
    -20.445         0.00000     0.00000     0.00000     0.00000
    -20.295         0.00000     0.00000     0.00000     0.00000
    -20.145         0.00000     0.00000     0.00000     0.00000
    -19.995         0.00000     0.00000     0.00000     0.00000
    -19.845         0.00000     0.00000     0.00000     0.00000
    -19.695         0.00000     0.00000     0.00000     0.00000
    -19.545         0.00000     0.00000     0.00000     0.00000
    -19.395         0.00000     0.00000     0.00000     0.00000
    -19.245         0.00000     0.00000     0.00000     0.00000
    -19.095         0.00000     0.00000     0.00000     0.00000
    -18.945         0.00000     0.00000     0.00000     0.00000
    -18.795         0.00000     0.00000     0.00000     0.00000
    -18.645         0.00000     0.00000     0.00000     0.00000
    -18.495         0.00000     0.00000     0.00000     0.00000
    -18.345         0.00000     0.00000     0.00000     0.00000
    -18.195         0.00000     0.00000     0.00000     0.00000
    -18.045         0.00000     0.00000     0.00000     0.00000
    -17.895         0.00000     0.00000     0.00000     0.00000
    -17.745         0.00000     0.00000     0.00000     0.00000
    -17.595         0.00000     0.00000     0.00000     0.00000
    -17.445         0.00000     0.00000     0.00000     0.00000
    -17.295         0.00000     0.00000     0.00000     0.00000
    -17.145         0.00000     0.00000     0.00000     0.00000
    -16.995         0.00000     0.00000     0.00000     0.00000
    -16.845         0.00000     0.00000     0.00000     0.00000
    -16.695         0.00000     0.00000     0.00000     0.00000
    -16.545         0.00000     0.00000     0.00000     0.00000
    -16.395         0.00000     0.00000     0.00000     0.00000
    -16.245         0.00000     0.00000     0.00000     0.00000
    -16.095         0.00000     0.00000     0.00000     0.00000
    -15.945         0.00000     0.00000     0.00000     0.00000
    -15.795         0.00000     0.00000     0.00000     0.00000
    -15.645         0.00000     0.00000     0.00000     0.00000
    -15.495         0.00000     0.00000     0.00000     0.00000
    -15.345         0.00000     0.00000     0.00000     0.00000
    -15.195         0.00000     0.00000     0.00000     0.00000
    -15.045         0.00000     0.00000     0.00000     0.00000
    -14.895         0.00000     0.00000     0.00000     0.00000
    -14.745         0.00000     0.00000     0.00000     0.00000
    -14.595         0.00000     0.00000     0.00000     0.00000
    -14.445         0.00000     0.00000     0.00000     0.00000
    -14.295         0.00000     0.00000     0.00000     0.00000
    -14.145         0.00000     0.00000     0.00000     0.00000
    -13.995         0.00000     0.00000     0.00000     0.00000
    -13.845         0.00000     0.00000     0.00000     0.00000
    -13.695         0.00000     0.00000     0.00000     0.00000
    -13.545         0.00000     0.00000     0.00000     0.00000
    -13.395         0.00000     0.00000     0.00000     0.00000
    -13.245         0.00000     0.00000     0.00000     0.00000
    -13.095         0.00000     0.00000     0.00000     0.00000
    -12.945         0.00000     0.00000     0.00000     0.00000
    -12.795         0.00000     0.00000     0.00000     0.00000
    -12.645         0.00000     0.00000     0.00000     0.00000
    -12.495         0.00000     0.00000     0.00000     0.00000
    -12.345         0.00000     0.00000     0.00000     0.00000
    -12.195         0.00000     0.00000     0.00000     0.00000
    -12.045         0.00000     0.00000     0.00000     0.00000
    -11.895         0.00000     0.00000     0.00000     0.00000
    -11.745         0.00000     0.00000     0.00000     0.00000
    -11.595         0.00000     0.00000     0.00000     0.00000
    -11.445         0.00000     0.00000     0.00000     0.00000
    -11.295         0.00000     0.00000     0.00000     0.00000
    -11.145         0.00000     0.00000     0.00000     0.00000
    -10.995         0.00000     0.00000     0.00000     0.00000
    -10.845         0.00000     0.00000     0.00000     0.00000
    -10.695         0.00000     0.00000     0.00000     0.00000
    -10.545         0.00000     0.00000     0.00000     0.00000
    -10.395         0.00000     0.00000     0.00000     0.00000
    -10.245         0.00000     0.00000     0.00000     0.00000
    -10.095         0.00000     0.00000     0.00000     0.00000
    -9.9450         0.00000     0.00000     0.00000     0.00000
    -9.7950         0.00000     0.00000     0.00000     0.00000
    -9.6450         0.00000     0.00000     0.00000     0.00000
    -9.4950         0.00000     0.00000     0.00000     0.00000
    -9.3450         0.00000     0.00000     0.00000     0.00000
    -9.1950         0.00000     0.00000     0.00000     0.00000
    -9.0450         0.00000     0.00000     0.00000     0.00000
    -8.8950         0.00000     0.00000     0.00000     0.00000
    -8.7450         0.00000     0.00000     0.00000     0.00000
    -8.5950         0.00000     0.00000     0.00000     0.00000
    -8.4450         0.00000     0.00000     0.00000     0.00000
    -8.2950         0.00000     0.00000     0.00000     0.00000
    -8.1450         0.00000     0.00000     0.00000     0.00000
    -7.9950         0.00000     0.00000     0.00000     0.00000
    -7.8450         0.00000     0.00000     0.00000     0.00000
    -7.6950         0.00000     0.00000     0.00000     0.00000
    -7.5450         0.00000     0.00000     0.00000     0.00000
    -7.3950         0.00000     0.00000     0.00000     0.00000
    -7.2450         0.00000     0.00000     0.00000     0.00000
    -7.0950         0.00000     0.00000     0.00000     0.00000
    -6.9450         0.00000     0.00000     0.00000     0.00000
    -6.7950         0.00000     0.00000     0.00000     0.00000
    -6.6450         0.00000     0.00000     0.00000     0.00000
    -6.4950         0.00000     0.00000     0.00000     0.00000
    -6.3450         0.00000     0.00000     0.00000     0.00000
    -6.1950         0.00000     0.00000     0.00000     0.00000
    -6.0450         0.00000     0.00000     0.00000     0.00000
    -5.8950         0.00000     0.00000     0.00000     0.00000
    -5.7450         0.00000     0.00000     0.00000     0.00000
    -5.5950         0.00000     0.00000     0.00000     0.00000
    -5.4450         0.00000     0.00000     0.00000     0.00000
    -5.2950         0.00000     0.00000     0.00000     0.00000
    -5.1450         0.00000     0.00000     0.00000     0.00000
    -4.9950         0.00000     0.00000     0.00000     0.00000
    -4.8450         0.00000     0.00000     0.00000     0.00000
    -4.6950         0.00000     0.00000     0.00000     0.00000
    -4.5450         0.00000     0.00000     0.00000     0.00000
    -4.3950         0.00000     0.00000     0.00000     0.00000
    -4.2450         0.00000     0.00000     0.00000     0.00000
    -4.0950         0.00000     0.00000     0.00000     0.00000
    -3.9450         0.00000     0.00000     0.00000     0.00000
    -3.7950         0.00000     0.00000     0.00000     0.00000
    -3.6450         0.00000     0.00000     0.00000     0.00000
    -3.4950         0.00000     0.00000     0.00000     0.00000
    -3.3450         0.00000     0.00000     0.00000     0.00000
    -3.1950        -0.00000    -0.00000     0.00000     0.00000
    -3.0450        -0.00000    -0.00000     0.00000     0.00000
    -2.8950        -0.00000    -0.00000     0.00000     0.00000
    -2.7450        -0.00000    -0.00000     0.00000     0.00000
    -2.5950        -0.00000    -0.00000     0.00000     0.00000
    -2.4450         0.00000     0.00000     0.00000     0.00000
    -2.2950         0.00000     0.00000     0.00000     0.00000
    -2.1450        -0.00000    -0.00000     0.00000     0.00000
    -1.9950        -0.00001    -0.00001     0.00000     0.00000
    -1.8450        -0.00001    -0.00001     0.00000     0.00000
    -1.6950        -0.00002    -0.00002     0.00000     0.00000
    -1.5450        -0.00009    -0.00003     0.00000    -0.00005
    -1.3950        -0.00031    -0.00004     0.00000    -0.00027
    -1.2450        -0.00178    -0.00004    -0.00000    -0.00175
    -1.0950        -0.00975    -0.00001    -0.00000    -0.00974
   -0.94500        -0.03520    -0.00074     0.00000    -0.03446
   -0.79500        -0.13292    -0.00146     0.00004    -0.13150
   -0.64500        -0.60658    -0.00172    -0.00152    -0.60334
   -0.49500        -2.30820    -0.00258    -0.00602    -2.29960
   -0.34500        -5.18789    -0.00473    -0.01638    -5.16679
   -0.22700        -6.04683    -0.00534    -0.02129    -6.02020
   -0.21300        -6.14161    -0.00534    -0.02164    -6.11463
   -0.20700        -6.23564    -0.00555    -0.02212    -6.20797
   -0.20100        -6.32830    -0.00573    -0.02279    -6.29979
   -0.19500        -6.41936    -0.00558    -0.02321    -6.39056
   -0.18900        -6.50965    -0.00585    -0.02394    -6.47986
   -0.18300        -6.59826    -0.00496    -0.02449    -6.56881
   -0.17700        -6.68690    -0.00523    -0.02500    -6.65666
   -0.17100        -6.77500    -0.00538    -0.02558    -6.74404
   -0.16500        -6.86238    -0.00563    -0.02635    -6.83040
   -0.15900        -6.95051    -0.00601    -0.02714    -6.91736
   -0.15300        -7.03867    -0.00644    -0.02795    -7.00428
   -0.14700        -7.12573    -0.00670    -0.02857    -7.09046
   -0.14100        -7.21353    -0.00705    -0.02944    -7.17705
   -0.13500        -7.30275    -0.00744    -0.03035    -7.26496
   -0.12900        -7.39283    -0.00778    -0.03122    -7.35383
   -0.12300        -7.48202    -0.00781    -0.03205    -7.44216
   -0.11700        -7.57331    -0.00847    -0.03303    -7.53181
   -0.11100        -7.66533    -0.00890    -0.03409    -7.62235
   -0.10500        -7.76019    -0.00972    -0.03525    -7.71523
   -0.99000E-01    -7.85683    -0.01058    -0.03650    -7.80975
   -0.93000E-01    -7.95639    -0.01147    -0.03775    -7.90717
   -0.87000E-01    -8.05893    -0.01248    -0.03917    -8.00728
   -0.81000E-01    -8.16544    -0.01359    -0.04066    -8.11118
   -0.75000E-01    -8.27711    -0.01479    -0.04234    -8.21998
   -0.69000E-01    -8.39468    -0.01615    -0.04418    -8.33435
   -0.63000E-01    -8.51898    -0.01764    -0.04621    -8.45513
   -0.57000E-01    -8.65238    -0.01944    -0.04857    -8.58438
   -0.51000E-01    -8.79646    -0.02145    -0.05119    -8.72383
   -0.45000E-01    -8.95373    -0.02383    -0.05432    -8.87558
   -0.39000E-01    -9.12668    -0.02668    -0.05819    -9.04181
   -0.33000E-01    -9.31623    -0.03018    -0.06320    -9.22285
   -0.27000E-01    -9.52641    -0.03465    -0.06997    -9.42179
   -0.21300E-01    -9.68431    -0.03845    -0.07623    -9.56963
   -0.19500E-01    -9.70872    -0.03905    -0.07734    -9.59234
   -0.18900E-01    -9.73340    -0.03971    -0.07851    -9.61517
   -0.18300E-01    -9.75856    -0.04038    -0.07970    -9.63848
   -0.17700E-01    -9.78410    -0.04109    -0.08093    -9.66208
   -0.17100E-01    -9.81017    -0.04179    -0.08228    -9.68610
   -0.16500E-01    -9.83666    -0.04255    -0.08373    -9.71038
   -0.15900E-01    -9.86359    -0.04336    -0.08525    -9.73499
   -0.15300E-01    -9.89108    -0.04417    -0.08683    -9.76008
   -0.14700E-01    -9.91900    -0.04498    -0.08853    -9.78548
   -0.14100E-01    -9.94757    -0.04585    -0.09038    -9.81134
   -0.13500E-01    -9.97671    -0.04674    -0.09237    -9.83761
   -0.12900E-01   -10.00653    -0.04767    -0.09448    -9.86438
   -0.12300E-01   -10.03714    -0.04864    -0.09681    -9.89170
   -0.11700E-01   -10.06845    -0.04964    -0.09935    -9.91946
   -0.11100E-01   -10.10067    -0.05068    -0.10215    -9.94785
   -0.10500E-01   -10.13369    -0.05180    -0.10518    -9.97672
   -0.99000E-02   -10.16754    -0.05297    -0.10859   -10.00598
   -0.93000E-02   -10.20249    -0.05418    -0.11235   -10.03595
   -0.87000E-02   -10.23859    -0.05543    -0.11657   -10.06658
   -0.81000E-02   -10.27585    -0.05677    -0.12137   -10.09771
   -0.75000E-02   -10.31449    -0.05816    -0.12689   -10.12944
   -0.69000E-02   -10.35481    -0.05963    -0.13336   -10.16181
   -0.63000E-02   -10.39692    -0.06116    -0.14107   -10.19469
   -0.57000E-02   -10.44159    -0.06278    -0.15058   -10.22823
   -0.51000E-02   -10.48962    -0.06446    -0.16283   -10.26234
   -0.45000E-02   -10.54272    -0.06622    -0.17954   -10.29696
   -0.39000E-02   -10.60314    -0.06805    -0.20288   -10.33221
   -0.33000E-02   -10.67388    -0.06989    -0.23579   -10.36820
   -0.27000E-02   -10.75368    -0.07178    -0.27642   -10.40548
   -0.21000E-02   -10.82601    -0.07363    -0.30619   -10.44620
   -0.15000E-02   -10.89152    -0.07534    -0.31966   -10.49653
   -0.90000E-03   -10.98259    -0.07674    -0.32450   -10.58136
   -0.30000E-03   -12.41732    -0.07739    -0.32550   -12.01442
    0.30000E-03   -10.98384    -0.07639    -0.32484   -10.58262
    0.90000E-03   -10.90120    -0.07152    -0.32345   -10.50624
    0.15000E-02   -10.85442    -0.05806    -0.32174   -10.47463
    0.21000E-02   -10.80888    -0.02843    -0.31989   -10.46056
    0.27000E-02   -10.76029     0.01191    -0.31801   -10.45420
    0.33000E-02   -10.72271     0.04474    -0.31614   -10.45131
    0.39000E-02   -10.69608     0.06822    -0.31432   -10.44998
    0.45000E-02   -10.67694     0.08501    -0.31259   -10.44936
    0.51000E-02   -10.66256     0.09740    -0.31091   -10.44906
    0.57000E-02   -10.65121     0.10701    -0.30932   -10.44890
    0.63000E-02   -10.64191     0.11475    -0.30783   -10.44883
    0.69000E-02   -10.63395     0.12120    -0.30637   -10.44878
    0.75000E-02   -10.62710     0.12665    -0.30500   -10.44875
    0.81000E-02   -10.62097     0.13146    -0.30370   -10.44872
    0.87000E-02   -10.61548     0.13569    -0.30246   -10.44870
    0.93000E-02   -10.61054     0.13939    -0.30125   -10.44868
    0.99000E-02   -10.60600     0.14276    -0.30009   -10.44866
    0.10500E-01   -10.60181     0.14584    -0.29901   -10.44864
    0.11100E-01   -10.59802     0.14857    -0.29798   -10.44862
    0.11700E-01   -10.59445     0.15118    -0.29705   -10.44859
    0.12300E-01   -10.59113     0.15354    -0.29610   -10.44856
    0.12900E-01   -10.58809     0.15567    -0.29522   -10.44854
    0.13500E-01   -10.58519     0.15767    -0.29434   -10.44852
    0.14100E-01   -10.58252     0.15953    -0.29356   -10.44849
    0.14700E-01   -10.57994     0.16127    -0.29275   -10.44846
    0.15300E-01   -10.57755     0.16287    -0.29198   -10.44844
    0.15900E-01   -10.57530     0.16438    -0.29127   -10.44841
    0.16500E-01   -10.57318     0.16576    -0.29056   -10.44838
    0.17100E-01   -10.57112     0.16713    -0.28990   -10.44835
    0.17700E-01   -10.56915     0.16842    -0.28925   -10.44832
    0.18300E-01   -10.56728     0.16961    -0.28861   -10.44829
    0.18900E-01   -10.56553     0.17073    -0.28800   -10.44825
    0.19500E-01   -10.56387     0.17177    -0.28742   -10.44822
    0.21300E-01   -10.55400     0.17792    -0.28395   -10.44797
    0.27000E-01   -10.54324     0.18423    -0.27997   -10.44750
    0.33000E-01   -10.53536     0.18856    -0.27702   -10.44691
    0.39000E-01   -10.52925     0.19179    -0.27482   -10.44622
    0.45000E-01   -10.52439     0.19422    -0.27312   -10.44549
    0.51000E-01   -10.52021     0.19617    -0.27177   -10.44461
    0.57000E-01   -10.51673     0.19767    -0.27069   -10.44371
    0.63000E-01   -10.51375     0.19884    -0.26986   -10.44273
    0.69000E-01   -10.51104     0.19980    -0.26919   -10.44166
    0.75000E-01   -10.50870     0.20049    -0.26868   -10.44051
    0.81000E-01   -10.50650     0.20119    -0.26828   -10.43940
    0.87000E-01   -10.50448     0.20167    -0.26793   -10.43822
    0.93000E-01   -10.50252     0.20206    -0.26769   -10.43688
    0.99000E-01   -10.50050     0.20238    -0.26740   -10.43548
    0.10500       -10.49861     0.20265    -0.26723   -10.43403
    0.11100       -10.49665     0.20294    -0.26711   -10.43248
    0.11700       -10.49465     0.20316    -0.26701   -10.43080
    0.12300       -10.49269     0.20334    -0.26690   -10.42912
    0.12900       -10.49069     0.20347    -0.26684   -10.42732
    0.13500       -10.48851     0.20359    -0.26649   -10.42560
    0.14100       -10.48594     0.20421    -0.26645   -10.42370
    0.14700       -10.48385     0.20440    -0.26642   -10.42183
    0.15300       -10.48173     0.20448    -0.26636   -10.41985
    0.15900       -10.47964     0.20454    -0.26634   -10.41784
    0.16500       -10.47750     0.20462    -0.26622   -10.41590
    0.17100       -10.47545     0.20469    -0.26620   -10.41393
    0.17700       -10.47338     0.20473    -0.26612   -10.41200
    0.18300       -10.47119     0.20478    -0.26604   -10.40993
    0.18900       -10.46890     0.20482    -0.26597   -10.40774
    0.19500       -10.46661     0.20487    -0.26592   -10.40556
    0.20100       -10.46422     0.20500    -0.26588   -10.40333
    0.20700       -10.46160     0.20511    -0.26584   -10.40087
    0.21300       -10.45920     0.20522    -0.26580   -10.39863
    0.22700       -10.43767     0.20582    -0.26579   -10.37770
    0.34500       -10.36548     0.20680    -0.26545   -10.30683
    0.49500       -10.28560     0.20751    -0.26512   -10.22798
    0.64500       -10.20172     0.20807    -0.26485   -10.14493
    0.79500       -10.11509     0.20856    -0.26458   -10.05906
    0.94500       -10.02690     0.20899    -0.26436    -9.97152
     1.0950        -9.93824     0.20936    -0.26415    -9.88345
     1.2450        -9.84887     0.20971    -0.26393    -9.79465
     1.3950        -9.76140     0.21003    -0.26375    -9.70768
     1.5450        -9.67541     0.21033    -0.26358    -9.62215
     1.6950        -9.59142     0.21061    -0.26340    -9.53862
     1.8450        -9.50988     0.21086    -0.26325    -9.45749
     1.9950        -9.43142     0.21109    -0.26309    -9.37941
     2.1450        -9.35588     0.21131    -0.26294    -9.30425
     2.2950        -9.28278     0.21152    -0.26280    -9.23150
     2.4450        -9.21289     0.21171    -0.26265    -9.16195
     2.5950        -9.14545     0.21189    -0.26252    -9.09482
     2.7450        -9.08064     0.21207    -0.26240    -9.03030
     2.8950        -9.01813     0.21225    -0.26228    -8.96810
     3.0450        -8.95779     0.21241    -0.26216    -8.90804
     3.1950        -8.89958     0.21256    -0.26204    -8.85010
     3.3450        -8.84353     0.21270    -0.26192    -8.79431
     3.4950        -8.78939     0.21285    -0.26182    -8.74042
     3.6450        -8.73687     0.21301    -0.26171    -8.68817
     3.7950        -8.68611     0.21314    -0.26161    -8.63764
     3.9450        -8.63709     0.21328    -0.26151    -8.58886
     4.0950        -8.58971     0.21342    -0.26143    -8.54170
     4.2450        -8.54377     0.21354    -0.26133    -8.49598
     4.3950        -8.49921     0.21366    -0.26125    -8.45162
     4.5450        -8.45599     0.21378    -0.26117    -8.40859
     4.6950        -8.41405     0.21388    -0.26108    -8.36685
     4.8450        -8.37330     0.21398    -0.26100    -8.32628
     4.9950        -8.33363     0.21409    -0.26091    -8.28681
     5.1450        -8.29497     0.21421    -0.26083    -8.24835
     5.2950        -8.25739     0.21431    -0.26075    -8.21095
     5.4450        -8.22071     0.21440    -0.26067    -8.17444
     5.5950        -8.18505     0.21449    -0.26060    -8.13895
     5.7450        -8.15025     0.21458    -0.26053    -8.10430
     5.8950        -8.11617     0.21467    -0.26046    -8.07039
     6.0450        -8.08297     0.21476    -0.26038    -8.03735
     6.1950        -8.05048     0.21484    -0.26031    -8.00501
     6.3450        -8.01869     0.21492    -0.26024    -7.97337
     6.4950        -7.98759     0.21500    -0.26017    -7.94243
     6.6450        -7.95719     0.21509    -0.26010    -7.91217
     6.7950        -7.92742     0.21516    -0.26003    -7.88255
     6.9450        -7.89823     0.21523    -0.25998    -7.85349
     7.0950        -7.86960     0.21531    -0.25992    -7.82499
     7.2450        -7.84156     0.21538    -0.25985    -7.79709
     7.3950        -7.81411     0.21545    -0.25979    -7.76976
     7.5450        -7.78711     0.21552    -0.25974    -7.74288
     7.6950        -7.76067     0.21558    -0.25969    -7.71656
     7.8450        -7.73474     0.21565    -0.25963    -7.69076
     7.9950        -7.70930     0.21572    -0.25958    -7.66544
     8.1450        -7.68423     0.21579    -0.25953    -7.64049
     8.2950        -7.65960     0.21585    -0.25947    -7.61598
     8.4450        -7.63543     0.21591    -0.25942    -7.59192
     8.5950        -7.61175     0.21598    -0.25936    -7.56837
     8.7450        -7.58842     0.21603    -0.25931    -7.54514
     8.8950        -7.56546     0.21609    -0.25925    -7.52229
     9.0450        -7.54281     0.21615    -0.25919    -7.49977
     9.1950        -7.52063     0.21620    -0.25914    -7.47770
     9.3450        -7.49868     0.21627    -0.25909    -7.45586
     9.4950        -7.47713     0.21633    -0.25904    -7.43442
     9.6450        -7.45589     0.21638    -0.25899    -7.41327
     9.7950        -7.43494     0.21644    -0.25894    -7.39244
     9.9450        -7.41429     0.21650    -0.25889    -7.37190
     10.095        -7.39395     0.21656    -0.25884    -7.35167
     10.245        -7.37395     0.21661    -0.25879    -7.33177
     10.395        -7.35419     0.21667    -0.25874    -7.31211
     10.545        -7.33469     0.21672    -0.25869    -7.29273
     10.695        -7.31550     0.21677    -0.25865    -7.27362
     10.845        -7.29655     0.21683    -0.25860    -7.25478
     10.995        -7.27786     0.21687    -0.25855    -7.23617
     11.145        -7.25941     0.21692    -0.25850    -7.21783
     11.295        -7.24126     0.21697    -0.25847    -7.19976
     11.445        -7.22333     0.21702    -0.25843    -7.18193
     11.595        -7.20566     0.21706    -0.25837    -7.16434
     11.745        -7.18818     0.21711    -0.25833    -7.14695
     11.895        -7.17088     0.21716    -0.25828    -7.12976
     12.045        -7.15380     0.21721    -0.25824    -7.11277
     12.195        -7.13699     0.21726    -0.25820    -7.09605
     12.345        -7.12034     0.21730    -0.25816    -7.07948
     12.495        -7.10393     0.21734    -0.25812    -7.06316
     12.645        -7.08763     0.21739    -0.25808    -7.04695
     12.795        -7.07158     0.21743    -0.25804    -7.03097
     12.945        -7.05576     0.21748    -0.25800    -7.01524
     13.095        -7.04006     0.21752    -0.25796    -6.99961
     13.245        -7.02456     0.21756    -0.25792    -6.98420
     13.395        -7.00926     0.21760    -0.25789    -6.96897
     13.545        -6.99407     0.21764    -0.25785    -6.95386
     13.695        -6.97908     0.21768    -0.25781    -6.93895
     13.845        -6.96424     0.21772    -0.25777    -6.92419
     13.995        -6.94957     0.21775    -0.25774    -6.90959
     14.145        -6.93503     0.21779    -0.25771    -6.89512
     14.295        -6.92068     0.21783    -0.25767    -6.88084
     14.445        -6.90646     0.21786    -0.25763    -6.86669
     14.595        -6.89238     0.21790    -0.25760    -6.85269
     14.745        -6.87842     0.21794    -0.25756    -6.83881
     14.895        -6.86467     0.21798    -0.25752    -6.82513
     15.045        -6.85103     0.21802    -0.25749    -6.81156
     15.195        -6.83754     0.21805    -0.25745    -6.79815
     15.345        -6.82421     0.21809    -0.25741    -6.78489
     15.495        -6.81096     0.21812    -0.25738    -6.77171
     15.645        -6.79790     0.21815    -0.25734    -6.75871
     15.795        -6.78491     0.21819    -0.25730    -6.74580
     15.945        -6.77207     0.21823    -0.25727    -6.73303
     16.095        -6.75932     0.21826    -0.25724    -6.72035
     16.245        -6.74667     0.21829    -0.25721    -6.70776
     16.395        -6.73420     0.21833    -0.25717    -6.69536
     16.545        -6.72181     0.21836    -0.25714    -6.68303
     16.695        -6.70954     0.21840    -0.25711    -6.67083
     16.845        -6.69736     0.21844    -0.25707    -6.65873
     16.995        -6.68531     0.21847    -0.25704    -6.64674
     17.145        -6.67337     0.21850    -0.25701    -6.63487
     17.295        -6.66152     0.21854    -0.25697    -6.62308
     17.445        -6.64982     0.21857    -0.25694    -6.61144
     17.595        -6.63820     0.21860    -0.25691    -6.59989
     17.745        -6.62667     0.21863    -0.25689    -6.58842
     17.895        -6.61526     0.21866    -0.25685    -6.57707
     18.045        -6.60389     0.21870    -0.25682    -6.56577
     18.195        -6.59263     0.21873    -0.25679    -6.55457
     18.345        -6.58148     0.21877    -0.25676    -6.54348
     18.495        -6.57043     0.21880    -0.25673    -6.53250
     18.645        -6.55948     0.21883    -0.25670    -6.52161
     18.795        -6.54862     0.21886    -0.25667    -6.51081
     18.945        -6.53783     0.21889    -0.25664    -6.50008
     19.095        -6.52712     0.21892    -0.25661    -6.48943
     19.245        -6.51651     0.21895    -0.25658    -6.47888
     19.395        -6.50603     0.21898    -0.25656    -6.46846
     19.545        -6.49560     0.21901    -0.25653    -6.45808
     19.695        -6.48523     0.21904    -0.25650    -6.44777
     19.845        -6.47493     0.21907    -0.25647    -6.43753
     19.995        -6.46473     0.21909    -0.25644    -6.42738
     20.145        -6.45462     0.21912    -0.25641    -6.41733
     20.295        -6.44459     0.21915    -0.25639    -6.40736
     20.445        -6.43462     0.21917    -0.25636    -6.39743
     20.595        -6.42475     0.21920    -0.25633    -6.38762
     20.745        -6.41496     0.21923    -0.25631    -6.37788
     20.895        -6.40522     0.21925    -0.25628    -6.36819
     21.045        -6.39551     0.21928    -0.25625    -6.35854
     21.195        -6.38591     0.21930    -0.25622    -6.34899
     21.345        -6.37637     0.21933    -0.25619    -6.33951
     21.495        -6.36694     0.21936    -0.25617    -6.33012
     21.645        -6.35753     0.21939    -0.25614    -6.32077
     21.795        -6.34820     0.21941    -0.25612    -6.31150
     21.945        -6.33894     0.21943    -0.25609    -6.30228
     22.095        -6.32970     0.21946    -0.25607    -6.29310
     22.245        -6.32054     0.21949    -0.25604    -6.28399
     22.395        -6.31147     0.21951    -0.25602    -6.27497
     22.545        -6.30247     0.21954    -0.25599    -6.26601
     22.695        -6.29352     0.21957    -0.25597    -6.25712
     22.845        -6.28463     0.21959    -0.25595    -6.24828
     22.995        -6.27582     0.21961    -0.25592    -6.23952
     23.145        -6.26707     0.21964    -0.25589    -6.23081
     23.295        -6.25837     0.21966    -0.25587    -6.22216
     23.445        -6.24969     0.21969    -0.25585    -6.21354
     23.595        -6.24112     0.21971    -0.25582    -6.20501
     23.745        -6.23260     0.21973    -0.25580    -6.19653
     23.895        -6.22416     0.21976    -0.25578    -6.18814
     24.045        -6.21572     0.21978    -0.25575    -6.17975
     24.195        -6.20734     0.21980    -0.25572    -6.17141
     24.345        -6.19902     0.21982    -0.25570    -6.16314
     24.495        -6.19076     0.21985    -0.25568    -6.15493
     24.645        -6.18254     0.21987    -0.25566    -6.14675
     24.795        -6.17438     0.21989    -0.25563    -6.13864
     24.945        -6.16628     0.21991    -0.25561    -6.13058
     25.095        -6.15821     0.21994    -0.25559    -6.12256
     25.245        -6.15020     0.21996    -0.25556    -6.11460
     25.395        -6.14226     0.21998    -0.25554    -6.10670
     25.545        -6.13437     0.22000    -0.25553    -6.09884
     25.695        -6.12653     0.22003    -0.25550    -6.09105
     25.845        -6.11871     0.22005    -0.25549    -6.08327
     25.995        -6.11095     0.22008    -0.25546    -6.07556
     26.145        -6.10324     0.22010    -0.25544    -6.06790
     26.295        -6.09555     0.22012    -0.25542    -6.06025
     26.445        -6.08793     0.22014    -0.25540    -6.05267
     26.595        -6.08037     0.22016    -0.25538    -6.04515
     26.745        -6.07282     0.22018    -0.25536    -6.03764
     26.895        -6.06531     0.22020    -0.25533    -6.03018
     27.045        -6.05789     0.22022    -0.25532    -6.02279
     27.195        -6.05050     0.22024    -0.25530    -6.01544
     27.345        -6.04308     0.22026    -0.25528    -6.00807
     27.495        -6.03574     0.22028    -0.25526    -6.00076
     27.645        -6.02846     0.22030    -0.25524    -5.99353
     27.795        -6.02122     0.22032    -0.25522    -5.98632
     27.945        -6.01403     0.22034    -0.25520    -5.97917
     28.095        -6.00686     0.22037    -0.25518    -5.97204
     28.245        -5.99976     0.22039    -0.25516    -5.96498
     28.395        -5.99269     0.22040    -0.25514    -5.95794
     28.545        -5.98565     0.22042    -0.25513    -5.95094
     28.695        -5.97866     0.22044    -0.25511    -5.94399
     28.845        -5.97172     0.22046    -0.25509    -5.93710
     28.995        -5.96480     0.22048    -0.25507    -5.93022
     29.145        -5.95791     0.22050    -0.25505    -5.92336
     29.295        -5.95106     0.22052    -0.25503    -5.91655
     29.445        -5.94424     0.22053    -0.25501    -5.90977
     29.595        -5.93748     0.22055    -0.25499    -5.90304
     29.745        -5.93074     0.22057    -0.25497    -5.89633
     29.895        -5.92404     0.22058    -0.25495    -5.88967
     30.045        -5.91736     0.22060    -0.25492    -5.88304
     30.195        -5.91074     0.22062    -0.25491    -5.87646
     30.345        -5.90412     0.22064    -0.25489    -5.86987
     30.495        -5.89754     0.22066    -0.25487    -5.86333
     30.645        -5.89101     0.22067    -0.25485    -5.85684
     30.795        -5.88452     0.22070    -0.25483    -5.85039
     30.945        -5.87805     0.22071    -0.25481    -5.84396
     31.095        -5.87165     0.22073    -0.25479    -5.83759
     31.245        -5.86523     0.22075    -0.25478    -5.83121
     31.395        -5.85885     0.22077    -0.25476    -5.82486
     31.545        -5.85251     0.22079    -0.25474    -5.81856
     31.695        -5.84619     0.22080    -0.25472    -5.81227
     31.845        -5.83991     0.22082    -0.25471    -5.80603
     31.995        -5.83369     0.22085    -0.25469    -5.79984
     32.145        -5.82746     0.22086    -0.25468    -5.79364
     32.295        -5.82130     0.22088    -0.25466    -5.78752
     32.445        -5.81517     0.22090    -0.25464    -5.78142
     32.595        -5.80908     0.22091    -0.25463    -5.77537
     32.745        -5.80299     0.22093    -0.25461    -5.76932
     32.895        -5.79691     0.22095    -0.25459    -5.76327
     33.045        -5.79086     0.22097    -0.25457    -5.75725
     33.195        -5.78486     0.22098    -0.25455    -5.75129
     33.345        -5.77889     0.22100    -0.25454    -5.74535
     33.495        -5.77293     0.22102    -0.25453    -5.73942
     33.645        -5.76703     0.22103    -0.25451    -5.73355
     33.795        -5.76114     0.22105    -0.25449    -5.72770
     33.945        -5.75527     0.22107    -0.25448    -5.72186
     34.095        -5.74943     0.22109    -0.25446    -5.71605
     34.245        -5.74363     0.22110    -0.25445    -5.71029
     34.395        -5.73786     0.22112    -0.25443    -5.70455
     34.545        -5.73210     0.22113    -0.25441    -5.69882
     34.695        -5.72638     0.22115    -0.25440    -5.69313
     34.845        -5.72068     0.22116    -0.25438    -5.68746
     34.995        -5.71499     0.22118    -0.25436    -5.68181
     35.145        -5.70933     0.22120    -0.25435    -5.67618
     35.295        -5.70371     0.22121    -0.25434    -5.67059
     35.445        -5.69810     0.22122    -0.25432    -5.66500
     35.595        -5.69251     0.22124    -0.25431    -5.65944
     35.745        -5.68697     0.22125    -0.25429    -5.65393
     35.895        -5.68140     0.22127    -0.25427    -5.64840
     36.045        -5.67589     0.22129    -0.25426    -5.64292
     36.195        -5.67036     0.22130    -0.25424    -5.63742
     36.345        -5.66490     0.22132    -0.25422    -5.63199
     36.495        -5.65946     0.22133    -0.25421    -5.62659
     36.645        -5.65405     0.22135    -0.25419    -5.62121
     36.795        -5.64869     0.22136    -0.25417    -5.61589
     36.945        -5.64330     0.22138    -0.25415    -5.61053
     37.095        -5.63796     0.22139    -0.25414    -5.60522
     37.245        -5.63265     0.22141    -0.25412    -5.59994
     37.395        -5.62736     0.22142    -0.25411    -5.59468
     37.545        -5.62207     0.22144    -0.25409    -5.58942
     37.695        -5.61682     0.22146    -0.25407    -5.58420
     37.845        -5.61159     0.22147    -0.25406    -5.57900
     37.995        -5.60640     0.22149    -0.25405    -5.57384
     38.145        -5.60121     0.22150    -0.25403    -5.56868
     38.295        -5.59606     0.22152    -0.25402    -5.56355
     38.445        -5.59091     0.22153    -0.25400    -5.55844
     38.595        -5.58579     0.22155    -0.25399    -5.55335
     38.745        -5.58070     0.22156    -0.25398    -5.54829
     38.895        -5.57562     0.22158    -0.25396    -5.54324
     39.045        -5.57058     0.22159    -0.25395    -5.53822
     39.195        -5.56554     0.22160    -0.25393    -5.53321
     39.345        -5.56053     0.22162    -0.25392    -5.52822
     39.495        -5.55554     0.22163    -0.25391    -5.52326
     39.645        -5.55057     0.22164    -0.25389    -5.51832
     39.795        -5.54561     0.22165    -0.25389    -5.51338
     39.945        -5.54068     0.22167    -0.25388    -5.50847
     40.095        -5.53573     0.22168    -0.25386    -5.50356
     40.245        -5.53084     0.22169    -0.25384    -5.49869
     40.395        -5.52596     0.22171    -0.25383    -5.49384
     40.545        -5.52106     0.22172    -0.25381    -5.48897
     40.695        -5.51622     0.22174    -0.25380    -5.48416
     40.845        -5.51139     0.22175    -0.25379    -5.47936
     40.995        -5.50659     0.22177    -0.25377    -5.47459
     41.145        -5.50181     0.22178    -0.25376    -5.46984
     41.295        -5.49706     0.22179    -0.25375    -5.46511
     41.445        -5.49230     0.22181    -0.25373    -5.46038
     41.595        -5.48758     0.22182    -0.25372    -5.45569
     41.745        -5.48288     0.22184    -0.25370    -5.45101
     41.895        -5.47818     0.22185    -0.25369    -5.44634
     42.045        -5.47349     0.22187    -0.25368    -5.44168
     42.195        -5.46882     0.22188    -0.25366    -5.43703
     42.345        -5.46418     0.22189    -0.25365    -5.43242
     42.495        -5.45955     0.22191    -0.25364    -5.42782
     42.645        -5.45495     0.22192    -0.25363    -5.42324
     42.795        -5.45035     0.22193    -0.25362    -5.41866
     42.945        -5.44578     0.22194    -0.25360    -5.41412
     43.095        -5.44122     0.22196    -0.25359    -5.40959
     43.245        -5.43671     0.22197    -0.25357    -5.40511
     43.395        -5.43219     0.22198    -0.25356    -5.40061
     43.545        -5.42769     0.22199    -0.25355    -5.39614
     43.695        -5.42320     0.22200    -0.25353    -5.39168
     43.845        -5.41874     0.22202    -0.25352    -5.38724
     43.995        -5.41428     0.22203    -0.25350    -5.38281
     44.145        -5.40984     0.22205    -0.25349    -5.37840
     44.295        -5.40542     0.22206    -0.25347    -5.37401
     44.445        -5.40102     0.22207    -0.25346    -5.36963
     44.595        -5.39661     0.22209    -0.25345    -5.36525
     44.745        -5.39223     0.22211    -0.25344    -5.36090
     44.895        -5.38786     0.22212    -0.25342    -5.35656
     45.045        -5.38352     0.22213    -0.25341    -5.35224
     45.195        -5.37918     0.22215    -0.25340    -5.34793
     45.345        -5.37486     0.22216    -0.25339    -5.34363
     45.495        -5.37057     0.22217    -0.25337    -5.33937
     45.645        -5.36631     0.22218    -0.25336    -5.33513
     45.795        -5.36204     0.22219    -0.25335    -5.33089
     45.945        -5.35778     0.22221    -0.25334    -5.32665
     46.095        -5.35352     0.22222    -0.25333    -5.32241
     46.245        -5.34930     0.22223    -0.25331    -5.31822
     46.395        -5.34510     0.22225    -0.25330    -5.31404
     46.545        -5.34090     0.22226    -0.25329    -5.30987
     46.695        -5.33672     0.22227    -0.25327    -5.30572
     46.845        -5.33253     0.22228    -0.25326    -5.30156
     46.995        -5.32839     0.22230    -0.25325    -5.29744
     47.145        -5.32423     0.22231    -0.25323    -5.29330
     47.295        -5.32008     0.22233    -0.25322    -5.28919
     47.445        -5.31597     0.22234    -0.25321    -5.28510
     47.595        -5.31187     0.22235    -0.25319    -5.28103
     47.745        -5.30779     0.22236    -0.25318    -5.27697
     47.895        -5.30373     0.22237    -0.25317    -5.27293
     48.045        -5.29969     0.22238    -0.25316    -5.26891
     48.195        -5.29565     0.22239    -0.25315    -5.26489
     48.345        -5.29162     0.22240    -0.25314    -5.26088
     48.495        -5.28760     0.22241    -0.25312    -5.25688
     48.645        -5.28361     0.22242    -0.25312    -5.25291
     48.795        -5.27964     0.22243    -0.25310    -5.24896
     48.945        -5.27566     0.22244    -0.25309    -5.24501
     49.095        -5.27172     0.22245    -0.25308    -5.24108
     49.245        -5.26778     0.22245    -0.25307    -5.23716
     49.395        -5.26384     0.22247    -0.25306    -5.23325
     49.545        -5.25994     0.22247    -0.25304    -5.22937
     49.695        -5.25603     0.22249    -0.25303    -5.22548
     49.845        -5.25213     0.22249    -0.25302    -5.22160
     49.995        -5.24824     0.22251    -0.25301    -5.21773
     50.145        -5.24436     0.22252    -0.25300    -5.21388
     50.295        -5.24051     0.22253    -0.25299    -5.21005
     50.445        -5.23666     0.22254    -0.25297    -5.20623
     50.595        -5.23282     0.22255    -0.25296    -5.20241
     50.745        -5.22901     0.22256    -0.25295    -5.19861
     50.895        -5.22518     0.22257    -0.25294    -5.19481
     51.045        -5.22138     0.22259    -0.25293    -5.19103
     51.195        -5.21759     0.22260    -0.25292    -5.18727
     51.345        -5.21383     0.22261    -0.25291    -5.18352
     51.495        -5.21008     0.22262    -0.25289    -5.17980
     51.645        -5.20632     0.22263    -0.25288    -5.17607
     51.795        -5.20258     0.22263    -0.25287    -5.17235
     51.945        -5.19884     0.22265    -0.25285    -5.16863
     52.095        -5.19512     0.22266    -0.25284    -5.16494
     52.245        -5.19142     0.22266    -0.25283    -5.16125
     52.395        -5.18773     0.22267    -0.25281    -5.15758
     52.545        -5.18402     0.22268    -0.25280    -5.15390
     52.695        -5.18033     0.22269    -0.25279    -5.15023
     52.845        -5.17665     0.22271    -0.25278    -5.14658
     52.995        -5.17299     0.22272    -0.25277    -5.14294
     53.145        -5.16935     0.22273    -0.25275    -5.13933
     53.295        -5.16573     0.22274    -0.25274    -5.13572
     53.445        -5.16211     0.22275    -0.25273    -5.13213
     53.595        -5.15850     0.22276    -0.25272    -5.12853
     53.745        -5.15488     0.22277    -0.25271    -5.12494
     53.895        -5.15133     0.22278    -0.25270    -5.12141
     54.045        -5.14775     0.22279    -0.25269    -5.11786
     54.195        -5.14420     0.22281    -0.25268    -5.11433
     54.345        -5.14065     0.22282    -0.25267    -5.11080
     54.495        -5.13711     0.22283    -0.25266    -5.10728
     54.645        -5.13358     0.22284    -0.25264    -5.10378
     54.795        -5.13007     0.22284    -0.25263    -5.10028
     54.945        -5.12655     0.22285    -0.25262    -5.09679
     55.095        -5.12305     0.22287    -0.25261    -5.09330
     59.433        -4.84861     0.22366    -0.25176    -4.82052
     80.646        -4.44731     0.22483    -0.25044    -4.42170
     111.21        -4.05724     0.22601    -0.24916    -4.03409
     153.36        -3.67845     0.22712    -0.24780    -3.65777
     211.49        -3.31141     0.22822    -0.24647    -3.29316
     291.64        -2.95605     0.22929    -0.24515    -2.94019
     402.18        -2.61219     0.23030    -0.24383    -2.59867
     554.60        -2.27962     0.23130    -0.24255    -2.26837
     764.80        -1.95827     0.23226    -0.24124    -1.94929
     1054.7        -1.64782     0.23318    -0.23996    -1.64104
     1454.4        -1.34745     0.23408    -0.23872    -1.34281
     2005.6        -1.05694     0.23494    -0.23752    -1.05436
     2765.8        -0.77589     0.23578    -0.23634    -0.77534
     3814.0        -0.50387     0.23656    -0.23520    -0.50522
     5259.5        -0.24024     0.23728    -0.23410    -0.24341
     7252.9         0.01488     0.23799    -0.23303     0.00992
     10002.         0.26193     0.23867    -0.23201     0.25526
     13793.         0.50050     0.23933    -0.23102     0.49219
     19020.         0.73032     0.23991    -0.23009     0.72050
     26229.         0.95111     0.24047    -0.22920     0.93985
     36170.         1.16250     0.24099    -0.22834     1.14986
     49878.         1.36480     0.24147    -0.22752     1.35084
     68782.         1.55801     0.24192    -0.22672     1.54281
     94851.         1.74248     0.24236    -0.22598     1.72610
    0.13080E+06     1.91841     0.24272    -0.22527     1.90097
    0.18038E+06     2.08621     0.24310    -0.22460     2.06771
    0.24874E+06     2.24616     0.24343    -0.22397     2.22670
    0.34301E+06     2.39846     0.24375    -0.22337     2.37807
    0.47302E+06     2.54361     0.24404    -0.22279     2.52236
    0.65229E+06     2.68164     0.24432    -0.22225     2.65957
    0.89952E+06     2.81305     0.24456    -0.22176     2.79025
    0.12404E+07     2.93812     0.24478    -0.22127     2.91461
    0.17106E+07     3.05721     0.24500    -0.22082     3.03302
    0.23589E+07     3.17050     0.24520    -0.22039     3.14569
    0.32529E+07     3.27830     0.24538    -0.21998     3.25290
    0.44858E+07     3.38075     0.24555    -0.21961     3.35482
    0.61860E+07     3.47838     0.24570    -0.21925     3.45194
    0.85305E+07     3.57115     0.24585    -0.21893     3.54423
    0.11764E+08     3.65929     0.24598    -0.21861     3.63192
    0.16222E+08     3.74316     0.24611    -0.21831     3.71536
    0.22370E+08     3.82289     0.24621    -0.21803     3.79471
    0.30849E+08     3.89816     0.24632    -0.21778     3.86962
    0.42541E+08     3.96861     0.24641    -0.21754     3.93974
    0.58664E+08     4.03446     0.24650    -0.21732     4.00528
    0.80898E+08     4.09618     0.24658    -0.21714     4.06674
    0.11156E+09     4.15431     0.24666    -0.21695     4.12459
    0.15384E+09     4.20892     0.24672    -0.21677     4.17897
    0.21215E+09     4.26036     0.24678    -0.21662     4.23020
    0.29255E+09     4.30876     0.24683    -0.21646     4.27838
    0.40343E+09     4.35440     0.24689    -0.21634     4.32385
    0.55633E+09     4.39738     0.24693    -0.21621     4.36666
    0.76719E+09     4.43655     0.24697    -0.21610     4.40568
    0.10580E+10     4.47215     0.24701    -0.21599     4.44112
    0.14589E+10     4.50471     0.24705    -0.21589     4.47355
    0.20119E+10     4.53475     0.24708    -0.21580     4.50346
    0.27744E+10     4.56239     0.24712    -0.21572     4.53099
    0.38259E+10     4.58791     0.24715    -0.21563     4.55640
    0.52760E+10     4.61145     0.24718    -0.21555     4.57983
    0.72756E+10     4.63323     0.24720    -0.21549     4.60152
    0.10033E+11     4.65324     0.24722    -0.21543     4.62145
    0.13836E+11     4.67171     0.24724    -0.21538     4.63985
    0.19079E+11     4.68875     0.24725    -0.21533     4.65683
    0.26311E+11     4.70451     0.24727    -0.21528     4.67252
    0.36283E+11     4.71907     0.24729    -0.21524     4.68702
    0.50034E+11     4.73251     0.24730    -0.21521     4.70041
    0.68997E+11     4.74492     0.24731    -0.21517     4.71278
    0.10000E+12     4.89317     0.24746    -0.21469     4.86040
