    -99.945         0.00000     0.00000     0.00000     0.00000
    -99.795         0.00000     0.00000     0.00000     0.00000
    -99.645         0.00000     0.00000     0.00000     0.00000
    -99.495         0.00000     0.00000     0.00000     0.00000
    -99.345         0.00000     0.00000     0.00000     0.00000
    -99.195         0.00000     0.00000     0.00000     0.00000
    -99.045         0.00000     0.00000     0.00000     0.00000
    -98.895         0.00000     0.00000     0.00000     0.00000
    -98.745         0.00000     0.00000     0.00000     0.00000
    -98.595         0.00000     0.00000     0.00000     0.00000
    -98.445         0.00000     0.00000     0.00000     0.00000
    -98.295         0.00000     0.00000     0.00000     0.00000
    -98.145         0.00000     0.00000     0.00000     0.00000
    -97.995         0.00000     0.00000     0.00000     0.00000
    -97.845         0.00000     0.00000     0.00000     0.00000
    -97.695         0.00000     0.00000     0.00000     0.00000
    -97.545         0.00000     0.00000     0.00000     0.00000
    -97.395         0.00000     0.00000     0.00000     0.00000
    -97.245         0.00000     0.00000     0.00000     0.00000
    -97.095         0.00000     0.00000     0.00000     0.00000
    -96.945         0.00000     0.00000     0.00000     0.00000
    -96.795         0.00000     0.00000     0.00000     0.00000
    -96.645         0.00000     0.00000     0.00000     0.00000
    -96.495         0.00000     0.00000     0.00000     0.00000
    -96.345         0.00000     0.00000     0.00000     0.00000
    -96.195         0.00000     0.00000     0.00000     0.00000
    -96.045         0.00000     0.00000     0.00000     0.00000
    -95.895         0.00000     0.00000     0.00000     0.00000
    -95.745         0.00000     0.00000     0.00000     0.00000
    -95.595         0.00000     0.00000     0.00000     0.00000
    -95.445         0.00000     0.00000     0.00000     0.00000
    -95.295         0.00000     0.00000     0.00000     0.00000
    -95.145         0.00000     0.00000     0.00000     0.00000
    -94.995         0.00000     0.00000     0.00000     0.00000
    -94.845         0.00000     0.00000     0.00000     0.00000
    -94.695         0.00000     0.00000     0.00000     0.00000
    -94.545         0.00000     0.00000     0.00000     0.00000
    -94.395         0.00000     0.00000     0.00000     0.00000
    -94.245         0.00000     0.00000     0.00000     0.00000
    -94.095         0.00000     0.00000     0.00000     0.00000
    -93.945         0.00000     0.00000     0.00000     0.00000
    -93.795         0.00000     0.00000     0.00000     0.00000
    -93.645         0.00000     0.00000     0.00000     0.00000
    -93.495         0.00000     0.00000     0.00000     0.00000
    -93.345         0.00000     0.00000     0.00000     0.00000
    -93.195         0.00000     0.00000     0.00000     0.00000
    -93.045         0.00000     0.00000     0.00000     0.00000
    -92.895         0.00000     0.00000     0.00000     0.00000
    -92.745         0.00000     0.00000     0.00000     0.00000
    -92.595         0.00000     0.00000     0.00000     0.00000
    -92.445         0.00000     0.00000     0.00000     0.00000
    -92.295         0.00000     0.00000     0.00000     0.00000
    -92.145         0.00000     0.00000     0.00000     0.00000
    -91.995         0.00000     0.00000     0.00000     0.00000
    -91.845         0.00000     0.00000     0.00000     0.00000
    -91.695         0.00000     0.00000     0.00000     0.00000
    -91.545         0.00000     0.00000     0.00000     0.00000
    -91.395         0.00000     0.00000     0.00000     0.00000
    -91.245         0.00000     0.00000     0.00000     0.00000
    -91.095         0.00000     0.00000     0.00000     0.00000
    -90.945         0.00000     0.00000     0.00000     0.00000
    -90.795         0.00000     0.00000     0.00000     0.00000
    -90.645         0.00000     0.00000     0.00000     0.00000
    -90.495         0.00000     0.00000     0.00000     0.00000
    -90.345         0.00000     0.00000     0.00000     0.00000
    -90.195         0.00000     0.00000     0.00000     0.00000
    -90.045         0.00000     0.00000     0.00000     0.00000
    -89.895         0.00000     0.00000     0.00000     0.00000
    -89.745         0.00000     0.00000     0.00000     0.00000
    -89.595         0.00000     0.00000     0.00000     0.00000
    -89.445         0.00000     0.00000     0.00000     0.00000
    -89.295         0.00000     0.00000     0.00000     0.00000
    -89.145         0.00000     0.00000     0.00000     0.00000
    -88.995         0.00000     0.00000     0.00000     0.00000
    -88.845         0.00000     0.00000     0.00000     0.00000
    -88.695         0.00000     0.00000     0.00000     0.00000
    -88.545         0.00000     0.00000     0.00000     0.00000
    -88.395         0.00000     0.00000     0.00000     0.00000
    -88.245         0.00000     0.00000     0.00000     0.00000
    -88.095         0.00000     0.00000     0.00000     0.00000
    -87.945         0.00000     0.00000     0.00000     0.00000
    -87.795         0.00000     0.00000     0.00000     0.00000
    -87.645         0.00000     0.00000     0.00000     0.00000
    -87.495         0.00000     0.00000     0.00000     0.00000
    -87.345         0.00000     0.00000     0.00000     0.00000
    -87.195         0.00000     0.00000     0.00000     0.00000
    -87.045         0.00000     0.00000     0.00000     0.00000
    -86.895         0.00000     0.00000     0.00000     0.00000
    -86.745         0.00000     0.00000     0.00000     0.00000
    -86.595         0.00000     0.00000     0.00000     0.00000
    -86.445         0.00000     0.00000     0.00000     0.00000
    -86.295         0.00000     0.00000     0.00000     0.00000
    -86.145         0.00000     0.00000     0.00000     0.00000
    -85.995         0.00000     0.00000     0.00000     0.00000
    -85.845         0.00000     0.00000     0.00000     0.00000
    -85.695         0.00000     0.00000     0.00000     0.00000
    -85.545         0.00000     0.00000     0.00000     0.00000
    -85.395         0.00000     0.00000     0.00000     0.00000
    -85.245         0.00000     0.00000     0.00000     0.00000
    -85.095         0.00000     0.00000     0.00000     0.00000
    -84.945         0.00000     0.00000     0.00000     0.00000
    -84.795         0.00000     0.00000     0.00000     0.00000
    -84.645         0.00000     0.00000     0.00000     0.00000
    -84.495         0.00000     0.00000     0.00000     0.00000
    -84.345         0.00000     0.00000     0.00000     0.00000
    -84.195         0.00000     0.00000     0.00000     0.00000
    -84.045         0.00000     0.00000     0.00000     0.00000
    -83.895         0.00000     0.00000     0.00000     0.00000
    -83.745         0.00000     0.00000     0.00000     0.00000
    -83.595         0.00000     0.00000     0.00000     0.00000
    -83.445         0.00000     0.00000     0.00000     0.00000
    -83.295         0.00000     0.00000     0.00000     0.00000
    -83.145         0.00000     0.00000     0.00000     0.00000
    -82.995         0.00000     0.00000     0.00000     0.00000
    -82.845         0.00000     0.00000     0.00000     0.00000
    -82.695         0.00000     0.00000     0.00000     0.00000
    -82.545         0.00000     0.00000     0.00000     0.00000
    -82.395         0.00000     0.00000     0.00000     0.00000
    -82.245         0.00000     0.00000     0.00000     0.00000
    -82.095         0.00000     0.00000     0.00000     0.00000
    -81.945         0.00000     0.00000     0.00000     0.00000
    -81.795         0.00000     0.00000     0.00000     0.00000
    -81.645         0.00000     0.00000     0.00000     0.00000
    -81.495         0.00000     0.00000     0.00000     0.00000
    -81.345         0.00000     0.00000     0.00000     0.00000
    -81.195         0.00000     0.00000     0.00000     0.00000
    -81.045         0.00000     0.00000     0.00000     0.00000
    -80.895         0.00000     0.00000     0.00000     0.00000
    -80.745         0.00000     0.00000     0.00000     0.00000
    -80.595         0.00000     0.00000     0.00000     0.00000
    -80.445         0.00000     0.00000     0.00000     0.00000
    -80.295         0.00000     0.00000     0.00000     0.00000
    -80.145         0.00000     0.00000     0.00000     0.00000
    -79.995         0.00000     0.00000     0.00000     0.00000
    -79.845         0.00000     0.00000     0.00000     0.00000
    -79.695         0.00000     0.00000     0.00000     0.00000
    -79.545         0.00000     0.00000     0.00000     0.00000
    -79.395         0.00000     0.00000     0.00000     0.00000
    -79.245         0.00000     0.00000     0.00000     0.00000
    -79.095         0.00000     0.00000     0.00000     0.00000
    -78.945         0.00000     0.00000     0.00000     0.00000
    -78.795         0.00000     0.00000     0.00000     0.00000
    -78.645         0.00000     0.00000     0.00000     0.00000
    -78.495         0.00000     0.00000     0.00000     0.00000
    -78.345         0.00000     0.00000     0.00000     0.00000
    -78.195         0.00000     0.00000     0.00000     0.00000
    -78.045         0.00000     0.00000     0.00000     0.00000
    -77.895         0.00000     0.00000     0.00000     0.00000
    -77.745         0.00000     0.00000     0.00000     0.00000
    -77.595         0.00000     0.00000     0.00000     0.00000
    -77.445         0.00000     0.00000     0.00000     0.00000
    -77.295         0.00000     0.00000     0.00000     0.00000
    -77.145         0.00000     0.00000     0.00000     0.00000
    -76.995         0.00000     0.00000     0.00000     0.00000
    -76.845         0.00000     0.00000     0.00000     0.00000
    -76.695         0.00000     0.00000     0.00000     0.00000
    -76.545         0.00000     0.00000     0.00000     0.00000
    -76.395         0.00000     0.00000     0.00000     0.00000
    -76.245         0.00000     0.00000     0.00000     0.00000
    -76.095         0.00000     0.00000     0.00000     0.00000
    -75.945         0.00000     0.00000     0.00000     0.00000
    -75.795         0.00000     0.00000     0.00000     0.00000
    -75.645         0.00000     0.00000     0.00000     0.00000
    -75.495         0.00000     0.00000     0.00000     0.00000
    -75.345         0.00000     0.00000     0.00000     0.00000
    -75.195         0.00000     0.00000     0.00000     0.00000
    -75.045         0.00000     0.00000     0.00000     0.00000
    -74.895         0.00000     0.00000     0.00000     0.00000
    -74.745         0.00000     0.00000     0.00000     0.00000
    -74.595         0.00000     0.00000     0.00000     0.00000
    -74.445         0.00000     0.00000     0.00000     0.00000
    -74.295         0.00000     0.00000     0.00000     0.00000
    -74.145         0.00000     0.00000     0.00000     0.00000
    -73.995         0.00000     0.00000     0.00000     0.00000
    -73.845         0.00000     0.00000     0.00000     0.00000
    -73.695         0.00000     0.00000     0.00000     0.00000
    -73.545         0.00000     0.00000     0.00000     0.00000
    -73.395         0.00000     0.00000     0.00000     0.00000
    -73.245         0.00000     0.00000     0.00000     0.00000
    -73.095         0.00000     0.00000     0.00000     0.00000
    -72.945         0.00000     0.00000     0.00000     0.00000
    -72.795         0.00000     0.00000     0.00000     0.00000
    -72.645         0.00000     0.00000     0.00000     0.00000
    -72.495         0.00000     0.00000     0.00000     0.00000
    -72.345         0.00000     0.00000     0.00000     0.00000
    -72.195         0.00000     0.00000     0.00000     0.00000
    -72.045         0.00000     0.00000     0.00000     0.00000
    -71.895         0.00000     0.00000     0.00000     0.00000
    -71.745         0.00000     0.00000     0.00000     0.00000
    -71.595         0.00000     0.00000     0.00000     0.00000
    -71.445         0.00000     0.00000     0.00000     0.00000
    -71.295         0.00000     0.00000     0.00000     0.00000
    -71.145         0.00000     0.00000     0.00000     0.00000
    -70.995         0.00000     0.00000     0.00000     0.00000
    -70.845         0.00000     0.00000     0.00000     0.00000
    -70.695         0.00000     0.00000     0.00000     0.00000
    -70.545         0.00000     0.00000     0.00000     0.00000
    -70.395         0.00000     0.00000     0.00000     0.00000
    -70.245         0.00000     0.00000     0.00000     0.00000
    -70.095         0.00000     0.00000     0.00000     0.00000
    -69.945         0.00000     0.00000     0.00000     0.00000
    -69.795         0.00000     0.00000     0.00000     0.00000
    -69.645         0.00000     0.00000     0.00000     0.00000
    -69.495         0.00000     0.00000     0.00000     0.00000
    -69.345         0.00000     0.00000     0.00000     0.00000
    -69.195         0.00000     0.00000     0.00000     0.00000
    -69.045         0.00000     0.00000     0.00000     0.00000
    -68.895         0.00000     0.00000     0.00000     0.00000
    -68.745         0.00000     0.00000     0.00000     0.00000
    -68.595         0.00000     0.00000     0.00000     0.00000
    -68.445         0.00000     0.00000     0.00000     0.00000
    -68.295         0.00000     0.00000     0.00000     0.00000
    -68.145         0.00000     0.00000     0.00000     0.00000
    -67.995         0.00000     0.00000     0.00000     0.00000
    -67.845         0.00000     0.00000     0.00000     0.00000
    -67.695         0.00000     0.00000     0.00000     0.00000
    -67.545         0.00000     0.00000     0.00000     0.00000
    -67.395         0.00000     0.00000     0.00000     0.00000
    -67.245         0.00000     0.00000     0.00000     0.00000
    -67.095         0.00000     0.00000     0.00000     0.00000
    -66.945         0.00000     0.00000     0.00000     0.00000
    -66.795         0.00000     0.00000     0.00000     0.00000
    -66.645         0.00000     0.00000     0.00000     0.00000
    -66.495         0.00000     0.00000     0.00000     0.00000
    -66.345         0.00000     0.00000     0.00000     0.00000
    -66.195         0.00000     0.00000     0.00000     0.00000
    -66.045         0.00000     0.00000     0.00000     0.00000
    -65.895         0.00000     0.00000     0.00000     0.00000
    -65.745         0.00000     0.00000     0.00000     0.00000
    -65.595         0.00000     0.00000     0.00000     0.00000
    -65.445         0.00000     0.00000     0.00000     0.00000
    -65.295         0.00000     0.00000     0.00000     0.00000
    -65.145         0.00000     0.00000     0.00000     0.00000
    -64.995         0.00000     0.00000     0.00000     0.00000
    -64.845         0.00000     0.00000     0.00000     0.00000
    -64.695         0.00000     0.00000     0.00000     0.00000
    -64.545         0.00000     0.00000     0.00000     0.00000
    -64.395         0.00000     0.00000     0.00000     0.00000
    -64.245         0.00000     0.00000     0.00000     0.00000
    -64.095         0.00000     0.00000     0.00000     0.00000
    -63.945         0.00000     0.00000     0.00000     0.00000
    -63.795         0.00000     0.00000     0.00000     0.00000
    -63.645         0.00000     0.00000     0.00000     0.00000
    -63.495         0.00000     0.00000     0.00000     0.00000
    -63.345         0.00000     0.00000     0.00000     0.00000
    -63.195         0.00000     0.00000     0.00000     0.00000
    -63.045         0.00000     0.00000     0.00000     0.00000
    -62.895         0.00000     0.00000     0.00000     0.00000
    -62.745         0.00000     0.00000     0.00000     0.00000
    -62.595         0.00000     0.00000     0.00000     0.00000
    -62.445         0.00000     0.00000     0.00000     0.00000
    -62.295         0.00000     0.00000     0.00000     0.00000
    -62.145         0.00000     0.00000     0.00000     0.00000
    -61.995         0.00000     0.00000     0.00000     0.00000
    -61.845         0.00000     0.00000     0.00000     0.00000
    -61.695         0.00000     0.00000     0.00000     0.00000
    -61.545         0.00000     0.00000     0.00000     0.00000
    -61.395         0.00000     0.00000     0.00000     0.00000
    -61.245         0.00000     0.00000     0.00000     0.00000
    -61.095         0.00000     0.00000     0.00000     0.00000
    -60.945         0.00000     0.00000     0.00000     0.00000
    -60.795         0.00000     0.00000     0.00000     0.00000
    -60.645         0.00000     0.00000     0.00000     0.00000
    -60.495         0.00000     0.00000     0.00000     0.00000
    -60.345         0.00000     0.00000     0.00000     0.00000
    -60.195         0.00000     0.00000     0.00000     0.00000
    -60.045         0.00000     0.00000     0.00000     0.00000
    -59.895         0.00000     0.00000     0.00000     0.00000
    -59.745         0.00000     0.00000     0.00000     0.00000
    -59.595         0.00000     0.00000     0.00000     0.00000
    -59.445         0.00000     0.00000     0.00000     0.00000
    -59.295         0.00000     0.00000     0.00000     0.00000
    -59.145         0.00000     0.00000     0.00000     0.00000
    -58.995         0.00000     0.00000     0.00000     0.00000
    -58.845         0.00000     0.00000     0.00000     0.00000
    -58.695         0.00000     0.00000     0.00000     0.00000
    -58.545         0.00000     0.00000     0.00000     0.00000
    -58.395         0.00000     0.00000     0.00000     0.00000
    -58.245         0.00000     0.00000     0.00000     0.00000
    -58.095         0.00000     0.00000     0.00000     0.00000
    -57.945         0.00000     0.00000     0.00000     0.00000
    -57.795         0.00000     0.00000     0.00000     0.00000
    -57.645         0.00000     0.00000     0.00000     0.00000
    -57.495         0.00000     0.00000     0.00000     0.00000
    -57.345         0.00000     0.00000     0.00000     0.00000
    -57.195         0.00000     0.00000     0.00000     0.00000
    -57.045         0.00000     0.00000     0.00000     0.00000
    -56.895         0.00000     0.00000     0.00000     0.00000
    -56.745         0.00000     0.00000     0.00000     0.00000
    -56.595         0.00000     0.00000     0.00000     0.00000
    -56.445         0.00000     0.00000     0.00000     0.00000
    -56.295         0.00000     0.00000     0.00000     0.00000
    -56.145         0.00000     0.00000     0.00000     0.00000
    -55.995         0.00000     0.00000     0.00000     0.00000
    -55.845         0.00000     0.00000     0.00000     0.00000
    -55.695         0.00000     0.00000     0.00000     0.00000
    -55.545         0.00000     0.00000     0.00000     0.00000
    -55.395         0.00000     0.00000     0.00000     0.00000
    -55.245         0.00000     0.00000     0.00000     0.00000
    -55.095         0.00000     0.00000     0.00000     0.00000
    -54.945         0.00000     0.00000     0.00000     0.00000
    -54.795         0.00000     0.00000     0.00000     0.00000
    -54.645         0.00000     0.00000     0.00000     0.00000
    -54.495         0.00000     0.00000     0.00000     0.00000
    -54.345         0.00000     0.00000     0.00000     0.00000
    -54.195         0.00000     0.00000     0.00000     0.00000
    -54.045         0.00000     0.00000     0.00000     0.00000
    -53.895         0.00000     0.00000     0.00000     0.00000
    -53.745         0.00000     0.00000     0.00000     0.00000
    -53.595         0.00000     0.00000     0.00000     0.00000
    -53.445         0.00000     0.00000     0.00000     0.00000
    -53.295         0.00000     0.00000     0.00000     0.00000
    -53.145         0.00000     0.00000     0.00000     0.00000
    -52.995         0.00000     0.00000     0.00000     0.00000
    -52.845         0.00000     0.00000     0.00000     0.00000
    -52.695         0.00000     0.00000     0.00000     0.00000
    -52.545         0.00000     0.00000     0.00000     0.00000
    -52.395         0.00000     0.00000     0.00000     0.00000
    -52.245         0.00000     0.00000     0.00000     0.00000
    -52.095         0.00000     0.00000     0.00000     0.00000
    -51.945         0.00000     0.00000     0.00000     0.00000
    -51.795         0.00000     0.00000     0.00000     0.00000
    -51.645         0.00000     0.00000     0.00000     0.00000
    -51.495         0.00000     0.00000     0.00000     0.00000
    -51.345         0.00000     0.00000     0.00000     0.00000
    -51.195         0.00000     0.00000     0.00000     0.00000
    -51.045         0.00000     0.00000     0.00000     0.00000
    -50.895         0.00000     0.00000     0.00000     0.00000
    -50.745         0.00000     0.00000     0.00000     0.00000
    -50.595         0.00000     0.00000     0.00000     0.00000
    -50.445         0.00000     0.00000     0.00000     0.00000
    -50.295         0.00000     0.00000     0.00000     0.00000
    -50.145         0.00000     0.00000     0.00000     0.00000
    -49.995         0.00000     0.00000     0.00000     0.00000
    -49.845         0.00000     0.00000     0.00000     0.00000
    -49.695         0.00000     0.00000     0.00000     0.00000
    -49.545         0.00000     0.00000     0.00000     0.00000
    -49.395         0.00000     0.00000     0.00000     0.00000
    -49.245         0.00000     0.00000     0.00000     0.00000
    -49.095         0.00000     0.00000     0.00000     0.00000
    -48.945         0.00000     0.00000     0.00000     0.00000
    -48.795         0.00000     0.00000     0.00000     0.00000
    -48.645         0.00000     0.00000     0.00000     0.00000
    -48.495         0.00000     0.00000     0.00000     0.00000
    -48.345         0.00000     0.00000     0.00000     0.00000
    -48.195         0.00000     0.00000     0.00000     0.00000
    -48.045         0.00000     0.00000     0.00000     0.00000
    -47.895         0.00000     0.00000     0.00000     0.00000
    -47.745         0.00000     0.00000     0.00000     0.00000
    -47.595         0.00000     0.00000     0.00000     0.00000
    -47.445         0.00000     0.00000     0.00000     0.00000
    -47.295         0.00000     0.00000     0.00000     0.00000
    -47.145         0.00000     0.00000     0.00000     0.00000
    -46.995         0.00000     0.00000     0.00000     0.00000
    -46.845         0.00000     0.00000     0.00000     0.00000
    -46.695         0.00000     0.00000     0.00000     0.00000
    -46.545         0.00000     0.00000     0.00000     0.00000
    -46.395         0.00000     0.00000     0.00000     0.00000
    -46.245         0.00000     0.00000     0.00000     0.00000
    -46.095         0.00000     0.00000     0.00000     0.00000
    -45.945         0.00000     0.00000     0.00000     0.00000
    -45.795         0.00000     0.00000     0.00000     0.00000
    -45.645         0.00000     0.00000     0.00000     0.00000
    -45.495         0.00000     0.00000     0.00000     0.00000
    -45.345         0.00000     0.00000     0.00000     0.00000
    -45.195         0.00000     0.00000     0.00000     0.00000
    -45.045         0.00000     0.00000     0.00000     0.00000
    -44.895         0.00000     0.00000     0.00000     0.00000
    -44.745         0.00000     0.00000     0.00000     0.00000
    -44.595         0.00000     0.00000     0.00000     0.00000
    -44.445         0.00000     0.00000     0.00000     0.00000
    -44.295         0.00000     0.00000     0.00000     0.00000
    -44.145         0.00000     0.00000     0.00000     0.00000
    -43.995         0.00000     0.00000     0.00000     0.00000
    -43.845         0.00000     0.00000     0.00000     0.00000
    -43.695         0.00000     0.00000     0.00000     0.00000
    -43.545         0.00000     0.00000     0.00000     0.00000
    -43.395         0.00000     0.00000     0.00000     0.00000
    -43.245         0.00000     0.00000     0.00000     0.00000
    -43.095         0.00000     0.00000     0.00000     0.00000
    -42.945         0.00000     0.00000     0.00000     0.00000
    -42.795         0.00000     0.00000     0.00000     0.00000
    -42.645         0.00000     0.00000     0.00000     0.00000
    -42.495         0.00000     0.00000     0.00000     0.00000
    -42.345         0.00000     0.00000     0.00000     0.00000
    -42.195         0.00000     0.00000     0.00000     0.00000
    -42.045         0.00000     0.00000     0.00000     0.00000
    -41.895         0.00000     0.00000     0.00000     0.00000
    -41.745         0.00000     0.00000     0.00000     0.00000
    -41.595         0.00000     0.00000     0.00000     0.00000
    -41.445         0.00000     0.00000     0.00000     0.00000
    -41.295         0.00000     0.00000     0.00000     0.00000
    -41.145         0.00000     0.00000     0.00000     0.00000
    -40.995         0.00000     0.00000     0.00000     0.00000
    -40.845         0.00000     0.00000     0.00000     0.00000
    -40.695         0.00000     0.00000     0.00000     0.00000
    -40.545         0.00000     0.00000     0.00000     0.00000
    -40.395         0.00000     0.00000     0.00000     0.00000
    -40.245         0.00000     0.00000     0.00000     0.00000
    -40.095         0.00000     0.00000     0.00000     0.00000
    -39.945         0.00000     0.00000     0.00000     0.00000
    -39.795         0.00000     0.00000     0.00000     0.00000
    -39.645         0.00000     0.00000     0.00000     0.00000
    -39.495         0.00000     0.00000     0.00000     0.00000
    -39.345         0.00000     0.00000     0.00000     0.00000
    -39.195         0.00000     0.00000     0.00000     0.00000
    -39.045         0.00000     0.00000     0.00000     0.00000
    -38.895         0.00000     0.00000     0.00000     0.00000
    -38.745         0.00000     0.00000     0.00000     0.00000
    -38.595         0.00000     0.00000     0.00000     0.00000
    -38.445         0.00000     0.00000     0.00000     0.00000
    -38.295         0.00000     0.00000     0.00000     0.00000
    -38.145         0.00000     0.00000     0.00000     0.00000
    -37.995         0.00000     0.00000     0.00000     0.00000
    -37.845         0.00000     0.00000     0.00000     0.00000
    -37.695         0.00000     0.00000     0.00000     0.00000
    -37.545         0.00000     0.00000     0.00000     0.00000
    -37.395         0.00000     0.00000     0.00000     0.00000
    -37.245         0.00000     0.00000     0.00000     0.00000
    -37.095         0.00000     0.00000     0.00000     0.00000
    -36.945         0.00000     0.00000     0.00000     0.00000
    -36.795         0.00000     0.00000     0.00000     0.00000
    -36.645         0.00000     0.00000     0.00000     0.00000
    -36.495         0.00000     0.00000     0.00000     0.00000
    -36.345         0.00000     0.00000     0.00000     0.00000
    -36.195         0.00000     0.00000     0.00000     0.00000
    -36.045         0.00000     0.00000     0.00000     0.00000
    -35.895         0.00000     0.00000     0.00000     0.00000
    -35.745         0.00000     0.00000     0.00000     0.00000
    -35.595         0.00000     0.00000     0.00000     0.00000
    -35.445         0.00000     0.00000     0.00000     0.00000
    -35.295         0.00000     0.00000     0.00000     0.00000
    -35.145         0.00000     0.00000     0.00000     0.00000
    -34.995         0.00000     0.00000     0.00000     0.00000
    -34.845         0.00000     0.00000     0.00000     0.00000
    -34.695         0.00000     0.00000     0.00000     0.00000
    -34.545         0.00000     0.00000     0.00000     0.00000
    -34.395         0.00000     0.00000     0.00000     0.00000
    -34.245         0.00000     0.00000     0.00000     0.00000
    -34.095         0.00000     0.00000     0.00000     0.00000
    -33.945         0.00000     0.00000     0.00000     0.00000
    -33.795         0.00000     0.00000     0.00000     0.00000
    -33.645         0.00000     0.00000     0.00000     0.00000
    -33.495         0.00000     0.00000     0.00000     0.00000
    -33.345         0.00000     0.00000     0.00000     0.00000
    -33.195         0.00000     0.00000     0.00000     0.00000
    -33.045         0.00000     0.00000     0.00000     0.00000
    -32.895         0.00000     0.00000     0.00000     0.00000
    -32.745         0.00000     0.00000     0.00000     0.00000
    -32.595         0.00000     0.00000     0.00000     0.00000
    -32.445         0.00000     0.00000     0.00000     0.00000
    -32.295         0.00000     0.00000     0.00000     0.00000
    -32.145         0.00000     0.00000     0.00000     0.00000
    -31.995         0.00000     0.00000     0.00000     0.00000
    -31.845         0.00000     0.00000     0.00000     0.00000
    -31.695         0.00000     0.00000     0.00000     0.00000
    -31.545         0.00000     0.00000     0.00000     0.00000
    -31.395         0.00000     0.00000     0.00000     0.00000
    -31.245         0.00000     0.00000     0.00000     0.00000
    -31.095         0.00000     0.00000     0.00000     0.00000
    -30.945         0.00000     0.00000     0.00000     0.00000
    -30.795         0.00000     0.00000     0.00000     0.00000
    -30.645         0.00000     0.00000     0.00000     0.00000
    -30.495         0.00000     0.00000     0.00000     0.00000
    -30.345         0.00000     0.00000     0.00000     0.00000
    -30.195         0.00000     0.00000     0.00000     0.00000
    -30.045         0.00000     0.00000     0.00000     0.00000
    -29.895         0.00000     0.00000     0.00000     0.00000
    -29.745         0.00000     0.00000     0.00000     0.00000
    -29.595         0.00000     0.00000     0.00000     0.00000
    -29.445         0.00000     0.00000     0.00000     0.00000
    -29.295         0.00000     0.00000     0.00000     0.00000
    -29.145         0.00000     0.00000     0.00000     0.00000
    -28.995         0.00000     0.00000     0.00000     0.00000
    -28.845         0.00000     0.00000     0.00000     0.00000
    -28.695         0.00000     0.00000     0.00000     0.00000
    -28.545         0.00000     0.00000     0.00000     0.00000
    -28.395         0.00000     0.00000     0.00000     0.00000
    -28.245         0.00000     0.00000     0.00000     0.00000
    -28.095         0.00000     0.00000     0.00000     0.00000
    -27.945         0.00000     0.00000     0.00000     0.00000
    -27.795         0.00000     0.00000     0.00000     0.00000
    -27.645         0.00000     0.00000     0.00000     0.00000
    -27.495         0.00000     0.00000     0.00000     0.00000
    -27.345         0.00000     0.00000     0.00000     0.00000
    -27.195         0.00000     0.00000     0.00000     0.00000
    -27.045         0.00000     0.00000     0.00000     0.00000
    -26.895         0.00000     0.00000     0.00000     0.00000
    -26.745         0.00000     0.00000     0.00000     0.00000
    -26.595         0.00000     0.00000     0.00000     0.00000
    -26.445         0.00000     0.00000     0.00000     0.00000
    -26.295         0.00000     0.00000     0.00000     0.00000
    -26.145         0.00000     0.00000     0.00000     0.00000
    -25.995         0.00000     0.00000     0.00000     0.00000
    -25.845         0.00000     0.00000     0.00000     0.00000
    -25.695         0.00000     0.00000     0.00000     0.00000
    -25.545         0.00000     0.00000     0.00000     0.00000
    -25.395         0.00000     0.00000     0.00000     0.00000
    -25.245         0.00000     0.00000     0.00000     0.00000
    -25.095         0.00000     0.00000     0.00000     0.00000
    -24.945         0.00000     0.00000     0.00000     0.00000
    -24.795         0.00000     0.00000     0.00000     0.00000
    -24.645         0.00000     0.00000     0.00000     0.00000
    -24.495         0.00000     0.00000     0.00000     0.00000
    -24.345         0.00000     0.00000     0.00000     0.00000
    -24.195         0.00000     0.00000     0.00000     0.00000
    -24.045         0.00000     0.00000     0.00000     0.00000
    -23.895         0.00000     0.00000     0.00000     0.00000
    -23.745         0.00000     0.00000     0.00000     0.00000
    -23.595         0.00000     0.00000     0.00000     0.00000
    -23.445         0.00000     0.00000     0.00000     0.00000
    -23.295         0.00000     0.00000     0.00000     0.00000
    -23.145         0.00000     0.00000     0.00000     0.00000
    -22.995         0.00000     0.00000     0.00000     0.00000
    -22.845         0.00000     0.00000     0.00000     0.00000
    -22.695         0.00000     0.00000     0.00000     0.00000
    -22.545         0.00000     0.00000     0.00000     0.00000
    -22.395         0.00000     0.00000     0.00000     0.00000
    -22.245         0.00000     0.00000     0.00000     0.00000
    -22.095         0.00000     0.00000     0.00000     0.00000
    -21.945         0.00000     0.00000     0.00000     0.00000
    -21.795         0.00000     0.00000     0.00000     0.00000
    -21.645         0.00000     0.00000     0.00000     0.00000
    -21.495         0.00000     0.00000     0.00000     0.00000
    -21.345         0.00000     0.00000     0.00000     0.00000
    -21.195         0.00000     0.00000     0.00000     0.00000
    -21.045         0.00000     0.00000     0.00000     0.00000
    -20.895         0.00000     0.00000     0.00000     0.00000
    -20.745         0.00000     0.00000     0.00000     0.00000
    -20.595         0.00000     0.00000     0.00000     0.00000
    -20.445         0.00000     0.00000     0.00000     0.00000
    -20.295         0.00000     0.00000     0.00000     0.00000
    -20.145         0.00000     0.00000     0.00000     0.00000
    -19.995         0.00000     0.00000     0.00000     0.00000
    -19.845         0.00000     0.00000     0.00000     0.00000
    -19.695         0.00000     0.00000     0.00000     0.00000
    -19.545         0.00000     0.00000     0.00000     0.00000
    -19.395         0.00000     0.00000     0.00000     0.00000
    -19.245         0.00000     0.00000     0.00000     0.00000
    -19.095         0.00000     0.00000     0.00000     0.00000
    -18.945         0.00000     0.00000     0.00000     0.00000
    -18.795         0.00000     0.00000     0.00000     0.00000
    -18.645         0.00000     0.00000     0.00000     0.00000
    -18.495         0.00000     0.00000     0.00000     0.00000
    -18.345         0.00000     0.00000     0.00000     0.00000
    -18.195         0.00000     0.00000     0.00000     0.00000
    -18.045         0.00000     0.00000     0.00000     0.00000
    -17.895         0.00000     0.00000     0.00000     0.00000
    -17.745         0.00000     0.00000     0.00000     0.00000
    -17.595         0.00000     0.00000     0.00000     0.00000
    -17.445         0.00000     0.00000     0.00000     0.00000
    -17.295         0.00000     0.00000     0.00000     0.00000
    -17.145         0.00000     0.00000     0.00000     0.00000
    -16.995         0.00000     0.00000     0.00000     0.00000
    -16.845         0.00000     0.00000     0.00000     0.00000
    -16.695         0.00000     0.00000     0.00000     0.00000
    -16.545         0.00000     0.00000     0.00000     0.00000
    -16.395         0.00000     0.00000     0.00000     0.00000
    -16.245         0.00000     0.00000     0.00000     0.00000
    -16.095         0.00000     0.00000     0.00000     0.00000
    -15.945         0.00000     0.00000     0.00000     0.00000
    -15.795         0.00000     0.00000     0.00000     0.00000
    -15.645         0.00000     0.00000     0.00000     0.00000
    -15.495         0.00000     0.00000     0.00000     0.00000
    -15.345         0.00000     0.00000     0.00000     0.00000
    -15.195         0.00000     0.00000     0.00000     0.00000
    -15.045         0.00000     0.00000     0.00000     0.00000
    -14.895         0.00000     0.00000     0.00000     0.00000
    -14.745         0.00000     0.00000     0.00000     0.00000
    -14.595         0.00000     0.00000     0.00000     0.00000
    -14.445         0.00000     0.00000     0.00000     0.00000
    -14.295         0.00000     0.00000     0.00000     0.00000
    -14.145         0.00000     0.00000     0.00000     0.00000
    -13.995         0.00000     0.00000     0.00000     0.00000
    -13.845         0.00000     0.00000     0.00000     0.00000
    -13.695         0.00000     0.00000     0.00000     0.00000
    -13.545         0.00000     0.00000     0.00000     0.00000
    -13.395         0.00000     0.00000     0.00000     0.00000
    -13.245         0.00000     0.00000     0.00000     0.00000
    -13.095         0.00000     0.00000     0.00000     0.00000
    -12.945         0.00000     0.00000     0.00000     0.00000
    -12.795         0.00000     0.00000     0.00000     0.00000
    -12.645         0.00000     0.00000     0.00000     0.00000
    -12.495         0.00000     0.00000     0.00000     0.00000
    -12.345         0.00000     0.00000     0.00000     0.00000
    -12.195         0.00000     0.00000     0.00000     0.00000
    -12.045         0.00000     0.00000     0.00000     0.00000
    -11.895         0.00000     0.00000     0.00000     0.00000
    -11.745         0.00000     0.00000     0.00000     0.00000
    -11.595         0.00000     0.00000     0.00000     0.00000
    -11.445         0.00000     0.00000     0.00000     0.00000
    -11.295         0.00000     0.00000     0.00000     0.00000
    -11.145         0.00000     0.00000     0.00000     0.00000
    -10.995         0.00000     0.00000     0.00000     0.00000
    -10.845         0.00000     0.00000     0.00000     0.00000
    -10.695         0.00000     0.00000     0.00000     0.00000
    -10.545         0.00000     0.00000     0.00000     0.00000
    -10.395         0.00000     0.00000     0.00000     0.00000
    -10.245         0.00000     0.00000     0.00000     0.00000
    -10.095         0.00000     0.00000     0.00000     0.00000
    -9.9450         0.00000     0.00000     0.00000     0.00000
    -9.7950         0.00000     0.00000     0.00000     0.00000
    -9.6450         0.00000     0.00000     0.00000     0.00000
    -9.4950         0.00000     0.00000     0.00000     0.00000
    -9.3450         0.00000     0.00000     0.00000     0.00000
    -9.1950         0.00000     0.00000     0.00000     0.00000
    -9.0450         0.00000     0.00000     0.00000     0.00000
    -8.8950         0.00000     0.00000     0.00000     0.00000
    -8.7450         0.00000     0.00000     0.00000     0.00000
    -8.5950         0.00000     0.00000     0.00000     0.00000
    -8.4450         0.00000     0.00000     0.00000     0.00000
    -8.2950         0.00000     0.00000     0.00000     0.00000
    -8.1450         0.00000     0.00000     0.00000     0.00000
    -7.9950         0.00000     0.00000     0.00000     0.00000
    -7.8450         0.00000     0.00000     0.00000     0.00000
    -7.6950         0.00000     0.00000     0.00000     0.00000
    -7.5450         0.00000     0.00000     0.00000     0.00000
    -7.3950         0.00000     0.00000     0.00000     0.00000
    -7.2450         0.00000     0.00000     0.00000     0.00000
    -7.0950         0.00000     0.00000     0.00000     0.00000
    -6.9450         0.00000     0.00000     0.00000     0.00000
    -6.7950         0.00000     0.00000     0.00000     0.00000
    -6.6450         0.00000     0.00000     0.00000     0.00000
    -6.4950         0.00000     0.00000     0.00000     0.00000
    -6.3450         0.00000     0.00000     0.00000     0.00000
    -6.1950         0.00000     0.00000     0.00000     0.00000
    -6.0450         0.00000     0.00000     0.00000     0.00000
    -5.8950         0.00000     0.00000     0.00000     0.00000
    -5.7450         0.00000     0.00000     0.00000     0.00000
    -5.5950         0.00000     0.00000     0.00000     0.00000
    -5.4450         0.00000     0.00000     0.00000     0.00000
    -5.2950         0.00000     0.00000     0.00000     0.00000
    -5.1450         0.00000     0.00000     0.00000     0.00000
    -4.9950         0.00000     0.00000     0.00000     0.00000
    -4.8450         0.00000     0.00000     0.00000     0.00000
    -4.6950         0.00000     0.00000     0.00000     0.00000
    -4.5450         0.00000     0.00000     0.00000     0.00000
    -4.3950         0.00000     0.00000     0.00000     0.00000
    -4.2450         0.00000     0.00000     0.00000     0.00000
    -4.0950         0.00000     0.00000     0.00000     0.00000
    -3.9450         0.00000     0.00000     0.00000     0.00000
    -3.7950         0.00000     0.00000     0.00000     0.00000
    -3.6450         0.00000     0.00000     0.00000     0.00000
    -3.4950         0.00000     0.00000     0.00000     0.00000
    -3.3450         0.00000     0.00000     0.00000     0.00000
    -3.1950         0.00000     0.00000     0.00000     0.00000
    -3.0450         0.00000     0.00000     0.00000     0.00000
    -2.8950         0.00000     0.00000     0.00000     0.00000
    -2.7450         0.00000     0.00000     0.00000     0.00000
    -2.5950         0.00000     0.00000     0.00000     0.00000
    -2.4450        -0.00000    -0.00000     0.00000     0.00000
    -2.2950        -0.00000    -0.00000     0.00000     0.00000
    -2.1450        -0.00000    -0.00000     0.00000     0.00000
    -1.9950         0.00000     0.00000     0.00000    -0.00000
    -1.8450         0.00001     0.00001     0.00000     0.00000
    -1.6950         0.00004     0.00003     0.00000     0.00001
    -1.5450        -0.00001     0.00011     0.00000    -0.00012
    -1.3950        -0.00103     0.00033     0.00000    -0.00136
    -1.2450        -0.00774    -0.00079    -0.00000    -0.00695
    -1.0950        -0.02629    -0.00241     0.00000    -0.02389
   -0.94500        -0.08161    -0.00554     0.00004    -0.07611
   -0.79500        -0.28016    -0.01239     0.00046    -0.26822
   -0.64500        -1.07442    -0.02489    -0.00150    -1.04803
   -0.49500        -3.23702    -0.04607    -0.01202    -3.17893
   -0.34500        -6.38455    -0.07822    -0.03577    -6.27056
   -0.22700        -7.32145    -0.09274    -0.04662    -7.18209
   -0.21300        -7.42521    -0.09458    -0.04805    -7.28257
   -0.20700        -7.52852    -0.09664    -0.04951    -7.38237
   -0.20100        -7.63001    -0.09857    -0.05109    -7.48035
   -0.19500        -7.73075    -0.10064    -0.05264    -7.57748
   -0.18900        -7.83067    -0.10275    -0.05415    -7.67377
   -0.18300        -7.92893    -0.10498    -0.05577    -7.76817
   -0.17700        -8.02739    -0.10721    -0.05753    -7.86264
   -0.17100        -8.12542    -0.10945    -0.05936    -7.95661
   -0.16500        -8.22407    -0.11176    -0.06118    -8.05113
   -0.15900        -8.32225    -0.11436    -0.06299    -8.14490
   -0.15300        -8.42087    -0.11681    -0.06496    -8.23911
   -0.14700        -8.51937    -0.11932    -0.06690    -8.33315
   -0.14100        -8.61784    -0.12202    -0.06889    -8.42694
   -0.13500        -8.71760    -0.12481    -0.07095    -8.52184
   -0.12900        -8.81823    -0.12773    -0.07291    -8.61759
   -0.12300        -8.92053    -0.13091    -0.07513    -8.71450
   -0.11700        -9.02455    -0.13422    -0.07762    -8.81271
   -0.11100        -9.12920    -0.13743    -0.08016    -8.91161
   -0.10500        -9.23657    -0.14091    -0.08285    -9.01280
   -0.99000E-01    -9.34657    -0.14446    -0.08568    -9.11644
   -0.93000E-01    -9.46039    -0.14835    -0.08879    -9.22326
   -0.87000E-01    -9.57834    -0.15242    -0.09217    -9.33374
   -0.81000E-01    -9.70159    -0.15664    -0.09583    -9.44912
   -0.75000E-01    -9.83002    -0.16108    -0.09963    -9.56931
   -0.69000E-01    -9.96521    -0.16576    -0.10393    -9.69551
   -0.63000E-01   -10.10943    -0.17102    -0.10885    -9.82956
   -0.57000E-01   -10.26362    -0.17669    -0.11456    -9.97237
   -0.51000E-01   -10.43161    -0.18286    -0.12103   -10.12772
   -0.45000E-01   -10.61356    -0.18976    -0.12878   -10.29501
   -0.39000E-01   -10.81232    -0.19738    -0.13851   -10.47643
   -0.33000E-01   -11.03079    -0.20636    -0.15110   -10.67332
   -0.27000E-01   -11.27486    -0.21724    -0.16802   -10.88961
   -0.21300E-01   -11.45976    -0.22621    -0.18410   -11.04945
   -0.19500E-01   -11.48869    -0.22771    -0.18696   -11.07402
   -0.18900E-01   -11.51776    -0.22923    -0.18993   -11.09860
   -0.18300E-01   -11.54740    -0.23078    -0.19301   -11.12361
   -0.17700E-01   -11.57744    -0.23237    -0.19628   -11.14880
   -0.17100E-01   -11.60822    -0.23396    -0.19981   -11.17445
   -0.16500E-01   -11.63966    -0.23565    -0.20351   -11.20050
   -0.15900E-01   -11.67189    -0.23740    -0.20743   -11.22706
   -0.15300E-01   -11.70466    -0.23920    -0.21158   -11.25388
   -0.14700E-01   -11.73823    -0.24109    -0.21605   -11.28109
   -0.14100E-01   -11.77246    -0.24301    -0.22076   -11.30869
   -0.13500E-01   -11.80772    -0.24501    -0.22588   -11.33683
   -0.12900E-01   -11.84395    -0.24705    -0.23139   -11.36551
   -0.12300E-01   -11.88096    -0.24918    -0.23742   -11.39437
   -0.11700E-01   -11.91912    -0.25135    -0.24391   -11.42386
   -0.11100E-01   -11.95852    -0.25364    -0.25103   -11.45384
   -0.10500E-01   -11.99917    -0.25599    -0.25888   -11.48430
   -0.99000E-02   -12.04123    -0.25844    -0.26755   -11.51524
   -0.93000E-02   -12.08484    -0.26095    -0.27728   -11.54660
   -0.87000E-02   -12.13048    -0.26355    -0.28821   -11.57872
   -0.81000E-02   -12.17842    -0.26624    -0.30085   -11.61133
   -0.75000E-02   -12.22911    -0.26905    -0.31553   -11.64454
   -0.69000E-02   -12.28347    -0.27194    -0.33316   -11.67836
   -0.63000E-02   -12.34263    -0.27494    -0.35508   -11.71261
   -0.57000E-02   -12.40877    -0.27802    -0.38335   -11.74740
   -0.51000E-02   -12.48487    -0.28120    -0.42097   -11.78270
   -0.45000E-02   -12.57589    -0.28445    -0.47295   -11.81849
   -0.39000E-02   -12.68908    -0.28778    -0.54610   -11.85520
   -0.33000E-02   -12.82175    -0.29109    -0.63769   -11.89297
   -0.27000E-02   -12.93780    -0.29439    -0.71049   -11.93292
   -0.21000E-02   -13.02320    -0.29753    -0.74813   -11.97754
   -0.15000E-02   -13.09973    -0.30036    -0.76483   -12.03454
   -0.90000E-03   -13.20531    -0.30255    -0.77120   -12.13155
   -0.30000E-03   -14.63209    -0.30354    -0.77262   -13.55593
    0.30000E-03   -13.20768    -0.30214    -0.77164   -12.13390
    0.90000E-03   -13.10888    -0.29582    -0.76941   -12.04365
    0.15000E-02   -13.04813    -0.27914    -0.76655   -12.00244
    0.21000E-02   -12.98663    -0.24143    -0.76335   -11.98185
    0.27000E-02   -12.89996    -0.16837    -0.76001   -11.97159
    0.33000E-02   -12.79953    -0.07653    -0.75658   -11.96642
    0.39000E-02   -12.72013    -0.00312    -0.75324   -11.96377
    0.45000E-02   -12.66337     0.04897    -0.74994   -11.96240
    0.51000E-02   -12.62193     0.08648    -0.74672   -11.96168
    0.57000E-02   -12.59031     0.11459    -0.74360   -11.96130
    0.63000E-02   -12.56529     0.13636    -0.74056   -11.96109
    0.69000E-02   -12.54476     0.15383    -0.73761   -11.96097
    0.75000E-02   -12.52727     0.16840    -0.73476   -11.96091
    0.81000E-02   -12.51198     0.18091    -0.73203   -11.96086
    0.87000E-02   -12.49854     0.19168    -0.72939   -11.96083
    0.93000E-02   -12.48647     0.20119    -0.72686   -11.96080
    0.99000E-02   -12.47543     0.20976    -0.72442   -11.96077
    0.10500E-01   -12.46543     0.21743    -0.72211   -11.96075
    0.11100E-01   -12.45617     0.22441    -0.71986   -11.96073
    0.11700E-01   -12.44755     0.23080    -0.71765   -11.96070
    0.12300E-01   -12.43957     0.23665    -0.71555   -11.96067
    0.12900E-01   -12.43210     0.24206    -0.71352   -11.96065
    0.13500E-01   -12.42509     0.24711    -0.71158   -11.96062
    0.14100E-01   -12.41849     0.25180    -0.70971   -11.96059
    0.14700E-01   -12.41230     0.25615    -0.70790   -11.96056
    0.15300E-01   -12.40654     0.26018    -0.70619   -11.96053
    0.15900E-01   -12.40105     0.26397    -0.70451   -11.96051
    0.16500E-01   -12.39576     0.26755    -0.70284   -11.96047
    0.17100E-01   -12.39071     0.27095    -0.70122   -11.96044
    0.17700E-01   -12.38590     0.27418    -0.69968   -11.96040
    0.18300E-01   -12.38137     0.27717    -0.69819   -11.96036
    0.18900E-01   -12.37699     0.28007    -0.69675   -11.96032
    0.19500E-01   -12.37294     0.28273    -0.69539   -11.96028
    0.21300E-01   -12.34874     0.29825    -0.68697   -11.96002
    0.27000E-01   -12.32257     0.31417    -0.67723   -11.95952
    0.33000E-01   -12.30398     0.32493    -0.66997   -11.95893
    0.39000E-01   -12.28978     0.33274    -0.66428   -11.95824
    0.45000E-01   -12.27891     0.33839    -0.65986   -11.95745
    0.51000E-01   -12.27017     0.34273    -0.65634   -11.95656
    0.57000E-01   -12.26288     0.34611    -0.65337   -11.95562
    0.63000E-01   -12.25695     0.34874    -0.65110   -11.95459
    0.69000E-01   -12.25166     0.35081    -0.64907   -11.95340
    0.75000E-01   -12.24713     0.35242    -0.64747   -11.95208
    0.81000E-01   -12.24329     0.35361    -0.64610   -11.95080
    0.87000E-01   -12.23982     0.35458    -0.64496   -11.94944
    0.93000E-01   -12.23681     0.35524    -0.64407   -11.94798
    0.99000E-01   -12.23375     0.35580    -0.64315   -11.94640
    0.10500       -12.23086     0.35633    -0.64234   -11.94485
    0.11100       -12.22839     0.35668    -0.64177   -11.94330
    0.11700       -12.22588     0.35694    -0.64123   -11.94159
    0.12300       -12.22354     0.35715    -0.64077   -11.93992
    0.12900       -12.22114     0.35730    -0.64029   -11.93815
    0.13500       -12.21888     0.35744    -0.63999   -11.93633
    0.14100       -12.21646     0.35756    -0.63971   -11.93431
    0.14700       -12.21398     0.35765    -0.63946   -11.93217
    0.15300       -12.21155     0.35774    -0.63923   -11.93007
    0.15900       -12.20937     0.35782    -0.63908   -11.92811
    0.16500       -12.20688     0.35789    -0.63892   -11.92584
    0.17100       -12.20454     0.35795    -0.63880   -11.92369
    0.17700       -12.20219     0.35804    -0.63871   -11.92151
    0.18300       -12.19970     0.35811    -0.63861   -11.91920
    0.18900       -12.19708     0.35843    -0.63853   -11.91699
    0.19500       -12.19449     0.35849    -0.63840   -11.91458
    0.20100       -12.19198     0.35856    -0.63832   -11.91222
    0.20700       -12.18918     0.35885    -0.63823   -11.90980
    0.21300       -12.18624     0.35913    -0.63819   -11.90718
    0.22700       -12.16261     0.36049    -0.63793   -11.88517
    0.34500       -12.08377     0.36294    -0.63751   -11.80919
    0.49500       -11.99559     0.36549    -0.63654   -11.72454
    0.64500       -11.90236     0.36811    -0.63567   -11.63480
    0.79500       -11.80462     0.37155    -0.63489   -11.54128
    0.94500       -11.70578     0.37410    -0.63419   -11.44569
     1.0950       -11.60604     0.37688    -0.63354   -11.34938
     1.2450       -11.50688     0.37941    -0.63293   -11.25336
     1.3950       -11.40780     0.38174    -0.63238   -11.15716
     1.5450       -11.31137     0.38392    -0.63185   -11.06343
     1.6950       -11.21641     0.38594    -0.63136   -10.97100
     1.8450       -11.12407     0.38785    -0.63087   -10.88105
     1.9950       -11.03538     0.38952    -0.63041   -10.79449
     2.1450       -10.94975     0.39122    -0.62998   -10.71098
     2.2950       -10.86694     0.39283    -0.62956   -10.63021
     2.4450       -10.78729     0.39436    -0.62916   -10.55250
     2.5950       -10.71089     0.39583    -0.62878   -10.47794
     2.7450       -10.63644     0.39722    -0.62839   -10.40527
     2.8950       -10.56543     0.39858    -0.62803   -10.33597
     3.0450       -10.49704     0.39985    -0.62769   -10.26921
     3.1950       -10.43119     0.40107    -0.62732   -10.20494
     3.3450       -10.36692     0.40223    -0.62699   -10.14216
     3.4950       -10.30503     0.40337    -0.62669   -10.08170
     3.6450       -10.24539     0.40445    -0.62640   -10.02345
     3.7950       -10.18794     0.40550    -0.62610    -9.96734
     3.9450       -10.13221     0.40652    -0.62583    -9.91290
     4.0950       -10.07823     0.40751    -0.62554    -9.86020
     4.2450       -10.02596     0.40847    -0.62527    -9.80916
     4.3950        -9.97535     0.40940    -0.62501    -9.75974
     4.5450        -9.92612     0.41032    -0.62475    -9.71168
     4.6950        -9.87837     0.41120    -0.62452    -9.66506
     4.8450        -9.83199     0.41205    -0.62426    -9.61978
     4.9950        -9.78679     0.41289    -0.62402    -9.57566
     5.1450        -9.74286     0.41371    -0.62379    -9.53277
     5.2950        -9.70000     0.41450    -0.62356    -9.49094
     5.4450        -9.65820     0.41527    -0.62333    -9.45014
     5.5950        -9.61751     0.41602    -0.62312    -9.41041
     5.7450        -9.57772     0.41677    -0.62290    -9.37159
     5.8950        -9.53890     0.41748    -0.62268    -9.33371
     6.0450        -9.50099     0.41819    -0.62247    -9.29671
     6.1950        -9.46391     0.41889    -0.62225    -9.26054
     6.3450        -9.42762     0.41955    -0.62205    -9.22512
     6.4950        -9.39209     0.42021    -0.62186    -9.19045
     6.6450        -9.35737     0.42085    -0.62167    -9.15655
     6.7950        -9.32329     0.42148    -0.62148    -9.12329
     6.9450        -9.28996     0.42209    -0.62129    -9.09076
     7.0950        -9.25731     0.42269    -0.62112    -9.05889
     7.2450        -9.22530     0.42329    -0.62095    -9.02764
     7.3950        -9.19391     0.42387    -0.62077    -8.99701
     7.5450        -9.16305     0.42443    -0.62059    -8.96688
     7.6950        -9.13280     0.42499    -0.62043    -8.93736
     7.8450        -9.10315     0.42553    -0.62028    -8.90840
     7.9950        -9.07395     0.42607    -0.62011    -8.87992
     8.1450        -9.04531     0.42660    -0.61993    -8.85198
     8.2950        -9.01711     0.42713    -0.61977    -8.82447
     8.4450        -8.98947     0.42764    -0.61961    -8.79749
     8.5950        -8.96222     0.42814    -0.61945    -8.77091
     8.7450        -8.93543     0.42864    -0.61930    -8.74477
     8.8950        -8.90912     0.42913    -0.61914    -8.71911
     9.0450        -8.88323     0.42961    -0.61899    -8.69386
     9.1950        -8.85771     0.43008    -0.61883    -8.66896
     9.3450        -8.83262     0.43054    -0.61870    -8.64446
     9.4950        -8.80791     0.43100    -0.61856    -8.62035
     9.6450        -8.78358     0.43145    -0.61842    -8.59661
     9.7950        -8.75959     0.43189    -0.61828    -8.57321
     9.9450        -8.73596     0.43233    -0.61815    -8.55014
     10.095        -8.71264     0.43276    -0.61799    -8.52741
     10.245        -8.68968     0.43318    -0.61787    -8.50499
     10.395        -8.66706     0.43361    -0.61773    -8.48293
     10.545        -8.64475     0.43402    -0.61759    -8.46118
     10.695        -8.62278     0.43442    -0.61746    -8.43974
     10.845        -8.60104     0.43483    -0.61733    -8.41855
     10.995        -8.57963     0.43523    -0.61719    -8.39766
     11.145        -8.55847     0.43562    -0.61706    -8.37703
     11.295        -8.53758     0.43601    -0.61693    -8.35666
     11.445        -8.51695     0.43640    -0.61680    -8.33655
     11.595        -8.49660     0.43677    -0.61666    -8.31671
     11.745        -8.47653     0.43714    -0.61653    -8.29715
     11.895        -8.45675     0.43751    -0.61642    -8.27784
     12.045        -8.43714     0.43788    -0.61629    -8.25873
     12.195        -8.41784     0.43823    -0.61617    -8.23990
     12.345        -8.39873     0.43858    -0.61606    -8.22125
     12.495        -8.37984     0.43894    -0.61594    -8.20284
     12.645        -8.36120     0.43928    -0.61583    -8.18465
     12.795        -8.34277     0.43963    -0.61571    -8.16669
     12.945        -8.32452     0.43997    -0.61560    -8.14889
     13.095        -8.30654     0.44030    -0.61548    -8.13136
     13.245        -8.28875     0.44063    -0.61537    -8.11401
     13.395        -8.27110     0.44096    -0.61525    -8.09681
     13.545        -8.25367     0.44129    -0.61514    -8.07982
     13.695        -8.23649     0.44161    -0.61504    -8.06306
     13.845        -8.21946     0.44193    -0.61495    -8.04644
     13.995        -8.20265     0.44225    -0.61485    -8.03005
     14.145        -8.18601     0.44255    -0.61475    -8.01381
     14.295        -8.16951     0.44286    -0.61465    -7.99772
     14.445        -8.15320     0.44317    -0.61455    -7.98182
     14.595        -8.13701     0.44347    -0.61444    -7.96604
     14.745        -8.12097     0.44377    -0.61434    -7.95040
     14.895        -8.10513     0.44406    -0.61424    -7.93495
     15.045        -8.08951     0.44436    -0.61416    -7.91971
     15.195        -8.07400     0.44465    -0.61406    -7.90459
     15.345        -8.05865     0.44494    -0.61396    -7.88963
     15.495        -8.04346     0.44523    -0.61387    -7.87482
     15.645        -8.02840     0.44552    -0.61378    -7.86013
     15.795        -8.01345     0.44580    -0.61369    -7.84556
     15.945        -7.99871     0.44607    -0.61360    -7.83119
     16.095        -7.98411     0.44635    -0.61351    -7.81695
     16.245        -7.96961     0.44663    -0.61342    -7.80282
     16.395        -7.95523     0.44690    -0.61332    -7.78881
     16.545        -7.94098     0.44717    -0.61322    -7.77493
     16.695        -7.92690     0.44743    -0.61313    -7.76119
     16.845        -7.91286     0.44769    -0.61304    -7.74752
     16.995        -7.89895     0.44795    -0.61294    -7.73396
     17.145        -7.88519     0.44821    -0.61286    -7.72054
     17.295        -7.87157     0.44846    -0.61278    -7.70725
     17.445        -7.85806     0.44872    -0.61270    -7.69409
     17.595        -7.84467     0.44898    -0.61262    -7.68103
     17.745        -7.83142     0.44922    -0.61254    -7.66810
     17.895        -7.81824     0.44947    -0.61246    -7.65526
     18.045        -7.80522     0.44972    -0.61237    -7.64256
     18.195        -7.79229     0.44996    -0.61229    -7.62996
     18.345        -7.77952     0.45020    -0.61221    -7.61751
     18.495        -7.76680     0.45044    -0.61213    -7.60512
     18.645        -7.75421     0.45068    -0.61205    -7.59283
     18.795        -7.74171     0.45091    -0.61197    -7.58065
     18.945        -7.72929     0.45114    -0.61189    -7.56854
     19.095        -7.71697     0.45137    -0.61180    -7.55654
     19.245        -7.70476     0.45160    -0.61172    -7.54465
     19.395        -7.69262     0.45183    -0.61163    -7.53283
     19.545        -7.68061     0.45206    -0.61155    -7.52111
     19.695        -7.66868     0.45228    -0.61148    -7.50948
     19.845        -7.65684     0.45250    -0.61140    -7.49794
     19.995        -7.64509     0.45272    -0.61132    -7.48649
     20.145        -7.63343     0.45294    -0.61126    -7.47512
     20.295        -7.62184     0.45317    -0.61118    -7.46383
     20.445        -7.61039     0.45338    -0.61111    -7.45266
     20.595        -7.59895     0.45359    -0.61103    -7.44151
     20.745        -7.58769     0.45380    -0.61096    -7.43053
     20.895        -7.57650     0.45401    -0.61089    -7.41962
     21.045        -7.56539     0.45422    -0.61082    -7.40878
     21.195        -7.55432     0.45442    -0.61075    -7.39799
     21.345        -7.54334     0.45463    -0.61068    -7.38729
     21.495        -7.53240     0.45484    -0.61061    -7.37663
     21.645        -7.52158     0.45504    -0.61054    -7.36608
     21.795        -7.51082     0.45524    -0.61047    -7.35559
     21.945        -7.50015     0.45544    -0.61040    -7.34519
     22.095        -7.48955     0.45564    -0.61033    -7.33486
     22.245        -7.47904     0.45584    -0.61026    -7.32462
     22.395        -7.46862     0.45604    -0.61020    -7.31446
     22.545        -7.45826     0.45623    -0.61013    -7.30436
     22.695        -7.44794     0.45642    -0.61006    -7.29430
     22.845        -7.43770     0.45662    -0.60999    -7.28433
     22.995        -7.42757     0.45681    -0.60992    -7.27445
     23.145        -7.41748     0.45700    -0.60985    -7.26462
     23.295        -7.40749     0.45718    -0.60979    -7.25488
     23.445        -7.39753     0.45737    -0.60973    -7.24517
     23.595        -7.38764     0.45755    -0.60967    -7.23552
     23.745        -7.37778     0.45774    -0.60960    -7.22591
     23.895        -7.36799     0.45792    -0.60953    -7.21638
     24.045        -7.35823     0.45811    -0.60946    -7.20688
     24.195        -7.34860     0.45829    -0.60941    -7.19748
     24.345        -7.33904     0.45847    -0.60935    -7.18815
     24.495        -7.32951     0.45865    -0.60929    -7.17887
     24.645        -7.32005     0.45882    -0.60922    -7.16966
     24.795        -7.31065     0.45900    -0.60916    -7.16049
     24.945        -7.30130     0.45917    -0.60910    -7.15138
     25.095        -7.29201     0.45935    -0.60904    -7.14233
     25.245        -7.28276     0.45952    -0.60897    -7.13331
     25.395        -7.27357     0.45970    -0.60891    -7.12436
     25.545        -7.26445     0.45987    -0.60886    -7.11546
     25.695        -7.25536     0.46004    -0.60880    -7.10660
     25.845        -7.24637     0.46021    -0.60874    -7.09784
     25.995        -7.23741     0.46038    -0.60868    -7.08911
     26.145        -7.22853     0.46055    -0.60863    -7.08045
     26.295        -7.21969     0.46071    -0.60857    -7.07184
     26.445        -7.21090     0.46088    -0.60851    -7.06327
     26.595        -7.20219     0.46104    -0.60846    -7.05477
     26.745        -7.19345     0.46120    -0.60839    -7.04626
     26.895        -7.18478     0.46137    -0.60833    -7.03782
     27.045        -7.17620     0.46153    -0.60826    -7.02946
     27.195        -7.16767     0.46169    -0.60821    -7.02114
     27.345        -7.15918     0.46185    -0.60816    -7.01287
     27.495        -7.15071     0.46200    -0.60809    -7.00462
     27.645        -7.14229     0.46216    -0.60804    -6.99641
     27.795        -7.13395     0.46232    -0.60798    -6.98829
     27.945        -7.12564     0.46247    -0.60792    -6.98019
     28.095        -7.11739     0.46262    -0.60787    -6.97214
     28.245        -7.10919     0.46278    -0.60781    -6.96416
     28.395        -7.10102     0.46293    -0.60775    -6.95619
     28.545        -7.09287     0.46308    -0.60770    -6.94825
     28.695        -7.08480     0.46323    -0.60766    -6.94037
     28.845        -7.07676     0.46338    -0.60760    -6.93253
     28.995        -7.06874     0.46353    -0.60754    -6.92473
     29.145        -7.06080     0.46368    -0.60750    -6.91698
     29.295        -7.05287     0.46383    -0.60746    -6.90925
     29.445        -7.04501     0.46398    -0.60740    -6.90159
     29.595        -7.03716     0.46413    -0.60735    -6.89394
     29.745        -7.02940     0.46427    -0.60730    -6.88637
     29.895        -7.02166     0.46441    -0.60725    -6.87883
     30.045        -7.01396     0.46456    -0.60719    -6.87133
     30.195        -7.00630     0.46471    -0.60714    -6.86387
     30.345        -6.99867     0.46485    -0.60709    -6.85643
     30.495        -6.99108     0.46499    -0.60705    -6.84903
     30.645        -6.98355     0.46513    -0.60700    -6.84168
     30.795        -6.97605     0.46527    -0.60695    -6.83437
     30.945        -6.96855     0.46541    -0.60690    -6.82706
     31.095        -6.96113     0.46555    -0.60685    -6.81984
     31.245        -6.95371     0.46569    -0.60679    -6.81261
     31.395        -6.94638     0.46583    -0.60674    -6.80547
     31.545        -6.93903     0.46597    -0.60668    -6.79832
     31.695        -6.93174     0.46610    -0.60663    -6.79121
     31.845        -6.92447     0.46624    -0.60659    -6.78413
     31.995        -6.91725     0.46638    -0.60654    -6.77710
     32.145        -6.91009     0.46652    -0.60649    -6.77012
     32.295        -6.90298     0.46665    -0.60645    -6.76318
     32.445        -6.89587     0.46678    -0.60639    -6.75626
     32.595        -6.88881     0.46692    -0.60635    -6.74938
     32.745        -6.88178     0.46705    -0.60630    -6.74252
     32.895        -6.87478     0.46718    -0.60626    -6.73570
     33.045        -6.86782     0.46731    -0.60621    -6.72892
     33.195        -6.86089     0.46744    -0.60616    -6.72217
     33.345        -6.85401     0.46758    -0.60612    -6.71547
     33.495        -6.84713     0.46771    -0.60606    -6.70878
     33.645        -6.84028     0.46784    -0.60602    -6.70211
     33.795        -6.83347     0.46796    -0.60597    -6.69546
     33.945        -6.82670     0.46809    -0.60593    -6.68886
     34.095        -6.81999     0.46822    -0.60589    -6.68231
     34.245        -6.81325     0.46835    -0.60584    -6.67576
     34.395        -6.80657     0.46847    -0.60580    -6.66925
     34.545        -6.79993     0.46860    -0.60575    -6.66278
     34.695        -6.79334     0.46873    -0.60570    -6.65637
     34.845        -6.78676     0.46885    -0.60565    -6.64996
     34.995        -6.78020     0.46897    -0.60561    -6.64356
     35.145        -6.77366     0.46909    -0.60557    -6.63719
     35.295        -6.76714     0.46922    -0.60552    -6.63084
     35.445        -6.76067     0.46934    -0.60547    -6.62453
     35.595        -6.75423     0.46946    -0.60543    -6.61826
     35.745        -6.74782     0.46958    -0.60538    -6.61202
     35.895        -6.74143     0.46970    -0.60534    -6.60579
     36.045        -6.73505     0.46982    -0.60529    -6.59957
     36.195        -6.72871     0.46994    -0.60525    -6.59340
     36.345        -6.72242     0.47006    -0.60521    -6.58727
     36.495        -6.71614     0.47018    -0.60517    -6.58115
     36.645        -6.70987     0.47029    -0.60513    -6.57504
     36.795        -6.70365     0.47041    -0.60509    -6.56897
     36.945        -6.69743     0.47052    -0.60505    -6.56290
     37.095        -6.69126     0.47063    -0.60500    -6.55689
     37.245        -6.68510     0.47075    -0.60496    -6.55089
     37.395        -6.67896     0.47086    -0.60492    -6.54491
     37.545        -6.67288     0.47098    -0.60488    -6.53898
     37.695        -6.66683     0.47109    -0.60484    -6.53308
     37.845        -6.66079     0.47121    -0.60480    -6.52720
     37.995        -6.65477     0.47132    -0.60476    -6.52133
     38.145        -6.64878     0.47143    -0.60472    -6.51549
     38.295        -6.64278     0.47155    -0.60468    -6.50964
     38.445        -6.63686     0.47166    -0.60464    -6.50388
     38.595        -6.63094     0.47177    -0.60460    -6.49811
     38.745        -6.62503     0.47189    -0.60456    -6.49235
     38.895        -6.61916     0.47199    -0.60452    -6.48663
     39.045        -6.61334     0.47210    -0.60448    -6.48096
     39.195        -6.60750     0.47221    -0.60444    -6.47527
     39.345        -6.60170     0.47232    -0.60441    -6.46962
     39.495        -6.59592     0.47244    -0.60437    -6.46399
     39.645        -6.59015     0.47254    -0.60433    -6.45837
     39.795        -6.58443     0.47265    -0.60428    -6.45280
     39.945        -6.57872     0.47276    -0.60424    -6.44723
     40.095        -6.57302     0.47286    -0.60419    -6.44169
     40.245        -6.56737     0.47297    -0.60415    -6.43618
     40.395        -6.56173     0.47308    -0.60411    -6.43070
     40.545        -6.55611     0.47318    -0.60407    -6.42523
     40.695        -6.55051     0.47329    -0.60404    -6.41976
     40.845        -6.54493     0.47340    -0.60399    -6.41433
     40.995        -6.53937     0.47350    -0.60396    -6.40891
     41.145        -6.53385     0.47360    -0.60392    -6.40353
     41.295        -6.52835     0.47370    -0.60388    -6.39817
     41.445        -6.52284     0.47381    -0.60384    -6.39280
     41.595        -6.51737     0.47391    -0.60380    -6.38748
     41.745        -6.51192     0.47401    -0.60377    -6.38217
     41.895        -6.50650     0.47411    -0.60373    -6.37687
     42.045        -6.50110     0.47421    -0.60369    -6.37163
     42.195        -6.49571     0.47432    -0.60366    -6.36637
     42.345        -6.49035     0.47442    -0.60362    -6.36114
     42.495        -6.48498     0.47451    -0.60359    -6.35591
     42.645        -6.47964     0.47461    -0.60355    -6.35070
     42.795        -6.47435     0.47471    -0.60351    -6.34554
     42.945        -6.46905     0.47481    -0.60348    -6.34039
     43.095        -6.46379     0.47491    -0.60345    -6.33525
     43.245        -6.45856     0.47501    -0.60341    -6.33015
     43.395        -6.45333     0.47511    -0.60338    -6.32506
     43.545        -6.44810     0.47521    -0.60334    -6.31996
     43.695        -6.44290     0.47531    -0.60331    -6.31490
     43.845        -6.43774     0.47541    -0.60328    -6.30986
     43.995        -6.43258     0.47551    -0.60324    -6.30484
     44.145        -6.42743     0.47560    -0.60321    -6.29982
     44.295        -6.42231     0.47570    -0.60317    -6.29484
     44.445        -6.41721     0.47580    -0.60314    -6.28987
     44.595        -6.41212     0.47589    -0.60310    -6.28492
     44.745        -6.40707     0.47599    -0.60306    -6.28000
     44.895        -6.40203     0.47609    -0.60303    -6.27509
     45.045        -6.39698     0.47618    -0.60299    -6.27017
     45.195        -6.39197     0.47628    -0.60295    -6.26530
     45.345        -6.38695     0.47637    -0.60291    -6.26041
     45.495        -6.38198     0.47647    -0.60288    -6.25557
     45.645        -6.37704     0.47656    -0.60285    -6.25075
     45.795        -6.37211     0.47665    -0.60281    -6.24595
     45.945        -6.36720     0.47674    -0.60278    -6.24116
     46.095        -6.36228     0.47684    -0.60274    -6.23638
     46.245        -6.35739     0.47693    -0.60271    -6.23161
     46.395        -6.35248     0.47702    -0.60268    -6.22683
     46.545        -6.34763     0.47712    -0.60265    -6.22210
     46.695        -6.34281     0.47721    -0.60261    -6.21740
     46.845        -6.33797     0.47729    -0.60257    -6.21269
     46.995        -6.33316     0.47738    -0.60254    -6.20800
     47.145        -6.32838     0.47747    -0.60251    -6.20334
     47.295        -6.32359     0.47756    -0.60248    -6.19868
     47.445        -6.31884     0.47765    -0.60245    -6.19405
     47.595        -6.31410     0.47774    -0.60241    -6.18943
     47.745        -6.30936     0.47783    -0.60238    -6.18481
     47.895        -6.30465     0.47792    -0.60234    -6.18023
     48.045        -6.29994     0.47801    -0.60231    -6.17563
     48.195        -6.29526     0.47810    -0.60228    -6.17107
     48.345        -6.29059     0.47818    -0.60225    -6.16652
     48.495        -6.28595     0.47827    -0.60221    -6.16200
     48.645        -6.28132     0.47836    -0.60218    -6.15749
     48.795        -6.27670     0.47844    -0.60216    -6.15299
     48.945        -6.27211     0.47853    -0.60212    -6.14851
     49.095        -6.26754     0.47862    -0.60209    -6.14407
     49.245        -6.26298     0.47870    -0.60206    -6.13963
     49.395        -6.25844     0.47879    -0.60203    -6.13520
     49.545        -6.25390     0.47888    -0.60199    -6.13078
     49.695        -6.24937     0.47897    -0.60196    -6.12638
     49.845        -6.24487     0.47905    -0.60193    -6.12199
     49.995        -6.24037     0.47914    -0.60190    -6.11761
     50.145        -6.23589     0.47922    -0.60186    -6.11324
     50.295        -6.23142     0.47931    -0.60183    -6.10889
     50.445        -6.22698     0.47939    -0.60180    -6.10457
     50.595        -6.22254     0.47947    -0.60177    -6.10024
     50.745        -6.21812     0.47956    -0.60174    -6.09593
     50.895        -6.21370     0.47964    -0.60171    -6.09163
     51.045        -6.20930     0.47972    -0.60168    -6.08734
     51.195        -6.20487     0.47981    -0.60164    -6.08304
     51.345        -6.20050     0.47989    -0.60161    -6.07878
     51.495        -6.19613     0.47997    -0.60158    -6.07452
     51.645        -6.19177     0.48005    -0.60155    -6.07027
     51.795        -6.18741     0.48013    -0.60152    -6.06602
     51.945        -6.18308     0.48021    -0.60149    -6.06180
     52.095        -6.17876     0.48029    -0.60146    -6.05759
     52.245        -6.17445     0.48037    -0.60143    -6.05339
     52.395        -6.17016     0.48045    -0.60140    -6.04921
     52.545        -6.16590     0.48053    -0.60136    -6.04506
     52.695        -6.16164     0.48061    -0.60133    -6.04092
     52.845        -6.15740     0.48069    -0.60131    -6.03678
     52.995        -6.15318     0.48077    -0.60127    -6.03267
     53.145        -6.14896     0.48085    -0.60124    -6.02857
     53.295        -6.14477     0.48093    -0.60121    -6.02449
     53.445        -6.14056     0.48101    -0.60118    -6.02039
     53.595        -6.13636     0.48109    -0.60115    -6.01630
     53.745        -6.13221     0.48116    -0.60112    -6.01225
     53.895        -6.12805     0.48124    -0.60109    -6.00820
     54.045        -6.12394     0.48132    -0.60106    -6.00420
     54.195        -6.11980     0.48140    -0.60104    -6.00017
     54.345        -6.11569     0.48147    -0.60101    -5.99616
     54.495        -6.11160     0.48155    -0.60097    -5.99218
     54.645        -6.10750     0.48163    -0.60094    -5.98819
     54.795        -6.10341     0.48171    -0.60091    -5.98421
     54.945        -6.09934     0.48178    -0.60088    -5.98024
     55.095        -6.09528     0.48186    -0.60085    -5.97629
     59.433        -5.77696     0.48788    -0.59851    -5.66633
     80.646        -5.31096     0.49674    -0.59504    -5.21266
     111.21        -4.85711     0.50538    -0.59154    -4.77095
     153.36        -4.41566     0.51378    -0.58806    -4.34138
     211.49        -3.98710     0.52193    -0.58456    -3.92446
     291.64        -3.57155     0.52985    -0.58112    -3.52028
     402.18        -3.16887     0.53753    -0.57774    -3.12866
     554.60        -2.77892     0.54493    -0.57441    -2.74944
     764.80        -2.40113     0.55213    -0.57113    -2.38213
     1054.7        -2.03547     0.55907    -0.56795    -2.02659
     1454.4        -1.68096     0.56583    -0.56484    -1.68195
     2005.6        -1.33758     0.57234    -0.56184    -1.34808
     2765.8        -1.00484     0.57867    -0.55891    -1.02460
     3814.0        -0.68198     0.58481    -0.55606    -0.71074
     5259.5        -0.36862     0.59076    -0.55335    -0.40603
     7252.9        -0.06466     0.59650    -0.55070    -0.11046
     10002.         0.22991     0.60207    -0.54814     0.17599
     13793.         0.51533     0.60747    -0.54565     0.45351
     19020.         0.79059     0.61273    -0.54325     0.72111
     26229.         1.05542     0.61778    -0.54098     0.97862
     36170.         1.30935     0.62270    -0.53883     1.22548
     49878.         1.55245     0.62747    -0.53675     1.46173
     68782.         1.78462     0.63203    -0.53478     1.68737
     94851.         2.00652     0.63638    -0.53290     1.90304
    0.13080E+06     2.21829     0.64056    -0.53111     2.10883
    0.18038E+06     2.42037     0.64457    -0.52941     2.30520
    0.24874E+06     2.61293     0.64838    -0.52782     2.49237
    0.34301E+06     2.79645     0.65202    -0.52632     2.67076
    0.47302E+06     2.97132     0.65550    -0.52488     2.84070
    0.65229E+06     3.13794     0.65881    -0.52351     3.00264
    0.89952E+06     3.29646     0.66196    -0.52224     3.15674
    0.12404E+07     3.44738     0.66496    -0.52103     3.30345
    0.17106E+07     3.59107     0.66782    -0.51989     3.44314
    0.23589E+07     3.72787     0.67053    -0.51882     3.57616
    0.32529E+07     3.85799     0.67312    -0.51781     3.70268
    0.44858E+07     3.98186     0.67559    -0.51688     3.82314
    0.61860E+07     4.09979     0.67795    -0.51597     3.93781
    0.85305E+07     4.21187     0.68019    -0.51514     4.04682
    0.11764E+08     4.31854     0.68232    -0.51436     4.15059
    0.16222E+08     4.42004     0.68434    -0.51361     4.24930
    0.22370E+08     4.51645     0.68627    -0.51292     4.34309
    0.30849E+08     4.60741     0.68811    -0.51226     4.43156
    0.42541E+08     4.69261     0.68984    -0.51166     4.51444
    0.58664E+08     4.77225     0.69148    -0.51110     4.59187
    0.80898E+08     4.84698     0.69304    -0.51057     4.66451
    0.11156E+09     4.91721     0.69450    -0.51008     4.73279
    0.15384E+09     4.98326     0.69586    -0.50963     4.79703
    0.21215E+09     5.04541     0.69715    -0.50923     4.85749
    0.29255E+09     5.10391     0.69835    -0.50882     4.91438
    0.40343E+09     5.15892     0.69947    -0.50847     4.96792
    0.55633E+09     5.21068     0.70053    -0.50814     5.01829
    0.76719E+09     5.25801     0.70155    -0.50784     5.06431
    0.10580E+10     5.30093     0.70249    -0.50758     5.10602
    0.14589E+10     5.34045     0.70338    -0.50732     5.14440
    0.20119E+10     5.37676     0.70417    -0.50709     5.17968
    0.27744E+10     5.41024     0.70491    -0.50688     5.21222
    0.38259E+10     5.44106     0.70558    -0.50669     5.24218
    0.52760E+10     5.46950     0.70620    -0.50650     5.26981
    0.72756E+10     5.49572     0.70677    -0.50633     5.29528
    0.10033E+11     5.51998     0.70730    -0.50617     5.31886
    0.13836E+11     5.54232     0.70778    -0.50603     5.34057
    0.19079E+11     5.56296     0.70822    -0.50589     5.36062
    0.26311E+11     5.58199     0.70864    -0.50577     5.37912
    0.36283E+11     5.59959     0.70902    -0.50566     5.39623
    0.50034E+11     5.61583     0.70937    -0.50555     5.41202
    0.68997E+11     5.63080     0.70969    -0.50546     5.42657
    0.10000E+12     5.81001     0.71354    -0.50426     5.60074
