    -99.945         0.00000     0.00000     0.00000     0.00000
    -99.795         0.00000     0.00000     0.00000     0.00000
    -99.645         0.00000     0.00000     0.00000     0.00000
    -99.495         0.00000     0.00000     0.00000     0.00000
    -99.345         0.00000     0.00000     0.00000     0.00000
    -99.195         0.00000     0.00000     0.00000     0.00000
    -99.045         0.00000     0.00000     0.00000     0.00000
    -98.895         0.00000     0.00000     0.00000     0.00000
    -98.745         0.00000     0.00000     0.00000     0.00000
    -98.595         0.00000     0.00000     0.00000     0.00000
    -98.445         0.00000     0.00000     0.00000     0.00000
    -98.295         0.00000     0.00000     0.00000     0.00000
    -98.145         0.00000     0.00000     0.00000     0.00000
    -97.995         0.00000     0.00000     0.00000     0.00000
    -97.845         0.00000     0.00000     0.00000     0.00000
    -97.695         0.00000     0.00000     0.00000     0.00000
    -97.545         0.00000     0.00000     0.00000     0.00000
    -97.395         0.00000     0.00000     0.00000     0.00000
    -97.245         0.00000     0.00000     0.00000     0.00000
    -97.095         0.00000     0.00000     0.00000     0.00000
    -96.945         0.00000     0.00000     0.00000     0.00000
    -96.795         0.00000     0.00000     0.00000     0.00000
    -96.645         0.00000     0.00000     0.00000     0.00000
    -96.495         0.00000     0.00000     0.00000     0.00000
    -96.345         0.00000     0.00000     0.00000     0.00000
    -96.195         0.00000     0.00000     0.00000     0.00000
    -96.045         0.00000     0.00000     0.00000     0.00000
    -95.895         0.00000     0.00000     0.00000     0.00000
    -95.745         0.00000     0.00000     0.00000     0.00000
    -95.595         0.00000     0.00000     0.00000     0.00000
    -95.445         0.00000     0.00000     0.00000     0.00000
    -95.295         0.00000     0.00000     0.00000     0.00000
    -95.145         0.00000     0.00000     0.00000     0.00000
    -94.995         0.00000     0.00000     0.00000     0.00000
    -94.845         0.00000     0.00000     0.00000     0.00000
    -94.695         0.00000     0.00000     0.00000     0.00000
    -94.545         0.00000     0.00000     0.00000     0.00000
    -94.395         0.00000     0.00000     0.00000     0.00000
    -94.245         0.00000     0.00000     0.00000     0.00000
    -94.095         0.00000     0.00000     0.00000     0.00000
    -93.945         0.00000     0.00000     0.00000     0.00000
    -93.795         0.00000     0.00000     0.00000     0.00000
    -93.645         0.00000     0.00000     0.00000     0.00000
    -93.495         0.00000     0.00000     0.00000     0.00000
    -93.345         0.00000     0.00000     0.00000     0.00000
    -93.195         0.00000     0.00000     0.00000     0.00000
    -93.045         0.00000     0.00000     0.00000     0.00000
    -92.895         0.00000     0.00000     0.00000     0.00000
    -92.745         0.00000     0.00000     0.00000     0.00000
    -92.595         0.00000     0.00000     0.00000     0.00000
    -92.445         0.00000     0.00000     0.00000     0.00000
    -92.295         0.00000     0.00000     0.00000     0.00000
    -92.145         0.00000     0.00000     0.00000     0.00000
    -91.995         0.00000     0.00000     0.00000     0.00000
    -91.845         0.00000     0.00000     0.00000     0.00000
    -91.695         0.00000     0.00000     0.00000     0.00000
    -91.545         0.00000     0.00000     0.00000     0.00000
    -91.395         0.00000     0.00000     0.00000     0.00000
    -91.245         0.00000     0.00000     0.00000     0.00000
    -91.095         0.00000     0.00000     0.00000     0.00000
    -90.945         0.00000     0.00000     0.00000     0.00000
    -90.795         0.00000     0.00000     0.00000     0.00000
    -90.645         0.00000     0.00000     0.00000     0.00000
    -90.495         0.00000     0.00000     0.00000     0.00000
    -90.345         0.00000     0.00000     0.00000     0.00000
    -90.195         0.00000     0.00000     0.00000     0.00000
    -90.045         0.00000     0.00000     0.00000     0.00000
    -89.895         0.00000     0.00000     0.00000     0.00000
    -89.745         0.00000     0.00000     0.00000     0.00000
    -89.595         0.00000     0.00000     0.00000     0.00000
    -89.445         0.00000     0.00000     0.00000     0.00000
    -89.295         0.00000     0.00000     0.00000     0.00000
    -89.145         0.00000     0.00000     0.00000     0.00000
    -88.995         0.00000     0.00000     0.00000     0.00000
    -88.845         0.00000     0.00000     0.00000     0.00000
    -88.695         0.00000     0.00000     0.00000     0.00000
    -88.545         0.00000     0.00000     0.00000     0.00000
    -88.395         0.00000     0.00000     0.00000     0.00000
    -88.245         0.00000     0.00000     0.00000     0.00000
    -88.095         0.00000     0.00000     0.00000     0.00000
    -87.945         0.00000     0.00000     0.00000     0.00000
    -87.795         0.00000     0.00000     0.00000     0.00000
    -87.645         0.00000     0.00000     0.00000     0.00000
    -87.495         0.00000     0.00000     0.00000     0.00000
    -87.345         0.00000     0.00000     0.00000     0.00000
    -87.195         0.00000     0.00000     0.00000     0.00000
    -87.045         0.00000     0.00000     0.00000     0.00000
    -86.895         0.00000     0.00000     0.00000     0.00000
    -86.745         0.00000     0.00000     0.00000     0.00000
    -86.595         0.00000     0.00000     0.00000     0.00000
    -86.445         0.00000     0.00000     0.00000     0.00000
    -86.295         0.00000     0.00000     0.00000     0.00000
    -86.145         0.00000     0.00000     0.00000     0.00000
    -85.995         0.00000     0.00000     0.00000     0.00000
    -85.845         0.00000     0.00000     0.00000     0.00000
    -85.695         0.00000     0.00000     0.00000     0.00000
    -85.545         0.00000     0.00000     0.00000     0.00000
    -85.395         0.00000     0.00000     0.00000     0.00000
    -85.245         0.00000     0.00000     0.00000     0.00000
    -85.095         0.00000     0.00000     0.00000     0.00000
    -84.945         0.00000     0.00000     0.00000     0.00000
    -84.795         0.00000     0.00000     0.00000     0.00000
    -84.645         0.00000     0.00000     0.00000     0.00000
    -84.495         0.00000     0.00000     0.00000     0.00000
    -84.345         0.00000     0.00000     0.00000     0.00000
    -84.195         0.00000     0.00000     0.00000     0.00000
    -84.045         0.00000     0.00000     0.00000     0.00000
    -83.895         0.00000     0.00000     0.00000     0.00000
    -83.745         0.00000     0.00000     0.00000     0.00000
    -83.595         0.00000     0.00000     0.00000     0.00000
    -83.445         0.00000     0.00000     0.00000     0.00000
    -83.295         0.00000     0.00000     0.00000     0.00000
    -83.145         0.00000     0.00000     0.00000     0.00000
    -82.995         0.00000     0.00000     0.00000     0.00000
    -82.845         0.00000     0.00000     0.00000     0.00000
    -82.695         0.00000     0.00000     0.00000     0.00000
    -82.545         0.00000     0.00000     0.00000     0.00000
    -82.395         0.00000     0.00000     0.00000     0.00000
    -82.245         0.00000     0.00000     0.00000     0.00000
    -82.095         0.00000     0.00000     0.00000     0.00000
    -81.945         0.00000     0.00000     0.00000     0.00000
    -81.795         0.00000     0.00000     0.00000     0.00000
    -81.645         0.00000     0.00000     0.00000     0.00000
    -81.495         0.00000     0.00000     0.00000     0.00000
    -81.345         0.00000     0.00000     0.00000     0.00000
    -81.195         0.00000     0.00000     0.00000     0.00000
    -81.045         0.00000     0.00000     0.00000     0.00000
    -80.895         0.00000     0.00000     0.00000     0.00000
    -80.745         0.00000     0.00000     0.00000     0.00000
    -80.595         0.00000     0.00000     0.00000     0.00000
    -80.445         0.00000     0.00000     0.00000     0.00000
    -80.295         0.00000     0.00000     0.00000     0.00000
    -80.145         0.00000     0.00000     0.00000     0.00000
    -79.995         0.00000     0.00000     0.00000     0.00000
    -79.845         0.00000     0.00000     0.00000     0.00000
    -79.695         0.00000     0.00000     0.00000     0.00000
    -79.545         0.00000     0.00000     0.00000     0.00000
    -79.395         0.00000     0.00000     0.00000     0.00000
    -79.245         0.00000     0.00000     0.00000     0.00000
    -79.095         0.00000     0.00000     0.00000     0.00000
    -78.945         0.00000     0.00000     0.00000     0.00000
    -78.795         0.00000     0.00000     0.00000     0.00000
    -78.645         0.00000     0.00000     0.00000     0.00000
    -78.495         0.00000     0.00000     0.00000     0.00000
    -78.345         0.00000     0.00000     0.00000     0.00000
    -78.195         0.00000     0.00000     0.00000     0.00000
    -78.045         0.00000     0.00000     0.00000     0.00000
    -77.895         0.00000     0.00000     0.00000     0.00000
    -77.745         0.00000     0.00000     0.00000     0.00000
    -77.595         0.00000     0.00000     0.00000     0.00000
    -77.445         0.00000     0.00000     0.00000     0.00000
    -77.295         0.00000     0.00000     0.00000     0.00000
    -77.145         0.00000     0.00000     0.00000     0.00000
    -76.995         0.00000     0.00000     0.00000     0.00000
    -76.845         0.00000     0.00000     0.00000     0.00000
    -76.695         0.00000     0.00000     0.00000     0.00000
    -76.545         0.00000     0.00000     0.00000     0.00000
    -76.395         0.00000     0.00000     0.00000     0.00000
    -76.245         0.00000     0.00000     0.00000     0.00000
    -76.095         0.00000     0.00000     0.00000     0.00000
    -75.945         0.00000     0.00000     0.00000     0.00000
    -75.795         0.00000     0.00000     0.00000     0.00000
    -75.645         0.00000     0.00000     0.00000     0.00000
    -75.495         0.00000     0.00000     0.00000     0.00000
    -75.345         0.00000     0.00000     0.00000     0.00000
    -75.195         0.00000     0.00000     0.00000     0.00000
    -75.045         0.00000     0.00000     0.00000     0.00000
    -74.895         0.00000     0.00000     0.00000     0.00000
    -74.745         0.00000     0.00000     0.00000     0.00000
    -74.595         0.00000     0.00000     0.00000     0.00000
    -74.445         0.00000     0.00000     0.00000     0.00000
    -74.295         0.00000     0.00000     0.00000     0.00000
    -74.145         0.00000     0.00000     0.00000     0.00000
    -73.995         0.00000     0.00000     0.00000     0.00000
    -73.845         0.00000     0.00000     0.00000     0.00000
    -73.695         0.00000     0.00000     0.00000     0.00000
    -73.545         0.00000     0.00000     0.00000     0.00000
    -73.395         0.00000     0.00000     0.00000     0.00000
    -73.245         0.00000     0.00000     0.00000     0.00000
    -73.095         0.00000     0.00000     0.00000     0.00000
    -72.945         0.00000     0.00000     0.00000     0.00000
    -72.795         0.00000     0.00000     0.00000     0.00000
    -72.645         0.00000     0.00000     0.00000     0.00000
    -72.495         0.00000     0.00000     0.00000     0.00000
    -72.345         0.00000     0.00000     0.00000     0.00000
    -72.195         0.00000     0.00000     0.00000     0.00000
    -72.045         0.00000     0.00000     0.00000     0.00000
    -71.895         0.00000     0.00000     0.00000     0.00000
    -71.745         0.00000     0.00000     0.00000     0.00000
    -71.595         0.00000     0.00000     0.00000     0.00000
    -71.445         0.00000     0.00000     0.00000     0.00000
    -71.295         0.00000     0.00000     0.00000     0.00000
    -71.145         0.00000     0.00000     0.00000     0.00000
    -70.995         0.00000     0.00000     0.00000     0.00000
    -70.845         0.00000     0.00000     0.00000     0.00000
    -70.695         0.00000     0.00000     0.00000     0.00000
    -70.545         0.00000     0.00000     0.00000     0.00000
    -70.395         0.00000     0.00000     0.00000     0.00000
    -70.245         0.00000     0.00000     0.00000     0.00000
    -70.095         0.00000     0.00000     0.00000     0.00000
    -69.945         0.00000     0.00000     0.00000     0.00000
    -69.795         0.00000     0.00000     0.00000     0.00000
    -69.645         0.00000     0.00000     0.00000     0.00000
    -69.495         0.00000     0.00000     0.00000     0.00000
    -69.345         0.00000     0.00000     0.00000     0.00000
    -69.195         0.00000     0.00000     0.00000     0.00000
    -69.045         0.00000     0.00000     0.00000     0.00000
    -68.895         0.00000     0.00000     0.00000     0.00000
    -68.745         0.00000     0.00000     0.00000     0.00000
    -68.595         0.00000     0.00000     0.00000     0.00000
    -68.445         0.00000     0.00000     0.00000     0.00000
    -68.295         0.00000     0.00000     0.00000     0.00000
    -68.145         0.00000     0.00000     0.00000     0.00000
    -67.995         0.00000     0.00000     0.00000     0.00000
    -67.845         0.00000     0.00000     0.00000     0.00000
    -67.695         0.00000     0.00000     0.00000     0.00000
    -67.545         0.00000     0.00000     0.00000     0.00000
    -67.395         0.00000     0.00000     0.00000     0.00000
    -67.245         0.00000     0.00000     0.00000     0.00000
    -67.095         0.00000     0.00000     0.00000     0.00000
    -66.945         0.00000     0.00000     0.00000     0.00000
    -66.795         0.00000     0.00000     0.00000     0.00000
    -66.645         0.00000     0.00000     0.00000     0.00000
    -66.495         0.00000     0.00000     0.00000     0.00000
    -66.345         0.00000     0.00000     0.00000     0.00000
    -66.195         0.00000     0.00000     0.00000     0.00000
    -66.045         0.00000     0.00000     0.00000     0.00000
    -65.895         0.00000     0.00000     0.00000     0.00000
    -65.745         0.00000     0.00000     0.00000     0.00000
    -65.595         0.00000     0.00000     0.00000     0.00000
    -65.445         0.00000     0.00000     0.00000     0.00000
    -65.295         0.00000     0.00000     0.00000     0.00000
    -65.145         0.00000     0.00000     0.00000     0.00000
    -64.995         0.00000     0.00000     0.00000     0.00000
    -64.845         0.00000     0.00000     0.00000     0.00000
    -64.695         0.00000     0.00000     0.00000     0.00000
    -64.545         0.00000     0.00000     0.00000     0.00000
    -64.395         0.00000     0.00000     0.00000     0.00000
    -64.245         0.00000     0.00000     0.00000     0.00000
    -64.095         0.00000     0.00000     0.00000     0.00000
    -63.945         0.00000     0.00000     0.00000     0.00000
    -63.795         0.00000     0.00000     0.00000     0.00000
    -63.645         0.00000     0.00000     0.00000     0.00000
    -63.495         0.00000     0.00000     0.00000     0.00000
    -63.345         0.00000     0.00000     0.00000     0.00000
    -63.195         0.00000     0.00000     0.00000     0.00000
    -63.045         0.00000     0.00000     0.00000     0.00000
    -62.895         0.00000     0.00000     0.00000     0.00000
    -62.745         0.00000     0.00000     0.00000     0.00000
    -62.595         0.00000     0.00000     0.00000     0.00000
    -62.445         0.00000     0.00000     0.00000     0.00000
    -62.295         0.00000     0.00000     0.00000     0.00000
    -62.145         0.00000     0.00000     0.00000     0.00000
    -61.995         0.00000     0.00000     0.00000     0.00000
    -61.845         0.00000     0.00000     0.00000     0.00000
    -61.695         0.00000     0.00000     0.00000     0.00000
    -61.545         0.00000     0.00000     0.00000     0.00000
    -61.395         0.00000     0.00000     0.00000     0.00000
    -61.245         0.00000     0.00000     0.00000     0.00000
    -61.095         0.00000     0.00000     0.00000     0.00000
    -60.945         0.00000     0.00000     0.00000     0.00000
    -60.795         0.00000     0.00000     0.00000     0.00000
    -60.645         0.00000     0.00000     0.00000     0.00000
    -60.495         0.00000     0.00000     0.00000     0.00000
    -60.345         0.00000     0.00000     0.00000     0.00000
    -60.195         0.00000     0.00000     0.00000     0.00000
    -60.045         0.00000     0.00000     0.00000     0.00000
    -59.895         0.00000     0.00000     0.00000     0.00000
    -59.745         0.00000     0.00000     0.00000     0.00000
    -59.595         0.00000     0.00000     0.00000     0.00000
    -59.445         0.00000     0.00000     0.00000     0.00000
    -59.295         0.00000     0.00000     0.00000     0.00000
    -59.145         0.00000     0.00000     0.00000     0.00000
    -58.995         0.00000     0.00000     0.00000     0.00000
    -58.845         0.00000     0.00000     0.00000     0.00000
    -58.695         0.00000     0.00000     0.00000     0.00000
    -58.545         0.00000     0.00000     0.00000     0.00000
    -58.395         0.00000     0.00000     0.00000     0.00000
    -58.245         0.00000     0.00000     0.00000     0.00000
    -58.095         0.00000     0.00000     0.00000     0.00000
    -57.945         0.00000     0.00000     0.00000     0.00000
    -57.795         0.00000     0.00000     0.00000     0.00000
    -57.645         0.00000     0.00000     0.00000     0.00000
    -57.495         0.00000     0.00000     0.00000     0.00000
    -57.345         0.00000     0.00000     0.00000     0.00000
    -57.195         0.00000     0.00000     0.00000     0.00000
    -57.045         0.00000     0.00000     0.00000     0.00000
    -56.895         0.00000     0.00000     0.00000     0.00000
    -56.745         0.00000     0.00000     0.00000     0.00000
    -56.595         0.00000     0.00000     0.00000     0.00000
    -56.445         0.00000     0.00000     0.00000     0.00000
    -56.295         0.00000     0.00000     0.00000     0.00000
    -56.145         0.00000     0.00000     0.00000     0.00000
    -55.995         0.00000     0.00000     0.00000     0.00000
    -55.845         0.00000     0.00000     0.00000     0.00000
    -55.695         0.00000     0.00000     0.00000     0.00000
    -55.545         0.00000     0.00000     0.00000     0.00000
    -55.395         0.00000     0.00000     0.00000     0.00000
    -55.245         0.00000     0.00000     0.00000     0.00000
    -55.095         0.00000     0.00000     0.00000     0.00000
    -54.945         0.00000     0.00000     0.00000     0.00000
    -54.795         0.00000     0.00000     0.00000     0.00000
    -54.645         0.00000     0.00000     0.00000     0.00000
    -54.495         0.00000     0.00000     0.00000     0.00000
    -54.345         0.00000     0.00000     0.00000     0.00000
    -54.195         0.00000     0.00000     0.00000     0.00000
    -54.045         0.00000     0.00000     0.00000     0.00000
    -53.895         0.00000     0.00000     0.00000     0.00000
    -53.745         0.00000     0.00000     0.00000     0.00000
    -53.595         0.00000     0.00000     0.00000     0.00000
    -53.445         0.00000     0.00000     0.00000     0.00000
    -53.295         0.00000     0.00000     0.00000     0.00000
    -53.145         0.00000     0.00000     0.00000     0.00000
    -52.995         0.00000     0.00000     0.00000     0.00000
    -52.845         0.00000     0.00000     0.00000     0.00000
    -52.695         0.00000     0.00000     0.00000     0.00000
    -52.545         0.00000     0.00000     0.00000     0.00000
    -52.395         0.00000     0.00000     0.00000     0.00000
    -52.245         0.00000     0.00000     0.00000     0.00000
    -52.095         0.00000     0.00000     0.00000     0.00000
    -51.945         0.00000     0.00000     0.00000     0.00000
    -51.795         0.00000     0.00000     0.00000     0.00000
    -51.645         0.00000     0.00000     0.00000     0.00000
    -51.495         0.00000     0.00000     0.00000     0.00000
    -51.345         0.00000     0.00000     0.00000     0.00000
    -51.195         0.00000     0.00000     0.00000     0.00000
    -51.045         0.00000     0.00000     0.00000     0.00000
    -50.895         0.00000     0.00000     0.00000     0.00000
    -50.745         0.00000     0.00000     0.00000     0.00000
    -50.595         0.00000     0.00000     0.00000     0.00000
    -50.445         0.00000     0.00000     0.00000     0.00000
    -50.295         0.00000     0.00000     0.00000     0.00000
    -50.145         0.00000     0.00000     0.00000     0.00000
    -49.995         0.00000     0.00000     0.00000     0.00000
    -49.845         0.00000     0.00000     0.00000     0.00000
    -49.695         0.00000     0.00000     0.00000     0.00000
    -49.545         0.00000     0.00000     0.00000     0.00000
    -49.395         0.00000     0.00000     0.00000     0.00000
    -49.245         0.00000     0.00000     0.00000     0.00000
    -49.095         0.00000     0.00000     0.00000     0.00000
    -48.945         0.00000     0.00000     0.00000     0.00000
    -48.795         0.00000     0.00000     0.00000     0.00000
    -48.645         0.00000     0.00000     0.00000     0.00000
    -48.495         0.00000     0.00000     0.00000     0.00000
    -48.345         0.00000     0.00000     0.00000     0.00000
    -48.195         0.00000     0.00000     0.00000     0.00000
    -48.045         0.00000     0.00000     0.00000     0.00000
    -47.895         0.00000     0.00000     0.00000     0.00000
    -47.745         0.00000     0.00000     0.00000     0.00000
    -47.595         0.00000     0.00000     0.00000     0.00000
    -47.445         0.00000     0.00000     0.00000     0.00000
    -47.295         0.00000     0.00000     0.00000     0.00000
    -47.145         0.00000     0.00000     0.00000     0.00000
    -46.995         0.00000     0.00000     0.00000     0.00000
    -46.845         0.00000     0.00000     0.00000     0.00000
    -46.695         0.00000     0.00000     0.00000     0.00000
    -46.545         0.00000     0.00000     0.00000     0.00000
    -46.395         0.00000     0.00000     0.00000     0.00000
    -46.245         0.00000     0.00000     0.00000     0.00000
    -46.095         0.00000     0.00000     0.00000     0.00000
    -45.945         0.00000     0.00000     0.00000     0.00000
    -45.795         0.00000     0.00000     0.00000     0.00000
    -45.645         0.00000     0.00000     0.00000     0.00000
    -45.495         0.00000     0.00000     0.00000     0.00000
    -45.345         0.00000     0.00000     0.00000     0.00000
    -45.195         0.00000     0.00000     0.00000     0.00000
    -45.045         0.00000     0.00000     0.00000     0.00000
    -44.895         0.00000     0.00000     0.00000     0.00000
    -44.745         0.00000     0.00000     0.00000     0.00000
    -44.595         0.00000     0.00000     0.00000     0.00000
    -44.445         0.00000     0.00000     0.00000     0.00000
    -44.295         0.00000     0.00000     0.00000     0.00000
    -44.145         0.00000     0.00000     0.00000     0.00000
    -43.995         0.00000     0.00000     0.00000     0.00000
    -43.845         0.00000     0.00000     0.00000     0.00000
    -43.695         0.00000     0.00000     0.00000     0.00000
    -43.545         0.00000     0.00000     0.00000     0.00000
    -43.395         0.00000     0.00000     0.00000     0.00000
    -43.245         0.00000     0.00000     0.00000     0.00000
    -43.095         0.00000     0.00000     0.00000     0.00000
    -42.945         0.00000     0.00000     0.00000     0.00000
    -42.795         0.00000     0.00000     0.00000     0.00000
    -42.645         0.00000     0.00000     0.00000     0.00000
    -42.495         0.00000     0.00000     0.00000     0.00000
    -42.345         0.00000     0.00000     0.00000     0.00000
    -42.195         0.00000     0.00000     0.00000     0.00000
    -42.045         0.00000     0.00000     0.00000     0.00000
    -41.895         0.00000     0.00000     0.00000     0.00000
    -41.745         0.00000     0.00000     0.00000     0.00000
    -41.595         0.00000     0.00000     0.00000     0.00000
    -41.445         0.00000     0.00000     0.00000     0.00000
    -41.295         0.00000     0.00000     0.00000     0.00000
    -41.145         0.00000     0.00000     0.00000     0.00000
    -40.995         0.00000     0.00000     0.00000     0.00000
    -40.845         0.00000     0.00000     0.00000     0.00000
    -40.695         0.00000     0.00000     0.00000     0.00000
    -40.545         0.00000     0.00000     0.00000     0.00000
    -40.395         0.00000     0.00000     0.00000     0.00000
    -40.245         0.00000     0.00000     0.00000     0.00000
    -40.095         0.00000     0.00000     0.00000     0.00000
    -39.945         0.00000     0.00000     0.00000     0.00000
    -39.795         0.00000     0.00000     0.00000     0.00000
    -39.645         0.00000     0.00000     0.00000     0.00000
    -39.495         0.00000     0.00000     0.00000     0.00000
    -39.345         0.00000     0.00000     0.00000     0.00000
    -39.195         0.00000     0.00000     0.00000     0.00000
    -39.045         0.00000     0.00000     0.00000     0.00000
    -38.895         0.00000     0.00000     0.00000     0.00000
    -38.745         0.00000     0.00000     0.00000     0.00000
    -38.595         0.00000     0.00000     0.00000     0.00000
    -38.445         0.00000     0.00000     0.00000     0.00000
    -38.295         0.00000     0.00000     0.00000     0.00000
    -38.145         0.00000     0.00000     0.00000     0.00000
    -37.995         0.00000     0.00000     0.00000     0.00000
    -37.845         0.00000     0.00000     0.00000     0.00000
    -37.695         0.00000     0.00000     0.00000     0.00000
    -37.545         0.00000     0.00000     0.00000     0.00000
    -37.395         0.00000     0.00000     0.00000     0.00000
    -37.245         0.00000     0.00000     0.00000     0.00000
    -37.095         0.00000     0.00000     0.00000     0.00000
    -36.945         0.00000     0.00000     0.00000     0.00000
    -36.795         0.00000     0.00000     0.00000     0.00000
    -36.645         0.00000     0.00000     0.00000     0.00000
    -36.495         0.00000     0.00000     0.00000     0.00000
    -36.345         0.00000     0.00000     0.00000     0.00000
    -36.195         0.00000     0.00000     0.00000     0.00000
    -36.045         0.00000     0.00000     0.00000     0.00000
    -35.895         0.00000     0.00000     0.00000     0.00000
    -35.745         0.00000     0.00000     0.00000     0.00000
    -35.595         0.00000     0.00000     0.00000     0.00000
    -35.445         0.00000     0.00000     0.00000     0.00000
    -35.295         0.00000     0.00000     0.00000     0.00000
    -35.145         0.00000     0.00000     0.00000     0.00000
    -34.995         0.00000     0.00000     0.00000     0.00000
    -34.845         0.00000     0.00000     0.00000     0.00000
    -34.695         0.00000     0.00000     0.00000     0.00000
    -34.545         0.00000     0.00000     0.00000     0.00000
    -34.395         0.00000     0.00000     0.00000     0.00000
    -34.245         0.00000     0.00000     0.00000     0.00000
    -34.095         0.00000     0.00000     0.00000     0.00000
    -33.945         0.00000     0.00000     0.00000     0.00000
    -33.795         0.00000     0.00000     0.00000     0.00000
    -33.645         0.00000     0.00000     0.00000     0.00000
    -33.495         0.00000     0.00000     0.00000     0.00000
    -33.345         0.00000     0.00000     0.00000     0.00000
    -33.195         0.00000     0.00000     0.00000     0.00000
    -33.045         0.00000     0.00000     0.00000     0.00000
    -32.895         0.00000     0.00000     0.00000     0.00000
    -32.745         0.00000     0.00000     0.00000     0.00000
    -32.595         0.00000     0.00000     0.00000     0.00000
    -32.445         0.00000     0.00000     0.00000     0.00000
    -32.295         0.00000     0.00000     0.00000     0.00000
    -32.145         0.00000     0.00000     0.00000     0.00000
    -31.995         0.00000     0.00000     0.00000     0.00000
    -31.845         0.00000     0.00000     0.00000     0.00000
    -31.695         0.00000     0.00000     0.00000     0.00000
    -31.545         0.00000     0.00000     0.00000     0.00000
    -31.395         0.00000     0.00000     0.00000     0.00000
    -31.245         0.00000     0.00000     0.00000     0.00000
    -31.095         0.00000     0.00000     0.00000     0.00000
    -30.945         0.00000     0.00000     0.00000     0.00000
    -30.795         0.00000     0.00000     0.00000     0.00000
    -30.645         0.00000     0.00000     0.00000     0.00000
    -30.495         0.00000     0.00000     0.00000     0.00000
    -30.345         0.00000     0.00000     0.00000     0.00000
    -30.195         0.00000     0.00000     0.00000     0.00000
    -30.045         0.00000     0.00000     0.00000     0.00000
    -29.895         0.00000     0.00000     0.00000     0.00000
    -29.745         0.00000     0.00000     0.00000     0.00000
    -29.595         0.00000     0.00000     0.00000     0.00000
    -29.445         0.00000     0.00000     0.00000     0.00000
    -29.295         0.00000     0.00000     0.00000     0.00000
    -29.145         0.00000     0.00000     0.00000     0.00000
    -28.995         0.00000     0.00000     0.00000     0.00000
    -28.845         0.00000     0.00000     0.00000     0.00000
    -28.695         0.00000     0.00000     0.00000     0.00000
    -28.545         0.00000     0.00000     0.00000     0.00000
    -28.395         0.00000     0.00000     0.00000     0.00000
    -28.245         0.00000     0.00000     0.00000     0.00000
    -28.095         0.00000     0.00000     0.00000     0.00000
    -27.945         0.00000     0.00000     0.00000     0.00000
    -27.795         0.00000     0.00000     0.00000     0.00000
    -27.645         0.00000     0.00000     0.00000     0.00000
    -27.495         0.00000     0.00000     0.00000     0.00000
    -27.345         0.00000     0.00000     0.00000     0.00000
    -27.195         0.00000     0.00000     0.00000     0.00000
    -27.045         0.00000     0.00000     0.00000     0.00000
    -26.895         0.00000     0.00000     0.00000     0.00000
    -26.745         0.00000     0.00000     0.00000     0.00000
    -26.595         0.00000     0.00000     0.00000     0.00000
    -26.445         0.00000     0.00000     0.00000     0.00000
    -26.295         0.00000     0.00000     0.00000     0.00000
    -26.145         0.00000     0.00000     0.00000     0.00000
    -25.995         0.00000     0.00000     0.00000     0.00000
    -25.845         0.00000     0.00000     0.00000     0.00000
    -25.695         0.00000     0.00000     0.00000     0.00000
    -25.545         0.00000     0.00000     0.00000     0.00000
    -25.395         0.00000     0.00000     0.00000     0.00000
    -25.245         0.00000     0.00000     0.00000     0.00000
    -25.095         0.00000     0.00000     0.00000     0.00000
    -24.945         0.00000     0.00000     0.00000     0.00000
    -24.795         0.00000     0.00000     0.00000     0.00000
    -24.645         0.00000     0.00000     0.00000     0.00000
    -24.495         0.00000     0.00000     0.00000     0.00000
    -24.345         0.00000     0.00000     0.00000     0.00000
    -24.195         0.00000     0.00000     0.00000     0.00000
    -24.045         0.00000     0.00000     0.00000     0.00000
    -23.895         0.00000     0.00000     0.00000     0.00000
    -23.745         0.00000     0.00000     0.00000     0.00000
    -23.595         0.00000     0.00000     0.00000     0.00000
    -23.445         0.00000     0.00000     0.00000     0.00000
    -23.295         0.00000     0.00000     0.00000     0.00000
    -23.145         0.00000     0.00000     0.00000     0.00000
    -22.995         0.00000     0.00000     0.00000     0.00000
    -22.845         0.00000     0.00000     0.00000     0.00000
    -22.695         0.00000     0.00000     0.00000     0.00000
    -22.545         0.00000     0.00000     0.00000     0.00000
    -22.395         0.00000     0.00000     0.00000     0.00000
    -22.245         0.00000     0.00000     0.00000     0.00000
    -22.095         0.00000     0.00000     0.00000     0.00000
    -21.945         0.00000     0.00000     0.00000     0.00000
    -21.795         0.00000     0.00000     0.00000     0.00000
    -21.645         0.00000     0.00000     0.00000     0.00000
    -21.495         0.00000     0.00000     0.00000     0.00000
    -21.345         0.00000     0.00000     0.00000     0.00000
    -21.195         0.00000     0.00000     0.00000     0.00000
    -21.045         0.00000     0.00000     0.00000     0.00000
    -20.895         0.00000     0.00000     0.00000     0.00000
    -20.745         0.00000     0.00000     0.00000     0.00000
    -20.595         0.00000     0.00000     0.00000     0.00000
    -20.445         0.00000     0.00000     0.00000     0.00000
    -20.295         0.00000     0.00000     0.00000     0.00000
    -20.145         0.00000     0.00000     0.00000     0.00000
    -19.995         0.00000     0.00000     0.00000     0.00000
    -19.845         0.00000     0.00000     0.00000     0.00000
    -19.695         0.00000     0.00000     0.00000     0.00000
    -19.545         0.00000     0.00000     0.00000     0.00000
    -19.395         0.00000     0.00000     0.00000     0.00000
    -19.245         0.00000     0.00000     0.00000     0.00000
    -19.095         0.00000     0.00000     0.00000     0.00000
    -18.945         0.00000     0.00000     0.00000     0.00000
    -18.795         0.00000     0.00000     0.00000     0.00000
    -18.645         0.00000     0.00000     0.00000     0.00000
    -18.495         0.00000     0.00000     0.00000     0.00000
    -18.345         0.00000     0.00000     0.00000     0.00000
    -18.195         0.00000     0.00000     0.00000     0.00000
    -18.045         0.00000     0.00000     0.00000     0.00000
    -17.895         0.00000     0.00000     0.00000     0.00000
    -17.745         0.00000     0.00000     0.00000     0.00000
    -17.595         0.00000     0.00000     0.00000     0.00000
    -17.445         0.00000     0.00000     0.00000     0.00000
    -17.295         0.00000     0.00000     0.00000     0.00000
    -17.145         0.00000     0.00000     0.00000     0.00000
    -16.995         0.00000     0.00000     0.00000     0.00000
    -16.845         0.00000     0.00000     0.00000     0.00000
    -16.695         0.00000     0.00000     0.00000     0.00000
    -16.545         0.00000     0.00000     0.00000     0.00000
    -16.395         0.00000     0.00000     0.00000     0.00000
    -16.245         0.00000     0.00000     0.00000     0.00000
    -16.095         0.00000     0.00000     0.00000     0.00000
    -15.945         0.00000     0.00000     0.00000     0.00000
    -15.795         0.00000     0.00000     0.00000     0.00000
    -15.645         0.00000     0.00000     0.00000     0.00000
    -15.495         0.00000     0.00000     0.00000     0.00000
    -15.345         0.00000     0.00000     0.00000     0.00000
    -15.195         0.00000     0.00000     0.00000     0.00000
    -15.045         0.00000     0.00000     0.00000     0.00000
    -14.895         0.00000     0.00000     0.00000     0.00000
    -14.745         0.00000     0.00000     0.00000     0.00000
    -14.595         0.00000     0.00000     0.00000     0.00000
    -14.445         0.00000     0.00000     0.00000     0.00000
    -14.295         0.00000     0.00000     0.00000     0.00000
    -14.145         0.00000     0.00000     0.00000     0.00000
    -13.995         0.00000     0.00000     0.00000     0.00000
    -13.845         0.00000     0.00000     0.00000     0.00000
    -13.695         0.00000     0.00000     0.00000     0.00000
    -13.545         0.00000     0.00000     0.00000     0.00000
    -13.395         0.00000     0.00000     0.00000     0.00000
    -13.245         0.00000     0.00000     0.00000     0.00000
    -13.095         0.00000     0.00000     0.00000     0.00000
    -12.945         0.00000     0.00000     0.00000     0.00000
    -12.795         0.00000     0.00000     0.00000     0.00000
    -12.645         0.00000     0.00000     0.00000     0.00000
    -12.495         0.00000     0.00000     0.00000     0.00000
    -12.345         0.00000     0.00000     0.00000     0.00000
    -12.195         0.00000     0.00000     0.00000     0.00000
    -12.045         0.00000     0.00000     0.00000     0.00000
    -11.895         0.00000     0.00000     0.00000     0.00000
    -11.745         0.00000     0.00000     0.00000     0.00000
    -11.595         0.00000     0.00000     0.00000     0.00000
    -11.445         0.00000     0.00000     0.00000     0.00000
    -11.295         0.00000     0.00000     0.00000     0.00000
    -11.145         0.00000     0.00000     0.00000     0.00000
    -10.995         0.00000     0.00000     0.00000     0.00000
    -10.845         0.00000     0.00000     0.00000     0.00000
    -10.695         0.00000     0.00000     0.00000     0.00000
    -10.545         0.00000     0.00000     0.00000     0.00000
    -10.395         0.00000     0.00000     0.00000     0.00000
    -10.245         0.00000     0.00000     0.00000     0.00000
    -10.095         0.00000     0.00000     0.00000     0.00000
    -9.9450         0.00000     0.00000     0.00000     0.00000
    -9.7950         0.00000     0.00000     0.00000     0.00000
    -9.6450         0.00000     0.00000     0.00000     0.00000
    -9.4950         0.00000     0.00000     0.00000     0.00000
    -9.3450         0.00000     0.00000     0.00000     0.00000
    -9.1950         0.00000     0.00000     0.00000     0.00000
    -9.0450         0.00000     0.00000     0.00000     0.00000
    -8.8950         0.00000     0.00000     0.00000     0.00000
    -8.7450         0.00000     0.00000     0.00000     0.00000
    -8.5950         0.00000     0.00000     0.00000     0.00000
    -8.4450         0.00000     0.00000     0.00000     0.00000
    -8.2950         0.00000     0.00000     0.00000     0.00000
    -8.1450         0.00000     0.00000     0.00000     0.00000
    -7.9950         0.00000     0.00000     0.00000     0.00000
    -7.8450         0.00000     0.00000     0.00000     0.00000
    -7.6950         0.00000     0.00000     0.00000     0.00000
    -7.5450         0.00000     0.00000     0.00000     0.00000
    -7.3950         0.00000     0.00000     0.00000     0.00000
    -7.2450         0.00000     0.00000     0.00000     0.00000
    -7.0950         0.00000     0.00000     0.00000     0.00000
    -6.9450         0.00000     0.00000     0.00000     0.00000
    -6.7950         0.00000     0.00000     0.00000     0.00000
    -6.6450         0.00000     0.00000     0.00000     0.00000
    -6.4950         0.00000     0.00000     0.00000     0.00000
    -6.3450         0.00000     0.00000     0.00000     0.00000
    -6.1950         0.00000     0.00000     0.00000     0.00000
    -6.0450         0.00000     0.00000     0.00000     0.00000
    -5.8950         0.00000     0.00000     0.00000     0.00000
    -5.7450         0.00000     0.00000     0.00000     0.00000
    -5.5950         0.00000     0.00000     0.00000     0.00000
    -5.4450         0.00000     0.00000     0.00000     0.00000
    -5.2950         0.00000     0.00000     0.00000     0.00000
    -5.1450         0.00000     0.00000     0.00000     0.00000
    -4.9950         0.00000     0.00000     0.00000     0.00000
    -4.8450         0.00000     0.00000     0.00000     0.00000
    -4.6950         0.00000     0.00000     0.00000     0.00000
    -4.5450         0.00000     0.00000     0.00000     0.00000
    -4.3950         0.00000     0.00000     0.00000     0.00000
    -4.2450         0.00000     0.00000     0.00000     0.00000
    -4.0950         0.00000     0.00000     0.00000     0.00000
    -3.9450         0.00000     0.00000     0.00000     0.00000
    -3.7950         0.00000     0.00000     0.00000     0.00000
    -3.6450         0.00000     0.00000     0.00000     0.00000
    -3.4950         0.00000     0.00000     0.00000     0.00000
    -3.3450         0.00000     0.00000     0.00000     0.00000
    -3.1950         0.00000     0.00000     0.00000     0.00000
    -3.0450         0.00000     0.00000     0.00000     0.00000
    -2.8950         0.00000     0.00000     0.00000     0.00000
    -2.7450         0.00000     0.00000     0.00000     0.00000
    -2.5950         0.00000     0.00000     0.00000     0.00000
    -2.4450         0.00000     0.00000     0.00000     0.00000
    -2.2950         0.00000     0.00000     0.00000     0.00000
    -2.1450        -0.00000    -0.00000     0.00000     0.00000
    -1.9950         0.00000     0.00000     0.00000     0.00000
    -1.8450         0.00000     0.00000     0.00000     0.00000
    -1.6950         0.00000     0.00000     0.00000     0.00000
    -1.5450         0.00003     0.00002     0.00000     0.00001
    -1.3950        -0.00032     0.00006     0.00000    -0.00037
    -1.2450        -0.00201     0.00018    -0.00000    -0.00220
    -1.0950        -0.00956     0.00049     0.00000    -0.01006
   -0.94500        -0.03452     0.00054     0.00000    -0.03507
   -0.79500        -0.13396    -0.00059     0.00008    -0.13345
   -0.64500        -0.60793    -0.00389    -0.00001    -0.60403
   -0.49500        -2.31239    -0.01055    -0.00407    -2.29778
   -0.34500        -5.17745    -0.02085    -0.01491    -5.14169
   -0.22700        -6.03531    -0.02579    -0.02022    -5.98930
   -0.21300        -6.12906    -0.02642    -0.02089    -6.08174
   -0.20700        -6.22297    -0.02710    -0.02158    -6.17428
   -0.20100        -6.31462    -0.02798    -0.02230    -6.26434
   -0.19500        -6.40631    -0.02875    -0.02302    -6.35454
   -0.18900        -6.49617    -0.02943    -0.02374    -6.44300
   -0.18300        -6.58615    -0.03022    -0.02449    -6.53144
   -0.17700        -6.67456    -0.03104    -0.02531    -6.61821
   -0.17100        -6.76317    -0.03192    -0.02611    -6.70515
   -0.16500        -6.85176    -0.03278    -0.02692    -6.79206
   -0.15900        -6.93927    -0.03372    -0.02780    -6.87775
   -0.15300        -7.02715    -0.03470    -0.02875    -6.96370
   -0.14700        -7.11567    -0.03582    -0.02967    -7.05018
   -0.14100        -7.20382    -0.03677    -0.03072    -7.13633
   -0.13500        -7.29243    -0.03785    -0.03175    -7.22283
   -0.12900        -7.38159    -0.03902    -0.03293    -7.30964
   -0.12300        -7.47273    -0.04016    -0.03411    -7.39845
   -0.11700        -7.56434    -0.04141    -0.03534    -7.48760
   -0.11100        -7.65692    -0.04267    -0.03665    -7.57760
   -0.10500        -7.75109    -0.04405    -0.03814    -7.66889
   -0.99000E-01    -7.84736    -0.04541    -0.03970    -7.76225
   -0.93000E-01    -7.94732    -0.04698    -0.04123    -7.85911
   -0.87000E-01    -8.04995    -0.04870    -0.04307    -7.95818
   -0.81000E-01    -8.15634    -0.05047    -0.04505    -8.06081
   -0.75000E-01    -8.26785    -0.05235    -0.04706    -8.16844
   -0.69000E-01    -8.38466    -0.05439    -0.04930    -8.28097
   -0.63000E-01    -8.50890    -0.05650    -0.05179    -8.40061
   -0.57000E-01    -8.64229    -0.05882    -0.05454    -8.52893
   -0.51000E-01    -8.78762    -0.06153    -0.05763    -8.66846
   -0.45000E-01    -8.94552    -0.06459    -0.06124    -8.81969
   -0.39000E-01    -9.11821    -0.06802    -0.06548    -8.98470
   -0.33000E-01    -9.30722    -0.07201    -0.07067    -9.16454
   -0.27000E-01    -9.51644    -0.07695    -0.07737    -9.36212
   -0.21300E-01    -9.67373    -0.08103    -0.08369    -9.50901
   -0.19500E-01    -9.69804    -0.08169    -0.08476    -9.53159
   -0.18900E-01    -9.72265    -0.08242    -0.08588    -9.55435
   -0.18300E-01    -9.74743    -0.08311    -0.08709    -9.57723
   -0.17700E-01    -9.77281    -0.08384    -0.08834    -9.60063
   -0.17100E-01    -9.79866    -0.08462    -0.08965    -9.62440
   -0.16500E-01    -9.82478    -0.08541    -0.09101    -9.64836
   -0.15900E-01    -9.85161    -0.08621    -0.09252    -9.67289
   -0.15300E-01    -9.87878    -0.08703    -0.09413    -9.69761
   -0.14700E-01    -9.90658    -0.08788    -0.09579    -9.72290
   -0.14100E-01    -9.93475    -0.08880    -0.09755    -9.74840
   -0.13500E-01    -9.96373    -0.08971    -0.09946    -9.77456
   -0.12900E-01    -9.99344    -0.09072    -0.10156    -9.80116
   -0.12300E-01   -10.02375    -0.09173    -0.10383    -9.82819
   -0.11700E-01   -10.05490    -0.09277    -0.10631    -9.85582
   -0.11100E-01   -10.08671    -0.09385    -0.10896    -9.88390
   -0.10500E-01   -10.11926    -0.09499    -0.11194    -9.91233
   -0.99000E-02   -10.15301    -0.09618    -0.11522    -9.94161
   -0.93000E-02   -10.18749    -0.09743    -0.11883    -9.97123
   -0.87000E-02   -10.22310    -0.09870    -0.12289   -10.00152
   -0.81000E-02   -10.26000    -0.10008    -0.12744   -10.03247
   -0.75000E-02   -10.29812    -0.10147    -0.13269   -10.06397
   -0.69000E-02   -10.33788    -0.10298    -0.13884   -10.09607
   -0.63000E-02   -10.37938    -0.10452    -0.14620   -10.12866
   -0.57000E-02   -10.42328    -0.10614    -0.15528   -10.16186
   -0.51000E-02   -10.47027    -0.10785    -0.16693   -10.19549
   -0.45000E-02   -10.52244    -0.10964    -0.18296   -10.22984
   -0.39000E-02   -10.58174    -0.11145    -0.20566   -10.26464
   -0.33000E-02   -10.65188    -0.11334    -0.23815   -10.30038
   -0.27000E-02   -10.73172    -0.11521    -0.27902   -10.33749
   -0.21000E-02   -10.80453    -0.11703    -0.30971   -10.37778
   -0.15000E-02   -10.87011    -0.11873    -0.32366   -10.42773
   -0.90000E-03   -10.96059    -0.12010    -0.32857   -10.51192
   -0.30000E-03   -12.39566    -0.12075    -0.32957   -11.94534
    0.30000E-03   -10.96128    -0.11975    -0.32893   -10.51260
    0.90000E-03   -10.87975    -0.11487    -0.32757   -10.43732
    0.15000E-02   -10.83317    -0.10105    -0.32589   -10.40623
    0.21000E-02   -10.78686    -0.07047    -0.32406   -10.39232
    0.27000E-02   -10.73804    -0.02980    -0.32222   -10.38602
    0.33000E-02   -10.70113     0.00244    -0.32040   -10.38316
    0.39000E-02   -10.67551     0.02497    -0.31864   -10.38184
    0.45000E-02   -10.65723     0.04091    -0.31690   -10.38124
    0.51000E-02   -10.64355     0.05264    -0.31525   -10.38094
    0.57000E-02   -10.63274     0.06173    -0.31368   -10.38080
    0.63000E-02   -10.62374     0.06915    -0.31217   -10.38072
    0.69000E-02   -10.61612     0.07532    -0.31076   -10.38067
    0.75000E-02   -10.60935     0.08068    -0.30939   -10.38064
    0.81000E-02   -10.60335     0.08539    -0.30812   -10.38062
    0.87000E-02   -10.59800     0.08949    -0.30689   -10.38060
    0.93000E-02   -10.59310     0.09318    -0.30570   -10.38058
    0.99000E-02   -10.58868     0.09645    -0.30458   -10.38055
    0.10500E-01   -10.58453     0.09949    -0.30348   -10.38053
    0.11100E-01   -10.58074     0.10225    -0.30247   -10.38051
    0.11700E-01   -10.57724     0.10476    -0.30151   -10.38049
    0.12300E-01   -10.57395     0.10709    -0.30057   -10.38047
    0.12900E-01   -10.57094     0.10921    -0.29970   -10.38044
    0.13500E-01   -10.56808     0.11118    -0.29884   -10.38042
    0.14100E-01   -10.56543     0.11299    -0.29802   -10.38039
    0.14700E-01   -10.56287     0.11472    -0.29723   -10.38036
    0.15300E-01   -10.56044     0.11636    -0.29647   -10.38033
    0.15900E-01   -10.55813     0.11792    -0.29574   -10.38031
    0.16500E-01   -10.55592     0.11937    -0.29501   -10.38028
    0.17100E-01   -10.55388     0.12069    -0.29433   -10.38025
    0.17700E-01   -10.55193     0.12196    -0.29368   -10.38022
    0.18300E-01   -10.55003     0.12319    -0.29304   -10.38018
    0.18900E-01   -10.54822     0.12434    -0.29242   -10.38015
    0.19500E-01   -10.54654     0.12540    -0.29182   -10.38011
    0.21300E-01   -10.53647     0.13160    -0.28822   -10.37985
    0.27000E-01   -10.52543     0.13801    -0.28406   -10.37938
    0.33000E-01   -10.51758     0.14227    -0.28100   -10.37884
    0.39000E-01   -10.51149     0.14530    -0.27857   -10.37822
    0.45000E-01   -10.50664     0.14748    -0.27667   -10.37745
    0.51000E-01   -10.50279     0.14904    -0.27521   -10.37662
    0.57000E-01   -10.49953     0.15025    -0.27407   -10.37571
    0.63000E-01   -10.49661     0.15116    -0.27308   -10.37468
    0.69000E-01   -10.49410     0.15180    -0.27229   -10.37360
    0.75000E-01   -10.49180     0.15230    -0.27159   -10.37252
    0.81000E-01   -10.48958     0.15266    -0.27104   -10.37121
    0.87000E-01   -10.48756     0.15295    -0.27060   -10.36990
    0.93000E-01   -10.48562     0.15316    -0.27022   -10.36856
    0.99000E-01   -10.48379     0.15333    -0.26994   -10.36717
    0.10500       -10.48180     0.15346    -0.26966   -10.36560
    0.11100       -10.47995     0.15356    -0.26940   -10.36410
    0.11700       -10.47815     0.15363    -0.26925   -10.36253
    0.12300       -10.47624     0.15370    -0.26912   -10.36081
    0.12900       -10.47408     0.15399    -0.26901   -10.35906
    0.13500       -10.47219     0.15404    -0.26888   -10.35735
    0.14100       -10.47017     0.15408    -0.26879   -10.35546
    0.14700       -10.46818     0.15411    -0.26871   -10.35358
    0.15300       -10.46618     0.15428    -0.26866   -10.35180
    0.15900       -10.46422     0.15430    -0.26860   -10.34993
    0.16500       -10.46232     0.15433    -0.26856   -10.34809
    0.17100       -10.46015     0.15447    -0.26851   -10.34611
    0.17700       -10.45791     0.15461    -0.26849   -10.34403
    0.18300       -10.45558     0.15476    -0.26845   -10.34189
    0.18900       -10.45340     0.15478    -0.26840   -10.33978
    0.19500       -10.45107     0.15492    -0.26838   -10.33761
    0.20100       -10.44867     0.15494    -0.26835   -10.33526
    0.20700       -10.44628     0.15507    -0.26830   -10.33305
    0.21300       -10.44400     0.15519    -0.26827   -10.33092
    0.22700       -10.42321     0.15558    -0.26825   -10.31054
    0.34500       -10.34883     0.15813    -0.26785   -10.23911
    0.49500       -10.26740     0.15940    -0.26749   -10.15930
    0.64500       -10.18258     0.16119    -0.26719   -10.07659
    0.79500       -10.09522     0.16234    -0.26690    -9.99066
    0.94500       -10.00669     0.16375    -0.26665    -9.90378
     1.0950        -9.91842     0.16471    -0.26642    -9.81671
     1.2450        -9.83001     0.16588    -0.26620    -9.72969
     1.3950        -9.74297     0.16695    -0.26601    -9.64391
     1.5450        -9.65798     0.16795    -0.26581    -9.56012
     1.6950        -9.57482     0.16889    -0.26562    -9.47810
     1.8450        -9.49388     0.16977    -0.26545    -9.39819
     1.9950        -9.41580     0.17058    -0.26529    -9.32109
     2.1450        -9.34078     0.17135    -0.26511    -9.24702
     2.2950        -9.26797     0.17209    -0.26497    -9.17509
     2.4450        -9.19764     0.17278    -0.26484    -9.10558
     2.5950        -9.12997     0.17343    -0.26470    -9.03870
     2.7450        -9.06529     0.17406    -0.26457    -8.97477
     2.8950        -9.00284     0.17466    -0.26445    -8.91305
     3.0450        -8.94217     0.17525    -0.26433    -8.85308
     3.1950        -8.88446     0.17579    -0.26421    -8.79604
     3.3450        -8.82877     0.17632    -0.26408    -8.74101
     3.4950        -8.77487     0.17684    -0.26396    -8.68776
     3.6450        -8.72289     0.17733    -0.26385    -8.63636
     3.7950        -8.67240     0.17781    -0.26374    -8.58647
     3.9450        -8.62379     0.17826    -0.26363    -8.53842
     4.0950        -8.57656     0.17871    -0.26352    -8.49176
     4.2450        -8.53087     0.17915    -0.26342    -8.44660
     4.3950        -8.48656     0.17956    -0.26332    -8.40280
     4.5450        -8.44357     0.17997    -0.26323    -8.36031
     4.6950        -8.40172     0.18037    -0.26314    -8.31895
     4.8450        -8.36115     0.18075    -0.26304    -8.27886
     4.9950        -8.32164     0.18113    -0.26296    -8.23981
     5.1450        -8.28321     0.18150    -0.26288    -8.20184
     5.2950        -8.24579     0.18186    -0.26280    -8.16485
     5.4450        -8.20923     0.18221    -0.26271    -8.12873
     5.5950        -8.17366     0.18254    -0.26263    -8.09357
     5.7450        -8.13898     0.18287    -0.26256    -8.05929
     5.8950        -8.10440     0.18320    -0.26248    -8.02512
     6.0450        -8.07133     0.18351    -0.26241    -7.99244
     6.1950        -8.03903     0.18382    -0.26234    -7.96051
     6.3450        -8.00739     0.18411    -0.26226    -7.92924
     6.4950        -7.97641     0.18441    -0.26217    -7.89864
     6.6450        -7.94608     0.18469    -0.26210    -7.86867
     6.7950        -7.91643     0.18498    -0.26203    -7.83939
     6.9450        -7.88734     0.18527    -0.26196    -7.81064
     7.0950        -7.85890     0.18553    -0.26189    -7.78254
     7.2450        -7.83095     0.18580    -0.26182    -7.75493
     7.3950        -7.80358     0.18606    -0.26175    -7.72789
     7.5450        -7.77665     0.18631    -0.26168    -7.70128
     7.6950        -7.75032     0.18657    -0.26162    -7.67526
     7.8450        -7.72445     0.18681    -0.26157    -7.64969
     7.9950        -7.69908     0.18706    -0.26152    -7.62462
     8.1450        -7.67413     0.18730    -0.26145    -7.59997
     8.2950        -7.64961     0.18753    -0.26139    -7.57575
     8.4450        -7.62562     0.18776    -0.26134    -7.55204
     8.5950        -7.60193     0.18798    -0.26128    -7.52863
     8.7450        -7.57860     0.18821    -0.26122    -7.50559
     8.8950        -7.55571     0.18842    -0.26117    -7.48296
     9.0450        -7.53313     0.18864    -0.26112    -7.46064
     9.1950        -7.51092     0.18886    -0.26107    -7.43871
     9.3450        -7.48910     0.18907    -0.26102    -7.41715
     9.4950        -7.46766     0.18927    -0.26097    -7.39596
     9.6450        -7.44649     0.18947    -0.26092    -7.37504
     9.7950        -7.42562     0.18967    -0.26086    -7.35443
     9.9450        -7.40511     0.18987    -0.26082    -7.33416
     10.095        -7.38491     0.19007    -0.26078    -7.31420
     10.245        -7.36496     0.19026    -0.26074    -7.29448
     10.395        -7.34527     0.19045    -0.26069    -7.27502
     10.545        -7.32587     0.19063    -0.26064    -7.25586
     10.695        -7.30676     0.19081    -0.26059    -7.23698
     10.845        -7.28792     0.19099    -0.26055    -7.21835
     10.995        -7.26929     0.19117    -0.26051    -7.19995
     11.145        -7.25091     0.19134    -0.26046    -7.18179
     11.295        -7.23278     0.19151    -0.26042    -7.16387
     11.445        -7.21488     0.19168    -0.26037    -7.14619
     11.595        -7.19726     0.19185    -0.26032    -7.12879
     11.745        -7.17982     0.19202    -0.26028    -7.11155
     11.895        -7.16261     0.19219    -0.26023    -7.09456
     12.045        -7.14564     0.19234    -0.26020    -7.07778
     12.195        -7.12887     0.19251    -0.26015    -7.06123
     12.345        -7.11226     0.19266    -0.26011    -7.04481
     12.495        -7.09592     0.19282    -0.26008    -7.02866
     12.645        -7.07975     0.19298    -0.26004    -7.01268
     12.795        -7.06378     0.19313    -0.26000    -6.99692
     12.945        -7.04800     0.19328    -0.25995    -6.98134
     13.095        -7.03239     0.19343    -0.25991    -6.96590
     13.245        -7.01695     0.19358    -0.25988    -6.95065
     13.395        -7.00162     0.19373    -0.25983    -6.93552
     13.545        -6.98656     0.19387    -0.25980    -6.92064
     13.695        -6.97163     0.19401    -0.25976    -6.90588
     13.845        -6.95688     0.19415    -0.25972    -6.89131
     13.995        -6.94228     0.19429    -0.25969    -6.87688
     14.145        -6.92780     0.19443    -0.25965    -6.86258
     14.295        -6.91349     0.19457    -0.25961    -6.84844
     14.445        -6.89930     0.19471    -0.25958    -6.83442
     14.595        -6.88532     0.19483    -0.25955    -6.82061
     14.745        -6.87149     0.19497    -0.25952    -6.80694
     14.895        -6.85777     0.19509    -0.25948    -6.79338
     15.045        -6.84421     0.19522    -0.25945    -6.77999
     15.195        -6.83078     0.19535    -0.25941    -6.76672
     15.345        -6.81750     0.19548    -0.25938    -6.75360
     15.495        -6.80436     0.19561    -0.25934    -6.74063
     15.645        -6.79127     0.19573    -0.25931    -6.72769
     15.795        -6.77833     0.19585    -0.25927    -6.71491
     15.945        -6.76554     0.19597    -0.25924    -6.70227
     16.095        -6.75284     0.19609    -0.25920    -6.68973
     16.245        -6.74025     0.19621    -0.25917    -6.67729
     16.395        -6.72782     0.19633    -0.25914    -6.66501
     16.545        -6.71549     0.19645    -0.25910    -6.65285
     16.695        -6.70328     0.19657    -0.25906    -6.64079
     16.845        -6.69118     0.19668    -0.25903    -6.62884
     16.995        -6.67920     0.19680    -0.25900    -6.61700
     17.145        -6.66731     0.19691    -0.25897    -6.60525
     17.295        -6.65552     0.19702    -0.25894    -6.59361
     17.445        -6.64388     0.19713    -0.25891    -6.58211
     17.595        -6.63229     0.19725    -0.25888    -6.57066
     17.745        -6.62078     0.19735    -0.25885    -6.55928
     17.895        -6.60942     0.19746    -0.25882    -6.54806
     18.045        -6.59813     0.19757    -0.25879    -6.53692
     18.195        -6.58694     0.19768    -0.25875    -6.52587
     18.345        -6.57585     0.19778    -0.25871    -6.51492
     18.495        -6.56488     0.19789    -0.25868    -6.50409
     18.645        -6.55395     0.19800    -0.25865    -6.49329
     18.795        -6.54315     0.19810    -0.25863    -6.48262
     18.945        -6.53241     0.19820    -0.25860    -6.47201
     19.095        -6.52176     0.19830    -0.25857    -6.46149
     19.245        -6.51122     0.19840    -0.25854    -6.45108
     19.395        -6.50074     0.19851    -0.25852    -6.44073
     19.545        -6.49034     0.19860    -0.25849    -6.43045
     19.695        -6.48004     0.19871    -0.25846    -6.42028
     19.845        -6.46981     0.19880    -0.25843    -6.41018
     19.995        -6.45969     0.19890    -0.25841    -6.40018
     20.145        -6.44960     0.19900    -0.25838    -6.39022
     20.295        -6.43959     0.19909    -0.25835    -6.38033
     20.445        -6.42966     0.19919    -0.25832    -6.37052
     20.595        -6.41976     0.19929    -0.25830    -6.36076
     20.745        -6.40997     0.19938    -0.25827    -6.35108
     20.895        -6.40026     0.19948    -0.25824    -6.34149
     21.045        -6.39063     0.19957    -0.25822    -6.33198
     21.195        -6.38109     0.19966    -0.25820    -6.32255
     21.345        -6.37159     0.19975    -0.25817    -6.31318
     21.495        -6.36216     0.19984    -0.25814    -6.30387
     21.645        -6.35282     0.19994    -0.25811    -6.29464
     21.795        -6.34353     0.20002    -0.25809    -6.28547
     21.945        -6.33432     0.20011    -0.25805    -6.27638
     22.095        -6.32515     0.20020    -0.25803    -6.26733
     22.245        -6.31608     0.20029    -0.25801    -6.25837
     22.395        -6.30705     0.20038    -0.25799    -6.24944
     22.545        -6.29811     0.20046    -0.25796    -6.24061
     22.695        -6.28921     0.20055    -0.25794    -6.23183
     22.845        -6.28035     0.20063    -0.25791    -6.22308
     22.995        -6.27155     0.20072    -0.25789    -6.21438
     23.145        -6.26282     0.20080    -0.25787    -6.20576
     23.295        -6.25416     0.20089    -0.25784    -6.19721
     23.445        -6.24555     0.20097    -0.25782    -6.18870
     23.595        -6.23701     0.20105    -0.25780    -6.18027
     23.745        -6.22851     0.20113    -0.25777    -6.17187
     23.895        -6.22006     0.20122    -0.25775    -6.16353
     24.045        -6.21166     0.20130    -0.25772    -6.15523
     24.195        -6.20331     0.20138    -0.25769    -6.14699
     24.345        -6.19505     0.20146    -0.25767    -6.13883
     24.495        -6.18679     0.20153    -0.25765    -6.13068
     24.645        -6.17861     0.20161    -0.25763    -6.12259
     24.795        -6.17050     0.20170    -0.25761    -6.11459
     24.945        -6.16241     0.20178    -0.25759    -6.10660
     25.095        -6.15439     0.20185    -0.25756    -6.09868
     25.245        -6.14645     0.20193    -0.25754    -6.09084
     25.395        -6.13855     0.20200    -0.25751    -6.08304
     25.545        -6.13067     0.20208    -0.25749    -6.07526
     25.695        -6.12287     0.20216    -0.25747    -6.06756
     25.845        -6.11509     0.20223    -0.25744    -6.05987
     25.995        -6.10734     0.20230    -0.25741    -6.05223
     26.145        -6.09965     0.20237    -0.25739    -6.04464
     26.295        -6.09202     0.20245    -0.25737    -6.03710
     26.445        -6.08444     0.20252    -0.25734    -6.02961
     26.595        -6.07687     0.20259    -0.25732    -6.02214
     26.745        -6.06935     0.20266    -0.25730    -6.01472
     26.895        -6.06191     0.20274    -0.25728    -6.00736
     27.045        -6.05448     0.20281    -0.25726    -6.00003
     27.195        -6.04711     0.20288    -0.25724    -5.99275
     27.345        -6.03982     0.20295    -0.25722    -5.98556
     27.495        -6.03252     0.20301    -0.25719    -5.97834
     27.645        -6.02529     0.20308    -0.25718    -5.97119
     27.795        -6.01808     0.20315    -0.25716    -5.96408
     27.945        -6.01093     0.20322    -0.25714    -5.95701
     28.095        -6.00379     0.20329    -0.25712    -5.94996
     28.245        -5.99671     0.20336    -0.25710    -5.94297
     28.395        -5.98965     0.20343    -0.25708    -5.93600
     28.545        -5.98264     0.20350    -0.25706    -5.92907
     28.695        -5.97568     0.20356    -0.25704    -5.92220
     28.845        -5.96872     0.20363    -0.25702    -5.91533
     28.995        -5.96183     0.20370    -0.25700    -5.90853
     29.145        -5.95494     0.20377    -0.25698    -5.90173
     29.295        -5.94812     0.20383    -0.25695    -5.89500
     29.445        -5.94134     0.20390    -0.25693    -5.88831
     29.595        -5.93458     0.20396    -0.25691    -5.88163
     29.745        -5.92786     0.20402    -0.25689    -5.87499
     29.895        -5.92118     0.20409    -0.25687    -5.86840
     30.045        -5.91455     0.20416    -0.25685    -5.86185
     30.195        -5.90793     0.20422    -0.25683    -5.85532
     30.345        -5.90138     0.20429    -0.25682    -5.84885
     30.495        -5.89485     0.20435    -0.25680    -5.84240
     30.645        -5.88834     0.20441    -0.25678    -5.83597
     30.795        -5.88187     0.20447    -0.25676    -5.82958
     30.945        -5.87542     0.20453    -0.25674    -5.82322
     31.095        -5.86903     0.20460    -0.25673    -5.81690
     31.245        -5.86266     0.20466    -0.25670    -5.81061
     31.395        -5.85632     0.20472    -0.25669    -5.80435
     31.545        -5.85002     0.20478    -0.25668    -5.79813
     31.695        -5.84374     0.20485    -0.25666    -5.79193
     31.845        -5.83749     0.20490    -0.25664    -5.78575
     31.995        -5.83124     0.20496    -0.25662    -5.77958
     32.145        -5.82507     0.20502    -0.25660    -5.77349
     32.295        -5.81893     0.20508    -0.25659    -5.76743
     32.445        -5.81280     0.20514    -0.25657    -5.76137
     32.595        -5.80670     0.20520    -0.25655    -5.75535
     32.745        -5.80064     0.20526    -0.25653    -5.74937
     32.895        -5.79467     0.20532    -0.25651    -5.74347
     33.045        -5.78864     0.20537    -0.25649    -5.73752
     33.195        -5.78266     0.20543    -0.25648    -5.73161
     33.345        -5.77671     0.20549    -0.25646    -5.72574
     33.495        -5.77081     0.20555    -0.25644    -5.71991
     33.645        -5.76492     0.20560    -0.25643    -5.71410
     33.795        -5.75904     0.20566    -0.25641    -5.70829
     33.945        -5.75322     0.20571    -0.25639    -5.70254
     34.095        -5.74739     0.20577    -0.25637    -5.69678
     34.245        -5.74161     0.20582    -0.25636    -5.69107
     34.395        -5.73584     0.20588    -0.25634    -5.68538
     34.545        -5.73011     0.20594    -0.25633    -5.67972
     34.695        -5.72443     0.20599    -0.25631    -5.67411
     34.845        -5.71875     0.20605    -0.25629    -5.66850
     34.995        -5.71312     0.20610    -0.25628    -5.66294
     35.145        -5.70751     0.20616    -0.25626    -5.65741
     35.295        -5.70190     0.20621    -0.25624    -5.65187
     35.445        -5.69631     0.20626    -0.25622    -5.64635
     35.595        -5.69076     0.20631    -0.25621    -5.64086
     35.745        -5.68524     0.20637    -0.25619    -5.63541
     35.895        -5.67973     0.20642    -0.25617    -5.62998
     36.045        -5.67425     0.20647    -0.25616    -5.62456
     36.195        -5.66878     0.20652    -0.25614    -5.61916
     36.345        -5.66335     0.20658    -0.25612    -5.61381
     36.495        -5.65795     0.20663    -0.25610    -5.60848
     36.645        -5.65254     0.20668    -0.25608    -5.60314
     36.795        -5.64720     0.20673    -0.25607    -5.59787
     36.945        -5.64186     0.20678    -0.25606    -5.59259
     37.095        -5.63655     0.20684    -0.25604    -5.58735
     37.245        -5.63125     0.20689    -0.25602    -5.58212
     37.395        -5.62599     0.20694    -0.25601    -5.57692
     37.545        -5.62071     0.20699    -0.25599    -5.57171
     37.695        -5.61547     0.20704    -0.25597    -5.56654
     37.845        -5.61027     0.20709    -0.25596    -5.56140
     37.995        -5.60509     0.20714    -0.25594    -5.55628
     38.145        -5.59993     0.20719    -0.25593    -5.55119
     38.295        -5.59478     0.20724    -0.25592    -5.54610
     38.445        -5.58965     0.20729    -0.25590    -5.54104
     38.595        -5.58455     0.20734    -0.25588    -5.53601
     38.745        -5.57949     0.20738    -0.25587    -5.53100
     38.895        -5.57441     0.20743    -0.25585    -5.52599
     39.045        -5.56936     0.20748    -0.25584    -5.52100
     39.195        -5.56433     0.20753    -0.25583    -5.51603
     39.345        -5.55933     0.20758    -0.25581    -5.51110
     39.495        -5.55437     0.20763    -0.25580    -5.50620
     39.645        -5.54941     0.20768    -0.25578    -5.50130
     39.795        -5.54447     0.20773    -0.25577    -5.49642
     39.945        -5.53954     0.20777    -0.25575    -5.49156
     40.095        -5.53464     0.20782    -0.25574    -5.48672
     40.245        -5.52976     0.20787    -0.25573    -5.48189
     40.395        -5.52490     0.20791    -0.25572    -5.47710
     40.545        -5.52003     0.20796    -0.25570    -5.47228
     40.695        -5.51521     0.20800    -0.25569    -5.46753
     40.845        -5.51039     0.20805    -0.25567    -5.46277
     40.995        -5.50562     0.20810    -0.25566    -5.45806
     41.145        -5.50087     0.20815    -0.25564    -5.45338
     41.295        -5.49612     0.20819    -0.25563    -5.44869
     41.445        -5.49138     0.20823    -0.25561    -5.44400
     41.595        -5.48667     0.20828    -0.25560    -5.43935
     41.745        -5.48200     0.20832    -0.25558    -5.43474
     41.895        -5.47734     0.20837    -0.25557    -5.43014
     42.045        -5.47268     0.20842    -0.25555    -5.42555
     42.195        -5.46806     0.20846    -0.25554    -5.42098
     42.345        -5.46343     0.20851    -0.25553    -5.41640
     42.495        -5.45883     0.20855    -0.25551    -5.41187
     42.645        -5.45423     0.20859    -0.25550    -5.40732
     42.795        -5.44965     0.20864    -0.25548    -5.40280
     42.945        -5.44507     0.20868    -0.25547    -5.39828
     43.095        -5.44056     0.20872    -0.25546    -5.39382
     43.245        -5.43603     0.20877    -0.25545    -5.38936
     43.395        -5.43156     0.20881    -0.25543    -5.38494
     43.545        -5.42705     0.20886    -0.25542    -5.38050
     43.695        -5.42259     0.20890    -0.25541    -5.37608
     43.845        -5.41813     0.20895    -0.25540    -5.37168
     43.995        -5.41368     0.20899    -0.25538    -5.36729
     44.145        -5.40926     0.20903    -0.25537    -5.36293
     44.295        -5.40486     0.20908    -0.25535    -5.35858
     44.445        -5.40049     0.20912    -0.25534    -5.35427
     44.595        -5.39613     0.20916    -0.25532    -5.34997
     44.745        -5.39177     0.20921    -0.25531    -5.34567
     44.895        -5.38745     0.20925    -0.25530    -5.34140
     45.045        -5.38311     0.20929    -0.25528    -5.33711
     45.195        -5.37882     0.20933    -0.25527    -5.33288
     45.345        -5.37452     0.20937    -0.25525    -5.32864
     45.495        -5.37024     0.20941    -0.25523    -5.32442
     45.645        -5.36596     0.20946    -0.25522    -5.32020
     45.795        -5.36171     0.20950    -0.25521    -5.31600
     45.945        -5.35746     0.20954    -0.25519    -5.31180
     46.095        -5.35324     0.20958    -0.25518    -5.30765
     46.245        -5.34902     0.20962    -0.25517    -5.30348
     46.395        -5.34482     0.20966    -0.25515    -5.29933
     46.545        -5.34064     0.20971    -0.25514    -5.29520
     46.695        -5.33647     0.20975    -0.25513    -5.29109
     46.845        -5.33233     0.20979    -0.25512    -5.28700
     46.995        -5.32819     0.20982    -0.25510    -5.28291
     47.145        -5.32408     0.20986    -0.25509    -5.27885
     47.295        -5.31998     0.20990    -0.25508    -5.27480
     47.445        -5.31588     0.20994    -0.25507    -5.27075
     47.595        -5.31180     0.20998    -0.25506    -5.26672
     47.745        -5.30771     0.21002    -0.25505    -5.26268
     47.895        -5.30368     0.21006    -0.25503    -5.25870
     48.045        -5.29965     0.21010    -0.25502    -5.25472
     48.195        -5.29561     0.21014    -0.25501    -5.25074
     48.345        -5.29159     0.21017    -0.25500    -5.24677
     48.495        -5.28759     0.21021    -0.25499    -5.24282
     48.645        -5.28360     0.21025    -0.25497    -5.23888
     48.795        -5.27964     0.21029    -0.25496    -5.23497
     48.945        -5.27567     0.21032    -0.25495    -5.23105
     49.095        -5.27171     0.21036    -0.25493    -5.22714
     49.245        -5.26778     0.21040    -0.25491    -5.22326
     49.395        -5.26386     0.21043    -0.25490    -5.21939
     49.545        -5.25994     0.21047    -0.25489    -5.21553
     49.695        -5.25605     0.21051    -0.25488    -5.21168
     49.845        -5.25216     0.21055    -0.25486    -5.20785
     49.995        -5.24827     0.21059    -0.25485    -5.20400
     50.145        -5.24441     0.21063    -0.25484    -5.20020
     50.295        -5.24056     0.21066    -0.25483    -5.19639
     50.445        -5.23671     0.21070    -0.25481    -5.19260
     50.595        -5.23289     0.21074    -0.25480    -5.18883
     50.745        -5.22908     0.21077    -0.25479    -5.18507
     50.895        -5.22529     0.21081    -0.25478    -5.18133
     51.045        -5.22151     0.21085    -0.25477    -5.17759
     51.195        -5.21776     0.21088    -0.25475    -5.17389
     51.345        -5.21400     0.21092    -0.25474    -5.17017
     51.495        -5.21026     0.21096    -0.25474    -5.16648
     51.645        -5.20653     0.21099    -0.25472    -5.16280
     51.795        -5.20281     0.21103    -0.25471    -5.15913
     51.945        -5.19910     0.21106    -0.25470    -5.15546
     52.095        -5.19539     0.21109    -0.25469    -5.15180
     52.245        -5.19171     0.21113    -0.25467    -5.14817
     52.395        -5.18804     0.21116    -0.25466    -5.14454
     52.545        -5.18438     0.21120    -0.25465    -5.14093
     52.695        -5.18072     0.21123    -0.25464    -5.13731
     52.845        -5.17706     0.21127    -0.25463    -5.13370
     52.995        -5.17342     0.21130    -0.25462    -5.13011
     53.145        -5.16980     0.21134    -0.25461    -5.12653
     53.295        -5.16617     0.21137    -0.25459    -5.12295
     53.445        -5.16257     0.21141    -0.25458    -5.11940
     53.595        -5.15899     0.21144    -0.25457    -5.11587
     53.745        -5.15543     0.21148    -0.25455    -5.11235
     53.895        -5.15187     0.21151    -0.25454    -5.10884
     54.045        -5.14831     0.21155    -0.25453    -5.10533
     54.195        -5.14478     0.21158    -0.25452    -5.10184
     54.345        -5.14122     0.21161    -0.25451    -5.09833
     54.495        -5.13769     0.21165    -0.25450    -5.09484
     54.645        -5.13418     0.21168    -0.25449    -5.09137
     54.795        -5.13068     0.21171    -0.25448    -5.08791
     54.945        -5.12718     0.21175    -0.25447    -5.08446
     55.095        -5.12369     0.21178    -0.25446    -5.08101
     59.433        -4.85016     0.21444    -0.25359    -4.81101
     80.646        -4.45067     0.21833    -0.25225    -4.41675
     111.21        -4.06231     0.22210    -0.25092    -4.03350
     153.36        -3.68525     0.22576    -0.24960    -3.66141
     211.49        -3.32001     0.22931    -0.24828    -3.30103
     291.64        -2.96604     0.23277    -0.24699    -2.95182
     402.18        -2.62384     0.23611    -0.24570    -2.61425
     554.60        -2.29333     0.23933    -0.24444    -2.28822
     764.80        -1.97354     0.24243    -0.24318    -1.97280
     1054.7        -1.66444     0.24544    -0.24196    -1.66792
     1454.4        -1.36541     0.24835    -0.24078    -1.37298
     2005.6        -1.07643     0.25116    -0.23962    -1.08797
     2765.8        -0.79666     0.25389    -0.23848    -0.81207
     3814.0        -0.52573     0.25652    -0.23739    -0.54486
     5259.5        -0.26360     0.25906    -0.23634    -0.28632
     7252.9        -0.00967     0.26151    -0.23530    -0.03588
     10002.         0.23613     0.26389    -0.23433     0.20658
     13793.         0.47367     0.26616    -0.23338     0.44088
     19020.         0.70251     0.26840    -0.23247     0.66658
     26229.         0.92228     0.27054    -0.23159     0.88334
     36170.         1.13286     0.27262    -0.23079     1.09103
     49878.         1.33449     0.27463    -0.23000     1.28986
     68782.         1.52693     0.27657    -0.22923     1.47959
     94851.         1.71075     0.27842    -0.22850     1.66084
    0.13080E+06     1.88599     0.28017    -0.22781     1.83363
    0.18038E+06     2.05329     0.28185    -0.22717     1.99861
    0.24874E+06     2.21268     0.28344    -0.22657     2.15580
    0.34301E+06     2.36446     0.28497    -0.22600     2.30549
    0.47302E+06     2.50909     0.28643    -0.22546     2.44812
    0.65229E+06     2.64690     0.28783    -0.22494     2.58402
    0.89952E+06     2.77803     0.28914    -0.22445     2.71334
    0.12404E+07     2.90266     0.29039    -0.22399     2.83626
    0.17106E+07     3.02141     0.29159    -0.22356     2.95339
    0.23589E+07     3.13457     0.29273    -0.22317     3.06502
    0.32529E+07     3.24201     0.29381    -0.22279     3.17100
    0.44858E+07     3.34432     0.29485    -0.22243     3.27190
    0.61860E+07     3.44148     0.29582    -0.22211     3.36776
    0.85305E+07     3.53406     0.29677    -0.22179     3.45909
    0.11764E+08     3.62198     0.29765    -0.22151     3.54584
    0.16222E+08     3.70563     0.29849    -0.22124     3.62838
    0.22370E+08     3.78516     0.29930    -0.22098     3.70684
    0.30849E+08     3.86022     0.30006    -0.22074     3.78091
    0.42541E+08     3.93045     0.30079    -0.22053     3.85019
    0.58664E+08     3.99616     0.30148    -0.22034     3.91501
    0.80898E+08     4.05780     0.30214    -0.22016     3.97582
    0.11156E+09     4.11580     0.30275    -0.21999     4.03304
    0.15384E+09     4.17034     0.30331    -0.21984     4.08686
    0.21215E+09     4.22166     0.30385    -0.21969     4.13751
    0.29255E+09     4.26996     0.30435    -0.21955     4.18516
    0.40343E+09     4.31546     0.30482    -0.21944     4.23008
    0.55633E+09     4.35833     0.30527    -0.21933     4.27239
    0.76719E+09     4.39747     0.30569    -0.21922     4.31101
    0.10580E+10     4.43295     0.30609    -0.21913     4.34599
    0.14589E+10     4.46553     0.30646    -0.21904     4.37811
    0.20119E+10     4.49548     0.30680    -0.21896     4.40765
    0.27744E+10     4.52307     0.30710    -0.21889     4.43486
    0.38259E+10     4.54855     0.30738    -0.21882     4.46000
    0.52760E+10     4.57203     0.30764    -0.21876     4.48315
    0.72756E+10     4.59371     0.30788    -0.21870     4.50453
    0.10033E+11     4.61375     0.30810    -0.21865     4.52430
    0.13836E+11     4.63225     0.30830    -0.21860     4.54255
    0.19079E+11     4.64928     0.30849    -0.21856     4.55935
    0.26311E+11     4.66503     0.30866    -0.21852     4.57489
    0.36283E+11     4.67957     0.30882    -0.21848     4.58922
    0.50034E+11     4.69294     0.30897    -0.21844     4.60241
    0.68997E+11     4.70532     0.30911    -0.21840     4.61462
    0.10000E+12     4.85343     0.31074    -0.21800     4.76069
