    -99.945         0.00000     0.00000     0.00000     0.00000
    -99.795         0.00000     0.00000     0.00000     0.00000
    -99.645         0.00000     0.00000     0.00000     0.00000
    -99.495         0.00000     0.00000     0.00000     0.00000
    -99.345         0.00000     0.00000     0.00000     0.00000
    -99.195         0.00000     0.00000     0.00000     0.00000
    -99.045         0.00000     0.00000     0.00000     0.00000
    -98.895         0.00000     0.00000     0.00000     0.00000
    -98.745         0.00000     0.00000     0.00000     0.00000
    -98.595         0.00000     0.00000     0.00000     0.00000
    -98.445         0.00000     0.00000     0.00000     0.00000
    -98.295         0.00000     0.00000     0.00000     0.00000
    -98.145         0.00000     0.00000     0.00000     0.00000
    -97.995         0.00000     0.00000     0.00000     0.00000
    -97.845         0.00000     0.00000     0.00000     0.00000
    -97.695         0.00000     0.00000     0.00000     0.00000
    -97.545         0.00000     0.00000     0.00000     0.00000
    -97.395         0.00000     0.00000     0.00000     0.00000
    -97.245         0.00000     0.00000     0.00000     0.00000
    -97.095         0.00000     0.00000     0.00000     0.00000
    -96.945         0.00000     0.00000     0.00000     0.00000
    -96.795         0.00000     0.00000     0.00000     0.00000
    -96.645         0.00000     0.00000     0.00000     0.00000
    -96.495         0.00000     0.00000     0.00000     0.00000
    -96.345         0.00000     0.00000     0.00000     0.00000
    -96.195         0.00000     0.00000     0.00000     0.00000
    -96.045         0.00000     0.00000     0.00000     0.00000
    -95.895         0.00000     0.00000     0.00000     0.00000
    -95.745         0.00000     0.00000     0.00000     0.00000
    -95.595         0.00000     0.00000     0.00000     0.00000
    -95.445         0.00000     0.00000     0.00000     0.00000
    -95.295         0.00000     0.00000     0.00000     0.00000
    -95.145         0.00000     0.00000     0.00000     0.00000
    -94.995         0.00000     0.00000     0.00000     0.00000
    -94.845         0.00000     0.00000     0.00000     0.00000
    -94.695         0.00000     0.00000     0.00000     0.00000
    -94.545         0.00000     0.00000     0.00000     0.00000
    -94.395         0.00000     0.00000     0.00000     0.00000
    -94.245         0.00000     0.00000     0.00000     0.00000
    -94.095         0.00000     0.00000     0.00000     0.00000
    -93.945         0.00000     0.00000     0.00000     0.00000
    -93.795         0.00000     0.00000     0.00000     0.00000
    -93.645         0.00000     0.00000     0.00000     0.00000
    -93.495         0.00000     0.00000     0.00000     0.00000
    -93.345         0.00000     0.00000     0.00000     0.00000
    -93.195         0.00000     0.00000     0.00000     0.00000
    -93.045         0.00000     0.00000     0.00000     0.00000
    -92.895         0.00000     0.00000     0.00000     0.00000
    -92.745         0.00000     0.00000     0.00000     0.00000
    -92.595         0.00000     0.00000     0.00000     0.00000
    -92.445         0.00000     0.00000     0.00000     0.00000
    -92.295         0.00000     0.00000     0.00000     0.00000
    -92.145         0.00000     0.00000     0.00000     0.00000
    -91.995         0.00000     0.00000     0.00000     0.00000
    -91.845         0.00000     0.00000     0.00000     0.00000
    -91.695         0.00000     0.00000     0.00000     0.00000
    -91.545         0.00000     0.00000     0.00000     0.00000
    -91.395         0.00000     0.00000     0.00000     0.00000
    -91.245         0.00000     0.00000     0.00000     0.00000
    -91.095         0.00000     0.00000     0.00000     0.00000
    -90.945         0.00000     0.00000     0.00000     0.00000
    -90.795         0.00000     0.00000     0.00000     0.00000
    -90.645         0.00000     0.00000     0.00000     0.00000
    -90.495         0.00000     0.00000     0.00000     0.00000
    -90.345         0.00000     0.00000     0.00000     0.00000
    -90.195         0.00000     0.00000     0.00000     0.00000
    -90.045         0.00000     0.00000     0.00000     0.00000
    -89.895         0.00000     0.00000     0.00000     0.00000
    -89.745         0.00000     0.00000     0.00000     0.00000
    -89.595         0.00000     0.00000     0.00000     0.00000
    -89.445         0.00000     0.00000     0.00000     0.00000
    -89.295         0.00000     0.00000     0.00000     0.00000
    -89.145         0.00000     0.00000     0.00000     0.00000
    -88.995         0.00000     0.00000     0.00000     0.00000
    -88.845         0.00000     0.00000     0.00000     0.00000
    -88.695         0.00000     0.00000     0.00000     0.00000
    -88.545         0.00000     0.00000     0.00000     0.00000
    -88.395         0.00000     0.00000     0.00000     0.00000
    -88.245         0.00000     0.00000     0.00000     0.00000
    -88.095         0.00000     0.00000     0.00000     0.00000
    -87.945         0.00000     0.00000     0.00000     0.00000
    -87.795         0.00000     0.00000     0.00000     0.00000
    -87.645         0.00000     0.00000     0.00000     0.00000
    -87.495         0.00000     0.00000     0.00000     0.00000
    -87.345         0.00000     0.00000     0.00000     0.00000
    -87.195         0.00000     0.00000     0.00000     0.00000
    -87.045         0.00000     0.00000     0.00000     0.00000
    -86.895         0.00000     0.00000     0.00000     0.00000
    -86.745         0.00000     0.00000     0.00000     0.00000
    -86.595         0.00000     0.00000     0.00000     0.00000
    -86.445         0.00000     0.00000     0.00000     0.00000
    -86.295         0.00000     0.00000     0.00000     0.00000
    -86.145         0.00000     0.00000     0.00000     0.00000
    -85.995         0.00000     0.00000     0.00000     0.00000
    -85.845         0.00000     0.00000     0.00000     0.00000
    -85.695         0.00000     0.00000     0.00000     0.00000
    -85.545         0.00000     0.00000     0.00000     0.00000
    -85.395         0.00000     0.00000     0.00000     0.00000
    -85.245         0.00000     0.00000     0.00000     0.00000
    -85.095         0.00000     0.00000     0.00000     0.00000
    -84.945         0.00000     0.00000     0.00000     0.00000
    -84.795         0.00000     0.00000     0.00000     0.00000
    -84.645         0.00000     0.00000     0.00000     0.00000
    -84.495         0.00000     0.00000     0.00000     0.00000
    -84.345         0.00000     0.00000     0.00000     0.00000
    -84.195         0.00000     0.00000     0.00000     0.00000
    -84.045         0.00000     0.00000     0.00000     0.00000
    -83.895         0.00000     0.00000     0.00000     0.00000
    -83.745         0.00000     0.00000     0.00000     0.00000
    -83.595         0.00000     0.00000     0.00000     0.00000
    -83.445         0.00000     0.00000     0.00000     0.00000
    -83.295         0.00000     0.00000     0.00000     0.00000
    -83.145         0.00000     0.00000     0.00000     0.00000
    -82.995         0.00000     0.00000     0.00000     0.00000
    -82.845         0.00000     0.00000     0.00000     0.00000
    -82.695         0.00000     0.00000     0.00000     0.00000
    -82.545         0.00000     0.00000     0.00000     0.00000
    -82.395         0.00000     0.00000     0.00000     0.00000
    -82.245         0.00000     0.00000     0.00000     0.00000
    -82.095         0.00000     0.00000     0.00000     0.00000
    -81.945         0.00000     0.00000     0.00000     0.00000
    -81.795         0.00000     0.00000     0.00000     0.00000
    -81.645         0.00000     0.00000     0.00000     0.00000
    -81.495         0.00000     0.00000     0.00000     0.00000
    -81.345         0.00000     0.00000     0.00000     0.00000
    -81.195         0.00000     0.00000     0.00000     0.00000
    -81.045         0.00000     0.00000     0.00000     0.00000
    -80.895         0.00000     0.00000     0.00000     0.00000
    -80.745         0.00000     0.00000     0.00000     0.00000
    -80.595         0.00000     0.00000     0.00000     0.00000
    -80.445         0.00000     0.00000     0.00000     0.00000
    -80.295         0.00000     0.00000     0.00000     0.00000
    -80.145         0.00000     0.00000     0.00000     0.00000
    -79.995         0.00000     0.00000     0.00000     0.00000
    -79.845         0.00000     0.00000     0.00000     0.00000
    -79.695         0.00000     0.00000     0.00000     0.00000
    -79.545         0.00000     0.00000     0.00000     0.00000
    -79.395         0.00000     0.00000     0.00000     0.00000
    -79.245         0.00000     0.00000     0.00000     0.00000
    -79.095         0.00000     0.00000     0.00000     0.00000
    -78.945         0.00000     0.00000     0.00000     0.00000
    -78.795         0.00000     0.00000     0.00000     0.00000
    -78.645         0.00000     0.00000     0.00000     0.00000
    -78.495         0.00000     0.00000     0.00000     0.00000
    -78.345         0.00000     0.00000     0.00000     0.00000
    -78.195         0.00000     0.00000     0.00000     0.00000
    -78.045         0.00000     0.00000     0.00000     0.00000
    -77.895         0.00000     0.00000     0.00000     0.00000
    -77.745         0.00000     0.00000     0.00000     0.00000
    -77.595         0.00000     0.00000     0.00000     0.00000
    -77.445         0.00000     0.00000     0.00000     0.00000
    -77.295         0.00000     0.00000     0.00000     0.00000
    -77.145         0.00000     0.00000     0.00000     0.00000
    -76.995         0.00000     0.00000     0.00000     0.00000
    -76.845         0.00000     0.00000     0.00000     0.00000
    -76.695         0.00000     0.00000     0.00000     0.00000
    -76.545         0.00000     0.00000     0.00000     0.00000
    -76.395         0.00000     0.00000     0.00000     0.00000
    -76.245         0.00000     0.00000     0.00000     0.00000
    -76.095         0.00000     0.00000     0.00000     0.00000
    -75.945         0.00000     0.00000     0.00000     0.00000
    -75.795         0.00000     0.00000     0.00000     0.00000
    -75.645         0.00000     0.00000     0.00000     0.00000
    -75.495         0.00000     0.00000     0.00000     0.00000
    -75.345         0.00000     0.00000     0.00000     0.00000
    -75.195         0.00000     0.00000     0.00000     0.00000
    -75.045         0.00000     0.00000     0.00000     0.00000
    -74.895         0.00000     0.00000     0.00000     0.00000
    -74.745         0.00000     0.00000     0.00000     0.00000
    -74.595         0.00000     0.00000     0.00000     0.00000
    -74.445         0.00000     0.00000     0.00000     0.00000
    -74.295         0.00000     0.00000     0.00000     0.00000
    -74.145         0.00000     0.00000     0.00000     0.00000
    -73.995         0.00000     0.00000     0.00000     0.00000
    -73.845         0.00000     0.00000     0.00000     0.00000
    -73.695         0.00000     0.00000     0.00000     0.00000
    -73.545         0.00000     0.00000     0.00000     0.00000
    -73.395         0.00000     0.00000     0.00000     0.00000
    -73.245         0.00000     0.00000     0.00000     0.00000
    -73.095         0.00000     0.00000     0.00000     0.00000
    -72.945         0.00000     0.00000     0.00000     0.00000
    -72.795         0.00000     0.00000     0.00000     0.00000
    -72.645         0.00000     0.00000     0.00000     0.00000
    -72.495         0.00000     0.00000     0.00000     0.00000
    -72.345         0.00000     0.00000     0.00000     0.00000
    -72.195         0.00000     0.00000     0.00000     0.00000
    -72.045         0.00000     0.00000     0.00000     0.00000
    -71.895         0.00000     0.00000     0.00000     0.00000
    -71.745         0.00000     0.00000     0.00000     0.00000
    -71.595         0.00000     0.00000     0.00000     0.00000
    -71.445         0.00000     0.00000     0.00000     0.00000
    -71.295         0.00000     0.00000     0.00000     0.00000
    -71.145         0.00000     0.00000     0.00000     0.00000
    -70.995         0.00000     0.00000     0.00000     0.00000
    -70.845         0.00000     0.00000     0.00000     0.00000
    -70.695         0.00000     0.00000     0.00000     0.00000
    -70.545         0.00000     0.00000     0.00000     0.00000
    -70.395         0.00000     0.00000     0.00000     0.00000
    -70.245         0.00000     0.00000     0.00000     0.00000
    -70.095         0.00000     0.00000     0.00000     0.00000
    -69.945         0.00000     0.00000     0.00000     0.00000
    -69.795         0.00000     0.00000     0.00000     0.00000
    -69.645         0.00000     0.00000     0.00000     0.00000
    -69.495         0.00000     0.00000     0.00000     0.00000
    -69.345         0.00000     0.00000     0.00000     0.00000
    -69.195         0.00000     0.00000     0.00000     0.00000
    -69.045         0.00000     0.00000     0.00000     0.00000
    -68.895         0.00000     0.00000     0.00000     0.00000
    -68.745         0.00000     0.00000     0.00000     0.00000
    -68.595         0.00000     0.00000     0.00000     0.00000
    -68.445         0.00000     0.00000     0.00000     0.00000
    -68.295         0.00000     0.00000     0.00000     0.00000
    -68.145         0.00000     0.00000     0.00000     0.00000
    -67.995         0.00000     0.00000     0.00000     0.00000
    -67.845         0.00000     0.00000     0.00000     0.00000
    -67.695         0.00000     0.00000     0.00000     0.00000
    -67.545         0.00000     0.00000     0.00000     0.00000
    -67.395         0.00000     0.00000     0.00000     0.00000
    -67.245         0.00000     0.00000     0.00000     0.00000
    -67.095         0.00000     0.00000     0.00000     0.00000
    -66.945         0.00000     0.00000     0.00000     0.00000
    -66.795         0.00000     0.00000     0.00000     0.00000
    -66.645         0.00000     0.00000     0.00000     0.00000
    -66.495         0.00000     0.00000     0.00000     0.00000
    -66.345         0.00000     0.00000     0.00000     0.00000
    -66.195         0.00000     0.00000     0.00000     0.00000
    -66.045         0.00000     0.00000     0.00000     0.00000
    -65.895         0.00000     0.00000     0.00000     0.00000
    -65.745         0.00000     0.00000     0.00000     0.00000
    -65.595         0.00000     0.00000     0.00000     0.00000
    -65.445         0.00000     0.00000     0.00000     0.00000
    -65.295         0.00000     0.00000     0.00000     0.00000
    -65.145         0.00000     0.00000     0.00000     0.00000
    -64.995         0.00000     0.00000     0.00000     0.00000
    -64.845         0.00000     0.00000     0.00000     0.00000
    -64.695         0.00000     0.00000     0.00000     0.00000
    -64.545         0.00000     0.00000     0.00000     0.00000
    -64.395         0.00000     0.00000     0.00000     0.00000
    -64.245         0.00000     0.00000     0.00000     0.00000
    -64.095         0.00000     0.00000     0.00000     0.00000
    -63.945         0.00000     0.00000     0.00000     0.00000
    -63.795         0.00000     0.00000     0.00000     0.00000
    -63.645         0.00000     0.00000     0.00000     0.00000
    -63.495         0.00000     0.00000     0.00000     0.00000
    -63.345         0.00000     0.00000     0.00000     0.00000
    -63.195         0.00000     0.00000     0.00000     0.00000
    -63.045         0.00000     0.00000     0.00000     0.00000
    -62.895         0.00000     0.00000     0.00000     0.00000
    -62.745         0.00000     0.00000     0.00000     0.00000
    -62.595         0.00000     0.00000     0.00000     0.00000
    -62.445         0.00000     0.00000     0.00000     0.00000
    -62.295         0.00000     0.00000     0.00000     0.00000
    -62.145         0.00000     0.00000     0.00000     0.00000
    -61.995         0.00000     0.00000     0.00000     0.00000
    -61.845         0.00000     0.00000     0.00000     0.00000
    -61.695         0.00000     0.00000     0.00000     0.00000
    -61.545         0.00000     0.00000     0.00000     0.00000
    -61.395         0.00000     0.00000     0.00000     0.00000
    -61.245         0.00000     0.00000     0.00000     0.00000
    -61.095         0.00000     0.00000     0.00000     0.00000
    -60.945         0.00000     0.00000     0.00000     0.00000
    -60.795         0.00000     0.00000     0.00000     0.00000
    -60.645         0.00000     0.00000     0.00000     0.00000
    -60.495         0.00000     0.00000     0.00000     0.00000
    -60.345         0.00000     0.00000     0.00000     0.00000
    -60.195         0.00000     0.00000     0.00000     0.00000
    -60.045         0.00000     0.00000     0.00000     0.00000
    -59.895         0.00000     0.00000     0.00000     0.00000
    -59.745         0.00000     0.00000     0.00000     0.00000
    -59.595         0.00000     0.00000     0.00000     0.00000
    -59.445         0.00000     0.00000     0.00000     0.00000
    -59.295         0.00000     0.00000     0.00000     0.00000
    -59.145         0.00000     0.00000     0.00000     0.00000
    -58.995         0.00000     0.00000     0.00000     0.00000
    -58.845         0.00000     0.00000     0.00000     0.00000
    -58.695         0.00000     0.00000     0.00000     0.00000
    -58.545         0.00000     0.00000     0.00000     0.00000
    -58.395         0.00000     0.00000     0.00000     0.00000
    -58.245         0.00000     0.00000     0.00000     0.00000
    -58.095         0.00000     0.00000     0.00000     0.00000
    -57.945         0.00000     0.00000     0.00000     0.00000
    -57.795         0.00000     0.00000     0.00000     0.00000
    -57.645         0.00000     0.00000     0.00000     0.00000
    -57.495         0.00000     0.00000     0.00000     0.00000
    -57.345         0.00000     0.00000     0.00000     0.00000
    -57.195         0.00000     0.00000     0.00000     0.00000
    -57.045         0.00000     0.00000     0.00000     0.00000
    -56.895         0.00000     0.00000     0.00000     0.00000
    -56.745         0.00000     0.00000     0.00000     0.00000
    -56.595         0.00000     0.00000     0.00000     0.00000
    -56.445         0.00000     0.00000     0.00000     0.00000
    -56.295         0.00000     0.00000     0.00000     0.00000
    -56.145         0.00000     0.00000     0.00000     0.00000
    -55.995         0.00000     0.00000     0.00000     0.00000
    -55.845         0.00000     0.00000     0.00000     0.00000
    -55.695         0.00000     0.00000     0.00000     0.00000
    -55.545         0.00000     0.00000     0.00000     0.00000
    -55.395         0.00000     0.00000     0.00000     0.00000
    -55.245         0.00000     0.00000     0.00000     0.00000
    -55.095         0.00000     0.00000     0.00000     0.00000
    -54.945         0.00000     0.00000     0.00000     0.00000
    -54.795         0.00000     0.00000     0.00000     0.00000
    -54.645         0.00000     0.00000     0.00000     0.00000
    -54.495         0.00000     0.00000     0.00000     0.00000
    -54.345         0.00000     0.00000     0.00000     0.00000
    -54.195         0.00000     0.00000     0.00000     0.00000
    -54.045         0.00000     0.00000     0.00000     0.00000
    -53.895         0.00000     0.00000     0.00000     0.00000
    -53.745         0.00000     0.00000     0.00000     0.00000
    -53.595         0.00000     0.00000     0.00000     0.00000
    -53.445         0.00000     0.00000     0.00000     0.00000
    -53.295         0.00000     0.00000     0.00000     0.00000
    -53.145         0.00000     0.00000     0.00000     0.00000
    -52.995         0.00000     0.00000     0.00000     0.00000
    -52.845         0.00000     0.00000     0.00000     0.00000
    -52.695         0.00000     0.00000     0.00000     0.00000
    -52.545         0.00000     0.00000     0.00000     0.00000
    -52.395         0.00000     0.00000     0.00000     0.00000
    -52.245         0.00000     0.00000     0.00000     0.00000
    -52.095         0.00000     0.00000     0.00000     0.00000
    -51.945         0.00000     0.00000     0.00000     0.00000
    -51.795         0.00000     0.00000     0.00000     0.00000
    -51.645         0.00000     0.00000     0.00000     0.00000
    -51.495         0.00000     0.00000     0.00000     0.00000
    -51.345         0.00000     0.00000     0.00000     0.00000
    -51.195         0.00000     0.00000     0.00000     0.00000
    -51.045         0.00000     0.00000     0.00000     0.00000
    -50.895         0.00000     0.00000     0.00000     0.00000
    -50.745         0.00000     0.00000     0.00000     0.00000
    -50.595         0.00000     0.00000     0.00000     0.00000
    -50.445         0.00000     0.00000     0.00000     0.00000
    -50.295         0.00000     0.00000     0.00000     0.00000
    -50.145         0.00000     0.00000     0.00000     0.00000
    -49.995         0.00000     0.00000     0.00000     0.00000
    -49.845         0.00000     0.00000     0.00000     0.00000
    -49.695         0.00000     0.00000     0.00000     0.00000
    -49.545         0.00000     0.00000     0.00000     0.00000
    -49.395         0.00000     0.00000     0.00000     0.00000
    -49.245         0.00000     0.00000     0.00000     0.00000
    -49.095         0.00000     0.00000     0.00000     0.00000
    -48.945         0.00000     0.00000     0.00000     0.00000
    -48.795         0.00000     0.00000     0.00000     0.00000
    -48.645         0.00000     0.00000     0.00000     0.00000
    -48.495         0.00000     0.00000     0.00000     0.00000
    -48.345         0.00000     0.00000     0.00000     0.00000
    -48.195         0.00000     0.00000     0.00000     0.00000
    -48.045         0.00000     0.00000     0.00000     0.00000
    -47.895         0.00000     0.00000     0.00000     0.00000
    -47.745         0.00000     0.00000     0.00000     0.00000
    -47.595         0.00000     0.00000     0.00000     0.00000
    -47.445         0.00000     0.00000     0.00000     0.00000
    -47.295         0.00000     0.00000     0.00000     0.00000
    -47.145         0.00000     0.00000     0.00000     0.00000
    -46.995         0.00000     0.00000     0.00000     0.00000
    -46.845         0.00000     0.00000     0.00000     0.00000
    -46.695         0.00000     0.00000     0.00000     0.00000
    -46.545         0.00000     0.00000     0.00000     0.00000
    -46.395         0.00000     0.00000     0.00000     0.00000
    -46.245         0.00000     0.00000     0.00000     0.00000
    -46.095         0.00000     0.00000     0.00000     0.00000
    -45.945         0.00000     0.00000     0.00000     0.00000
    -45.795         0.00000     0.00000     0.00000     0.00000
    -45.645         0.00000     0.00000     0.00000     0.00000
    -45.495         0.00000     0.00000     0.00000     0.00000
    -45.345         0.00000     0.00000     0.00000     0.00000
    -45.195         0.00000     0.00000     0.00000     0.00000
    -45.045         0.00000     0.00000     0.00000     0.00000
    -44.895         0.00000     0.00000     0.00000     0.00000
    -44.745         0.00000     0.00000     0.00000     0.00000
    -44.595         0.00000     0.00000     0.00000     0.00000
    -44.445         0.00000     0.00000     0.00000     0.00000
    -44.295         0.00000     0.00000     0.00000     0.00000
    -44.145         0.00000     0.00000     0.00000     0.00000
    -43.995         0.00000     0.00000     0.00000     0.00000
    -43.845         0.00000     0.00000     0.00000     0.00000
    -43.695         0.00000     0.00000     0.00000     0.00000
    -43.545         0.00000     0.00000     0.00000     0.00000
    -43.395         0.00000     0.00000     0.00000     0.00000
    -43.245         0.00000     0.00000     0.00000     0.00000
    -43.095         0.00000     0.00000     0.00000     0.00000
    -42.945         0.00000     0.00000     0.00000     0.00000
    -42.795         0.00000     0.00000     0.00000     0.00000
    -42.645         0.00000     0.00000     0.00000     0.00000
    -42.495         0.00000     0.00000     0.00000     0.00000
    -42.345         0.00000     0.00000     0.00000     0.00000
    -42.195         0.00000     0.00000     0.00000     0.00000
    -42.045         0.00000     0.00000     0.00000     0.00000
    -41.895         0.00000     0.00000     0.00000     0.00000
    -41.745         0.00000     0.00000     0.00000     0.00000
    -41.595         0.00000     0.00000     0.00000     0.00000
    -41.445         0.00000     0.00000     0.00000     0.00000
    -41.295         0.00000     0.00000     0.00000     0.00000
    -41.145         0.00000     0.00000     0.00000     0.00000
    -40.995         0.00000     0.00000     0.00000     0.00000
    -40.845         0.00000     0.00000     0.00000     0.00000
    -40.695         0.00000     0.00000     0.00000     0.00000
    -40.545         0.00000     0.00000     0.00000     0.00000
    -40.395         0.00000     0.00000     0.00000     0.00000
    -40.245         0.00000     0.00000     0.00000     0.00000
    -40.095         0.00000     0.00000     0.00000     0.00000
    -39.945         0.00000     0.00000     0.00000     0.00000
    -39.795         0.00000     0.00000     0.00000     0.00000
    -39.645         0.00000     0.00000     0.00000     0.00000
    -39.495         0.00000     0.00000     0.00000     0.00000
    -39.345         0.00000     0.00000     0.00000     0.00000
    -39.195         0.00000     0.00000     0.00000     0.00000
    -39.045         0.00000     0.00000     0.00000     0.00000
    -38.895         0.00000     0.00000     0.00000     0.00000
    -38.745         0.00000     0.00000     0.00000     0.00000
    -38.595         0.00000     0.00000     0.00000     0.00000
    -38.445         0.00000     0.00000     0.00000     0.00000
    -38.295         0.00000     0.00000     0.00000     0.00000
    -38.145         0.00000     0.00000     0.00000     0.00000
    -37.995         0.00000     0.00000     0.00000     0.00000
    -37.845         0.00000     0.00000     0.00000     0.00000
    -37.695         0.00000     0.00000     0.00000     0.00000
    -37.545         0.00000     0.00000     0.00000     0.00000
    -37.395         0.00000     0.00000     0.00000     0.00000
    -37.245         0.00000     0.00000     0.00000     0.00000
    -37.095         0.00000     0.00000     0.00000     0.00000
    -36.945         0.00000     0.00000     0.00000     0.00000
    -36.795         0.00000     0.00000     0.00000     0.00000
    -36.645         0.00000     0.00000     0.00000     0.00000
    -36.495         0.00000     0.00000     0.00000     0.00000
    -36.345         0.00000     0.00000     0.00000     0.00000
    -36.195         0.00000     0.00000     0.00000     0.00000
    -36.045         0.00000     0.00000     0.00000     0.00000
    -35.895         0.00000     0.00000     0.00000     0.00000
    -35.745         0.00000     0.00000     0.00000     0.00000
    -35.595         0.00000     0.00000     0.00000     0.00000
    -35.445         0.00000     0.00000     0.00000     0.00000
    -35.295         0.00000     0.00000     0.00000     0.00000
    -35.145         0.00000     0.00000     0.00000     0.00000
    -34.995         0.00000     0.00000     0.00000     0.00000
    -34.845         0.00000     0.00000     0.00000     0.00000
    -34.695         0.00000     0.00000     0.00000     0.00000
    -34.545         0.00000     0.00000     0.00000     0.00000
    -34.395         0.00000     0.00000     0.00000     0.00000
    -34.245         0.00000     0.00000     0.00000     0.00000
    -34.095         0.00000     0.00000     0.00000     0.00000
    -33.945         0.00000     0.00000     0.00000     0.00000
    -33.795         0.00000     0.00000     0.00000     0.00000
    -33.645         0.00000     0.00000     0.00000     0.00000
    -33.495         0.00000     0.00000     0.00000     0.00000
    -33.345         0.00000     0.00000     0.00000     0.00000
    -33.195         0.00000     0.00000     0.00000     0.00000
    -33.045         0.00000     0.00000     0.00000     0.00000
    -32.895         0.00000     0.00000     0.00000     0.00000
    -32.745         0.00000     0.00000     0.00000     0.00000
    -32.595         0.00000     0.00000     0.00000     0.00000
    -32.445         0.00000     0.00000     0.00000     0.00000
    -32.295         0.00000     0.00000     0.00000     0.00000
    -32.145         0.00000     0.00000     0.00000     0.00000
    -31.995         0.00000     0.00000     0.00000     0.00000
    -31.845         0.00000     0.00000     0.00000     0.00000
    -31.695         0.00000     0.00000     0.00000     0.00000
    -31.545         0.00000     0.00000     0.00000     0.00000
    -31.395         0.00000     0.00000     0.00000     0.00000
    -31.245         0.00000     0.00000     0.00000     0.00000
    -31.095         0.00000     0.00000     0.00000     0.00000
    -30.945         0.00000     0.00000     0.00000     0.00000
    -30.795         0.00000     0.00000     0.00000     0.00000
    -30.645         0.00000     0.00000     0.00000     0.00000
    -30.495         0.00000     0.00000     0.00000     0.00000
    -30.345         0.00000     0.00000     0.00000     0.00000
    -30.195         0.00000     0.00000     0.00000     0.00000
    -30.045         0.00000     0.00000     0.00000     0.00000
    -29.895         0.00000     0.00000     0.00000     0.00000
    -29.745         0.00000     0.00000     0.00000     0.00000
    -29.595         0.00000     0.00000     0.00000     0.00000
    -29.445         0.00000     0.00000     0.00000     0.00000
    -29.295         0.00000     0.00000     0.00000     0.00000
    -29.145         0.00000     0.00000     0.00000     0.00000
    -28.995         0.00000     0.00000     0.00000     0.00000
    -28.845         0.00000     0.00000     0.00000     0.00000
    -28.695         0.00000     0.00000     0.00000     0.00000
    -28.545         0.00000     0.00000     0.00000     0.00000
    -28.395         0.00000     0.00000     0.00000     0.00000
    -28.245         0.00000     0.00000     0.00000     0.00000
    -28.095         0.00000     0.00000     0.00000     0.00000
    -27.945         0.00000     0.00000     0.00000     0.00000
    -27.795         0.00000     0.00000     0.00000     0.00000
    -27.645         0.00000     0.00000     0.00000     0.00000
    -27.495         0.00000     0.00000     0.00000     0.00000
    -27.345         0.00000     0.00000     0.00000     0.00000
    -27.195         0.00000     0.00000     0.00000     0.00000
    -27.045         0.00000     0.00000     0.00000     0.00000
    -26.895         0.00000     0.00000     0.00000     0.00000
    -26.745         0.00000     0.00000     0.00000     0.00000
    -26.595         0.00000     0.00000     0.00000     0.00000
    -26.445         0.00000     0.00000     0.00000     0.00000
    -26.295         0.00000     0.00000     0.00000     0.00000
    -26.145         0.00000     0.00000     0.00000     0.00000
    -25.995         0.00000     0.00000     0.00000     0.00000
    -25.845         0.00000     0.00000     0.00000     0.00000
    -25.695         0.00000     0.00000     0.00000     0.00000
    -25.545         0.00000     0.00000     0.00000     0.00000
    -25.395         0.00000     0.00000     0.00000     0.00000
    -25.245         0.00000     0.00000     0.00000     0.00000
    -25.095         0.00000     0.00000     0.00000     0.00000
    -24.945         0.00000     0.00000     0.00000     0.00000
    -24.795         0.00000     0.00000     0.00000     0.00000
    -24.645         0.00000     0.00000     0.00000     0.00000
    -24.495         0.00000     0.00000     0.00000     0.00000
    -24.345         0.00000     0.00000     0.00000     0.00000
    -24.195         0.00000     0.00000     0.00000     0.00000
    -24.045         0.00000     0.00000     0.00000     0.00000
    -23.895         0.00000     0.00000     0.00000     0.00000
    -23.745         0.00000     0.00000     0.00000     0.00000
    -23.595         0.00000     0.00000     0.00000     0.00000
    -23.445         0.00000     0.00000     0.00000     0.00000
    -23.295         0.00000     0.00000     0.00000     0.00000
    -23.145         0.00000     0.00000     0.00000     0.00000
    -22.995         0.00000     0.00000     0.00000     0.00000
    -22.845         0.00000     0.00000     0.00000     0.00000
    -22.695         0.00000     0.00000     0.00000     0.00000
    -22.545         0.00000     0.00000     0.00000     0.00000
    -22.395         0.00000     0.00000     0.00000     0.00000
    -22.245         0.00000     0.00000     0.00000     0.00000
    -22.095         0.00000     0.00000     0.00000     0.00000
    -21.945         0.00000     0.00000     0.00000     0.00000
    -21.795         0.00000     0.00000     0.00000     0.00000
    -21.645         0.00000     0.00000     0.00000     0.00000
    -21.495         0.00000     0.00000     0.00000     0.00000
    -21.345         0.00000     0.00000     0.00000     0.00000
    -21.195         0.00000     0.00000     0.00000     0.00000
    -21.045         0.00000     0.00000     0.00000     0.00000
    -20.895         0.00000     0.00000     0.00000     0.00000
    -20.745         0.00000     0.00000     0.00000     0.00000
    -20.595         0.00000     0.00000     0.00000     0.00000
    -20.445         0.00000     0.00000     0.00000     0.00000
    -20.295         0.00000     0.00000     0.00000     0.00000
    -20.145         0.00000     0.00000     0.00000     0.00000
    -19.995         0.00000     0.00000     0.00000     0.00000
    -19.845         0.00000     0.00000     0.00000     0.00000
    -19.695         0.00000     0.00000     0.00000     0.00000
    -19.545         0.00000     0.00000     0.00000     0.00000
    -19.395         0.00000     0.00000     0.00000     0.00000
    -19.245         0.00000     0.00000     0.00000     0.00000
    -19.095         0.00000     0.00000     0.00000     0.00000
    -18.945         0.00000     0.00000     0.00000     0.00000
    -18.795         0.00000     0.00000     0.00000     0.00000
    -18.645         0.00000     0.00000     0.00000     0.00000
    -18.495         0.00000     0.00000     0.00000     0.00000
    -18.345         0.00000     0.00000     0.00000     0.00000
    -18.195         0.00000     0.00000     0.00000     0.00000
    -18.045         0.00000     0.00000     0.00000     0.00000
    -17.895         0.00000     0.00000     0.00000     0.00000
    -17.745         0.00000     0.00000     0.00000     0.00000
    -17.595         0.00000     0.00000     0.00000     0.00000
    -17.445         0.00000     0.00000     0.00000     0.00000
    -17.295         0.00000     0.00000     0.00000     0.00000
    -17.145         0.00000     0.00000     0.00000     0.00000
    -16.995         0.00000     0.00000     0.00000     0.00000
    -16.845         0.00000     0.00000     0.00000     0.00000
    -16.695         0.00000     0.00000     0.00000     0.00000
    -16.545         0.00000     0.00000     0.00000     0.00000
    -16.395         0.00000     0.00000     0.00000     0.00000
    -16.245         0.00000     0.00000     0.00000     0.00000
    -16.095         0.00000     0.00000     0.00000     0.00000
    -15.945         0.00000     0.00000     0.00000     0.00000
    -15.795         0.00000     0.00000     0.00000     0.00000
    -15.645         0.00000     0.00000     0.00000     0.00000
    -15.495         0.00000     0.00000     0.00000     0.00000
    -15.345         0.00000     0.00000     0.00000     0.00000
    -15.195         0.00000     0.00000     0.00000     0.00000
    -15.045         0.00000     0.00000     0.00000     0.00000
    -14.895         0.00000     0.00000     0.00000     0.00000
    -14.745         0.00000     0.00000     0.00000     0.00000
    -14.595         0.00000     0.00000     0.00000     0.00000
    -14.445         0.00000     0.00000     0.00000     0.00000
    -14.295         0.00000     0.00000     0.00000     0.00000
    -14.145         0.00000     0.00000     0.00000     0.00000
    -13.995         0.00000     0.00000     0.00000     0.00000
    -13.845         0.00000     0.00000     0.00000     0.00000
    -13.695         0.00000     0.00000     0.00000     0.00000
    -13.545         0.00000     0.00000     0.00000     0.00000
    -13.395         0.00000     0.00000     0.00000     0.00000
    -13.245         0.00000     0.00000     0.00000     0.00000
    -13.095         0.00000     0.00000     0.00000     0.00000
    -12.945         0.00000     0.00000     0.00000     0.00000
    -12.795         0.00000     0.00000     0.00000     0.00000
    -12.645         0.00000     0.00000     0.00000     0.00000
    -12.495         0.00000     0.00000     0.00000     0.00000
    -12.345         0.00000     0.00000     0.00000     0.00000
    -12.195         0.00000     0.00000     0.00000     0.00000
    -12.045         0.00000     0.00000     0.00000     0.00000
    -11.895         0.00000     0.00000     0.00000     0.00000
    -11.745         0.00000     0.00000     0.00000     0.00000
    -11.595         0.00000     0.00000     0.00000     0.00000
    -11.445         0.00000     0.00000     0.00000     0.00000
    -11.295         0.00000     0.00000     0.00000     0.00000
    -11.145         0.00000     0.00000     0.00000     0.00000
    -10.995         0.00000     0.00000     0.00000     0.00000
    -10.845         0.00000     0.00000     0.00000     0.00000
    -10.695         0.00000     0.00000     0.00000     0.00000
    -10.545         0.00000     0.00000     0.00000     0.00000
    -10.395         0.00000     0.00000     0.00000     0.00000
    -10.245         0.00000     0.00000     0.00000     0.00000
    -10.095         0.00000     0.00000     0.00000     0.00000
    -9.9450         0.00000     0.00000     0.00000     0.00000
    -9.7950         0.00000     0.00000     0.00000     0.00000
    -9.6450         0.00000     0.00000     0.00000     0.00000
    -9.4950         0.00000     0.00000     0.00000     0.00000
    -9.3450         0.00000     0.00000     0.00000     0.00000
    -9.1950         0.00000     0.00000     0.00000     0.00000
    -9.0450         0.00000     0.00000     0.00000     0.00000
    -8.8950         0.00000     0.00000     0.00000     0.00000
    -8.7450         0.00000     0.00000     0.00000     0.00000
    -8.5950         0.00000     0.00000     0.00000     0.00000
    -8.4450         0.00000     0.00000     0.00000     0.00000
    -8.2950         0.00000     0.00000     0.00000     0.00000
    -8.1450         0.00000     0.00000     0.00000     0.00000
    -7.9950         0.00000     0.00000     0.00000     0.00000
    -7.8450         0.00000     0.00000     0.00000     0.00000
    -7.6950         0.00000     0.00000     0.00000     0.00000
    -7.5450         0.00000     0.00000     0.00000     0.00000
    -7.3950         0.00000     0.00000     0.00000     0.00000
    -7.2450         0.00000     0.00000     0.00000     0.00000
    -7.0950         0.00000     0.00000     0.00000     0.00000
    -6.9450         0.00000     0.00000     0.00000     0.00000
    -6.7950         0.00000     0.00000     0.00000     0.00000
    -6.6450         0.00000     0.00000     0.00000     0.00000
    -6.4950         0.00000     0.00000     0.00000     0.00000
    -6.3450         0.00000     0.00000     0.00000     0.00000
    -6.1950         0.00000     0.00000     0.00000     0.00000
    -6.0450         0.00000     0.00000     0.00000     0.00000
    -5.8950         0.00000     0.00000     0.00000     0.00000
    -5.7450         0.00000     0.00000     0.00000     0.00000
    -5.5950         0.00000     0.00000     0.00000     0.00000
    -5.4450         0.00000     0.00000     0.00000     0.00000
    -5.2950         0.00000     0.00000     0.00000     0.00000
    -5.1450         0.00000     0.00000     0.00000     0.00000
    -4.9950         0.00000     0.00000     0.00000     0.00000
    -4.8450         0.00000     0.00000     0.00000     0.00000
    -4.6950         0.00000     0.00000     0.00000     0.00000
    -4.5450         0.00000     0.00000     0.00000     0.00000
    -4.3950         0.00000     0.00000     0.00000     0.00000
    -4.2450         0.00000     0.00000     0.00000     0.00000
    -4.0950         0.00000     0.00000     0.00000     0.00000
    -3.9450         0.00000     0.00000     0.00000     0.00000
    -3.7950         0.00000     0.00000     0.00000     0.00000
    -3.6450         0.00000     0.00000     0.00000     0.00000
    -3.4950         0.00000     0.00000     0.00000     0.00000
    -3.3450         0.00000     0.00000     0.00000     0.00000
    -3.1950         0.00000     0.00000     0.00000     0.00000
    -3.0450         0.00000     0.00000     0.00000     0.00000
    -2.8950         0.00000     0.00000     0.00000     0.00000
    -2.7450         0.00000     0.00000     0.00000     0.00000
    -2.5950         0.00000     0.00000     0.00000     0.00000
    -2.4450         0.00000     0.00000     0.00000     0.00000
    -2.2950         0.00000     0.00000     0.00000     0.00000
    -2.1450         0.00000     0.00000     0.00000     0.00000
    -1.9950         0.00000     0.00000     0.00000     0.00000
    -1.8450         0.00000     0.00000     0.00000     0.00000
    -1.6950        -0.00000    -0.00000     0.00000     0.00000
    -1.5450        -0.00000    -0.00000     0.00000     0.00000
    -1.3950         0.00000     0.00000     0.00000     0.00000
    -1.2450         0.00001     0.00001     0.00000     0.00000
    -1.0950        -0.00024    -0.00013     0.00000    -0.00011
   -0.94500        -0.00253    -0.00058     0.00000    -0.00194
   -0.79500        -0.01577    -0.00191     0.00000    -0.01386
   -0.64500        -0.09358    -0.00577     0.00031    -0.08812
   -0.49500        -0.68057    -0.01270    -0.00482    -0.66305
   -0.34500        -2.83253    -0.02683    -0.02684    -2.77887
   -0.22700        -3.58584    -0.03385    -0.03542    -3.51657
   -0.21300        -3.66667    -0.03478    -0.03665    -3.59525
   -0.20700        -3.74580    -0.03568    -0.03741    -3.67271
   -0.20100        -3.82293    -0.03659    -0.03838    -3.74796
   -0.19500        -3.89860    -0.03748    -0.03943    -3.82169
   -0.18900        -3.97456    -0.03832    -0.04054    -3.89570
   -0.18300        -4.04890    -0.03913    -0.04158    -3.96819
   -0.17700        -4.12255    -0.04009    -0.04244    -4.04001
   -0.17100        -4.19589    -0.04108    -0.04334    -4.11147
   -0.16500        -4.26730    -0.04214    -0.04441    -4.18075
   -0.15900        -4.33843    -0.04325    -0.04548    -4.24970
   -0.15300        -4.40889    -0.04460    -0.04652    -4.31777
   -0.14700        -4.48011    -0.04580    -0.04773    -4.38657
   -0.14100        -4.54979    -0.04718    -0.04859    -4.45403
   -0.13500        -4.62059    -0.04854    -0.04990    -4.52215
   -0.12900        -4.69123    -0.05002    -0.05118    -4.59003
   -0.12300        -4.76122    -0.05156    -0.05238    -4.65729
   -0.11700        -4.83198    -0.05309    -0.05383    -4.72506
   -0.11100        -4.90444    -0.05469    -0.05555    -4.79420
   -0.10500        -4.97728    -0.05644    -0.05720    -4.86365
   -0.99000E-01    -5.05089    -0.05825    -0.05872    -4.93392
   -0.93000E-01    -5.12649    -0.06018    -0.06051    -5.00579
   -0.87000E-01    -5.20432    -0.06215    -0.06270    -5.07947
   -0.81000E-01    -5.28437    -0.06431    -0.06504    -5.15503
   -0.75000E-01    -5.36714    -0.06661    -0.06752    -5.23301
   -0.69000E-01    -5.45352    -0.06920    -0.07000    -5.31432
   -0.63000E-01    -5.54397    -0.07184    -0.07286    -5.39926
   -0.57000E-01    -5.64090    -0.07477    -0.07610    -5.49003
   -0.51000E-01    -5.74533    -0.07799    -0.07983    -5.58752
   -0.45000E-01    -5.85968    -0.08175    -0.08397    -5.69395
   -0.39000E-01    -5.98606    -0.08585    -0.08878    -5.81143
   -0.33000E-01    -6.12876    -0.09071    -0.09465    -5.94340
   -0.27000E-01    -6.29000    -0.09667    -0.10208    -6.09125
   -0.21300E-01    -6.41286    -0.10179    -0.10864    -6.20243
   -0.19500E-01    -6.43187    -0.10262    -0.10979    -6.21946
   -0.18900E-01    -6.45141    -0.10348    -0.11098    -6.23695
   -0.18300E-01    -6.47126    -0.10438    -0.11224    -6.25464
   -0.17700E-01    -6.49131    -0.10532    -0.11357    -6.27242
   -0.17100E-01    -6.51188    -0.10628    -0.11493    -6.29067
   -0.16500E-01    -6.53280    -0.10732    -0.11638    -6.30910
   -0.15900E-01    -6.55422    -0.10839    -0.11787    -6.32796
   -0.15300E-01    -6.57597    -0.10951    -0.11947    -6.34699
   -0.14700E-01    -6.59824    -0.11065    -0.12121    -6.36637
   -0.14100E-01    -6.62126    -0.11185    -0.12305    -6.38635
   -0.13500E-01    -6.64471    -0.11311    -0.12502    -6.40658
   -0.12900E-01    -6.66892    -0.11451    -0.12713    -6.42728
   -0.12300E-01    -6.69365    -0.11592    -0.12940    -6.44834
   -0.11700E-01    -6.71919    -0.11740    -0.13179    -6.47000
   -0.11100E-01    -6.74543    -0.11897    -0.13439    -6.49207
   -0.10500E-01    -6.77259    -0.12063    -0.13726    -6.51470
   -0.99000E-02    -6.80081    -0.12238    -0.14049    -6.53794
   -0.93000E-02    -6.83018    -0.12430    -0.14402    -6.56186
   -0.87000E-02    -6.86051    -0.12628    -0.14786    -6.58637
   -0.81000E-02    -6.89218    -0.12842    -0.15219    -6.61157
   -0.75000E-02    -6.92536    -0.13073    -0.15709    -6.63753
   -0.69000E-02    -6.96031    -0.13323    -0.16263    -6.66445
   -0.63000E-02    -6.99701    -0.13590    -0.16894    -6.69217
   -0.57000E-02    -7.03581    -0.13877    -0.17637    -6.72067
   -0.51000E-02    -7.07701    -0.14191    -0.18511    -6.75000
   -0.45000E-02    -7.12107    -0.14530    -0.19577    -6.78000
   -0.39000E-02    -7.16913    -0.14903    -0.20939    -6.81071
   -0.33000E-02    -7.22280    -0.15302    -0.22795    -6.84183
   -0.27000E-02    -7.28670    -0.15735    -0.25581    -6.87355
   -0.21000E-02    -7.36893    -0.16198    -0.30088    -6.90607
   -0.15000E-02    -7.47367    -0.16674    -0.36441    -6.94253
   -0.90000E-03    -7.56802    -0.17119    -0.39804    -6.99879
   -0.30000E-03    -9.03024    -0.17381    -0.40338    -8.45305
    0.30000E-03    -7.56946    -0.16845    -0.40077    -7.00023
    0.90000E-03    -7.48757    -0.13487    -0.39635    -6.95635
    0.15000E-02    -7.40551    -0.07159    -0.39163    -6.94229
    0.21000E-02    -7.35108    -0.02651    -0.38705    -6.93752
    0.27000E-02    -7.31715     0.00145    -0.38275    -6.93586
    0.33000E-02    -7.29397     0.02005    -0.37875    -6.93527
    0.39000E-02    -7.27636     0.03374    -0.37504    -6.93506
    0.45000E-02    -7.26209     0.04449    -0.37162    -6.93496
    0.51000E-02    -7.25005     0.05334    -0.36848    -6.93492
    0.57000E-02    -7.23977     0.06068    -0.36556    -6.93489
    0.63000E-02    -7.23077     0.06700    -0.36289    -6.93487
    0.69000E-02    -7.22284     0.07245    -0.36043    -6.93486
    0.75000E-02    -7.21567     0.07729    -0.35811    -6.93485
    0.81000E-02    -7.20930     0.08153    -0.35600    -6.93483
    0.87000E-02    -7.20353     0.08532    -0.35404    -6.93481
    0.93000E-02    -7.19833     0.08870    -0.35223    -6.93480
    0.99000E-02    -7.19349     0.09182    -0.35053    -6.93478
    0.10500E-01    -7.18910     0.09463    -0.34897    -6.93476
    0.11100E-01    -7.18491     0.09730    -0.34747    -6.93474
    0.11700E-01    -7.18107     0.09971    -0.34606    -6.93472
    0.12300E-01    -7.17757     0.10189    -0.34475    -6.93470
    0.12900E-01    -7.17425     0.10394    -0.34350    -6.93468
    0.13500E-01    -7.17120     0.10582    -0.34236    -6.93466
    0.14100E-01    -7.16833     0.10758    -0.34128    -6.93463
    0.14700E-01    -7.16566     0.10919    -0.34024    -6.93461
    0.15300E-01    -7.16315     0.11069    -0.33925    -6.93458
    0.15900E-01    -7.16077     0.11212    -0.33834    -6.93455
    0.16500E-01    -7.15847     0.11348    -0.33742    -6.93453
    0.17100E-01    -7.15640     0.11474    -0.33663    -6.93451
    0.17700E-01    -7.15437     0.11594    -0.33583    -6.93448
    0.18300E-01    -7.15245     0.11708    -0.33508    -6.93445
    0.18900E-01    -7.15068     0.11811    -0.33437    -6.93442
    0.19500E-01    -7.14896     0.11911    -0.33368    -6.93439
    0.21300E-01    -7.13943     0.12465    -0.32993    -6.93415
    0.27000E-01    -7.12975     0.13018    -0.32621    -6.93373
    0.33000E-01    -7.12364     0.13353    -0.32396    -6.93321
    0.39000E-01    -7.11944     0.13574    -0.32258    -6.93260
    0.45000E-01    -7.11643     0.13715    -0.32163    -6.93195
    0.51000E-01    -7.11404     0.13818    -0.32100    -6.93122
    0.57000E-01    -7.11222     0.13881    -0.32061    -6.93042
    0.63000E-01    -7.11065     0.13921    -0.32036    -6.92951
    0.69000E-01    -7.10912     0.13954    -0.32016    -6.92850
    0.75000E-01    -7.10775     0.13971    -0.32002    -6.92743
    0.81000E-01    -7.10641     0.13986    -0.31990    -6.92637
    0.87000E-01    -7.10510     0.13996    -0.31980    -6.92525
    0.93000E-01    -7.10379     0.14003    -0.31973    -6.92410
    0.99000E-01    -7.10239     0.14010    -0.31964    -6.92284
    0.10500        -7.10101     0.14015    -0.31959    -6.92157
    0.11100        -7.09943     0.14020    -0.31948    -6.92015
    0.11700        -7.09765     0.14052    -0.31943    -6.91873
    0.12300        -7.09576     0.14056    -0.31906    -6.91725
    0.12900        -7.09382     0.14083    -0.31899    -6.91566
    0.13500        -7.09187     0.14088    -0.31866    -6.91409
    0.14100        -7.08964     0.14114    -0.31834    -6.91244
    0.14700        -7.08752     0.14138    -0.31802    -6.91088
    0.15300        -7.08545     0.14142    -0.31772    -6.90916
    0.15900        -7.08330     0.14166    -0.31741    -6.90754
    0.16500        -7.08148     0.14170    -0.31736    -6.90582
    0.17100        -7.07933     0.14193    -0.31705    -6.90421
    0.17700        -7.07710     0.14216    -0.31676    -6.90249
    0.18300        -7.07485     0.14238    -0.31671    -6.90052
    0.18900        -7.07246     0.14260    -0.31642    -6.89864
    0.19500        -7.07039     0.14264    -0.31614    -6.89690
    0.20100        -7.06799     0.14268    -0.31586    -6.89481
    0.20700        -7.06548     0.14290    -0.31558    -6.89280
    0.21300        -7.06307     0.14311    -0.31531    -6.89087
    0.22700        -7.04250     0.14399    -0.31368    -6.87281
    0.34500        -6.97669     0.14635    -0.31106    -6.81198
    0.49500        -6.90740     0.14813    -0.30851    -6.74702
    0.64500        -6.83334     0.15105    -0.30520    -6.67919
    0.79500        -6.75828     0.15363    -0.30166    -6.61025
    0.94500        -6.68487     0.15591    -0.29909    -6.54169
     1.0950        -6.61179     0.15797    -0.29625    -6.47351
     1.2450        -6.53984     0.15982    -0.29366    -6.40600
     1.3950        -6.46953     0.16154    -0.29128    -6.33979
     1.5450        -6.40122     0.16311    -0.28909    -6.27524
     1.6950        -6.33475     0.16459    -0.28704    -6.21230
     1.8450        -6.27027     0.16596    -0.28513    -6.15110
     1.9950        -6.20846     0.16724    -0.28332    -6.09237
     2.1450        -6.14842     0.16845    -0.28163    -6.03524
     2.2950        -6.09130     0.16959    -0.28003    -5.98086
     2.4450        -6.03634     0.17068    -0.27852    -5.92849
     2.5950        -5.98351     0.17171    -0.27709    -5.87813
     2.7450        -5.93282     0.17269    -0.27573    -5.82978
     2.8950        -5.88384     0.17363    -0.27442    -5.78305
     3.0450        -5.83658     0.17452    -0.27317    -5.73794
     3.1950        -5.79139     0.17539    -0.27198    -5.69481
     3.3450        -5.74796     0.17621    -0.27083    -5.65334
     3.4950        -5.70607     0.17701    -0.26973    -5.61335
     3.6450        -5.66564     0.17777    -0.26868    -5.57474
     3.7950        -5.62635     0.17850    -0.26766    -5.53720
     3.9450        -5.58852     0.17922    -0.26666    -5.50108
     4.0950        -5.55206     0.17991    -0.26571    -5.46626
     4.2450        -5.51664     0.18057    -0.26478    -5.43243
     4.3950        -5.48240     0.18122    -0.26389    -5.39973
     4.5450        -5.44917     0.18185    -0.26303    -5.36799
     4.6950        -5.41693     0.18246    -0.26220    -5.33720
     4.8450        -5.38568     0.18305    -0.26138    -5.30735
     4.9950        -5.35530     0.18363    -0.26060    -5.27833
     5.1450        -5.32529     0.18418    -0.25982    -5.24965
     5.2950        -5.29602     0.18473    -0.25907    -5.22167
     5.4450        -5.26793     0.18525    -0.25835    -5.19483
     5.5950        -5.24060     0.18577    -0.25763    -5.16874
     5.7450        -5.21397     0.18627    -0.25693    -5.14330
     5.8950        -5.18799     0.18676    -0.25625    -5.11850
     6.0450        -5.16264     0.18725    -0.25559    -5.09431
     6.1950        -5.13782     0.18771    -0.25494    -5.07059
     6.3450        -5.11361     0.18817    -0.25432    -5.04745
     6.4950        -5.08995     0.18861    -0.25370    -5.02486
     6.6450        -5.06682     0.18905    -0.25310    -5.00277
     6.7950        -5.04416     0.18948    -0.25251    -4.98112
     6.9450        -5.02196     0.18989    -0.25194    -4.95991
     7.0950        -5.00020     0.19031    -0.25138    -4.93913
     7.2450        -4.97891     0.19072    -0.25083    -4.91880
     7.3950        -4.95808     0.19111    -0.25028    -4.89891
     7.5450        -4.93763     0.19150    -0.24974    -4.87939
     7.6950        -4.91756     0.19188    -0.24922    -4.86021
     7.8450        -4.89785     0.19225    -0.24871    -4.84139
     7.9950        -4.87853     0.19262    -0.24821    -4.82293
     8.1450        -4.85958     0.19297    -0.24772    -4.80483
     8.2950        -4.84092     0.19332    -0.24724    -4.78700
     8.4450        -4.82261     0.19367    -0.24677    -4.76951
     8.5950        -4.80465     0.19401    -0.24631    -4.75235
     8.7450        -4.78694     0.19435    -0.24585    -4.73544
     8.8950        -4.76955     0.19468    -0.24540    -4.71883
     9.0450        -4.75241     0.19500    -0.24495    -4.70246
     9.1950        -4.73563     0.19532    -0.24451    -4.68644
     9.3450        -4.71908     0.19563    -0.24408    -4.67064
     9.4950        -4.70281     0.19594    -0.24366    -4.65509
     9.6450        -4.68677     0.19624    -0.24324    -4.63977
     9.7950        -4.67101     0.19655    -0.24284    -4.62472
     9.9450        -4.65548     0.19684    -0.24243    -4.60989
     10.095        -4.64019     0.19713    -0.24203    -4.59529
     10.245        -4.62513     0.19742    -0.24164    -4.58090
     10.395        -4.61025     0.19770    -0.24126    -4.56670
     10.545        -4.59558     0.19798    -0.24087    -4.55268
     10.695        -4.58113     0.19825    -0.24050    -4.53889
     10.845        -4.56692     0.19852    -0.24013    -4.52532
     10.995        -4.55286     0.19879    -0.23976    -4.51189
     11.145        -4.53899     0.19905    -0.23940    -4.49864
     11.295        -4.52530     0.19931    -0.23904    -4.48556
     11.445        -4.51186     0.19957    -0.23870    -4.47273
     11.595        -4.49856     0.19982    -0.23835    -4.46003
     11.745        -4.48543     0.20007    -0.23802    -4.44748
     11.895        -4.47245     0.20032    -0.23769    -4.43508
     12.045        -4.45969     0.20056    -0.23736    -4.42289
     12.195        -4.44705     0.20080    -0.23704    -4.41081
     12.345        -4.43455     0.20104    -0.23672    -4.39887
     12.495        -4.42222     0.20127    -0.23640    -4.38709
     12.645        -4.41004     0.20150    -0.23608    -4.37546
     12.795        -4.39797     0.20173    -0.23577    -4.36393
     12.945        -4.38609     0.20196    -0.23546    -4.35259
     13.095        -4.37436     0.20218    -0.23515    -4.34138
     13.245        -4.36274     0.20240    -0.23486    -4.33028
     13.395        -4.35123     0.20262    -0.23456    -4.31929
     13.545        -4.33986     0.20284    -0.23426    -4.30845
     13.695        -4.32862     0.20305    -0.23397    -4.29770
     13.845        -4.31756     0.20327    -0.23368    -4.28714
     13.995        -4.30658     0.20347    -0.23340    -4.27666
     14.145        -4.29575     0.20368    -0.23312    -4.26631
     14.295        -4.28505     0.20389    -0.23285    -4.25609
     14.445        -4.27443     0.20409    -0.23257    -4.24594
     14.595        -4.26392     0.20429    -0.23230    -4.23591
     14.745        -4.25352     0.20448    -0.23203    -4.22597
     14.895        -4.24324     0.20468    -0.23177    -4.21614
     15.045        -4.23305     0.20487    -0.23151    -4.20641
     15.195        -4.22297     0.20506    -0.23125    -4.19679
     15.345        -4.21302     0.20525    -0.23099    -4.18728
     15.495        -4.20314     0.20544    -0.23073    -4.17784
     15.645        -4.19336     0.20562    -0.23048    -4.16850
     15.795        -4.18369     0.20581    -0.23023    -4.15927
     15.945        -4.17411     0.20599    -0.22998    -4.15011
     16.095        -4.16460     0.20617    -0.22973    -4.14103
     16.245        -4.15520     0.20635    -0.22949    -4.13205
     16.395        -4.14586     0.20653    -0.22925    -4.12313
     16.545        -4.13661     0.20670    -0.22901    -4.11430
     16.695        -4.12748     0.20688    -0.22878    -4.10558
     16.845        -4.11843     0.20705    -0.22854    -4.09694
     16.995        -4.10944     0.20722    -0.22831    -4.08835
     17.145        -4.10054     0.20738    -0.22808    -4.07984
     17.295        -4.09170     0.20755    -0.22786    -4.07140
     17.445        -4.08297     0.20772    -0.22763    -4.06306
     17.595        -4.07433     0.20789    -0.22741    -4.05481
     17.745        -4.06575     0.20805    -0.22719    -4.04662
     17.895        -4.05725     0.20821    -0.22696    -4.03850
     18.045        -4.04884     0.20837    -0.22674    -4.03046
     18.195        -4.04048     0.20853    -0.22653    -4.02248
     18.345        -4.03219     0.20869    -0.22632    -4.01456
     18.495        -4.02399     0.20885    -0.22611    -4.00673
     18.645        -4.01584     0.20900    -0.22589    -3.99895
     18.795        -4.00778     0.20916    -0.22569    -3.99125
     18.945        -3.99977     0.20931    -0.22548    -3.98361
     19.095        -3.99184     0.20946    -0.22527    -3.97602
     19.245        -3.98394     0.20961    -0.22507    -3.96848
     19.395        -3.97611     0.20976    -0.22487    -3.96100
     19.545        -3.96835     0.20990    -0.22467    -3.95358
     19.695        -3.96066     0.21005    -0.22447    -3.94625
     19.845        -3.95302     0.21019    -0.22427    -3.93894
     19.995        -3.94546     0.21033    -0.22408    -3.93171
     20.145        -3.93794     0.21047    -0.22388    -3.92453
     20.295        -3.93048     0.21062    -0.22369    -3.91741
     20.445        -3.92308     0.21076    -0.22350    -3.91035
     20.595        -3.91575     0.21090    -0.22331    -3.90335
     20.745        -3.90849     0.21104    -0.22312    -3.89640
     20.895        -3.90126     0.21118    -0.22294    -3.88951
     21.045        -3.89406     0.21131    -0.22275    -3.88262
     21.195        -3.88695     0.21145    -0.22256    -3.87584
     21.345        -3.87990     0.21158    -0.22238    -3.86911
     21.495        -3.87288     0.21172    -0.22219    -3.86240
     21.645        -3.86591     0.21185    -0.22201    -3.85575
     21.795        -3.85898     0.21199    -0.22183    -3.84914
     21.945        -3.85210     0.21211    -0.22165    -3.84256
     22.095        -3.84530     0.21224    -0.22148    -3.83606
     22.245        -3.83854     0.21237    -0.22130    -3.82961
     22.395        -3.83184     0.21250    -0.22113    -3.82321
     22.545        -3.82519     0.21262    -0.22096    -3.81686
     22.695        -3.81858     0.21275    -0.22078    -3.81055
     22.845        -3.81202     0.21288    -0.22061    -3.80428
     22.995        -3.80549     0.21300    -0.22045    -3.79805
     23.145        -3.79900     0.21313    -0.22028    -3.79185
     23.295        -3.79255     0.21325    -0.22011    -3.78569
     23.445        -3.78613     0.21337    -0.21995    -3.77955
     23.595        -3.77980     0.21349    -0.21978    -3.77351
     23.745        -3.77349     0.21361    -0.21962    -3.76748
     23.895        -3.76721     0.21373    -0.21946    -3.76149
     24.045        -3.76099     0.21385    -0.21930    -3.75554
     24.195        -3.75478     0.21397    -0.21913    -3.74961
     24.345        -3.74864     0.21408    -0.21898    -3.74375
     24.495        -3.74255     0.21420    -0.21882    -3.73792
     24.645        -3.73648     0.21431    -0.21867    -3.73212
     24.795        -3.73045     0.21442    -0.21851    -3.72636
     24.945        -3.72448     0.21454    -0.21836    -3.72066
     25.095        -3.71854     0.21465    -0.21821    -3.71499
     25.245        -3.71263     0.21476    -0.21806    -3.70934
     25.395        -3.70674     0.21488    -0.21791    -3.70371
     25.545        -3.70091     0.21499    -0.21776    -3.69814
     25.695        -3.69510     0.21510    -0.21761    -3.69259
     25.845        -3.68933     0.21521    -0.21746    -3.68708
     25.995        -3.68360     0.21532    -0.21731    -3.68162
     26.145        -3.67792     0.21543    -0.21716    -3.67619
     26.295        -3.67225     0.21554    -0.21701    -3.67078
     26.445        -3.66661     0.21565    -0.21687    -3.66539
     26.595        -3.66101     0.21575    -0.21672    -3.66005
     26.745        -3.65544     0.21586    -0.21658    -3.65472
     26.895        -3.64992     0.21597    -0.21643    -3.64945
     27.045        -3.64443     0.21607    -0.21629    -3.64421
     27.195        -3.63895     0.21617    -0.21615    -3.63898
     27.345        -3.63353     0.21628    -0.21601    -3.63379
     27.495        -3.62814     0.21638    -0.21587    -3.62864
     27.645        -3.62277     0.21648    -0.21574    -3.62351
     27.795        -3.61742     0.21658    -0.21560    -3.61840
     27.945        -3.61208     0.21668    -0.21547    -3.61330
     28.095        -3.60681     0.21678    -0.21533    -3.60826
     28.245        -3.60156     0.21688    -0.21519    -3.60325
     28.395        -3.59634     0.21698    -0.21506    -3.59826
     28.545        -3.59114     0.21708    -0.21492    -3.59329
     28.695        -3.58597     0.21718    -0.21479    -3.58836
     28.845        -3.58082     0.21728    -0.21466    -3.58343
     28.995        -3.57571     0.21737    -0.21453    -3.57855
     29.145        -3.57067     0.21747    -0.21440    -3.57373
     29.295        -3.56560     0.21756    -0.21426    -3.56890
     29.445        -3.56059     0.21766    -0.21413    -3.56412
     29.595        -3.55559     0.21775    -0.21400    -3.55933
     29.745        -3.55063     0.21785    -0.21387    -3.55460
     29.895        -3.54567     0.21794    -0.21375    -3.54987
     30.045        -3.54075     0.21803    -0.21362    -3.54517
     30.195        -3.53588     0.21813    -0.21349    -3.54052
     30.345        -3.53104     0.21822    -0.21337    -3.53589
     30.495        -3.52621     0.21831    -0.21324    -3.53128
     30.645        -3.52140     0.21840    -0.21311    -3.52669
     30.795        -3.51661     0.21850    -0.21299    -3.52211
     30.945        -3.51183     0.21859    -0.21287    -3.51755
     31.095        -3.50710     0.21868    -0.21275    -3.51303
     31.245        -3.50240     0.21877    -0.21263    -3.50854
     31.395        -3.49771     0.21886    -0.21251    -3.50406
     31.545        -3.49306     0.21895    -0.21239    -3.49962
     31.695        -3.48842     0.21903    -0.21227    -3.49519
     31.845        -3.48382     0.21912    -0.21215    -3.49079
     31.995        -3.47921     0.21920    -0.21203    -3.48638
     32.145        -3.47464     0.21929    -0.21192    -3.48202
     32.295        -3.47009     0.21938    -0.21180    -3.47767
     32.445        -3.46558     0.21947    -0.21168    -3.47336
     32.595        -3.46108     0.21955    -0.21157    -3.46907
     32.745        -3.45660     0.21964    -0.21145    -3.46479
     32.895        -3.45214     0.21972    -0.21134    -3.46053
     33.045        -3.44769     0.21981    -0.21123    -3.45628
     33.195        -3.44328     0.21989    -0.21111    -3.45206
     33.345        -3.43887     0.21997    -0.21100    -3.44785
     33.495        -3.43452     0.22006    -0.21089    -3.44369
     33.645        -3.43015     0.22014    -0.21077    -3.43952
     33.795        -3.42581     0.22022    -0.21066    -3.43538
     33.945        -3.42150     0.22031    -0.21055    -3.43126
     34.095        -3.41721     0.22039    -0.21044    -3.42716
     34.245        -3.41292     0.22047    -0.21033    -3.42306
     34.395        -3.40865     0.22055    -0.21022    -3.41898
     34.545        -3.40442     0.22063    -0.21011    -3.41495
     34.695        -3.40021     0.22071    -0.21000    -3.41092
     34.845        -3.39602     0.22079    -0.20989    -3.40692
     34.995        -3.39185     0.22087    -0.20978    -3.40295
     35.145        -3.38771     0.22095    -0.20967    -3.39899
     35.295        -3.38357     0.22103    -0.20957    -3.39504
     35.445        -3.37944     0.22111    -0.20946    -3.39110
     35.595        -3.37536     0.22119    -0.20935    -3.38720
     35.745        -3.37125     0.22127    -0.20925    -3.38327
     35.895        -3.36717     0.22135    -0.20914    -3.37937
     36.045        -3.36314     0.22142    -0.20904    -3.37553
     36.195        -3.35912     0.22150    -0.20893    -3.37169
     36.345        -3.35511     0.22158    -0.20883    -3.36786
     36.495        -3.35113     0.22166    -0.20873    -3.36406
     36.645        -3.34717     0.22173    -0.20862    -3.36028
     36.795        -3.34321     0.22180    -0.20852    -3.35649
     36.945        -3.33928     0.22188    -0.20842    -3.35274
     37.095        -3.33537     0.22196    -0.20832    -3.34901
     37.245        -3.33148     0.22203    -0.20822    -3.34529
     37.395        -3.32761     0.22211    -0.20812    -3.34159
     37.545        -3.32376     0.22218    -0.20802    -3.33792
     37.695        -3.31990     0.22225    -0.20792    -3.33424
     37.845        -3.31606     0.22233    -0.20782    -3.33056
     37.995        -3.31225     0.22240    -0.20772    -3.32693
     38.145        -3.30845     0.22247    -0.20763    -3.32329
     38.295        -3.30467     0.22254    -0.20753    -3.31969
     38.445        -3.30092     0.22262    -0.20743    -3.31610
     38.595        -3.29717     0.22269    -0.20733    -3.31252
     38.745        -3.29343     0.22276    -0.20724    -3.30895
     38.895        -3.28971     0.22283    -0.20715    -3.30539
     39.045        -3.28599     0.22290    -0.20705    -3.30184
     39.195        -3.28229     0.22297    -0.20696    -3.29831
     39.345        -3.27862     0.22304    -0.20686    -3.29481
     39.495        -3.27498     0.22311    -0.20677    -3.29132
     39.645        -3.27134     0.22319    -0.20668    -3.28785
     39.795        -3.26773     0.22325    -0.20658    -3.28440
     39.945        -3.26411     0.22332    -0.20649    -3.28095
     40.095        -3.26050     0.22339    -0.20640    -3.27750
     40.245        -3.25691     0.22346    -0.20630    -3.27406
     40.395        -3.25334     0.22353    -0.20621    -3.27065
     40.545        -3.24978     0.22360    -0.20612    -3.26725
     40.695        -3.24623     0.22366    -0.20603    -3.26386
     40.845        -3.24270     0.22373    -0.20594    -3.26049
     40.995        -3.23918     0.22380    -0.20585    -3.25714
     41.145        -3.23567     0.22387    -0.20575    -3.25378
     41.295        -3.23218     0.22393    -0.20567    -3.25045
     41.445        -3.22870     0.22400    -0.20558    -3.24712
     41.595        -3.22525     0.22406    -0.20549    -3.24382
     41.745        -3.22182     0.22412    -0.20540    -3.24054
     41.895        -3.21838     0.22419    -0.20531    -3.23726
     42.045        -3.21496     0.22425    -0.20522    -3.23399
     42.195        -3.21154     0.22432    -0.20513    -3.23073
     42.345        -3.20814     0.22439    -0.20504    -3.22748
     42.495        -3.20476     0.22445    -0.20496    -3.22425
     42.645        -3.20139     0.22452    -0.20487    -3.22103
     42.795        -3.19801     0.22458    -0.20479    -3.21780
     42.945        -3.19467     0.22464    -0.20470    -3.21462
     43.095        -3.19134     0.22471    -0.20461    -3.21143
     43.245        -3.18802     0.22477    -0.20453    -3.20827
     43.395        -3.18471     0.22484    -0.20444    -3.20510
     43.545        -3.18142     0.22490    -0.20436    -3.20196
     43.695        -3.17815     0.22496    -0.20427    -3.19884
     43.845        -3.17488     0.22502    -0.20419    -3.19572
     43.995        -3.17164     0.22508    -0.20410    -3.19262
     44.145        -3.16840     0.22515    -0.20402    -3.18953
     44.295        -3.16516     0.22521    -0.20394    -3.18643
     44.445        -3.16196     0.22527    -0.20385    -3.18338
     44.595        -3.15876     0.22533    -0.20377    -3.18032
     44.745        -3.15556     0.22539    -0.20369    -3.17727
     44.895        -3.15237     0.22545    -0.20361    -3.17422
     45.045        -3.14921     0.22552    -0.20353    -3.17120
     45.195        -3.14604     0.22558    -0.20344    -3.16818
     45.345        -3.14290     0.22564    -0.20336    -3.16518
     45.495        -3.13977     0.22570    -0.20328    -3.16219
     45.645        -3.13665     0.22576    -0.20320    -3.15920
     45.795        -3.13353     0.22582    -0.20312    -3.15623
     45.945        -3.13043     0.22588    -0.20304    -3.15327
     46.095        -3.12733     0.22594    -0.20296    -3.15031
     46.245        -3.12425     0.22600    -0.20288    -3.14737
     46.395        -3.12116     0.22606    -0.20280    -3.14442
     46.545        -3.11809     0.22612    -0.20272    -3.14148
     46.695        -3.11504     0.22617    -0.20264    -3.13857
     46.845        -3.11198     0.22623    -0.20257    -3.13565
     46.995        -3.10896     0.22629    -0.20249    -3.13276
     47.145        -3.10594     0.22635    -0.20241    -3.12987
     47.295        -3.10294     0.22640    -0.20234    -3.12701
     47.445        -3.09992     0.22646    -0.20226    -3.12412
     47.595        -3.09693     0.22652    -0.20218    -3.12126
     47.745        -3.09393     0.22658    -0.20210    -3.11840
     47.895        -3.09098     0.22663    -0.20203    -3.11558
     48.045        -3.08802     0.22669    -0.20195    -3.11276
     48.195        -3.08507     0.22675    -0.20187    -3.10995
     48.345        -3.08213     0.22680    -0.20180    -3.10713
     48.495        -3.07919     0.22686    -0.20172    -3.10433
     48.645        -3.07626     0.22692    -0.20165    -3.10152
     48.795        -3.07335     0.22697    -0.20157    -3.09875
     48.945        -3.07046     0.22703    -0.20150    -3.09599
     49.095        -3.06757     0.22708    -0.20142    -3.09323
     49.245        -3.06468     0.22713    -0.20135    -3.09047
     49.395        -3.06182     0.22719    -0.20128    -3.08773
     49.545        -3.05895     0.22724    -0.20120    -3.08499
     49.695        -3.05610     0.22730    -0.20113    -3.08227
     49.845        -3.05324     0.22735    -0.20105    -3.07954
     49.995        -3.05041     0.22741    -0.20098    -3.07684
     50.145        -3.04759     0.22746    -0.20091    -3.07414
     50.295        -3.04478     0.22751    -0.20084    -3.07145
     50.445        -3.04197     0.22756    -0.20076    -3.06877
     50.595        -3.03917     0.22761    -0.20069    -3.06609
     50.745        -3.03637     0.22767    -0.20062    -3.06342
     50.895        -3.03360     0.22772    -0.20055    -3.06077
     51.045        -3.03083     0.22778    -0.20048    -3.05813
     51.195        -3.02806     0.22783    -0.20041    -3.05548
     51.345        -3.02531     0.22788    -0.20034    -3.05286
     51.495        -3.02257     0.22793    -0.20027    -3.05023
     51.645        -3.01982     0.22798    -0.20020    -3.04761
     51.795        -3.01709     0.22804    -0.20013    -3.04499
     51.945        -3.01436     0.22809    -0.20006    -3.04240
     52.095        -3.01165     0.22814    -0.19999    -3.03980
     52.245        -3.00894     0.22819    -0.19992    -3.03722
     52.395        -3.00623     0.22824    -0.19985    -3.03463
     52.545        -3.00356     0.22830    -0.19978    -3.03208
     52.695        -3.00088     0.22835    -0.19971    -3.02951
     52.845        -2.99820     0.22840    -0.19964    -3.02696
     52.995        -2.99554     0.22845    -0.19958    -3.02441
     53.145        -2.99289     0.22850    -0.19951    -3.02188
     53.295        -2.99024     0.22855    -0.19944    -3.01935
     53.445        -2.98762     0.22860    -0.19938    -3.01684
     53.595        -2.98498     0.22865    -0.19931    -3.01432
     53.745        -2.98236     0.22870    -0.19924    -3.01181
     53.895        -2.97975     0.22875    -0.19917    -3.00932
     54.045        -2.97715     0.22879    -0.19911    -3.00683
     54.195        -2.97455     0.22884    -0.19904    -3.00435
     54.345        -2.97196     0.22890    -0.19897    -3.00188
     54.495        -2.96937     0.22894    -0.19891    -2.99941
     54.645        -2.96680     0.22899    -0.19884    -2.99696
     54.795        -2.96425     0.22904    -0.19877    -2.99452
     54.945        -2.96171     0.22909    -0.19871    -2.99209
     55.095        -2.95915     0.22914    -0.19864    -2.98965
     59.433        -2.75978     0.23297    -0.19352    -2.79922
     80.646        -2.46982     0.23854    -0.18613    -2.52223
     111.21        -2.18935     0.24395    -0.17896    -2.25434
     153.36        -1.91882     0.24915    -0.17207    -1.99590
     211.49        -1.65804     0.25418    -0.16540    -1.74681
     291.64        -1.40704     0.25901    -0.15905    -1.50700
     402.18        -1.16581     0.26365    -0.15293    -1.27653
     554.60        -0.93395     0.26812    -0.14707    -1.05499
     764.80        -0.71130     0.27242    -0.14145    -0.84227
     1054.7        -0.49756     0.27655    -0.13607    -0.63803
     1454.4        -0.29244     0.28050    -0.13093    -0.44201
     2005.6        -0.09529     0.28431    -0.12602    -0.25358
     2765.8         0.09385     0.28797    -0.12133    -0.07279
     3814.0         0.27529     0.29147    -0.11681     0.10063
     5259.5         0.44954     0.29484    -0.11251     0.26722
     7252.9         0.61687     0.29807    -0.10841     0.42721
     10002.         0.77758     0.30119    -0.10446     0.58085
     13793.         0.93148     0.30415    -0.10066     0.72799
     19020.         1.07902     0.30699    -0.09705     0.86908
     26229.         1.22006     0.30973    -0.09357     1.00390
     36170.         1.35501     0.31234    -0.09021     1.13289
     49878.         1.48387     0.31486    -0.08701     1.25602
     68782.         1.60672     0.31725    -0.08393     1.37339
     94851.         1.72383     0.31955    -0.08099     1.48528
    0.13080E+06     1.83553     0.32175    -0.07817     1.59194
    0.18038E+06     1.94174     0.32385    -0.07549     1.69338
    0.24874E+06     2.04290     0.32585    -0.07292     1.78998
    0.34301E+06     2.13921     0.32777    -0.07046     1.88191
    0.47302E+06     2.23087     0.32958    -0.06811     1.96941
    0.65229E+06     2.31790     0.33129    -0.06587     2.05249
    0.89952E+06     2.40071     0.33293    -0.06375     2.13152
    0.12404E+07     2.47943     0.33448    -0.06173     2.20668
    0.17106E+07     2.55423     0.33597    -0.05981     2.27808
    0.23589E+07     2.62531     0.33738    -0.05799     2.34592
    0.32529E+07     2.69299     0.33872    -0.05625     2.41051
    0.44858E+07     2.75715     0.33999    -0.05459     2.47175
    0.61860E+07     2.81822     0.34120    -0.05302     2.53004
    0.85305E+07     2.87616     0.34235    -0.05153     2.58534
    0.11764E+08     2.93120     0.34344    -0.05011     2.63787
    0.16222E+08     2.98359     0.34448    -0.04875     2.68786
    0.22370E+08     3.03329     0.34545    -0.04746     2.73530
    0.30849E+08     3.08028     0.34639    -0.04625     2.78014
    0.42541E+08     3.12443     0.34729    -0.04509     2.82223
    0.58664E+08     3.16584     0.34814    -0.04399     2.86169
    0.80898E+08     3.20470     0.34893    -0.04295     2.89871
    0.11156E+09     3.24136     0.34968    -0.04195     2.93363
    0.15384E+09     3.27591     0.35039    -0.04100     2.96652
    0.21215E+09     3.30843     0.35104    -0.04012     2.99751
    0.29255E+09     3.33904     0.35167    -0.03930     3.02667
    0.40343E+09     3.36794     0.35227    -0.03851     3.05419
    0.55633E+09     3.39515     0.35282    -0.03778     3.08011
    0.76719E+09     3.41999     0.35334    -0.03709     3.10374
    0.10580E+10     3.44264     0.35384    -0.03642     3.12522
    0.14589E+10     3.46342     0.35430    -0.03580     3.14492
    0.20119E+10     3.48251     0.35471    -0.03523     3.16303
    0.27744E+10     3.50014     0.35509    -0.03469     3.17974
    0.38259E+10     3.51639     0.35544    -0.03417     3.19512
    0.52760E+10     3.53137     0.35577    -0.03371     3.20932
    0.72756E+10     3.54521     0.35607    -0.03328     3.22243
    0.10033E+11     3.55797     0.35634    -0.03290     3.23453
    0.13836E+11     3.56972     0.35659    -0.03254     3.24566
    0.19079E+11     3.58058     0.35683    -0.03221     3.25596
    0.26311E+11     3.59064     0.35704    -0.03191     3.26550
    0.36283E+11     3.59990     0.35724    -0.03163     3.27428
    0.50034E+11     3.60844     0.35742    -0.03137     3.28238
    0.68997E+11     3.61632     0.35760    -0.03113     3.28985
    0.10000E+12     3.71071     0.35962    -0.02828     3.37937
