    -99.945         0.00000     0.00000     0.00000     0.00000
    -99.795         0.00000     0.00000     0.00000     0.00000
    -99.645         0.00000     0.00000     0.00000     0.00000
    -99.495         0.00000     0.00000     0.00000     0.00000
    -99.345         0.00000     0.00000     0.00000     0.00000
    -99.195         0.00000     0.00000     0.00000     0.00000
    -99.045         0.00000     0.00000     0.00000     0.00000
    -98.895         0.00000     0.00000     0.00000     0.00000
    -98.745         0.00000     0.00000     0.00000     0.00000
    -98.595         0.00000     0.00000     0.00000     0.00000
    -98.445         0.00000     0.00000     0.00000     0.00000
    -98.295         0.00000     0.00000     0.00000     0.00000
    -98.145         0.00000     0.00000     0.00000     0.00000
    -97.995         0.00000     0.00000     0.00000     0.00000
    -97.845         0.00000     0.00000     0.00000     0.00000
    -97.695         0.00000     0.00000     0.00000     0.00000
    -97.545         0.00000     0.00000     0.00000     0.00000
    -97.395         0.00000     0.00000     0.00000     0.00000
    -97.245         0.00000     0.00000     0.00000     0.00000
    -97.095         0.00000     0.00000     0.00000     0.00000
    -96.945         0.00000     0.00000     0.00000     0.00000
    -96.795         0.00000     0.00000     0.00000     0.00000
    -96.645         0.00000     0.00000     0.00000     0.00000
    -96.495         0.00000     0.00000     0.00000     0.00000
    -96.345         0.00000     0.00000     0.00000     0.00000
    -96.195         0.00000     0.00000     0.00000     0.00000
    -96.045         0.00000     0.00000     0.00000     0.00000
    -95.895         0.00000     0.00000     0.00000     0.00000
    -95.745         0.00000     0.00000     0.00000     0.00000
    -95.595         0.00000     0.00000     0.00000     0.00000
    -95.445         0.00000     0.00000     0.00000     0.00000
    -95.295         0.00000     0.00000     0.00000     0.00000
    -95.145         0.00000     0.00000     0.00000     0.00000
    -94.995         0.00000     0.00000     0.00000     0.00000
    -94.845         0.00000     0.00000     0.00000     0.00000
    -94.695         0.00000     0.00000     0.00000     0.00000
    -94.545         0.00000     0.00000     0.00000     0.00000
    -94.395         0.00000     0.00000     0.00000     0.00000
    -94.245         0.00000     0.00000     0.00000     0.00000
    -94.095         0.00000     0.00000     0.00000     0.00000
    -93.945         0.00000     0.00000     0.00000     0.00000
    -93.795         0.00000     0.00000     0.00000     0.00000
    -93.645         0.00000     0.00000     0.00000     0.00000
    -93.495         0.00000     0.00000     0.00000     0.00000
    -93.345         0.00000     0.00000     0.00000     0.00000
    -93.195         0.00000     0.00000     0.00000     0.00000
    -93.045         0.00000     0.00000     0.00000     0.00000
    -92.895         0.00000     0.00000     0.00000     0.00000
    -92.745         0.00000     0.00000     0.00000     0.00000
    -92.595         0.00000     0.00000     0.00000     0.00000
    -92.445         0.00000     0.00000     0.00000     0.00000
    -92.295         0.00000     0.00000     0.00000     0.00000
    -92.145         0.00000     0.00000     0.00000     0.00000
    -91.995         0.00000     0.00000     0.00000     0.00000
    -91.845         0.00000     0.00000     0.00000     0.00000
    -91.695         0.00000     0.00000     0.00000     0.00000
    -91.545         0.00000     0.00000     0.00000     0.00000
    -91.395         0.00000     0.00000     0.00000     0.00000
    -91.245         0.00000     0.00000     0.00000     0.00000
    -91.095         0.00000     0.00000     0.00000     0.00000
    -90.945         0.00000     0.00000     0.00000     0.00000
    -90.795         0.00000     0.00000     0.00000     0.00000
    -90.645         0.00000     0.00000     0.00000     0.00000
    -90.495         0.00000     0.00000     0.00000     0.00000
    -90.345         0.00000     0.00000     0.00000     0.00000
    -90.195         0.00000     0.00000     0.00000     0.00000
    -90.045         0.00000     0.00000     0.00000     0.00000
    -89.895         0.00000     0.00000     0.00000     0.00000
    -89.745         0.00000     0.00000     0.00000     0.00000
    -89.595         0.00000     0.00000     0.00000     0.00000
    -89.445         0.00000     0.00000     0.00000     0.00000
    -89.295         0.00000     0.00000     0.00000     0.00000
    -89.145         0.00000     0.00000     0.00000     0.00000
    -88.995         0.00000     0.00000     0.00000     0.00000
    -88.845         0.00000     0.00000     0.00000     0.00000
    -88.695         0.00000     0.00000     0.00000     0.00000
    -88.545         0.00000     0.00000     0.00000     0.00000
    -88.395         0.00000     0.00000     0.00000     0.00000
    -88.245         0.00000     0.00000     0.00000     0.00000
    -88.095         0.00000     0.00000     0.00000     0.00000
    -87.945         0.00000     0.00000     0.00000     0.00000
    -87.795         0.00000     0.00000     0.00000     0.00000
    -87.645         0.00000     0.00000     0.00000     0.00000
    -87.495         0.00000     0.00000     0.00000     0.00000
    -87.345         0.00000     0.00000     0.00000     0.00000
    -87.195         0.00000     0.00000     0.00000     0.00000
    -87.045         0.00000     0.00000     0.00000     0.00000
    -86.895         0.00000     0.00000     0.00000     0.00000
    -86.745         0.00000     0.00000     0.00000     0.00000
    -86.595         0.00000     0.00000     0.00000     0.00000
    -86.445         0.00000     0.00000     0.00000     0.00000
    -86.295         0.00000     0.00000     0.00000     0.00000
    -86.145         0.00000     0.00000     0.00000     0.00000
    -85.995         0.00000     0.00000     0.00000     0.00000
    -85.845         0.00000     0.00000     0.00000     0.00000
    -85.695         0.00000     0.00000     0.00000     0.00000
    -85.545         0.00000     0.00000     0.00000     0.00000
    -85.395         0.00000     0.00000     0.00000     0.00000
    -85.245         0.00000     0.00000     0.00000     0.00000
    -85.095         0.00000     0.00000     0.00000     0.00000
    -84.945         0.00000     0.00000     0.00000     0.00000
    -84.795         0.00000     0.00000     0.00000     0.00000
    -84.645         0.00000     0.00000     0.00000     0.00000
    -84.495         0.00000     0.00000     0.00000     0.00000
    -84.345         0.00000     0.00000     0.00000     0.00000
    -84.195         0.00000     0.00000     0.00000     0.00000
    -84.045         0.00000     0.00000     0.00000     0.00000
    -83.895         0.00000     0.00000     0.00000     0.00000
    -83.745         0.00000     0.00000     0.00000     0.00000
    -83.595         0.00000     0.00000     0.00000     0.00000
    -83.445         0.00000     0.00000     0.00000     0.00000
    -83.295         0.00000     0.00000     0.00000     0.00000
    -83.145         0.00000     0.00000     0.00000     0.00000
    -82.995         0.00000     0.00000     0.00000     0.00000
    -82.845         0.00000     0.00000     0.00000     0.00000
    -82.695         0.00000     0.00000     0.00000     0.00000
    -82.545         0.00000     0.00000     0.00000     0.00000
    -82.395         0.00000     0.00000     0.00000     0.00000
    -82.245         0.00000     0.00000     0.00000     0.00000
    -82.095         0.00000     0.00000     0.00000     0.00000
    -81.945         0.00000     0.00000     0.00000     0.00000
    -81.795         0.00000     0.00000     0.00000     0.00000
    -81.645         0.00000     0.00000     0.00000     0.00000
    -81.495         0.00000     0.00000     0.00000     0.00000
    -81.345         0.00000     0.00000     0.00000     0.00000
    -81.195         0.00000     0.00000     0.00000     0.00000
    -81.045         0.00000     0.00000     0.00000     0.00000
    -80.895         0.00000     0.00000     0.00000     0.00000
    -80.745         0.00000     0.00000     0.00000     0.00000
    -80.595         0.00000     0.00000     0.00000     0.00000
    -80.445         0.00000     0.00000     0.00000     0.00000
    -80.295         0.00000     0.00000     0.00000     0.00000
    -80.145         0.00000     0.00000     0.00000     0.00000
    -79.995         0.00000     0.00000     0.00000     0.00000
    -79.845         0.00000     0.00000     0.00000     0.00000
    -79.695         0.00000     0.00000     0.00000     0.00000
    -79.545         0.00000     0.00000     0.00000     0.00000
    -79.395         0.00000     0.00000     0.00000     0.00000
    -79.245         0.00000     0.00000     0.00000     0.00000
    -79.095         0.00000     0.00000     0.00000     0.00000
    -78.945         0.00000     0.00000     0.00000     0.00000
    -78.795         0.00000     0.00000     0.00000     0.00000
    -78.645         0.00000     0.00000     0.00000     0.00000
    -78.495         0.00000     0.00000     0.00000     0.00000
    -78.345         0.00000     0.00000     0.00000     0.00000
    -78.195         0.00000     0.00000     0.00000     0.00000
    -78.045         0.00000     0.00000     0.00000     0.00000
    -77.895         0.00000     0.00000     0.00000     0.00000
    -77.745         0.00000     0.00000     0.00000     0.00000
    -77.595         0.00000     0.00000     0.00000     0.00000
    -77.445         0.00000     0.00000     0.00000     0.00000
    -77.295         0.00000     0.00000     0.00000     0.00000
    -77.145         0.00000     0.00000     0.00000     0.00000
    -76.995         0.00000     0.00000     0.00000     0.00000
    -76.845         0.00000     0.00000     0.00000     0.00000
    -76.695         0.00000     0.00000     0.00000     0.00000
    -76.545         0.00000     0.00000     0.00000     0.00000
    -76.395         0.00000     0.00000     0.00000     0.00000
    -76.245         0.00000     0.00000     0.00000     0.00000
    -76.095         0.00000     0.00000     0.00000     0.00000
    -75.945         0.00000     0.00000     0.00000     0.00000
    -75.795         0.00000     0.00000     0.00000     0.00000
    -75.645         0.00000     0.00000     0.00000     0.00000
    -75.495         0.00000     0.00000     0.00000     0.00000
    -75.345         0.00000     0.00000     0.00000     0.00000
    -75.195         0.00000     0.00000     0.00000     0.00000
    -75.045         0.00000     0.00000     0.00000     0.00000
    -74.895         0.00000     0.00000     0.00000     0.00000
    -74.745         0.00000     0.00000     0.00000     0.00000
    -74.595         0.00000     0.00000     0.00000     0.00000
    -74.445         0.00000     0.00000     0.00000     0.00000
    -74.295         0.00000     0.00000     0.00000     0.00000
    -74.145         0.00000     0.00000     0.00000     0.00000
    -73.995         0.00000     0.00000     0.00000     0.00000
    -73.845         0.00000     0.00000     0.00000     0.00000
    -73.695         0.00000     0.00000     0.00000     0.00000
    -73.545         0.00000     0.00000     0.00000     0.00000
    -73.395         0.00000     0.00000     0.00000     0.00000
    -73.245         0.00000     0.00000     0.00000     0.00000
    -73.095         0.00000     0.00000     0.00000     0.00000
    -72.945         0.00000     0.00000     0.00000     0.00000
    -72.795         0.00000     0.00000     0.00000     0.00000
    -72.645         0.00000     0.00000     0.00000     0.00000
    -72.495         0.00000     0.00000     0.00000     0.00000
    -72.345         0.00000     0.00000     0.00000     0.00000
    -72.195         0.00000     0.00000     0.00000     0.00000
    -72.045         0.00000     0.00000     0.00000     0.00000
    -71.895         0.00000     0.00000     0.00000     0.00000
    -71.745         0.00000     0.00000     0.00000     0.00000
    -71.595         0.00000     0.00000     0.00000     0.00000
    -71.445         0.00000     0.00000     0.00000     0.00000
    -71.295         0.00000     0.00000     0.00000     0.00000
    -71.145         0.00000     0.00000     0.00000     0.00000
    -70.995         0.00000     0.00000     0.00000     0.00000
    -70.845         0.00000     0.00000     0.00000     0.00000
    -70.695         0.00000     0.00000     0.00000     0.00000
    -70.545         0.00000     0.00000     0.00000     0.00000
    -70.395         0.00000     0.00000     0.00000     0.00000
    -70.245         0.00000     0.00000     0.00000     0.00000
    -70.095         0.00000     0.00000     0.00000     0.00000
    -69.945         0.00000     0.00000     0.00000     0.00000
    -69.795         0.00000     0.00000     0.00000     0.00000
    -69.645         0.00000     0.00000     0.00000     0.00000
    -69.495         0.00000     0.00000     0.00000     0.00000
    -69.345         0.00000     0.00000     0.00000     0.00000
    -69.195         0.00000     0.00000     0.00000     0.00000
    -69.045         0.00000     0.00000     0.00000     0.00000
    -68.895         0.00000     0.00000     0.00000     0.00000
    -68.745         0.00000     0.00000     0.00000     0.00000
    -68.595         0.00000     0.00000     0.00000     0.00000
    -68.445         0.00000     0.00000     0.00000     0.00000
    -68.295         0.00000     0.00000     0.00000     0.00000
    -68.145         0.00000     0.00000     0.00000     0.00000
    -67.995         0.00000     0.00000     0.00000     0.00000
    -67.845         0.00000     0.00000     0.00000     0.00000
    -67.695         0.00000     0.00000     0.00000     0.00000
    -67.545         0.00000     0.00000     0.00000     0.00000
    -67.395         0.00000     0.00000     0.00000     0.00000
    -67.245         0.00000     0.00000     0.00000     0.00000
    -67.095         0.00000     0.00000     0.00000     0.00000
    -66.945         0.00000     0.00000     0.00000     0.00000
    -66.795         0.00000     0.00000     0.00000     0.00000
    -66.645         0.00000     0.00000     0.00000     0.00000
    -66.495         0.00000     0.00000     0.00000     0.00000
    -66.345         0.00000     0.00000     0.00000     0.00000
    -66.195         0.00000     0.00000     0.00000     0.00000
    -66.045         0.00000     0.00000     0.00000     0.00000
    -65.895         0.00000     0.00000     0.00000     0.00000
    -65.745         0.00000     0.00000     0.00000     0.00000
    -65.595         0.00000     0.00000     0.00000     0.00000
    -65.445         0.00000     0.00000     0.00000     0.00000
    -65.295         0.00000     0.00000     0.00000     0.00000
    -65.145         0.00000     0.00000     0.00000     0.00000
    -64.995         0.00000     0.00000     0.00000     0.00000
    -64.845         0.00000     0.00000     0.00000     0.00000
    -64.695         0.00000     0.00000     0.00000     0.00000
    -64.545         0.00000     0.00000     0.00000     0.00000
    -64.395         0.00000     0.00000     0.00000     0.00000
    -64.245         0.00000     0.00000     0.00000     0.00000
    -64.095         0.00000     0.00000     0.00000     0.00000
    -63.945         0.00000     0.00000     0.00000     0.00000
    -63.795         0.00000     0.00000     0.00000     0.00000
    -63.645         0.00000     0.00000     0.00000     0.00000
    -63.495         0.00000     0.00000     0.00000     0.00000
    -63.345         0.00000     0.00000     0.00000     0.00000
    -63.195         0.00000     0.00000     0.00000     0.00000
    -63.045         0.00000     0.00000     0.00000     0.00000
    -62.895         0.00000     0.00000     0.00000     0.00000
    -62.745         0.00000     0.00000     0.00000     0.00000
    -62.595         0.00000     0.00000     0.00000     0.00000
    -62.445         0.00000     0.00000     0.00000     0.00000
    -62.295         0.00000     0.00000     0.00000     0.00000
    -62.145         0.00000     0.00000     0.00000     0.00000
    -61.995         0.00000     0.00000     0.00000     0.00000
    -61.845         0.00000     0.00000     0.00000     0.00000
    -61.695         0.00000     0.00000     0.00000     0.00000
    -61.545         0.00000     0.00000     0.00000     0.00000
    -61.395         0.00000     0.00000     0.00000     0.00000
    -61.245         0.00000     0.00000     0.00000     0.00000
    -61.095         0.00000     0.00000     0.00000     0.00000
    -60.945         0.00000     0.00000     0.00000     0.00000
    -60.795         0.00000     0.00000     0.00000     0.00000
    -60.645         0.00000     0.00000     0.00000     0.00000
    -60.495         0.00000     0.00000     0.00000     0.00000
    -60.345         0.00000     0.00000     0.00000     0.00000
    -60.195         0.00000     0.00000     0.00000     0.00000
    -60.045         0.00000     0.00000     0.00000     0.00000
    -59.895         0.00000     0.00000     0.00000     0.00000
    -59.745         0.00000     0.00000     0.00000     0.00000
    -59.595         0.00000     0.00000     0.00000     0.00000
    -59.445         0.00000     0.00000     0.00000     0.00000
    -59.295         0.00000     0.00000     0.00000     0.00000
    -59.145         0.00000     0.00000     0.00000     0.00000
    -58.995         0.00000     0.00000     0.00000     0.00000
    -58.845         0.00000     0.00000     0.00000     0.00000
    -58.695         0.00000     0.00000     0.00000     0.00000
    -58.545         0.00000     0.00000     0.00000     0.00000
    -58.395         0.00000     0.00000     0.00000     0.00000
    -58.245         0.00000     0.00000     0.00000     0.00000
    -58.095         0.00000     0.00000     0.00000     0.00000
    -57.945         0.00000     0.00000     0.00000     0.00000
    -57.795         0.00000     0.00000     0.00000     0.00000
    -57.645         0.00000     0.00000     0.00000     0.00000
    -57.495         0.00000     0.00000     0.00000     0.00000
    -57.345         0.00000     0.00000     0.00000     0.00000
    -57.195         0.00000     0.00000     0.00000     0.00000
    -57.045         0.00000     0.00000     0.00000     0.00000
    -56.895         0.00000     0.00000     0.00000     0.00000
    -56.745         0.00000     0.00000     0.00000     0.00000
    -56.595         0.00000     0.00000     0.00000     0.00000
    -56.445         0.00000     0.00000     0.00000     0.00000
    -56.295         0.00000     0.00000     0.00000     0.00000
    -56.145         0.00000     0.00000     0.00000     0.00000
    -55.995         0.00000     0.00000     0.00000     0.00000
    -55.845         0.00000     0.00000     0.00000     0.00000
    -55.695         0.00000     0.00000     0.00000     0.00000
    -55.545         0.00000     0.00000     0.00000     0.00000
    -55.395         0.00000     0.00000     0.00000     0.00000
    -55.245         0.00000     0.00000     0.00000     0.00000
    -55.095         0.00000     0.00000     0.00000     0.00000
    -54.945         0.00000     0.00000     0.00000     0.00000
    -54.795         0.00000     0.00000     0.00000     0.00000
    -54.645         0.00000     0.00000     0.00000     0.00000
    -54.495         0.00000     0.00000     0.00000     0.00000
    -54.345         0.00000     0.00000     0.00000     0.00000
    -54.195         0.00000     0.00000     0.00000     0.00000
    -54.045         0.00000     0.00000     0.00000     0.00000
    -53.895         0.00000     0.00000     0.00000     0.00000
    -53.745         0.00000     0.00000     0.00000     0.00000
    -53.595         0.00000     0.00000     0.00000     0.00000
    -53.445         0.00000     0.00000     0.00000     0.00000
    -53.295         0.00000     0.00000     0.00000     0.00000
    -53.145         0.00000     0.00000     0.00000     0.00000
    -52.995         0.00000     0.00000     0.00000     0.00000
    -52.845         0.00000     0.00000     0.00000     0.00000
    -52.695         0.00000     0.00000     0.00000     0.00000
    -52.545         0.00000     0.00000     0.00000     0.00000
    -52.395         0.00000     0.00000     0.00000     0.00000
    -52.245         0.00000     0.00000     0.00000     0.00000
    -52.095         0.00000     0.00000     0.00000     0.00000
    -51.945         0.00000     0.00000     0.00000     0.00000
    -51.795         0.00000     0.00000     0.00000     0.00000
    -51.645         0.00000     0.00000     0.00000     0.00000
    -51.495         0.00000     0.00000     0.00000     0.00000
    -51.345         0.00000     0.00000     0.00000     0.00000
    -51.195         0.00000     0.00000     0.00000     0.00000
    -51.045         0.00000     0.00000     0.00000     0.00000
    -50.895         0.00000     0.00000     0.00000     0.00000
    -50.745         0.00000     0.00000     0.00000     0.00000
    -50.595         0.00000     0.00000     0.00000     0.00000
    -50.445         0.00000     0.00000     0.00000     0.00000
    -50.295         0.00000     0.00000     0.00000     0.00000
    -50.145         0.00000     0.00000     0.00000     0.00000
    -49.995         0.00000     0.00000     0.00000     0.00000
    -49.845         0.00000     0.00000     0.00000     0.00000
    -49.695         0.00000     0.00000     0.00000     0.00000
    -49.545         0.00000     0.00000     0.00000     0.00000
    -49.395         0.00000     0.00000     0.00000     0.00000
    -49.245         0.00000     0.00000     0.00000     0.00000
    -49.095         0.00000     0.00000     0.00000     0.00000
    -48.945         0.00000     0.00000     0.00000     0.00000
    -48.795         0.00000     0.00000     0.00000     0.00000
    -48.645         0.00000     0.00000     0.00000     0.00000
    -48.495         0.00000     0.00000     0.00000     0.00000
    -48.345         0.00000     0.00000     0.00000     0.00000
    -48.195         0.00000     0.00000     0.00000     0.00000
    -48.045         0.00000     0.00000     0.00000     0.00000
    -47.895         0.00000     0.00000     0.00000     0.00000
    -47.745         0.00000     0.00000     0.00000     0.00000
    -47.595         0.00000     0.00000     0.00000     0.00000
    -47.445         0.00000     0.00000     0.00000     0.00000
    -47.295         0.00000     0.00000     0.00000     0.00000
    -47.145         0.00000     0.00000     0.00000     0.00000
    -46.995         0.00000     0.00000     0.00000     0.00000
    -46.845         0.00000     0.00000     0.00000     0.00000
    -46.695         0.00000     0.00000     0.00000     0.00000
    -46.545         0.00000     0.00000     0.00000     0.00000
    -46.395         0.00000     0.00000     0.00000     0.00000
    -46.245         0.00000     0.00000     0.00000     0.00000
    -46.095         0.00000     0.00000     0.00000     0.00000
    -45.945         0.00000     0.00000     0.00000     0.00000
    -45.795         0.00000     0.00000     0.00000     0.00000
    -45.645         0.00000     0.00000     0.00000     0.00000
    -45.495         0.00000     0.00000     0.00000     0.00000
    -45.345         0.00000     0.00000     0.00000     0.00000
    -45.195         0.00000     0.00000     0.00000     0.00000
    -45.045         0.00000     0.00000     0.00000     0.00000
    -44.895         0.00000     0.00000     0.00000     0.00000
    -44.745         0.00000     0.00000     0.00000     0.00000
    -44.595         0.00000     0.00000     0.00000     0.00000
    -44.445         0.00000     0.00000     0.00000     0.00000
    -44.295         0.00000     0.00000     0.00000     0.00000
    -44.145         0.00000     0.00000     0.00000     0.00000
    -43.995         0.00000     0.00000     0.00000     0.00000
    -43.845         0.00000     0.00000     0.00000     0.00000
    -43.695         0.00000     0.00000     0.00000     0.00000
    -43.545         0.00000     0.00000     0.00000     0.00000
    -43.395         0.00000     0.00000     0.00000     0.00000
    -43.245         0.00000     0.00000     0.00000     0.00000
    -43.095         0.00000     0.00000     0.00000     0.00000
    -42.945         0.00000     0.00000     0.00000     0.00000
    -42.795         0.00000     0.00000     0.00000     0.00000
    -42.645         0.00000     0.00000     0.00000     0.00000
    -42.495         0.00000     0.00000     0.00000     0.00000
    -42.345         0.00000     0.00000     0.00000     0.00000
    -42.195         0.00000     0.00000     0.00000     0.00000
    -42.045         0.00000     0.00000     0.00000     0.00000
    -41.895         0.00000     0.00000     0.00000     0.00000
    -41.745         0.00000     0.00000     0.00000     0.00000
    -41.595         0.00000     0.00000     0.00000     0.00000
    -41.445         0.00000     0.00000     0.00000     0.00000
    -41.295         0.00000     0.00000     0.00000     0.00000
    -41.145         0.00000     0.00000     0.00000     0.00000
    -40.995         0.00000     0.00000     0.00000     0.00000
    -40.845         0.00000     0.00000     0.00000     0.00000
    -40.695         0.00000     0.00000     0.00000     0.00000
    -40.545         0.00000     0.00000     0.00000     0.00000
    -40.395         0.00000     0.00000     0.00000     0.00000
    -40.245         0.00000     0.00000     0.00000     0.00000
    -40.095         0.00000     0.00000     0.00000     0.00000
    -39.945         0.00000     0.00000     0.00000     0.00000
    -39.795         0.00000     0.00000     0.00000     0.00000
    -39.645         0.00000     0.00000     0.00000     0.00000
    -39.495         0.00000     0.00000     0.00000     0.00000
    -39.345         0.00000     0.00000     0.00000     0.00000
    -39.195         0.00000     0.00000     0.00000     0.00000
    -39.045         0.00000     0.00000     0.00000     0.00000
    -38.895         0.00000     0.00000     0.00000     0.00000
    -38.745         0.00000     0.00000     0.00000     0.00000
    -38.595         0.00000     0.00000     0.00000     0.00000
    -38.445         0.00000     0.00000     0.00000     0.00000
    -38.295         0.00000     0.00000     0.00000     0.00000
    -38.145         0.00000     0.00000     0.00000     0.00000
    -37.995         0.00000     0.00000     0.00000     0.00000
    -37.845         0.00000     0.00000     0.00000     0.00000
    -37.695         0.00000     0.00000     0.00000     0.00000
    -37.545         0.00000     0.00000     0.00000     0.00000
    -37.395         0.00000     0.00000     0.00000     0.00000
    -37.245         0.00000     0.00000     0.00000     0.00000
    -37.095         0.00000     0.00000     0.00000     0.00000
    -36.945         0.00000     0.00000     0.00000     0.00000
    -36.795         0.00000     0.00000     0.00000     0.00000
    -36.645         0.00000     0.00000     0.00000     0.00000
    -36.495         0.00000     0.00000     0.00000     0.00000
    -36.345         0.00000     0.00000     0.00000     0.00000
    -36.195         0.00000     0.00000     0.00000     0.00000
    -36.045         0.00000     0.00000     0.00000     0.00000
    -35.895         0.00000     0.00000     0.00000     0.00000
    -35.745         0.00000     0.00000     0.00000     0.00000
    -35.595         0.00000     0.00000     0.00000     0.00000
    -35.445         0.00000     0.00000     0.00000     0.00000
    -35.295         0.00000     0.00000     0.00000     0.00000
    -35.145         0.00000     0.00000     0.00000     0.00000
    -34.995         0.00000     0.00000     0.00000     0.00000
    -34.845         0.00000     0.00000     0.00000     0.00000
    -34.695         0.00000     0.00000     0.00000     0.00000
    -34.545         0.00000     0.00000     0.00000     0.00000
    -34.395         0.00000     0.00000     0.00000     0.00000
    -34.245         0.00000     0.00000     0.00000     0.00000
    -34.095         0.00000     0.00000     0.00000     0.00000
    -33.945         0.00000     0.00000     0.00000     0.00000
    -33.795         0.00000     0.00000     0.00000     0.00000
    -33.645         0.00000     0.00000     0.00000     0.00000
    -33.495         0.00000     0.00000     0.00000     0.00000
    -33.345         0.00000     0.00000     0.00000     0.00000
    -33.195         0.00000     0.00000     0.00000     0.00000
    -33.045         0.00000     0.00000     0.00000     0.00000
    -32.895         0.00000     0.00000     0.00000     0.00000
    -32.745         0.00000     0.00000     0.00000     0.00000
    -32.595         0.00000     0.00000     0.00000     0.00000
    -32.445         0.00000     0.00000     0.00000     0.00000
    -32.295         0.00000     0.00000     0.00000     0.00000
    -32.145         0.00000     0.00000     0.00000     0.00000
    -31.995         0.00000     0.00000     0.00000     0.00000
    -31.845         0.00000     0.00000     0.00000     0.00000
    -31.695         0.00000     0.00000     0.00000     0.00000
    -31.545         0.00000     0.00000     0.00000     0.00000
    -31.395         0.00000     0.00000     0.00000     0.00000
    -31.245         0.00000     0.00000     0.00000     0.00000
    -31.095         0.00000     0.00000     0.00000     0.00000
    -30.945         0.00000     0.00000     0.00000     0.00000
    -30.795         0.00000     0.00000     0.00000     0.00000
    -30.645         0.00000     0.00000     0.00000     0.00000
    -30.495         0.00000     0.00000     0.00000     0.00000
    -30.345         0.00000     0.00000     0.00000     0.00000
    -30.195         0.00000     0.00000     0.00000     0.00000
    -30.045         0.00000     0.00000     0.00000     0.00000
    -29.895         0.00000     0.00000     0.00000     0.00000
    -29.745         0.00000     0.00000     0.00000     0.00000
    -29.595         0.00000     0.00000     0.00000     0.00000
    -29.445         0.00000     0.00000     0.00000     0.00000
    -29.295         0.00000     0.00000     0.00000     0.00000
    -29.145         0.00000     0.00000     0.00000     0.00000
    -28.995         0.00000     0.00000     0.00000     0.00000
    -28.845         0.00000     0.00000     0.00000     0.00000
    -28.695         0.00000     0.00000     0.00000     0.00000
    -28.545         0.00000     0.00000     0.00000     0.00000
    -28.395         0.00000     0.00000     0.00000     0.00000
    -28.245         0.00000     0.00000     0.00000     0.00000
    -28.095         0.00000     0.00000     0.00000     0.00000
    -27.945         0.00000     0.00000     0.00000     0.00000
    -27.795         0.00000     0.00000     0.00000     0.00000
    -27.645         0.00000     0.00000     0.00000     0.00000
    -27.495         0.00000     0.00000     0.00000     0.00000
    -27.345         0.00000     0.00000     0.00000     0.00000
    -27.195         0.00000     0.00000     0.00000     0.00000
    -27.045         0.00000     0.00000     0.00000     0.00000
    -26.895         0.00000     0.00000     0.00000     0.00000
    -26.745         0.00000     0.00000     0.00000     0.00000
    -26.595         0.00000     0.00000     0.00000     0.00000
    -26.445         0.00000     0.00000     0.00000     0.00000
    -26.295         0.00000     0.00000     0.00000     0.00000
    -26.145         0.00000     0.00000     0.00000     0.00000
    -25.995         0.00000     0.00000     0.00000     0.00000
    -25.845         0.00000     0.00000     0.00000     0.00000
    -25.695         0.00000     0.00000     0.00000     0.00000
    -25.545         0.00000     0.00000     0.00000     0.00000
    -25.395         0.00000     0.00000     0.00000     0.00000
    -25.245         0.00000     0.00000     0.00000     0.00000
    -25.095         0.00000     0.00000     0.00000     0.00000
    -24.945         0.00000     0.00000     0.00000     0.00000
    -24.795         0.00000     0.00000     0.00000     0.00000
    -24.645         0.00000     0.00000     0.00000     0.00000
    -24.495         0.00000     0.00000     0.00000     0.00000
    -24.345         0.00000     0.00000     0.00000     0.00000
    -24.195         0.00000     0.00000     0.00000     0.00000
    -24.045         0.00000     0.00000     0.00000     0.00000
    -23.895         0.00000     0.00000     0.00000     0.00000
    -23.745         0.00000     0.00000     0.00000     0.00000
    -23.595         0.00000     0.00000     0.00000     0.00000
    -23.445         0.00000     0.00000     0.00000     0.00000
    -23.295         0.00000     0.00000     0.00000     0.00000
    -23.145         0.00000     0.00000     0.00000     0.00000
    -22.995         0.00000     0.00000     0.00000     0.00000
    -22.845         0.00000     0.00000     0.00000     0.00000
    -22.695         0.00000     0.00000     0.00000     0.00000
    -22.545         0.00000     0.00000     0.00000     0.00000
    -22.395         0.00000     0.00000     0.00000     0.00000
    -22.245         0.00000     0.00000     0.00000     0.00000
    -22.095         0.00000     0.00000     0.00000     0.00000
    -21.945         0.00000     0.00000     0.00000     0.00000
    -21.795         0.00000     0.00000     0.00000     0.00000
    -21.645         0.00000     0.00000     0.00000     0.00000
    -21.495         0.00000     0.00000     0.00000     0.00000
    -21.345         0.00000     0.00000     0.00000     0.00000
    -21.195         0.00000     0.00000     0.00000     0.00000
    -21.045         0.00000     0.00000     0.00000     0.00000
    -20.895         0.00000     0.00000     0.00000     0.00000
    -20.745         0.00000     0.00000     0.00000     0.00000
    -20.595         0.00000     0.00000     0.00000     0.00000
    -20.445         0.00000     0.00000     0.00000     0.00000
    -20.295         0.00000     0.00000     0.00000     0.00000
    -20.145         0.00000     0.00000     0.00000     0.00000
    -19.995         0.00000     0.00000     0.00000     0.00000
    -19.845         0.00000     0.00000     0.00000     0.00000
    -19.695         0.00000     0.00000     0.00000     0.00000
    -19.545         0.00000     0.00000     0.00000     0.00000
    -19.395         0.00000     0.00000     0.00000     0.00000
    -19.245         0.00000     0.00000     0.00000     0.00000
    -19.095         0.00000     0.00000     0.00000     0.00000
    -18.945         0.00000     0.00000     0.00000     0.00000
    -18.795         0.00000     0.00000     0.00000     0.00000
    -18.645         0.00000     0.00000     0.00000     0.00000
    -18.495         0.00000     0.00000     0.00000     0.00000
    -18.345         0.00000     0.00000     0.00000     0.00000
    -18.195         0.00000     0.00000     0.00000     0.00000
    -18.045         0.00000     0.00000     0.00000     0.00000
    -17.895         0.00000     0.00000     0.00000     0.00000
    -17.745         0.00000     0.00000     0.00000     0.00000
    -17.595        -0.00000    -0.00000     0.00000     0.00000
    -17.445         0.00000     0.00000     0.00000     0.00000
    -17.295         0.00000     0.00000     0.00000     0.00000
    -17.145         0.00000     0.00000     0.00000     0.00000
    -16.995        -0.00000    -0.00000     0.00000     0.00000
    -16.845        -0.00000    -0.00000     0.00000     0.00000
    -16.695        -0.00075    -0.00075     0.00000     0.00000
    -16.545        -0.00150    -0.00150     0.00000     0.00000
    -16.395        -0.00370    -0.00370     0.00000     0.00000
    -16.245        -0.00449    -0.00449     0.00000     0.00000
    -16.095        -0.01024    -0.01024     0.00000     0.00000
    -15.945        -0.01539    -0.01539     0.00000     0.00000
    -15.795        -0.02058    -0.02058     0.00000     0.00000
    -15.645        -0.02725    -0.02725     0.00000     0.00000
    -15.495        -0.03611    -0.03611     0.00000     0.00000
    -15.345        -0.05386    -0.05386     0.00000     0.00000
    -15.195        -0.07035    -0.07035     0.00000     0.00000
    -15.045        -0.09498    -0.09498     0.00000     0.00000
    -14.895        -0.10961    -0.10961     0.00000     0.00000
    -14.745        -0.12360    -0.12360     0.00000     0.00000
    -14.595        -0.14885    -0.14885     0.00000     0.00000
    -14.445        -0.17534    -0.17534     0.00000     0.00000
    -14.295        -0.20300    -0.20300     0.00000     0.00000
    -14.145        -0.23184    -0.23184     0.00000     0.00000
    -13.995        -0.25160    -0.25160     0.00000     0.00000
    -13.845        -0.27690    -0.27690     0.00000     0.00000
    -13.695        -0.30209    -0.30209     0.00000     0.00000
    -13.545        -0.32147    -0.32147     0.00000     0.00000
    -13.395        -0.34634    -0.34634     0.00000     0.00000
    -13.245        -0.36857    -0.36857     0.00000     0.00000
    -13.095        -0.38884    -0.38884     0.00000     0.00000
    -12.945        -0.40660    -0.40660     0.00000     0.00000
    -12.795        -0.42365    -0.42365     0.00000     0.00000
    -12.645        -0.44585    -0.44585     0.00000     0.00000
    -12.495        -0.46089    -0.46089     0.00000     0.00000
    -12.345        -0.47412    -0.47412     0.00000     0.00000
    -12.195        -0.49184    -0.49184     0.00000     0.00000
    -12.045        -0.50719    -0.50719     0.00000     0.00000
    -11.895        -0.52573    -0.52573     0.00000     0.00000
    -11.745        -0.53863    -0.53863     0.00000     0.00000
    -11.595        -0.55199    -0.55199     0.00000     0.00000
    -11.445        -0.56144    -0.56144     0.00000     0.00000
    -11.295        -0.56973    -0.56973     0.00000     0.00000
    -11.145        -0.58127    -0.58127     0.00000     0.00000
    -10.995        -0.59749    -0.59749     0.00000     0.00000
    -10.845        -0.60785    -0.60785     0.00000     0.00000
    -10.695        -0.61660    -0.61660     0.00000     0.00000
    -10.545        -0.63123    -0.63040    -0.00083     0.00000
    -10.395        -0.64693    -0.64563    -0.00130     0.00000
    -10.245        -0.65916    -0.65737    -0.00178     0.00000
    -10.095        -0.67151    -0.66753    -0.00398     0.00000
    -9.9450        -0.68402    -0.67861    -0.00541     0.00000
    -9.7950        -0.69618    -0.68724    -0.00894     0.00000
    -9.6450        -0.71086    -0.69634    -0.01452     0.00000
    -9.4950        -0.72269    -0.70495    -0.01774     0.00000
    -9.3450        -0.73806    -0.71355    -0.02452     0.00000
    -9.1950        -0.75337    -0.72440    -0.02897     0.00000
    -9.0450        -0.77171    -0.73480    -0.03691     0.00000
    -8.8950        -0.78758    -0.74426    -0.04331     0.00000
    -8.7450        -0.80517    -0.75286    -0.05230     0.00000
    -8.5950        -0.81850    -0.76021    -0.05829     0.00000
    -8.4450        -0.83254    -0.76717    -0.06537     0.00000
    -8.2950        -0.84754    -0.77623    -0.07131     0.00000
    -8.1450        -0.86133    -0.78410    -0.07723     0.00000
    -7.9950        -0.87977    -0.79557    -0.08420     0.00000
    -7.8450        -0.89963    -0.80741    -0.09222     0.00000
    -7.6950        -0.91738    -0.81963    -0.09775     0.00000
    -7.5450        -0.93642    -0.83107    -0.10534     0.00000
    -7.3950        -0.95005    -0.83917    -0.11088     0.00000
    -7.2450        -0.96588    -0.84915    -0.11673     0.00000
    -7.0950        -0.98443    -0.85987    -0.12456     0.00000
    -6.9450        -1.00574    -0.87475    -0.13075    -0.00024
    -6.7950        -1.02353    -0.88523    -0.13662    -0.00168
    -6.6450        -1.05038    -0.89842    -0.14408    -0.00789
    -6.4950        -1.08317    -0.91162    -0.15095    -0.02060
    -6.3450        -1.12776    -0.92449    -0.15630    -0.04698
    -6.1950        -1.19603    -0.94116    -0.16438    -0.09049
    -6.0450        -1.28239    -0.95836    -0.17219    -0.15184
    -5.8950        -1.39413    -0.97412    -0.18033    -0.23968
    -5.7450        -1.55247    -0.99694    -0.18765    -0.36788
    -5.5950        -1.72521    -1.01576    -0.19617    -0.51327
    -5.4450        -1.92917    -1.03536    -0.20660    -0.68720
    -5.2950        -2.14126    -1.05551    -0.21914    -0.86662
    -5.1450        -2.36553    -1.07537    -0.23290    -1.05727
    -4.9950        -2.59895    -1.09770    -0.24575    -1.25551
    -4.8450        -2.84164    -1.12171    -0.26127    -1.45867
    -4.6950        -3.08655    -1.14751    -0.28057    -1.65847
    -4.5450        -3.33719    -1.17567    -0.30237    -1.85916
    -4.3950        -3.57599    -1.20028    -0.32338    -2.05234
    -4.2450        -3.81304    -1.22532    -0.34820    -2.23952
    -4.0950        -4.03657    -1.25395    -0.37054    -2.41208
    -3.9450        -4.27411    -1.28764    -0.39817    -2.58830
    -3.7950        -4.51041    -1.32160    -0.43137    -2.75745
    -3.6450        -4.74834    -1.35517    -0.46843    -2.92473
    -3.4950        -4.97576    -1.38913    -0.50693    -3.07970
    -3.3450        -5.20450    -1.42284    -0.54686    -3.23480
    -3.1950        -5.43801    -1.46342    -0.59339    -3.38120
    -3.0450        -5.67221    -1.50348    -0.63873    -3.53000
    -2.8950        -5.91127    -1.54668    -0.69024    -3.67435
    -2.7450        -6.17678    -1.59719    -0.75165    -3.82794
    -2.5950        -6.44121    -1.65292    -0.81024    -3.97806
    -2.4450        -6.72808    -1.71419    -0.87830    -4.13560
    -2.2950        -7.03405    -1.77782    -0.95320    -4.30303
    -2.1450        -7.36460    -1.84852    -1.03573    -4.48035
    -1.9950        -7.73567    -1.92649    -1.12112    -4.68806
    -1.8450        -8.15230    -2.01127    -1.21363    -4.92740
    -1.6950        -8.62393    -2.10807    -1.31227    -5.20359
    -1.5450        -9.18688    -2.21952    -1.42468    -5.54267
    -1.3950        -9.86927    -2.34319    -1.54823    -5.97786
    -1.2450       -10.68351    -2.48409    -1.68583    -6.51358
    -1.0950       -11.68051    -2.65548    -1.84815    -7.17688
   -0.94500       -12.91345    -2.86330    -2.05390    -7.99624
   -0.79500       -14.46794    -3.12798    -2.31327    -9.02669
   -0.64500       -16.42945    -3.47151    -2.65548   -10.30246
   -0.49500       -19.05790    -3.96997    -3.13942   -11.94851
   -0.34500       -22.82814    -4.75383    -3.94428   -14.13003
   -0.22700       -24.49698    -5.12384    -4.34524   -15.02791
   -0.21300       -24.71724    -5.17495    -4.39890   -15.14339
   -0.20700       -24.94524    -5.22707    -4.45544   -15.26273
   -0.20100       -25.17905    -5.28153    -4.51345   -15.38407
   -0.19500       -25.41781    -5.33698    -4.57296   -15.50787
   -0.18900       -25.66672    -5.39490    -4.63579   -15.63603
   -0.18300       -25.91698    -5.45359    -4.69852   -15.76487
   -0.17700       -26.17991    -5.51547    -4.76538   -15.89907
   -0.17100       -26.44699    -5.57849    -4.83377   -16.03473
   -0.16500       -26.72314    -5.64400    -4.90534   -16.17380
   -0.15900       -27.01016    -5.71236    -4.97861   -16.31920
   -0.15300       -27.30595    -5.78293    -5.05433   -16.46869
   -0.14700       -27.61097    -5.85631    -5.13334   -16.62132
   -0.14100       -27.93115    -5.93311    -5.21666   -16.78138
   -0.13500       -28.25985    -6.01096    -5.30230   -16.94660
   -0.12900       -28.60148    -6.09181    -5.39110   -17.11857
   -0.12300       -28.95595    -6.17528    -5.48395   -17.29672
   -0.11700       -29.32565    -6.26188    -5.58049   -17.48329
   -0.11100       -29.71244    -6.35111    -5.68247   -17.67885
   -0.10500       -30.11707    -6.44457    -5.78864   -17.88386
   -0.99000E-01   -30.54114    -6.54248    -5.90030   -18.09836
   -0.93000E-01   -30.98644    -6.64437    -6.01728   -18.32480
   -0.87000E-01   -31.45726    -6.74976    -6.14038   -18.56713
   -0.81000E-01   -31.95492    -6.86057    -6.27034   -18.82401
   -0.75000E-01   -32.48331    -6.97652    -6.40847   -19.09832
   -0.69000E-01   -33.04860    -7.09949    -6.55544   -19.39367
   -0.63000E-01   -33.65533    -7.22749    -6.71384   -19.71400
   -0.57000E-01   -34.31855    -7.36351    -6.88936   -20.06569
   -0.51000E-01   -35.05341    -7.51214    -7.08613   -20.45514
   -0.45000E-01   -35.86646    -7.67585    -7.29856   -20.89205
   -0.39000E-01   -36.75942    -7.84954    -7.51609   -21.39379
   -0.33000E-01   -37.74259    -8.02490    -7.73205   -21.98563
   -0.27000E-01   -38.83915    -8.19199    -7.93620   -22.71097
   -0.21300E-01   -39.67362    -8.29607    -8.06088   -23.31667
   -0.19500E-01   -39.80309    -8.31049    -8.07758   -23.41501
   -0.18900E-01   -39.93575    -8.32455    -8.09407   -23.51713
   -0.18300E-01   -40.07146    -8.33837    -8.11004   -23.62305
   -0.17700E-01   -40.20972    -8.35201    -8.12559   -23.73212
   -0.17100E-01   -40.35125    -8.36541    -8.14068   -23.84517
   -0.16500E-01   -40.49611    -8.37844    -8.15528   -23.96239
   -0.15900E-01   -40.64434    -8.39117    -8.16940   -24.08376
   -0.15300E-01   -40.79648    -8.40349    -8.18296   -24.21003
   -0.14700E-01   -40.95320    -8.41546    -8.19610   -24.34164
   -0.14100E-01   -41.11526    -8.42714    -8.20875   -24.47938
   -0.13500E-01   -41.28238    -8.43842    -8.22088   -24.62308
   -0.12900E-01   -41.45539    -8.44930    -8.23252   -24.77356
   -0.12300E-01   -41.63483    -8.45970    -8.24374   -24.93140
   -0.11700E-01   -41.82170    -8.46971    -8.25439   -25.09761
   -0.11100E-01   -42.01676    -8.47922    -8.26449   -25.27305
   -0.10500E-01   -42.22151    -8.48833    -8.27407   -25.45911
   -0.99000E-02   -42.43672    -8.49692    -8.28317   -25.65663
   -0.93000E-02   -42.66408    -8.50503    -8.29172   -25.86732
   -0.87000E-02   -42.90541    -8.51271    -8.29974   -26.09296
   -0.81000E-02   -43.16348    -8.51989    -8.30718   -26.33641
   -0.75000E-02   -43.44250    -8.52659    -8.31409   -26.60182
   -0.69000E-02   -43.74700    -8.53274    -8.32041   -26.89385
   -0.63000E-02   -44.08290    -8.53836    -8.32623   -27.21831
   -0.57000E-02   -44.45795    -8.54350    -8.33147   -27.58298
   -0.51000E-02   -44.87929    -8.54809    -8.33618   -27.99502
   -0.45000E-02   -45.35568    -8.55218    -8.34037   -28.46313
   -0.39000E-02   -45.89696    -8.55572    -8.34399   -28.99724
   -0.33000E-02   -46.51439    -8.55870    -8.34704   -29.60864
   -0.27000E-02   -47.22219    -8.56118    -8.34956   -30.31146
   -0.21000E-02   -48.04134    -8.56312    -8.35150   -31.12673
   -0.15000E-02   -49.01447    -8.56450    -8.35290   -32.09707
   -0.90000E-03   -50.02140    -8.56532    -8.35374   -33.10234
   -0.30000E-03   -50.46368    -8.56560    -8.35401   -33.54406
    0.30000E-03   -50.02154    -8.56532    -8.35373   -33.10248
    0.90000E-03   -49.01436    -8.56448    -8.35291   -32.09697
    0.15000E-02   -48.04098    -8.56309    -8.35152   -31.12637
    0.21000E-02   -47.22150    -8.56115    -8.34960   -30.31075
    0.27000E-02   -46.51340    -8.55863    -8.34715   -29.60761
    0.33000E-02   -45.89573    -8.55555    -8.34417   -28.99601
    0.39000E-02   -45.35336    -8.55188    -8.34062   -28.46086
    0.45000E-02   -44.87568    -8.54768    -8.33655   -27.99145
    0.51000E-02   -44.45344    -8.54294    -8.33192   -27.57858
    0.57000E-02   -44.07743    -8.53763    -8.32681   -27.21299
    0.63000E-02   -43.73977    -8.53177    -8.32117   -26.88684
    0.69000E-02   -43.43477    -8.52536    -8.31499   -26.59442
    0.75000E-02   -43.15556    -8.51847    -8.30830   -26.32879
    0.81000E-02   -42.89711    -8.51094    -8.30117   -26.08501
    0.87000E-02   -42.65552    -8.50286    -8.29355   -25.85911
    0.93000E-02   -42.42855    -8.49426    -8.28540   -25.64889
    0.99000E-02   -42.21423    -8.48507    -8.27675   -25.45240
    0.10500E-01   -42.00995    -8.47546    -8.26764   -25.26684
    0.11100E-01   -41.81557    -8.46529    -8.25816   -25.09213
    0.11700E-01   -41.62929    -8.45449    -8.24815   -24.92665
    0.12300E-01   -41.45023    -8.44328    -8.23784   -24.76911
    0.12900E-01   -41.27754    -8.43146    -8.22703   -24.61905
    0.13500E-01   -41.11056    -8.41915    -8.21570   -24.47571
    0.14100E-01   -40.94878    -8.40649    -8.20399   -24.33829
    0.14700E-01   -40.79271    -8.39340    -8.19201   -24.20729
    0.15300E-01   -40.64047    -8.37982    -8.17954   -24.08110
    0.15900E-01   -40.49225    -8.36562    -8.16683   -23.95979
    0.16500E-01   -40.34729    -8.35096    -8.15365   -23.84268
    0.17100E-01   -40.20655    -8.33595    -8.14040   -23.73019
    0.17700E-01   -40.06875    -8.32051    -8.12684   -23.62139
    0.18300E-01   -39.93385    -8.30463    -8.11290   -23.51632
    0.18900E-01   -39.80188    -8.28838    -8.09869   -23.41482
    0.19500E-01   -39.67163    -8.27149    -8.08435   -23.31579
    0.21300E-01   -38.83922    -8.14698    -7.98021   -22.71203
    0.27000E-01   -37.74967    -7.94391    -7.81411   -21.99164
    0.33000E-01   -36.77759    -7.72955    -7.63825   -21.40979
    0.39000E-01   -35.90153    -7.51211    -7.46464   -20.92478
    0.45000E-01   -35.11302    -7.29953    -7.30222   -20.51128
    0.51000E-01   -34.40832    -7.10161    -7.15361   -20.15309
    0.57000E-01   -33.77830    -6.92487    -7.01512   -19.83830
    0.63000E-01   -33.21123    -6.76586    -6.88585   -19.55952
    0.69000E-01   -32.69062    -6.61820    -6.76313   -19.30929
    0.75000E-01   -32.21199    -6.48064    -6.64700   -19.08436
    0.81000E-01   -31.76618    -6.35034    -6.53586   -18.87998
    0.87000E-01   -31.34821    -6.22651    -6.42874   -18.69296
    0.93000E-01   -30.95766    -6.10873    -6.32667   -18.52226
    0.99000E-01   -30.59004    -5.99757    -6.22898   -18.36349
    0.10500       -30.24262    -5.89177    -6.13485   -18.21600
    0.11100       -29.91377    -5.79108    -6.04411   -18.07858
    0.11700       -29.60309    -5.69480    -5.95722   -17.95106
    0.12300       -29.30736    -5.60210    -5.87363   -17.83164
    0.12900       -29.02406    -5.51245    -5.79249   -17.71911
    0.13500       -28.75474    -5.42670    -5.71479   -17.61325
    0.14100       -28.49648    -5.34482    -5.63942   -17.51224
    0.14700       -28.25196    -5.26723    -5.56773   -17.41700
    0.15300       -28.01486    -5.19099    -5.49782   -17.32605
    0.15900       -27.78797    -5.11782    -5.43061   -17.23954
    0.16500       -27.57042    -5.04745    -5.36529   -17.15767
    0.17100       -27.36187    -4.98025    -5.30212   -17.07949
    0.17700       -27.16133    -4.91430    -5.24149   -17.00554
    0.18300       -26.96685    -4.85198    -5.18145   -16.93342
    0.18900       -26.78069    -4.79231    -5.12419   -16.86419
    0.19500       -26.59958    -4.73373    -5.06759   -16.79826
    0.20100       -26.42579    -4.67740    -5.01395   -16.73444
    0.20700       -26.25715    -4.62285    -4.96197   -16.67233
    0.21300       -26.09505    -4.57060    -4.91151   -16.61294
    0.22700       -24.89592    -4.18123    -4.53324   -16.18145
    0.34500       -22.41808    -3.36723    -3.74335   -15.30751
    0.49500       -20.87231    -2.85615    -3.26575   -14.75042
    0.64500       -19.76385    -2.50522    -2.93867   -14.31995
    0.79500       -18.90378    -2.25110    -2.68847   -13.96420
    0.94500       -18.19370    -2.04674    -2.49009   -13.65687
     1.0950       -17.60519    -1.88434    -2.32776   -13.39309
     1.2450       -17.10468    -1.74842    -2.19208   -13.16419
     1.3950       -16.67027    -1.63385    -2.07719   -12.95923
     1.5450       -16.28773    -1.53427    -1.97937   -12.77409
     1.6950       -15.94904    -1.44903    -1.89703   -12.60298
     1.8450       -15.65335    -1.37674    -1.82272   -12.45389
     1.9950       -15.39542    -1.31472    -1.75858   -12.32213
     2.1450       -15.15719    -1.26121    -1.70018   -12.19581
     2.2950       -14.94294    -1.21451    -1.64662   -12.08180
     2.4450       -14.75639    -1.17518    -1.59909   -11.98211
     2.5950       -14.58232    -1.14067    -1.55530   -11.88635
     2.7450       -14.42609    -1.11043    -1.51546   -11.80020
     2.8950       -14.28612    -1.08341    -1.48082   -11.72188
     3.0450       -14.14743    -1.05943    -1.44712   -11.64088
     3.1950       -14.02686    -1.03841    -1.41533   -11.57312
     3.3450       -13.91653    -1.01871    -1.38668   -11.51113
     3.4950       -13.81488    -1.00110    -1.35931   -11.45446
     3.6450       -13.72194    -0.98498    -1.33403   -11.40292
     3.7950       -13.63210    -0.96963    -1.31050   -11.35197
     3.9450       -13.54850    -0.95559    -1.28851   -11.30440
     4.0950       -13.46662    -0.94220    -1.26806   -11.25636
     4.2450       -13.39208    -0.93095    -1.24775   -11.21338
     4.3950       -13.32235    -0.92022    -1.22944   -11.17269
     4.5450       -13.25462    -0.90975    -1.21181   -11.13306
     4.6950       -13.19180    -0.90032    -1.19565   -11.09582
     4.8450       -13.12955    -0.89167    -1.17987   -11.05801
     4.9950       -13.07323    -0.88399    -1.16592   -11.02332
     5.1450       -13.01660    -0.87638    -1.15315   -10.98706
     5.2950       -12.96410    -0.86991    -1.13987   -10.95432
     5.4450       -12.91523    -0.86415    -1.12877   -10.92230
     5.5950       -12.87025    -0.86026    -1.11820   -10.89179
     5.7450       -12.82411    -0.85450    -1.10824   -10.86137
     5.8950       -12.78134    -0.84882    -1.10012   -10.83240
     6.0450       -12.74336    -0.84622    -1.09291   -10.80423
     6.1950       -12.70708    -0.84363    -1.08669   -10.77675
     6.3450       -12.67044    -0.84103    -1.08047   -10.74894
     6.4950       -12.64151    -0.84012    -1.07856   -10.72284
     6.6450       -12.60892    -0.83927    -1.07238   -10.69727
     6.7950       -12.57813    -0.83845    -1.06742   -10.67227
     6.9450       -12.54793    -0.83765    -1.06247   -10.64782
     7.0950       -12.51983    -0.83691    -1.05905   -10.62386
     7.2450       -12.49409    -0.83619    -1.05752   -10.60039
     7.3950       -12.46505    -0.83349    -1.05412   -10.57744
     7.5450       -12.43852    -0.83284    -1.05072   -10.55496
     7.6950       -12.41247    -0.83219    -1.04734   -10.53294
     7.8450       -12.38898    -0.83159    -1.04604   -10.51135
     7.9950       -12.36594    -0.83100    -1.04477   -10.49016
     8.1450       -12.34336    -0.83042    -1.04355   -10.46939
     8.2950       -12.32131    -0.82987    -1.04238   -10.44906
     8.4450       -12.29964    -0.82932    -1.04124   -10.42908
     8.5950       -12.27837    -0.82880    -1.04013   -10.40944
     8.7450       -12.25749    -0.82830    -1.03907   -10.39012
     8.8950       -12.23702    -0.82782    -1.03804   -10.37116
     9.0450       -12.21687    -0.82735    -1.03705   -10.35247
     9.1950       -12.19709    -0.82689    -1.03607   -10.33413
     9.3450       -12.17764    -0.82645    -1.03513   -10.31606
     9.4950       -12.15853    -0.82601    -1.03420   -10.29831
     9.6450       -12.13977    -0.82559    -1.03331   -10.28086
     9.7950       -12.12130    -0.82519    -1.03243   -10.26368
     9.9450       -12.10316    -0.82480    -1.03159   -10.24677
     10.095       -12.08531    -0.82442    -1.03076   -10.23013
     10.245       -12.06776    -0.82404    -1.02995   -10.21377
     10.395       -12.05042    -0.82367    -1.02916   -10.19758
     10.545       -12.03340    -0.82331    -1.02839   -10.18170
     10.695       -12.01659    -0.82297    -1.02764   -10.16598
     10.845       -12.00002    -0.82263    -1.02689   -10.15050
     10.995       -11.98373    -0.82231    -1.02616   -10.13526
     11.145       -11.96763    -0.82198    -1.02545   -10.12020
     11.295       -11.95179    -0.82167    -1.02475   -10.10537
     11.445       -11.93611    -0.82135    -1.02407   -10.09069
     11.595       -11.92069    -0.82104    -1.02339   -10.07626
     11.745       -11.90554    -0.82074    -1.02274   -10.06206
     11.895       -11.89051    -0.82044    -1.02209   -10.04797
     12.045       -11.87571    -0.82016    -1.02147   -10.03409
     12.195       -11.86110    -0.81987    -1.02085   -10.02038
     12.345       -11.84670    -0.81960    -1.02024   -10.00686
     12.495       -11.83243    -0.81932    -1.01963    -9.99348
     12.645       -11.81837    -0.81906    -1.01904    -9.98027
     12.795       -11.80451    -0.81879    -1.01846    -9.96726
     12.945       -11.79079    -0.81853    -1.01789    -9.95437
     13.095       -11.77721    -0.81827    -1.01733    -9.94161
     13.245       -11.76385    -0.81802    -1.01677    -9.92906
     13.395       -11.75060    -0.81777    -1.01624    -9.91659
     13.545       -11.73753    -0.81753    -1.01571    -9.90430
     13.695       -11.72460    -0.81729    -1.01518    -9.89213
     13.845       -11.71186    -0.81705    -1.01466    -9.88014
     13.995       -11.69923    -0.81683    -1.01415    -9.86826
     14.145       -11.68670    -0.81659    -1.01365    -9.85647
     14.295       -11.67434    -0.81635    -1.01315    -9.84483
     14.445       -11.66215    -0.81613    -1.01266    -9.83336
     14.595       -11.65007    -0.81591    -1.01218    -9.82198
     14.745       -11.63812    -0.81570    -1.01171    -9.81071
     14.895       -11.62627    -0.81550    -1.01123    -9.79954
     15.045       -11.61462    -0.81529    -1.01076    -9.78857
     15.195       -11.60304    -0.81508    -1.01029    -9.77766
     15.345       -11.59158    -0.81488    -1.00984    -9.76685
     15.495       -11.58021    -0.81468    -1.00939    -9.75614
     15.645       -11.56901    -0.81448    -1.00895    -9.74558
     15.795       -11.55789    -0.81429    -1.00851    -9.73509
     15.945       -11.54693    -0.81409    -1.00808    -9.72475
     16.095       -11.53603    -0.81390    -1.00765    -9.71447
     16.245       -11.52521    -0.81371    -1.00723    -9.70427
     16.395       -11.51454    -0.81352    -1.00681    -9.69420
     16.545       -11.50394    -0.81334    -1.00639    -9.68421
     16.695       -11.49346    -0.81316    -1.00599    -9.67431
     16.845       -11.48310    -0.81299    -1.00559    -9.66452
     16.995       -11.47284    -0.81281    -1.00520    -9.65483
     17.145       -11.46268    -0.81264    -1.00480    -9.64524
     17.295       -11.45258    -0.81247    -1.00441    -9.63570
     17.445       -11.44256    -0.81230    -1.00402    -9.62624
     17.595       -11.43267    -0.81213    -1.00364    -9.61690
     17.745       -11.42286    -0.81196    -1.00326    -9.60764
     17.895       -11.41308    -0.81179    -1.00289    -9.59840
     18.045       -11.40341    -0.81164    -1.00251    -9.58926
     18.195       -11.39383    -0.81148    -1.00214    -9.58020
     18.345       -11.38431    -0.81131    -1.00178    -9.57122
     18.495       -11.37489    -0.81115    -1.00142    -9.56232
     18.645       -11.36560    -0.81100    -1.00106    -9.55353
     18.795       -11.35636    -0.81086    -1.00071    -9.54479
     18.945       -11.34718    -0.81070    -1.00036    -9.53612
     19.095       -11.33810    -0.81055    -1.00001    -9.52754
     19.245       -11.32909    -0.81040    -0.99967    -9.51902
     19.395       -11.32016    -0.81025    -0.99933    -9.51059
     19.545       -11.31130    -0.81010    -0.99899    -9.50221
     19.695       -11.30252    -0.80995    -0.99866    -9.49390
     19.845       -11.29374    -0.80981    -0.99833    -9.48561
     19.995       -11.28511    -0.80967    -0.99800    -9.47743
     20.145       -11.27654    -0.80953    -0.99768    -9.46933
     20.295       -11.26803    -0.80939    -0.99736    -9.46128
     20.445       -11.25958    -0.80925    -0.99705    -9.45328
     20.595       -11.25118    -0.80911    -0.99673    -9.44534
     20.745       -11.24286    -0.80897    -0.99641    -9.43747
     20.895       -11.23460    -0.80884    -0.99610    -9.42966
     21.045       -11.22641    -0.80870    -0.99579    -9.42191
     21.195       -11.21828    -0.80858    -0.99549    -9.41421
     21.345       -11.21020    -0.80844    -0.99519    -9.40657
     21.495       -11.20219    -0.80831    -0.99489    -9.39899
     21.645       -11.19423    -0.80818    -0.99459    -9.39146
     21.795       -11.18635    -0.80805    -0.99430    -9.38400
     21.945       -11.17848    -0.80794    -0.99401    -9.37654
     22.095       -11.17071    -0.80781    -0.99372    -9.36918
     22.245       -11.16296    -0.80768    -0.99343    -9.36185
     22.395       -11.15530    -0.80756    -0.99314    -9.35460
     22.545       -11.14766    -0.80743    -0.99286    -9.34737
     22.695       -11.14013    -0.80731    -0.99258    -9.34024
     22.845       -11.13262    -0.80719    -0.99230    -9.33313
     22.995       -11.12517    -0.80707    -0.99202    -9.32608
     23.145       -11.11774    -0.80695    -0.99175    -9.31904
     23.295       -11.11038    -0.80683    -0.99148    -9.31207
     23.445       -11.10309    -0.80671    -0.99122    -9.30516
     23.595       -11.09582    -0.80659    -0.99095    -9.29828
     23.745       -11.08860    -0.80648    -0.99068    -9.29144
     23.895       -11.08140    -0.80636    -0.99042    -9.28462
     24.045       -11.07430    -0.80625    -0.99015    -9.27790
     24.195       -11.06722    -0.80614    -0.98989    -9.27119
     24.345       -11.06016    -0.80603    -0.98962    -9.26451
     24.495       -11.05317    -0.80592    -0.98936    -9.25789
     24.645       -11.04622    -0.80581    -0.98911    -9.25130
     24.795       -11.03934    -0.80570    -0.98886    -9.24479
     24.945       -11.03251    -0.80559    -0.98861    -9.23832
     25.095       -11.02572    -0.80549    -0.98836    -9.23187
     25.245       -11.01898    -0.80538    -0.98811    -9.22549
     25.395       -11.01225    -0.80527    -0.98786    -9.21911
     25.545       -11.00559    -0.80517    -0.98761    -9.21280
     25.695       -10.99896    -0.80507    -0.98737    -9.20652
     25.845       -10.99234    -0.80496    -0.98713    -9.20025
     25.995       -10.98579    -0.80485    -0.98689    -9.19405
     26.145       -10.97927    -0.80475    -0.98666    -9.18786
     26.295       -10.97279    -0.80464    -0.98642    -9.18172
     26.445       -10.96639    -0.80454    -0.98619    -9.17566
     26.595       -10.96000    -0.80445    -0.98596    -9.16960
     26.745       -10.95364    -0.80435    -0.98572    -9.16357
     26.895       -10.94735    -0.80425    -0.98550    -9.15760
     27.045       -10.94109    -0.80415    -0.98526    -9.15167
     27.195       -10.93483    -0.80406    -0.98503    -9.14574
     27.345       -10.92861    -0.80396    -0.98480    -9.13984
     27.495       -10.92247    -0.80386    -0.98458    -9.13402
     27.645       -10.91633    -0.80377    -0.98436    -9.12820
     27.795       -10.91024    -0.80368    -0.98413    -9.12243
     27.945       -10.90415    -0.80358    -0.98391    -9.11666
     28.095       -10.89812    -0.80349    -0.98369    -9.11094
     28.245       -10.89213    -0.80339    -0.98347    -9.10527
     28.395       -10.88617    -0.80331    -0.98326    -9.09961
     28.545       -10.88025    -0.80321    -0.98304    -9.09400
     28.695       -10.87436    -0.80312    -0.98282    -9.08841
     28.845       -10.86849    -0.80303    -0.98261    -9.08285
     28.995       -10.86265    -0.80294    -0.98240    -9.07730
     29.145       -10.85684    -0.80285    -0.98220    -9.07179
     29.295       -10.85109    -0.80276    -0.98198    -9.06634
     29.445       -10.84536    -0.80267    -0.98178    -9.06091
     29.595       -10.83968    -0.80258    -0.98157    -9.05552
     29.745       -10.83399    -0.80250    -0.98137    -9.05013
     29.895       -10.82837    -0.80241    -0.98117    -9.04479
     30.045       -10.82274    -0.80233    -0.98097    -9.03945
     30.195       -10.81713    -0.80224    -0.98076    -9.03413
     30.345       -10.81158    -0.80215    -0.98057    -9.02887
     30.495       -10.80606    -0.80206    -0.98037    -9.02362
     30.645       -10.80054    -0.80198    -0.98017    -9.01839
     30.795       -10.79504    -0.80189    -0.97997    -9.01317
     30.945       -10.78958    -0.80181    -0.97978    -9.00799
     31.095       -10.78422    -0.80172    -0.97958    -9.00291
     31.245       -10.77886    -0.80164    -0.97939    -8.99783
     31.395       -10.77349    -0.80156    -0.97920    -8.99273
     31.545       -10.76813    -0.80148    -0.97901    -8.98764
     31.695       -10.76284    -0.80140    -0.97882    -8.98263
     31.845       -10.75758    -0.80132    -0.97863    -8.97764
     31.995       -10.75233    -0.80124    -0.97844    -8.97265
     32.145       -10.74709    -0.80116    -0.97825    -8.96768
     32.295       -10.74189    -0.80108    -0.97806    -8.96276
     32.445       -10.73674    -0.80100    -0.97787    -8.95787
     32.595       -10.73158    -0.80091    -0.97769    -8.95298
     32.745       -10.72645    -0.80084    -0.97750    -8.94811
     32.895       -10.72135    -0.80076    -0.97732    -8.94327
     33.045       -10.71630    -0.80069    -0.97714    -8.93847
     33.195       -10.71125    -0.80061    -0.97696    -8.93368
     33.345       -10.70623    -0.80054    -0.97678    -8.92891
     33.495       -10.70124    -0.80046    -0.97660    -8.92418
     33.645       -10.69628    -0.80039    -0.97642    -8.91947
     33.795       -10.69137    -0.80031    -0.97625    -8.91481
     33.945       -10.68643    -0.80024    -0.97607    -8.91012
     34.095       -10.68151    -0.80016    -0.97589    -8.90545
     34.245       -10.67665    -0.80009    -0.97572    -8.90084
     34.395       -10.67180    -0.80001    -0.97554    -8.89624
     34.545       -10.66695    -0.79994    -0.97537    -8.89165
     34.695       -10.66213    -0.79986    -0.97520    -8.88708
     34.845       -10.65735    -0.79979    -0.97502    -8.88254
     34.995       -10.65257    -0.79971    -0.97485    -8.87801
     35.145       -10.64783    -0.79964    -0.97468    -8.87351
     35.295       -10.64313    -0.79957    -0.97451    -8.86904
     35.445       -10.63841    -0.79950    -0.97435    -8.86456
     35.595       -10.63377    -0.79942    -0.97418    -8.86017
     35.745       -10.62909    -0.79935    -0.97401    -8.85573
     35.895       -10.62446    -0.79928    -0.97384    -8.85133
     36.045       -10.61984    -0.79921    -0.97368    -8.84695
     36.195       -10.61525    -0.79914    -0.97351    -8.84260
     36.345       -10.61067    -0.79907    -0.97335    -8.83826
     36.495       -10.60611    -0.79900    -0.97319    -8.83392
     36.645       -10.60156    -0.79893    -0.97302    -8.82960
     36.795       -10.59703    -0.79886    -0.97286    -8.82531
     36.945       -10.59255    -0.79879    -0.97270    -8.82105
     37.095       -10.58805    -0.79872    -0.97254    -8.81678
     37.245       -10.58359    -0.79866    -0.97238    -8.81256
     37.395       -10.57914    -0.79859    -0.97221    -8.80833
     37.545       -10.57471    -0.79852    -0.97206    -8.80413
     37.695       -10.57030    -0.79846    -0.97190    -8.79994
     37.845       -10.56595    -0.79839    -0.97174    -8.79582
     37.995       -10.56159    -0.79833    -0.97159    -8.79168
     38.145       -10.55725    -0.79826    -0.97144    -8.78755
     38.295       -10.55290    -0.79820    -0.97128    -8.78342
     38.445       -10.54859    -0.79813    -0.97112    -8.77933
     38.595       -10.54429    -0.79807    -0.97097    -8.77526
     38.745       -10.54002    -0.79800    -0.97081    -8.77121
     38.895       -10.53576    -0.79793    -0.97066    -8.76717
     39.045       -10.53151    -0.79787    -0.97051    -8.76313
     39.195       -10.52729    -0.79781    -0.97036    -8.75913
     39.345       -10.52307    -0.79774    -0.97021    -8.75512
     39.495       -10.51889    -0.79768    -0.97006    -8.75116
     39.645       -10.51470    -0.79761    -0.96990    -8.74719
     39.795       -10.51055    -0.79755    -0.96975    -8.74325
     39.945       -10.50638    -0.79748    -0.96961    -8.73929
     40.095       -10.50226    -0.79742    -0.96946    -8.73539
     40.245       -10.49817    -0.79736    -0.96931    -8.73150
     40.395       -10.49409    -0.79730    -0.96917    -8.72762
     40.545       -10.49004    -0.79725    -0.96902    -8.72377
     40.695       -10.48597    -0.79718    -0.96888    -8.71991
     40.845       -10.48196    -0.79712    -0.96874    -8.71610
     40.995       -10.47793    -0.79706    -0.96859    -8.71227
     41.145       -10.47391    -0.79700    -0.96845    -8.70846
     41.295       -10.46992    -0.79694    -0.96831    -8.70467
     41.445       -10.46594    -0.79688    -0.96817    -8.70089
     41.595       -10.46196    -0.79682    -0.96802    -8.69711
     41.745       -10.45800    -0.79676    -0.96788    -8.69335
     41.895       -10.45407    -0.79670    -0.96774    -8.68963
     42.045       -10.45015    -0.79664    -0.96760    -8.68590
     42.195       -10.44625    -0.79658    -0.96746    -8.68220
     42.345       -10.44236    -0.79653    -0.96733    -8.67851
     42.495       -10.43846    -0.79647    -0.96719    -8.67480
     42.645       -10.43459    -0.79641    -0.96705    -8.67113
     42.795       -10.43074    -0.79635    -0.96691    -8.66748
     42.945       -10.42691    -0.79630    -0.96678    -8.66384
     43.095       -10.42309    -0.79624    -0.96664    -8.66021
     43.245       -10.41928    -0.79618    -0.96651    -8.65659
     43.395       -10.41550    -0.79612    -0.96638    -8.65300
     43.545       -10.41174    -0.79606    -0.96624    -8.64944
     43.695       -10.40798    -0.79601    -0.96611    -8.64587
     43.845       -10.40424    -0.79595    -0.96598    -8.64231
     43.995       -10.40052    -0.79590    -0.96584    -8.63878
     44.145       -10.39681    -0.79584    -0.96571    -8.63525
     44.295       -10.39311    -0.79579    -0.96558    -8.63175
     44.445       -10.38943    -0.79573    -0.96545    -8.62824
     44.595       -10.38576    -0.79568    -0.96532    -8.62476
     44.745       -10.38209    -0.79562    -0.96519    -8.62128
     44.895       -10.37844    -0.79557    -0.96506    -8.61781
     45.045       -10.37482    -0.79551    -0.96493    -8.61437
     45.195       -10.37120    -0.79546    -0.96481    -8.61094
     45.345       -10.36759    -0.79540    -0.96468    -8.60751
     45.495       -10.36400    -0.79535    -0.96455    -8.60410
     45.645       -10.36041    -0.79530    -0.96443    -8.60069
     45.795       -10.35685    -0.79525    -0.96430    -8.59730
     45.945       -10.35330    -0.79519    -0.96417    -8.59394
     46.095       -10.34972    -0.79514    -0.96404    -8.59054
     46.245       -10.34619    -0.79509    -0.96392    -8.58718
     46.395       -10.34268    -0.79504    -0.96379    -8.58385
     46.545       -10.33917    -0.79498    -0.96367    -8.58052
     46.695       -10.33566    -0.79493    -0.96355    -8.57718
     46.845       -10.33218    -0.79488    -0.96343    -8.57387
     46.995       -10.32874    -0.79483    -0.96331    -8.57060
     47.145       -10.32529    -0.79478    -0.96319    -8.56733
     47.295       -10.32184    -0.79472    -0.96307    -8.56405
     47.445       -10.31841    -0.79467    -0.96295    -8.56079
     47.595       -10.31499    -0.79462    -0.96282    -8.55755
     47.745       -10.31160    -0.79457    -0.96271    -8.55433
     47.895       -10.30820    -0.79452    -0.96259    -8.55109
     48.045       -10.30481    -0.79447    -0.96247    -8.54787
     48.195       -10.30143    -0.79442    -0.96235    -8.54465
     48.345       -10.29806    -0.79437    -0.96223    -8.54145
     48.495       -10.29474    -0.79432    -0.96212    -8.53830
     48.645       -10.29141    -0.79427    -0.96200    -8.53514
     48.795       -10.28807    -0.79422    -0.96188    -8.53196
     48.945       -10.28475    -0.79417    -0.96177    -8.52881
     49.095       -10.28141    -0.79413    -0.96165    -8.52564
     49.245       -10.27813    -0.79408    -0.96154    -8.52251
     49.395       -10.27483    -0.79403    -0.96142    -8.51938
     49.545       -10.27155    -0.79397    -0.96130    -8.51628
     49.695       -10.26829    -0.79393    -0.96119    -8.51318
     49.845       -10.26502    -0.79388    -0.96107    -8.51008
     49.995       -10.26178    -0.79383    -0.96096    -8.50699
     50.145       -10.25854    -0.79378    -0.96085    -8.50392
     50.295       -10.25531    -0.79374    -0.96073    -8.50085
     50.445       -10.25212    -0.79369    -0.96062    -8.49781
     50.595       -10.24890    -0.79364    -0.96050    -8.49476
     50.745       -10.24571    -0.79359    -0.96039    -8.49173
     50.895       -10.24255    -0.79354    -0.96027    -8.48873
     51.045       -10.23937    -0.79350    -0.96016    -8.48572
     51.195       -10.23623    -0.79345    -0.96005    -8.48273
     51.345       -10.23306    -0.79341    -0.95994    -8.47972
     51.495       -10.22991    -0.79336    -0.95982    -8.47673
     51.645       -10.22676    -0.79331    -0.95972    -8.47373
     51.795       -10.22360    -0.79326    -0.95960    -8.47073
     51.945       -10.22049    -0.79322    -0.95949    -8.46777
     52.095       -10.21738    -0.79318    -0.95938    -8.46482
     52.245       -10.21430    -0.79313    -0.95927    -8.46190
     52.395       -10.21122    -0.79308    -0.95917    -8.45898
     52.545       -10.20814    -0.79304    -0.95906    -8.45604
     52.695       -10.20508    -0.79299    -0.95895    -8.45314
     52.845       -10.20202    -0.79295    -0.95884    -8.45023
     52.995       -10.19896    -0.79290    -0.95873    -8.44732
     53.145       -10.19595    -0.79286    -0.95862    -8.44447
     53.295       -10.19292    -0.79281    -0.95852    -8.44160
     53.445       -10.18992    -0.79277    -0.95841    -8.43874
     53.595       -10.18691    -0.79272    -0.95830    -8.43589
     53.745       -10.18390    -0.79268    -0.95820    -8.43303
     53.895       -10.18091    -0.79263    -0.95809    -8.43019
     54.045       -10.17792    -0.79258    -0.95798    -8.42736
     54.195       -10.17496    -0.79254    -0.95788    -8.42455
     54.345       -10.17199    -0.79250    -0.95777    -8.42172
     54.495       -10.16903    -0.79245    -0.95766    -8.41892
     54.645       -10.16609    -0.79241    -0.95756    -8.41612
     54.795       -10.16316    -0.79237    -0.95746    -8.41334
     54.945       -10.16022    -0.79233    -0.95735    -8.41055
     55.095       -10.15730    -0.79228    -0.95725    -8.40777
     59.433        -9.92849    -0.78891    -0.94923    -8.19036
     80.646        -9.59449    -0.78402    -0.93756    -7.87291
     111.21        -9.27040    -0.77928    -0.92639    -7.56473
     153.36        -8.95647    -0.77471    -0.91561    -7.26615
     211.49        -8.65290    -0.77032    -0.90527    -6.97731
     291.64        -8.35957    -0.76605    -0.89536    -6.69816
     402.18        -8.07604    -0.76192    -0.88583    -6.42829
     554.60        -7.80260    -0.75795    -0.87669    -6.16796
     764.80        -7.53870    -0.75410    -0.86791    -5.91669
     1054.7        -7.28400    -0.75038    -0.85954    -5.67409
     1454.4        -7.03834    -0.74677    -0.85150    -5.44006
     2005.6        -6.80113    -0.74330    -0.84381    -5.21402
     2765.8        -6.57220    -0.73993    -0.83644    -4.99583
     3814.0        -6.35110    -0.73666    -0.82939    -4.78505
     5259.5        -6.13748    -0.73351    -0.82262    -4.58135
     7252.9        -5.93134    -0.73048    -0.81611    -4.38475
     10002.        -5.73215    -0.72754    -0.80987    -4.19475
     13793.        -5.54017    -0.72473    -0.80390    -4.01154
     19020.        -5.35559    -0.72200    -0.79818    -3.83541
     26229.        -5.17843    -0.71937    -0.79267    -3.66639
     36170.        -5.00873    -0.71684    -0.78738    -3.50451
     49878.        -4.84635    -0.71443    -0.78229    -3.34964
     68782.        -4.69128    -0.71213    -0.77740    -3.20175
     94851.        -4.54325    -0.70995    -0.77268    -3.06061
    0.13080E+06    -4.40182    -0.70785    -0.76812    -2.92585
    0.18038E+06    -4.26706    -0.70586    -0.76371    -2.79749
    0.24874E+06    -4.13860    -0.70398    -0.75947    -2.67515
    0.34301E+06    -4.01607    -0.70217    -0.75543    -2.55847
    0.47302E+06    -3.89953    -0.70045    -0.75155    -2.44753
    0.65229E+06    -3.78862    -0.69882    -0.74785    -2.34195
    0.89952E+06    -3.68300    -0.69727    -0.74433    -2.24140
    0.12404E+07    -3.58245    -0.69579    -0.74097    -2.14569
    0.17106E+07    -3.48675    -0.69438    -0.73774    -2.05463
    0.23589E+07    -3.39573    -0.69305    -0.73469    -1.96799
    0.32529E+07    -3.30912    -0.69179    -0.73178    -1.88556
    0.44858E+07    -3.22678    -0.69059    -0.72900    -1.80719
    0.61860E+07    -3.14850    -0.68945    -0.72637    -1.73267
    0.85305E+07    -3.07400    -0.68835    -0.72385    -1.66180
    0.11764E+08    -3.00300    -0.68731    -0.72147    -1.59422
    0.16222E+08    -2.93546    -0.68633    -0.71920    -1.52994
    0.22370E+08    -2.87136    -0.68540    -0.71702    -1.46894
    0.30849E+08    -2.81083    -0.68452    -0.71496    -1.41136
    0.42541E+08    -2.75392    -0.68368    -0.71300    -1.35724
    0.58664E+08    -2.70055    -0.68290    -0.71114    -1.30650
    0.80898E+08    -2.65059    -0.68217    -0.70937    -1.25905
    0.11156E+09    -2.60379    -0.68149    -0.70768    -1.21461
    0.15384E+09    -2.55987    -0.68084    -0.70609    -1.17294
    0.21215E+09    -2.51860    -0.68024    -0.70456    -1.13380
    0.29255E+09    -2.47983    -0.67969    -0.70310    -1.09704
    0.40343E+09    -2.44341    -0.67916    -0.70174    -1.06251
    0.55633E+09    -2.40923    -0.67866    -0.70045    -1.03012
    0.76719E+09    -2.37808    -0.67820    -0.69924    -1.00064
    0.10580E+10    -2.34964    -0.67778    -0.69811    -0.97374
    0.14589E+10    -2.32349    -0.67740    -0.69706    -0.94903
    0.20119E+10    -2.29939    -0.67705    -0.69607    -0.92627
    0.27744E+10    -2.27712    -0.67673    -0.69513    -0.90526
    0.38259E+10    -2.25660    -0.67643    -0.69426    -0.88591
    0.52760E+10    -2.23765    -0.67615    -0.69344    -0.86805
    0.72756E+10    -2.22015    -0.67590    -0.69267    -0.85158
    0.10033E+11    -2.20393    -0.67567    -0.69195    -0.83631
    0.13836E+11    -2.18903    -0.67545    -0.69131    -0.82227
    0.19079E+11    -2.17522    -0.67525    -0.69072    -0.80925
    0.26311E+11    -2.16248    -0.67506    -0.69018    -0.79724
    0.36283E+11    -2.15076    -0.67489    -0.68968    -0.78619
    0.50034E+11    -2.13992    -0.67473    -0.68922    -0.77597
    0.68997E+11    -2.12995    -0.67459    -0.68879    -0.76657
    0.10000E+12    -2.01008    -0.67285    -0.68367    -0.65356
