    -99.945         0.00000     0.00000     0.00000     0.00000
    -99.795         0.00000     0.00000     0.00000     0.00000
    -99.645         0.00000     0.00000     0.00000     0.00000
    -99.495         0.00000     0.00000     0.00000     0.00000
    -99.345         0.00000     0.00000     0.00000     0.00000
    -99.195         0.00000     0.00000     0.00000     0.00000
    -99.045         0.00000     0.00000     0.00000     0.00000
    -98.895         0.00000     0.00000     0.00000     0.00000
    -98.745         0.00000     0.00000     0.00000     0.00000
    -98.595         0.00000     0.00000     0.00000     0.00000
    -98.445         0.00000     0.00000     0.00000     0.00000
    -98.295         0.00000     0.00000     0.00000     0.00000
    -98.145         0.00000     0.00000     0.00000     0.00000
    -97.995         0.00000     0.00000     0.00000     0.00000
    -97.845         0.00000     0.00000     0.00000     0.00000
    -97.695         0.00000     0.00000     0.00000     0.00000
    -97.545         0.00000     0.00000     0.00000     0.00000
    -97.395         0.00000     0.00000     0.00000     0.00000
    -97.245         0.00000     0.00000     0.00000     0.00000
    -97.095         0.00000     0.00000     0.00000     0.00000
    -96.945         0.00000     0.00000     0.00000     0.00000
    -96.795         0.00000     0.00000     0.00000     0.00000
    -96.645         0.00000     0.00000     0.00000     0.00000
    -96.495         0.00000     0.00000     0.00000     0.00000
    -96.345         0.00000     0.00000     0.00000     0.00000
    -96.195         0.00000     0.00000     0.00000     0.00000
    -96.045         0.00000     0.00000     0.00000     0.00000
    -95.895         0.00000     0.00000     0.00000     0.00000
    -95.745         0.00000     0.00000     0.00000     0.00000
    -95.595         0.00000     0.00000     0.00000     0.00000
    -95.445         0.00000     0.00000     0.00000     0.00000
    -95.295         0.00000     0.00000     0.00000     0.00000
    -95.145         0.00000     0.00000     0.00000     0.00000
    -94.995         0.00000     0.00000     0.00000     0.00000
    -94.845         0.00000     0.00000     0.00000     0.00000
    -94.695         0.00000     0.00000     0.00000     0.00000
    -94.545         0.00000     0.00000     0.00000     0.00000
    -94.395         0.00000     0.00000     0.00000     0.00000
    -94.245         0.00000     0.00000     0.00000     0.00000
    -94.095         0.00000     0.00000     0.00000     0.00000
    -93.945         0.00000     0.00000     0.00000     0.00000
    -93.795         0.00000     0.00000     0.00000     0.00000
    -93.645         0.00000     0.00000     0.00000     0.00000
    -93.495         0.00000     0.00000     0.00000     0.00000
    -93.345         0.00000     0.00000     0.00000     0.00000
    -93.195         0.00000     0.00000     0.00000     0.00000
    -93.045         0.00000     0.00000     0.00000     0.00000
    -92.895         0.00000     0.00000     0.00000     0.00000
    -92.745         0.00000     0.00000     0.00000     0.00000
    -92.595         0.00000     0.00000     0.00000     0.00000
    -92.445         0.00000     0.00000     0.00000     0.00000
    -92.295         0.00000     0.00000     0.00000     0.00000
    -92.145         0.00000     0.00000     0.00000     0.00000
    -91.995         0.00000     0.00000     0.00000     0.00000
    -91.845         0.00000     0.00000     0.00000     0.00000
    -91.695         0.00000     0.00000     0.00000     0.00000
    -91.545         0.00000     0.00000     0.00000     0.00000
    -91.395         0.00000     0.00000     0.00000     0.00000
    -91.245         0.00000     0.00000     0.00000     0.00000
    -91.095         0.00000     0.00000     0.00000     0.00000
    -90.945         0.00000     0.00000     0.00000     0.00000
    -90.795         0.00000     0.00000     0.00000     0.00000
    -90.645         0.00000     0.00000     0.00000     0.00000
    -90.495         0.00000     0.00000     0.00000     0.00000
    -90.345         0.00000     0.00000     0.00000     0.00000
    -90.195         0.00000     0.00000     0.00000     0.00000
    -90.045         0.00000     0.00000     0.00000     0.00000
    -89.895         0.00000     0.00000     0.00000     0.00000
    -89.745         0.00000     0.00000     0.00000     0.00000
    -89.595         0.00000     0.00000     0.00000     0.00000
    -89.445         0.00000     0.00000     0.00000     0.00000
    -89.295         0.00000     0.00000     0.00000     0.00000
    -89.145         0.00000     0.00000     0.00000     0.00000
    -88.995         0.00000     0.00000     0.00000     0.00000
    -88.845         0.00000     0.00000     0.00000     0.00000
    -88.695         0.00000     0.00000     0.00000     0.00000
    -88.545         0.00000     0.00000     0.00000     0.00000
    -88.395         0.00000     0.00000     0.00000     0.00000
    -88.245         0.00000     0.00000     0.00000     0.00000
    -88.095         0.00000     0.00000     0.00000     0.00000
    -87.945         0.00000     0.00000     0.00000     0.00000
    -87.795         0.00000     0.00000     0.00000     0.00000
    -87.645         0.00000     0.00000     0.00000     0.00000
    -87.495         0.00000     0.00000     0.00000     0.00000
    -87.345         0.00000     0.00000     0.00000     0.00000
    -87.195         0.00000     0.00000     0.00000     0.00000
    -87.045         0.00000     0.00000     0.00000     0.00000
    -86.895         0.00000     0.00000     0.00000     0.00000
    -86.745         0.00000     0.00000     0.00000     0.00000
    -86.595         0.00000     0.00000     0.00000     0.00000
    -86.445         0.00000     0.00000     0.00000     0.00000
    -86.295         0.00000     0.00000     0.00000     0.00000
    -86.145         0.00000     0.00000     0.00000     0.00000
    -85.995         0.00000     0.00000     0.00000     0.00000
    -85.845         0.00000     0.00000     0.00000     0.00000
    -85.695         0.00000     0.00000     0.00000     0.00000
    -85.545         0.00000     0.00000     0.00000     0.00000
    -85.395         0.00000     0.00000     0.00000     0.00000
    -85.245         0.00000     0.00000     0.00000     0.00000
    -85.095         0.00000     0.00000     0.00000     0.00000
    -84.945         0.00000     0.00000     0.00000     0.00000
    -84.795         0.00000     0.00000     0.00000     0.00000
    -84.645         0.00000     0.00000     0.00000     0.00000
    -84.495         0.00000     0.00000     0.00000     0.00000
    -84.345         0.00000     0.00000     0.00000     0.00000
    -84.195         0.00000     0.00000     0.00000     0.00000
    -84.045         0.00000     0.00000     0.00000     0.00000
    -83.895         0.00000     0.00000     0.00000     0.00000
    -83.745         0.00000     0.00000     0.00000     0.00000
    -83.595         0.00000     0.00000     0.00000     0.00000
    -83.445         0.00000     0.00000     0.00000     0.00000
    -83.295         0.00000     0.00000     0.00000     0.00000
    -83.145         0.00000     0.00000     0.00000     0.00000
    -82.995         0.00000     0.00000     0.00000     0.00000
    -82.845         0.00000     0.00000     0.00000     0.00000
    -82.695         0.00000     0.00000     0.00000     0.00000
    -82.545         0.00000     0.00000     0.00000     0.00000
    -82.395         0.00000     0.00000     0.00000     0.00000
    -82.245         0.00000     0.00000     0.00000     0.00000
    -82.095         0.00000     0.00000     0.00000     0.00000
    -81.945         0.00000     0.00000     0.00000     0.00000
    -81.795         0.00000     0.00000     0.00000     0.00000
    -81.645         0.00000     0.00000     0.00000     0.00000
    -81.495         0.00000     0.00000     0.00000     0.00000
    -81.345         0.00000     0.00000     0.00000     0.00000
    -81.195         0.00000     0.00000     0.00000     0.00000
    -81.045         0.00000     0.00000     0.00000     0.00000
    -80.895         0.00000     0.00000     0.00000     0.00000
    -80.745         0.00000     0.00000     0.00000     0.00000
    -80.595         0.00000     0.00000     0.00000     0.00000
    -80.445         0.00000     0.00000     0.00000     0.00000
    -80.295         0.00000     0.00000     0.00000     0.00000
    -80.145         0.00000     0.00000     0.00000     0.00000
    -79.995         0.00000     0.00000     0.00000     0.00000
    -79.845         0.00000     0.00000     0.00000     0.00000
    -79.695         0.00000     0.00000     0.00000     0.00000
    -79.545         0.00000     0.00000     0.00000     0.00000
    -79.395         0.00000     0.00000     0.00000     0.00000
    -79.245         0.00000     0.00000     0.00000     0.00000
    -79.095         0.00000     0.00000     0.00000     0.00000
    -78.945         0.00000     0.00000     0.00000     0.00000
    -78.795         0.00000     0.00000     0.00000     0.00000
    -78.645         0.00000     0.00000     0.00000     0.00000
    -78.495         0.00000     0.00000     0.00000     0.00000
    -78.345         0.00000     0.00000     0.00000     0.00000
    -78.195         0.00000     0.00000     0.00000     0.00000
    -78.045         0.00000     0.00000     0.00000     0.00000
    -77.895         0.00000     0.00000     0.00000     0.00000
    -77.745         0.00000     0.00000     0.00000     0.00000
    -77.595         0.00000     0.00000     0.00000     0.00000
    -77.445         0.00000     0.00000     0.00000     0.00000
    -77.295         0.00000     0.00000     0.00000     0.00000
    -77.145         0.00000     0.00000     0.00000     0.00000
    -76.995         0.00000     0.00000     0.00000     0.00000
    -76.845         0.00000     0.00000     0.00000     0.00000
    -76.695         0.00000     0.00000     0.00000     0.00000
    -76.545         0.00000     0.00000     0.00000     0.00000
    -76.395         0.00000     0.00000     0.00000     0.00000
    -76.245         0.00000     0.00000     0.00000     0.00000
    -76.095         0.00000     0.00000     0.00000     0.00000
    -75.945         0.00000     0.00000     0.00000     0.00000
    -75.795         0.00000     0.00000     0.00000     0.00000
    -75.645         0.00000     0.00000     0.00000     0.00000
    -75.495         0.00000     0.00000     0.00000     0.00000
    -75.345         0.00000     0.00000     0.00000     0.00000
    -75.195         0.00000     0.00000     0.00000     0.00000
    -75.045         0.00000     0.00000     0.00000     0.00000
    -74.895         0.00000     0.00000     0.00000     0.00000
    -74.745         0.00000     0.00000     0.00000     0.00000
    -74.595         0.00000     0.00000     0.00000     0.00000
    -74.445         0.00000     0.00000     0.00000     0.00000
    -74.295         0.00000     0.00000     0.00000     0.00000
    -74.145         0.00000     0.00000     0.00000     0.00000
    -73.995         0.00000     0.00000     0.00000     0.00000
    -73.845         0.00000     0.00000     0.00000     0.00000
    -73.695         0.00000     0.00000     0.00000     0.00000
    -73.545         0.00000     0.00000     0.00000     0.00000
    -73.395         0.00000     0.00000     0.00000     0.00000
    -73.245         0.00000     0.00000     0.00000     0.00000
    -73.095         0.00000     0.00000     0.00000     0.00000
    -72.945         0.00000     0.00000     0.00000     0.00000
    -72.795         0.00000     0.00000     0.00000     0.00000
    -72.645         0.00000     0.00000     0.00000     0.00000
    -72.495         0.00000     0.00000     0.00000     0.00000
    -72.345         0.00000     0.00000     0.00000     0.00000
    -72.195         0.00000     0.00000     0.00000     0.00000
    -72.045         0.00000     0.00000     0.00000     0.00000
    -71.895         0.00000     0.00000     0.00000     0.00000
    -71.745         0.00000     0.00000     0.00000     0.00000
    -71.595         0.00000     0.00000     0.00000     0.00000
    -71.445         0.00000     0.00000     0.00000     0.00000
    -71.295         0.00000     0.00000     0.00000     0.00000
    -71.145         0.00000     0.00000     0.00000     0.00000
    -70.995         0.00000     0.00000     0.00000     0.00000
    -70.845         0.00000     0.00000     0.00000     0.00000
    -70.695         0.00000     0.00000     0.00000     0.00000
    -70.545         0.00000     0.00000     0.00000     0.00000
    -70.395         0.00000     0.00000     0.00000     0.00000
    -70.245         0.00000     0.00000     0.00000     0.00000
    -70.095         0.00000     0.00000     0.00000     0.00000
    -69.945         0.00000     0.00000     0.00000     0.00000
    -69.795         0.00000     0.00000     0.00000     0.00000
    -69.645         0.00000     0.00000     0.00000     0.00000
    -69.495         0.00000     0.00000     0.00000     0.00000
    -69.345         0.00000     0.00000     0.00000     0.00000
    -69.195         0.00000     0.00000     0.00000     0.00000
    -69.045         0.00000     0.00000     0.00000     0.00000
    -68.895         0.00000     0.00000     0.00000     0.00000
    -68.745         0.00000     0.00000     0.00000     0.00000
    -68.595         0.00000     0.00000     0.00000     0.00000
    -68.445         0.00000     0.00000     0.00000     0.00000
    -68.295         0.00000     0.00000     0.00000     0.00000
    -68.145         0.00000     0.00000     0.00000     0.00000
    -67.995         0.00000     0.00000     0.00000     0.00000
    -67.845         0.00000     0.00000     0.00000     0.00000
    -67.695         0.00000     0.00000     0.00000     0.00000
    -67.545         0.00000     0.00000     0.00000     0.00000
    -67.395         0.00000     0.00000     0.00000     0.00000
    -67.245         0.00000     0.00000     0.00000     0.00000
    -67.095         0.00000     0.00000     0.00000     0.00000
    -66.945         0.00000     0.00000     0.00000     0.00000
    -66.795         0.00000     0.00000     0.00000     0.00000
    -66.645         0.00000     0.00000     0.00000     0.00000
    -66.495         0.00000     0.00000     0.00000     0.00000
    -66.345         0.00000     0.00000     0.00000     0.00000
    -66.195         0.00000     0.00000     0.00000     0.00000
    -66.045         0.00000     0.00000     0.00000     0.00000
    -65.895         0.00000     0.00000     0.00000     0.00000
    -65.745         0.00000     0.00000     0.00000     0.00000
    -65.595         0.00000     0.00000     0.00000     0.00000
    -65.445         0.00000     0.00000     0.00000     0.00000
    -65.295         0.00000     0.00000     0.00000     0.00000
    -65.145         0.00000     0.00000     0.00000     0.00000
    -64.995         0.00000     0.00000     0.00000     0.00000
    -64.845         0.00000     0.00000     0.00000     0.00000
    -64.695         0.00000     0.00000     0.00000     0.00000
    -64.545         0.00000     0.00000     0.00000     0.00000
    -64.395         0.00000     0.00000     0.00000     0.00000
    -64.245         0.00000     0.00000     0.00000     0.00000
    -64.095         0.00000     0.00000     0.00000     0.00000
    -63.945         0.00000     0.00000     0.00000     0.00000
    -63.795         0.00000     0.00000     0.00000     0.00000
    -63.645         0.00000     0.00000     0.00000     0.00000
    -63.495         0.00000     0.00000     0.00000     0.00000
    -63.345         0.00000     0.00000     0.00000     0.00000
    -63.195         0.00000     0.00000     0.00000     0.00000
    -63.045         0.00000     0.00000     0.00000     0.00000
    -62.895         0.00000     0.00000     0.00000     0.00000
    -62.745         0.00000     0.00000     0.00000     0.00000
    -62.595         0.00000     0.00000     0.00000     0.00000
    -62.445         0.00000     0.00000     0.00000     0.00000
    -62.295         0.00000     0.00000     0.00000     0.00000
    -62.145         0.00000     0.00000     0.00000     0.00000
    -61.995         0.00000     0.00000     0.00000     0.00000
    -61.845         0.00000     0.00000     0.00000     0.00000
    -61.695         0.00000     0.00000     0.00000     0.00000
    -61.545         0.00000     0.00000     0.00000     0.00000
    -61.395         0.00000     0.00000     0.00000     0.00000
    -61.245         0.00000     0.00000     0.00000     0.00000
    -61.095         0.00000     0.00000     0.00000     0.00000
    -60.945         0.00000     0.00000     0.00000     0.00000
    -60.795         0.00000     0.00000     0.00000     0.00000
    -60.645         0.00000     0.00000     0.00000     0.00000
    -60.495         0.00000     0.00000     0.00000     0.00000
    -60.345         0.00000     0.00000     0.00000     0.00000
    -60.195         0.00000     0.00000     0.00000     0.00000
    -60.045         0.00000     0.00000     0.00000     0.00000
    -59.895         0.00000     0.00000     0.00000     0.00000
    -59.745         0.00000     0.00000     0.00000     0.00000
    -59.595         0.00000     0.00000     0.00000     0.00000
    -59.445         0.00000     0.00000     0.00000     0.00000
    -59.295         0.00000     0.00000     0.00000     0.00000
    -59.145         0.00000     0.00000     0.00000     0.00000
    -58.995         0.00000     0.00000     0.00000     0.00000
    -58.845         0.00000     0.00000     0.00000     0.00000
    -58.695         0.00000     0.00000     0.00000     0.00000
    -58.545         0.00000     0.00000     0.00000     0.00000
    -58.395         0.00000     0.00000     0.00000     0.00000
    -58.245         0.00000     0.00000     0.00000     0.00000
    -58.095         0.00000     0.00000     0.00000     0.00000
    -57.945         0.00000     0.00000     0.00000     0.00000
    -57.795         0.00000     0.00000     0.00000     0.00000
    -57.645         0.00000     0.00000     0.00000     0.00000
    -57.495         0.00000     0.00000     0.00000     0.00000
    -57.345         0.00000     0.00000     0.00000     0.00000
    -57.195         0.00000     0.00000     0.00000     0.00000
    -57.045         0.00000     0.00000     0.00000     0.00000
    -56.895         0.00000     0.00000     0.00000     0.00000
    -56.745         0.00000     0.00000     0.00000     0.00000
    -56.595         0.00000     0.00000     0.00000     0.00000
    -56.445         0.00000     0.00000     0.00000     0.00000
    -56.295         0.00000     0.00000     0.00000     0.00000
    -56.145         0.00000     0.00000     0.00000     0.00000
    -55.995         0.00000     0.00000     0.00000     0.00000
    -55.845         0.00000     0.00000     0.00000     0.00000
    -55.695         0.00000     0.00000     0.00000     0.00000
    -55.545         0.00000     0.00000     0.00000     0.00000
    -55.395         0.00000     0.00000     0.00000     0.00000
    -55.245         0.00000     0.00000     0.00000     0.00000
    -55.095         0.00000     0.00000     0.00000     0.00000
    -54.945         0.00000     0.00000     0.00000     0.00000
    -54.795         0.00000     0.00000     0.00000     0.00000
    -54.645         0.00000     0.00000     0.00000     0.00000
    -54.495         0.00000     0.00000     0.00000     0.00000
    -54.345         0.00000     0.00000     0.00000     0.00000
    -54.195         0.00000     0.00000     0.00000     0.00000
    -54.045         0.00000     0.00000     0.00000     0.00000
    -53.895         0.00000     0.00000     0.00000     0.00000
    -53.745         0.00000     0.00000     0.00000     0.00000
    -53.595         0.00000     0.00000     0.00000     0.00000
    -53.445         0.00000     0.00000     0.00000     0.00000
    -53.295         0.00000     0.00000     0.00000     0.00000
    -53.145         0.00000     0.00000     0.00000     0.00000
    -52.995         0.00000     0.00000     0.00000     0.00000
    -52.845         0.00000     0.00000     0.00000     0.00000
    -52.695         0.00000     0.00000     0.00000     0.00000
    -52.545         0.00000     0.00000     0.00000     0.00000
    -52.395         0.00000     0.00000     0.00000     0.00000
    -52.245         0.00000     0.00000     0.00000     0.00000
    -52.095         0.00000     0.00000     0.00000     0.00000
    -51.945         0.00000     0.00000     0.00000     0.00000
    -51.795         0.00000     0.00000     0.00000     0.00000
    -51.645         0.00000     0.00000     0.00000     0.00000
    -51.495         0.00000     0.00000     0.00000     0.00000
    -51.345         0.00000     0.00000     0.00000     0.00000
    -51.195         0.00000     0.00000     0.00000     0.00000
    -51.045         0.00000     0.00000     0.00000     0.00000
    -50.895         0.00000     0.00000     0.00000     0.00000
    -50.745         0.00000     0.00000     0.00000     0.00000
    -50.595         0.00000     0.00000     0.00000     0.00000
    -50.445         0.00000     0.00000     0.00000     0.00000
    -50.295         0.00000     0.00000     0.00000     0.00000
    -50.145         0.00000     0.00000     0.00000     0.00000
    -49.995         0.00000     0.00000     0.00000     0.00000
    -49.845         0.00000     0.00000     0.00000     0.00000
    -49.695         0.00000     0.00000     0.00000     0.00000
    -49.545         0.00000     0.00000     0.00000     0.00000
    -49.395         0.00000     0.00000     0.00000     0.00000
    -49.245         0.00000     0.00000     0.00000     0.00000
    -49.095         0.00000     0.00000     0.00000     0.00000
    -48.945         0.00000     0.00000     0.00000     0.00000
    -48.795         0.00000     0.00000     0.00000     0.00000
    -48.645         0.00000     0.00000     0.00000     0.00000
    -48.495         0.00000     0.00000     0.00000     0.00000
    -48.345         0.00000     0.00000     0.00000     0.00000
    -48.195         0.00000     0.00000     0.00000     0.00000
    -48.045         0.00000     0.00000     0.00000     0.00000
    -47.895         0.00000     0.00000     0.00000     0.00000
    -47.745         0.00000     0.00000     0.00000     0.00000
    -47.595         0.00000     0.00000     0.00000     0.00000
    -47.445         0.00000     0.00000     0.00000     0.00000
    -47.295         0.00000     0.00000     0.00000     0.00000
    -47.145         0.00000     0.00000     0.00000     0.00000
    -46.995         0.00000     0.00000     0.00000     0.00000
    -46.845         0.00000     0.00000     0.00000     0.00000
    -46.695         0.00000     0.00000     0.00000     0.00000
    -46.545         0.00000     0.00000     0.00000     0.00000
    -46.395         0.00000     0.00000     0.00000     0.00000
    -46.245         0.00000     0.00000     0.00000     0.00000
    -46.095         0.00000     0.00000     0.00000     0.00000
    -45.945         0.00000     0.00000     0.00000     0.00000
    -45.795         0.00000     0.00000     0.00000     0.00000
    -45.645         0.00000     0.00000     0.00000     0.00000
    -45.495         0.00000     0.00000     0.00000     0.00000
    -45.345         0.00000     0.00000     0.00000     0.00000
    -45.195         0.00000     0.00000     0.00000     0.00000
    -45.045         0.00000     0.00000     0.00000     0.00000
    -44.895         0.00000     0.00000     0.00000     0.00000
    -44.745         0.00000     0.00000     0.00000     0.00000
    -44.595         0.00000     0.00000     0.00000     0.00000
    -44.445         0.00000     0.00000     0.00000     0.00000
    -44.295         0.00000     0.00000     0.00000     0.00000
    -44.145         0.00000     0.00000     0.00000     0.00000
    -43.995         0.00000     0.00000     0.00000     0.00000
    -43.845         0.00000     0.00000     0.00000     0.00000
    -43.695         0.00000     0.00000     0.00000     0.00000
    -43.545         0.00000     0.00000     0.00000     0.00000
    -43.395         0.00000     0.00000     0.00000     0.00000
    -43.245         0.00000     0.00000     0.00000     0.00000
    -43.095         0.00000     0.00000     0.00000     0.00000
    -42.945         0.00000     0.00000     0.00000     0.00000
    -42.795         0.00000     0.00000     0.00000     0.00000
    -42.645         0.00000     0.00000     0.00000     0.00000
    -42.495         0.00000     0.00000     0.00000     0.00000
    -42.345         0.00000     0.00000     0.00000     0.00000
    -42.195         0.00000     0.00000     0.00000     0.00000
    -42.045         0.00000     0.00000     0.00000     0.00000
    -41.895         0.00000     0.00000     0.00000     0.00000
    -41.745         0.00000     0.00000     0.00000     0.00000
    -41.595         0.00000     0.00000     0.00000     0.00000
    -41.445         0.00000     0.00000     0.00000     0.00000
    -41.295         0.00000     0.00000     0.00000     0.00000
    -41.145         0.00000     0.00000     0.00000     0.00000
    -40.995         0.00000     0.00000     0.00000     0.00000
    -40.845         0.00000     0.00000     0.00000     0.00000
    -40.695         0.00000     0.00000     0.00000     0.00000
    -40.545         0.00000     0.00000     0.00000     0.00000
    -40.395         0.00000     0.00000     0.00000     0.00000
    -40.245         0.00000     0.00000     0.00000     0.00000
    -40.095         0.00000     0.00000     0.00000     0.00000
    -39.945         0.00000     0.00000     0.00000     0.00000
    -39.795         0.00000     0.00000     0.00000     0.00000
    -39.645         0.00000     0.00000     0.00000     0.00000
    -39.495         0.00000     0.00000     0.00000     0.00000
    -39.345         0.00000     0.00000     0.00000     0.00000
    -39.195         0.00000     0.00000     0.00000     0.00000
    -39.045         0.00000     0.00000     0.00000     0.00000
    -38.895         0.00000     0.00000     0.00000     0.00000
    -38.745         0.00000     0.00000     0.00000     0.00000
    -38.595         0.00000     0.00000     0.00000     0.00000
    -38.445         0.00000     0.00000     0.00000     0.00000
    -38.295         0.00000     0.00000     0.00000     0.00000
    -38.145         0.00000     0.00000     0.00000     0.00000
    -37.995         0.00000     0.00000     0.00000     0.00000
    -37.845         0.00000     0.00000     0.00000     0.00000
    -37.695         0.00000     0.00000     0.00000     0.00000
    -37.545         0.00000     0.00000     0.00000     0.00000
    -37.395         0.00000     0.00000     0.00000     0.00000
    -37.245         0.00000     0.00000     0.00000     0.00000
    -37.095         0.00000     0.00000     0.00000     0.00000
    -36.945         0.00000     0.00000     0.00000     0.00000
    -36.795         0.00000     0.00000     0.00000     0.00000
    -36.645         0.00000     0.00000     0.00000     0.00000
    -36.495         0.00000     0.00000     0.00000     0.00000
    -36.345         0.00000     0.00000     0.00000     0.00000
    -36.195         0.00000     0.00000     0.00000     0.00000
    -36.045         0.00000     0.00000     0.00000     0.00000
    -35.895         0.00000     0.00000     0.00000     0.00000
    -35.745         0.00000     0.00000     0.00000     0.00000
    -35.595         0.00000     0.00000     0.00000     0.00000
    -35.445         0.00000     0.00000     0.00000     0.00000
    -35.295         0.00000     0.00000     0.00000     0.00000
    -35.145         0.00000     0.00000     0.00000     0.00000
    -34.995         0.00000     0.00000     0.00000     0.00000
    -34.845         0.00000     0.00000     0.00000     0.00000
    -34.695         0.00000     0.00000     0.00000     0.00000
    -34.545         0.00000     0.00000     0.00000     0.00000
    -34.395         0.00000     0.00000     0.00000     0.00000
    -34.245         0.00000     0.00000     0.00000     0.00000
    -34.095         0.00000     0.00000     0.00000     0.00000
    -33.945         0.00000     0.00000     0.00000     0.00000
    -33.795         0.00000     0.00000     0.00000     0.00000
    -33.645         0.00000     0.00000     0.00000     0.00000
    -33.495         0.00000     0.00000     0.00000     0.00000
    -33.345         0.00000     0.00000     0.00000     0.00000
    -33.195         0.00000     0.00000     0.00000     0.00000
    -33.045         0.00000     0.00000     0.00000     0.00000
    -32.895         0.00000     0.00000     0.00000     0.00000
    -32.745         0.00000     0.00000     0.00000     0.00000
    -32.595         0.00000     0.00000     0.00000     0.00000
    -32.445         0.00000     0.00000     0.00000     0.00000
    -32.295         0.00000     0.00000     0.00000     0.00000
    -32.145         0.00000     0.00000     0.00000     0.00000
    -31.995         0.00000     0.00000     0.00000     0.00000
    -31.845         0.00000     0.00000     0.00000     0.00000
    -31.695         0.00000     0.00000     0.00000     0.00000
    -31.545         0.00000     0.00000     0.00000     0.00000
    -31.395         0.00000     0.00000     0.00000     0.00000
    -31.245         0.00000     0.00000     0.00000     0.00000
    -31.095         0.00000     0.00000     0.00000     0.00000
    -30.945         0.00000     0.00000     0.00000     0.00000
    -30.795         0.00000     0.00000     0.00000     0.00000
    -30.645         0.00000     0.00000     0.00000     0.00000
    -30.495         0.00000     0.00000     0.00000     0.00000
    -30.345         0.00000     0.00000     0.00000     0.00000
    -30.195         0.00000     0.00000     0.00000     0.00000
    -30.045         0.00000     0.00000     0.00000     0.00000
    -29.895         0.00000     0.00000     0.00000     0.00000
    -29.745         0.00000     0.00000     0.00000     0.00000
    -29.595         0.00000     0.00000     0.00000     0.00000
    -29.445         0.00000     0.00000     0.00000     0.00000
    -29.295         0.00000     0.00000     0.00000     0.00000
    -29.145         0.00000     0.00000     0.00000     0.00000
    -28.995         0.00000     0.00000     0.00000     0.00000
    -28.845         0.00000     0.00000     0.00000     0.00000
    -28.695         0.00000     0.00000     0.00000     0.00000
    -28.545         0.00000     0.00000     0.00000     0.00000
    -28.395         0.00000     0.00000     0.00000     0.00000
    -28.245         0.00000     0.00000     0.00000     0.00000
    -28.095         0.00000     0.00000     0.00000     0.00000
    -27.945         0.00000     0.00000     0.00000     0.00000
    -27.795         0.00000     0.00000     0.00000     0.00000
    -27.645         0.00000     0.00000     0.00000     0.00000
    -27.495         0.00000     0.00000     0.00000     0.00000
    -27.345         0.00000     0.00000     0.00000     0.00000
    -27.195         0.00000     0.00000     0.00000     0.00000
    -27.045         0.00000     0.00000     0.00000     0.00000
    -26.895         0.00000     0.00000     0.00000     0.00000
    -26.745         0.00000     0.00000     0.00000     0.00000
    -26.595         0.00000     0.00000     0.00000     0.00000
    -26.445         0.00000     0.00000     0.00000     0.00000
    -26.295         0.00000     0.00000     0.00000     0.00000
    -26.145         0.00000     0.00000     0.00000     0.00000
    -25.995         0.00000     0.00000     0.00000     0.00000
    -25.845         0.00000     0.00000     0.00000     0.00000
    -25.695         0.00000     0.00000     0.00000     0.00000
    -25.545         0.00000     0.00000     0.00000     0.00000
    -25.395         0.00000     0.00000     0.00000     0.00000
    -25.245         0.00000     0.00000     0.00000     0.00000
    -25.095         0.00000     0.00000     0.00000     0.00000
    -24.945         0.00000     0.00000     0.00000     0.00000
    -24.795         0.00000     0.00000     0.00000     0.00000
    -24.645         0.00000     0.00000     0.00000     0.00000
    -24.495         0.00000     0.00000     0.00000     0.00000
    -24.345         0.00000     0.00000     0.00000     0.00000
    -24.195         0.00000     0.00000     0.00000     0.00000
    -24.045         0.00000     0.00000     0.00000     0.00000
    -23.895         0.00000     0.00000     0.00000     0.00000
    -23.745         0.00000     0.00000     0.00000     0.00000
    -23.595         0.00000     0.00000     0.00000     0.00000
    -23.445         0.00000     0.00000     0.00000     0.00000
    -23.295         0.00000     0.00000     0.00000     0.00000
    -23.145         0.00000     0.00000     0.00000     0.00000
    -22.995         0.00000     0.00000     0.00000     0.00000
    -22.845         0.00000     0.00000     0.00000     0.00000
    -22.695         0.00000     0.00000     0.00000     0.00000
    -22.545         0.00000     0.00000     0.00000     0.00000
    -22.395         0.00000     0.00000     0.00000     0.00000
    -22.245         0.00000     0.00000     0.00000     0.00000
    -22.095         0.00000     0.00000     0.00000     0.00000
    -21.945         0.00000     0.00000     0.00000     0.00000
    -21.795         0.00000     0.00000     0.00000     0.00000
    -21.645         0.00000     0.00000     0.00000     0.00000
    -21.495         0.00000     0.00000     0.00000     0.00000
    -21.345         0.00000     0.00000     0.00000     0.00000
    -21.195         0.00000     0.00000     0.00000     0.00000
    -21.045         0.00000     0.00000     0.00000     0.00000
    -20.895         0.00000     0.00000     0.00000     0.00000
    -20.745         0.00000     0.00000     0.00000     0.00000
    -20.595         0.00000     0.00000     0.00000     0.00000
    -20.445         0.00000     0.00000     0.00000     0.00000
    -20.295         0.00000     0.00000     0.00000     0.00000
    -20.145         0.00000     0.00000     0.00000     0.00000
    -19.995         0.00000     0.00000     0.00000     0.00000
    -19.845         0.00000     0.00000     0.00000     0.00000
    -19.695         0.00000     0.00000     0.00000     0.00000
    -19.545         0.00000     0.00000     0.00000     0.00000
    -19.395         0.00000     0.00000     0.00000     0.00000
    -19.245         0.00000     0.00000     0.00000     0.00000
    -19.095         0.00000     0.00000     0.00000     0.00000
    -18.945         0.00000     0.00000     0.00000     0.00000
    -18.795         0.00000     0.00000     0.00000     0.00000
    -18.645         0.00000     0.00000     0.00000     0.00000
    -18.495         0.00000     0.00000     0.00000     0.00000
    -18.345         0.00000     0.00000     0.00000     0.00000
    -18.195         0.00000     0.00000     0.00000     0.00000
    -18.045         0.00000     0.00000     0.00000     0.00000
    -17.895         0.00000     0.00000     0.00000     0.00000
    -17.745         0.00000     0.00000     0.00000     0.00000
    -17.595         0.00000     0.00000     0.00000     0.00000
    -17.445         0.00000     0.00000     0.00000     0.00000
    -17.295         0.00000     0.00000     0.00000     0.00000
    -17.145        -0.00000    -0.00000     0.00000     0.00000
    -16.995        -0.00000    -0.00000     0.00000     0.00000
    -16.845        -0.00000    -0.00000     0.00000     0.00000
    -16.695        -0.00000    -0.00000     0.00000     0.00000
    -16.545        -0.00000    -0.00000     0.00000     0.00000
    -16.395        -0.00144    -0.00144     0.00000     0.00000
    -16.245        -0.00219    -0.00219     0.00000     0.00000
    -16.095        -0.00219    -0.00219     0.00000     0.00000
    -15.945        -0.00298    -0.00298     0.00000     0.00000
    -15.795        -0.00452    -0.00452     0.00000     0.00000
    -15.645        -0.00821    -0.00821     0.00000     0.00000
    -15.495        -0.01401    -0.01401     0.00000     0.00000
    -15.345        -0.01777    -0.01777     0.00000     0.00000
    -15.195        -0.02366    -0.02366     0.00000     0.00000
    -15.045        -0.03363    -0.03363     0.00000     0.00000
    -14.895        -0.04298    -0.04298     0.00000     0.00000
    -14.745        -0.05300    -0.05300     0.00000     0.00000
    -14.595        -0.06368    -0.06368     0.00000     0.00000
    -14.445        -0.07759    -0.07759     0.00000     0.00000
    -14.295        -0.08821    -0.08821     0.00000     0.00000
    -14.145        -0.09945    -0.09945     0.00000     0.00000
    -13.995        -0.10935    -0.10935     0.00000     0.00000
    -13.845        -0.11725    -0.11725     0.00000     0.00000
    -13.695        -0.12514    -0.12514     0.00000     0.00000
    -13.545        -0.13427    -0.13427     0.00000     0.00000
    -13.395        -0.13892    -0.13892     0.00000     0.00000
    -13.245        -0.14355    -0.14355     0.00000     0.00000
    -13.095        -0.14943    -0.14943     0.00000     0.00000
    -12.945        -0.15593    -0.15593     0.00000     0.00000
    -12.795        -0.16115    -0.16115     0.00000     0.00000
    -12.645        -0.16636    -0.16636     0.00000     0.00000
    -12.495        -0.17274    -0.17274     0.00000     0.00000
    -12.345        -0.17789    -0.17789     0.00000     0.00000
    -12.195        -0.18474    -0.18474     0.00000     0.00000
    -12.045        -0.19043    -0.19043     0.00000     0.00000
    -11.895        -0.19667    -0.19667     0.00000     0.00000
    -11.745        -0.20003    -0.20003     0.00000     0.00000
    -11.595        -0.20451    -0.20451     0.00000     0.00000
    -11.445        -0.21122    -0.21122     0.00000     0.00000
    -11.295        -0.21732    -0.21732     0.00000     0.00000
    -11.145        -0.22177    -0.22177     0.00000     0.00000
    -10.995        -0.22621    -0.22621     0.00000     0.00000
    -10.845        -0.23115    -0.23115    -0.00000     0.00000
    -10.695        -0.23397    -0.23397     0.00000     0.00000
    -10.545        -0.23681    -0.23681     0.00000     0.00000
    -10.395        -0.23914    -0.23914     0.00000     0.00000
    -10.245        -0.24200    -0.24200     0.00000     0.00000
    -10.095        -0.24537    -0.24538     0.00001     0.00000
    -9.9450        -0.24924    -0.24925     0.00001     0.00000
    -9.7950        -0.25411    -0.25361    -0.00050     0.00000
    -9.6450        -0.25751    -0.25703    -0.00048     0.00000
    -9.4950        -0.26045    -0.25998    -0.00047     0.00000
    -9.3450        -0.26361    -0.26173    -0.00188     0.00000
    -9.1950        -0.26750    -0.26419    -0.00330     0.00000
    -9.0450        -0.27028    -0.26597    -0.00431     0.00000
    -8.8950        -0.27032    -0.26605    -0.00427     0.00000
    -8.7450        -0.27333    -0.26909    -0.00424     0.00000
    -8.5950        -0.27764    -0.27345    -0.00419     0.00000
    -8.4450        -0.28304    -0.27738    -0.00566     0.00000
    -8.2950        -0.28727    -0.28095    -0.00633     0.00000
    -8.1450        -0.29149    -0.28408    -0.00742     0.00000
    -7.9950        -0.29659    -0.28768    -0.00891     0.00000
    -7.8450        -0.30095    -0.29130    -0.00965     0.00000
    -7.6950        -0.30652    -0.29498    -0.01154     0.00000
    -7.5450        -0.30910    -0.29766    -0.01144     0.00000
    -7.3950        -0.31369    -0.30034    -0.01335     0.00000
    -7.2450        -0.31775    -0.30211    -0.01564     0.00000
    -7.0950        -0.32279    -0.30591    -0.01688     0.00000
    -6.9450        -0.32866    -0.30924    -0.01917    -0.00025
    -6.7950        -0.33651    -0.31311    -0.02147    -0.00193
    -6.6450        -0.34751    -0.31584    -0.02315    -0.00852
    -6.4950        -0.36777    -0.31926    -0.02551    -0.02300
    -6.3450        -0.39970    -0.32366    -0.02696    -0.04908
    -6.1950        -0.44773    -0.32637    -0.02939    -0.09197
    -6.0450        -0.52258    -0.33039    -0.03126    -0.16093
    -5.8950        -0.62910    -0.33385    -0.03376    -0.26149
    -5.7450        -0.76003    -0.33791    -0.03575    -0.38637
    -5.5950        -0.91923    -0.34394    -0.03781    -0.53748
    -5.4450        -1.11336    -0.34899    -0.03956    -0.72480
    -5.2950        -1.31752    -0.35545    -0.04238    -0.91970
    -5.1450        -1.54521    -0.36306    -0.04466    -1.13748
    -4.9950        -1.76721    -0.36937    -0.04740    -1.35044
    -4.8450        -1.99263    -0.37836    -0.05252    -1.56175
    -4.6950        -2.22066    -0.38621    -0.05577    -1.77867
    -4.5450        -2.43718    -0.39334    -0.06018    -1.98366
    -4.3950        -2.66099    -0.40055    -0.06362    -2.19682
    -4.2450        -2.87312    -0.40897    -0.06753    -2.39663
    -4.0950        -3.07910    -0.41777    -0.07378    -2.58756
    -3.9450        -3.28160    -0.42669    -0.08103    -2.77389
    -3.7950        -3.48272    -0.43513    -0.08833    -2.95926
    -3.6450        -3.67755    -0.44506    -0.09666    -3.13583
    -3.4950        -3.86537    -0.45689    -0.10496    -3.30352
    -3.3450        -4.04293    -0.46733    -0.11521    -3.46039
    -3.1950        -4.21848    -0.48181    -0.12572    -3.61096
    -3.0450        -4.39301    -0.49485    -0.13692    -3.76124
    -2.8950        -4.57490    -0.50987    -0.15002    -3.91502
    -2.7450        -4.76540    -0.52664    -0.16437    -4.07439
    -2.5950        -4.96093    -0.54438    -0.18005    -4.23650
    -2.4450        -5.15729    -0.56445    -0.19618    -4.39665
    -2.2950        -5.38214    -0.58482    -0.21721    -4.58011
    -2.1450        -5.61919    -0.60618    -0.23774    -4.77526
    -1.9950        -5.89177    -0.63441    -0.26274    -4.99462
    -1.8450        -6.21359    -0.66403    -0.29143    -5.25813
    -1.6950        -6.57994    -0.69988    -0.32212    -5.55795
    -1.5450        -7.02680    -0.73962    -0.35759    -5.92959
    -1.3950        -7.58125    -0.78638    -0.39955    -6.39532
    -1.2450        -8.27641    -0.84212    -0.45122    -6.98307
    -1.0950        -9.13814    -0.91131    -0.51801    -7.70882
   -0.94500       -10.20441    -1.00143    -0.60530    -8.59769
   -0.79500       -11.55813    -1.12507    -0.72435    -9.70871
   -0.64500       -13.24988    -1.28549    -0.88763   -11.07676
   -0.49500       -15.48291    -1.51525    -1.12407   -12.84360
   -0.34500       -18.56480    -1.87908    -1.51360   -15.17213
   -0.22700       -19.90581    -2.05725    -1.70894   -16.13961
   -0.21300       -20.07945    -2.08082    -1.73517   -16.26346
   -0.20700       -20.25827    -2.10531    -1.76230   -16.39065
   -0.20100       -20.44106    -2.13049    -1.79054   -16.52003
   -0.19500       -20.62939    -2.15617    -1.81953   -16.65370
   -0.18900       -20.82226    -2.18287    -1.85029   -16.78910
   -0.18300       -21.02034    -2.21044    -1.88176   -16.92814
   -0.17700       -21.22378    -2.23909    -1.91407   -17.07063
   -0.17100       -21.43281    -2.26884    -1.94762   -17.21635
   -0.16500       -21.64712    -2.29940    -1.98147   -17.36625
   -0.15900       -21.87054    -2.33138    -2.01778   -17.52138
   -0.15300       -22.09830    -2.36397    -2.05449   -17.67984
   -0.14700       -22.33279    -2.39748    -2.09218   -17.84313
   -0.14100       -22.57592    -2.43208    -2.13149   -18.01235
   -0.13500       -22.83131    -2.46809    -2.17365   -18.18957
   -0.12900       -23.09811    -2.50615    -2.21806   -18.37390
   -0.12300       -23.37449    -2.54573    -2.26420   -18.56455
   -0.11700       -23.66012    -2.58754    -2.31154   -18.76103
   -0.11100       -23.95953    -2.63103    -2.36082   -18.96768
   -0.10500       -24.27386    -2.67627    -2.41290   -19.18469
   -0.99000E-01   -24.60388    -2.72396    -2.46748   -19.41244
   -0.93000E-01   -24.95080    -2.77471    -2.52502   -19.65107
   -0.87000E-01   -25.31827    -2.82753    -2.58621   -19.90454
   -0.81000E-01   -25.70815    -2.88322    -2.65151   -20.17342
   -0.75000E-01   -26.12571    -2.94174    -2.72074   -20.46323
   -0.69000E-01   -26.57053    -3.00326    -2.79510   -20.77217
   -0.63000E-01   -27.05227    -3.06810    -2.87670   -21.10746
   -0.57000E-01   -27.57989    -3.13788    -2.96777   -21.47424
   -0.51000E-01   -28.16341    -3.21451    -3.06925   -21.87966
   -0.45000E-01   -28.81091    -3.29971    -3.17842   -22.33278
   -0.39000E-01   -29.53474    -3.39112    -3.28923   -22.85439
   -0.33000E-01   -30.34799    -3.48226    -3.39843   -23.46730
   -0.27000E-01   -31.28625    -3.56793    -3.50113   -24.21720
   -0.21300E-01   -32.02854    -3.62111    -3.56417   -24.84326
   -0.19500E-01   -32.14665    -3.62842    -3.57267   -24.94556
   -0.18900E-01   -32.26777    -3.63570    -3.58094   -25.05114
   -0.18300E-01   -32.39205    -3.64285    -3.58897   -25.16023
   -0.17700E-01   -32.51924    -3.64978    -3.59678   -25.27268
   -0.17100E-01   -32.65021    -3.65656    -3.60435   -25.38930
   -0.16500E-01   -32.78546    -3.66323    -3.61175   -25.51047
   -0.15900E-01   -32.92458    -3.66965    -3.61889   -25.63604
   -0.15300E-01   -33.06787    -3.67585    -3.62572   -25.76631
   -0.14700E-01   -33.21679    -3.68197    -3.63227   -25.90256
   -0.14100E-01   -33.37090    -3.68781    -3.63867   -26.04442
   -0.13500E-01   -33.53084    -3.69341    -3.64481   -26.19263
   -0.12900E-01   -33.69723    -3.69884    -3.65073   -26.34766
   -0.12300E-01   -33.87104    -3.70407    -3.65637   -26.51060
   -0.11700E-01   -34.05265    -3.70906    -3.66176   -26.68183
   -0.11100E-01   -34.24380    -3.71376    -3.66686   -26.86318
   -0.10500E-01   -34.44496    -3.71830    -3.67160   -27.05506
   -0.99000E-02   -34.65711    -3.72263    -3.67609   -27.25839
   -0.93000E-02   -34.88268    -3.72664    -3.68038   -27.47567
   -0.87000E-02   -35.12397    -3.73044    -3.68437   -27.70916
   -0.81000E-02   -35.38405    -3.73406    -3.68812   -27.96187
   -0.75000E-02   -35.66622    -3.73740    -3.69156   -28.23726
   -0.69000E-02   -35.97613    -3.74045    -3.69479   -28.54089
   -0.63000E-02   -36.31966    -3.74327    -3.69769   -28.87870
   -0.57000E-02   -36.70340    -3.74583    -3.70034   -29.25723
   -0.51000E-02   -37.13515    -3.74813    -3.70271   -29.68432
   -0.45000E-02   -37.62285    -3.75016    -3.70480   -30.16789
   -0.39000E-02   -38.17544    -3.75193    -3.70662   -30.71688
   -0.33000E-02   -38.80448    -3.75344    -3.70813   -31.34291
   -0.27000E-02   -39.52325    -3.75466    -3.70937   -32.05922
   -0.21000E-02   -40.35424    -3.75562    -3.71033   -32.88829
   -0.15000E-02   -41.33621    -3.75631    -3.71102   -33.86888
   -0.90000E-03   -42.33225    -3.75672    -3.71144   -34.86409
   -0.30000E-03   -42.76128    -3.75686    -3.71157   -35.29285
    0.30000E-03   -42.33268    -3.75672    -3.71143   -34.86453
    0.90000E-03   -41.33759    -3.75630    -3.71102   -33.87027
    0.15000E-02   -40.35635    -3.75560    -3.71034   -32.89041
    0.21000E-02   -39.52518    -3.75464    -3.70937   -32.06118
    0.27000E-02   -38.80513    -3.75338    -3.70813   -31.34362
    0.33000E-02   -38.17478    -3.75184    -3.70662   -30.71632
    0.39000E-02   -37.62054    -3.75003    -3.70485   -30.16566
    0.45000E-02   -37.13233    -3.74795    -3.70283   -29.68155
    0.51000E-02   -36.70027    -3.74557    -3.70051   -29.25419
    0.57000E-02   -36.31568    -3.74288    -3.69795   -28.87484
    0.63000E-02   -35.97224    -3.73993    -3.69512   -28.53719
    0.69000E-02   -35.66182    -3.73677    -3.69209   -28.23296
    0.75000E-02   -35.37911    -3.73327    -3.68880   -27.95705
    0.81000E-02   -35.11902    -3.72950    -3.68524   -27.70429
    0.87000E-02   -34.87726    -3.72548    -3.68141   -27.47037
    0.93000E-02   -34.65104    -3.72120    -3.67737   -27.25247
    0.99000E-02   -34.43787    -3.71666    -3.67302   -27.04819
    0.10500E-01   -34.23651    -3.71181    -3.66844   -26.85625
    0.11100E-01   -34.04519    -3.70671    -3.66368   -26.67481
    0.11700E-01   -33.86289    -3.70133    -3.65869   -26.50287
    0.12300E-01   -33.68818    -3.69571    -3.65344   -26.33904
    0.12900E-01   -33.52137    -3.68983    -3.64810   -26.18344
    0.13500E-01   -33.36159    -3.68372    -3.64246   -26.03542
    0.14100E-01   -33.20789    -3.67740    -3.63662   -25.89386
    0.14700E-01   -33.05905    -3.67093    -3.63053   -25.75760
    0.15300E-01   -32.91512    -3.66400    -3.62430   -25.62682
    0.15900E-01   -32.77606    -3.65699    -3.61785   -25.50123
    0.16500E-01   -32.64109    -3.64966    -3.61130   -25.38013
    0.17100E-01   -32.50983    -3.64211    -3.60459   -25.26312
    0.17700E-01   -32.38206    -3.63440    -3.59775   -25.14991
    0.18300E-01   -32.25775    -3.62633    -3.59075   -25.04066
    0.18900E-01   -32.13690    -3.61818    -3.58374   -24.93498
    0.19500E-01   -32.01919    -3.60978    -3.57651   -24.83291
    0.21300E-01   -31.27860    -3.54773    -3.52383   -24.20704
    0.27000E-01   -30.34731    -3.44394    -3.43911   -23.46425
    0.33000E-01   -29.54537    -3.33314    -3.34896   -22.86326
    0.39000E-01   -28.84092    -3.21979    -3.25881   -22.36233
    0.45000E-01   -28.21759    -3.10811    -3.17375   -21.93573
    0.51000E-01   -27.66704    -3.00371    -3.09745   -21.56589
    0.57000E-01   -27.17803    -2.91016    -3.02741   -21.24046
    0.63000E-01   -26.74134    -2.82767    -2.96150   -20.95217
    0.69000E-01   -26.34654    -2.75241    -2.89967   -20.69446
    0.75000E-01   -25.98707    -2.68318    -2.84117   -20.46272
    0.81000E-01   -25.65681    -2.61985    -2.78528   -20.25168
    0.87000E-01   -25.35189    -2.56067    -2.73233   -20.05889
    0.93000E-01   -25.06928    -2.50486    -2.68204   -19.88238
    0.99000E-01   -24.80532    -2.45230    -2.63380   -19.71923
    0.10500       -24.55650    -2.40216    -2.58705   -19.56730
    0.11100       -24.32452    -2.35494    -2.54299   -19.42659
    0.11700       -24.10504    -2.30931    -2.50030   -19.29544
    0.12300       -23.89730    -2.26547    -2.45949   -19.17235
    0.12900       -23.70109    -2.22325    -2.42086   -19.05698
    0.13500       -23.51478    -2.18330    -2.38293   -18.94855
    0.14100       -23.33749    -2.14548    -2.34678   -18.84524
    0.14700       -23.16695    -2.10817    -2.31172   -18.74706
    0.15300       -23.00410    -2.07270    -2.27728   -18.65413
    0.15900       -22.84998    -2.03920    -2.24461   -18.56617
    0.16500       -22.70221    -2.00664    -2.21369   -18.48188
    0.17100       -22.55896    -1.97466    -2.18275   -18.40155
    0.17700       -22.42157    -1.94427    -2.15364   -18.32366
    0.18300       -22.28907    -1.91486    -2.12445   -18.24977
    0.18900       -22.16190    -1.88650    -2.09664   -18.17876
    0.19500       -22.03903    -1.85864    -2.06966   -18.11072
    0.20100       -21.92012    -1.83113    -2.04363   -18.04536
    0.20700       -21.80666    -1.80492    -2.01839   -17.98335
    0.21300       -21.69433    -1.77905    -1.99320   -17.92207
    0.22700       -20.88913    -1.59203    -1.81401   -17.48309
    0.34500       -19.23946    -1.19892    -1.44336   -16.59719
    0.49500       -18.21018    -0.95962    -1.21149   -16.03907
    0.64500       -17.46634    -0.80240    -1.05684   -15.60710
    0.79500       -16.88823    -0.68845    -0.94407   -15.25571
    0.94500       -16.41570    -0.60307    -0.86045   -14.95218
     1.0950       -16.02067    -0.53581    -0.79249   -14.69238
     1.2450       -15.68029    -0.47975    -0.73754   -14.46300
     1.3950       -15.39057    -0.43655    -0.69163   -14.26240
     1.5450       -15.13428    -0.40082    -0.65224   -14.08123
     1.6950       -14.90596    -0.37007    -0.62015   -13.91575
     1.8450       -14.70724    -0.34427    -0.59274   -13.77024
     1.9950       -14.52943    -0.32036    -0.56981   -13.63926
     2.1450       -14.37102    -0.29950    -0.54931   -13.52221
     2.2950       -14.22950    -0.28221    -0.53041   -13.41688
     2.4450       -14.10281    -0.26628    -0.51471   -13.32182
     2.5950       -13.97958    -0.25112    -0.49918   -13.22928
     2.7450       -13.87291    -0.23899    -0.48298   -13.15094
     2.8950       -13.77060    -0.22854    -0.46972   -13.07234
     3.0450       -13.67617    -0.21969    -0.45604   -13.00044
     3.1950       -13.59166    -0.21233    -0.44392   -12.93541
     3.3450       -13.50821    -0.20473    -0.43203   -12.87145
     3.4950       -13.43553    -0.20106    -0.42220   -12.81227
     3.6450       -13.36450    -0.19559    -0.41109   -12.75783
     3.7950       -13.29588    -0.18973    -0.40064   -12.70550
     3.9450       -13.23135    -0.18608    -0.39047   -12.65481
     4.0950       -13.17367    -0.18318    -0.38014   -12.61035
     4.2450       -13.11863    -0.18030    -0.37055   -12.56778
     4.3950       -13.06365    -0.17836    -0.36143   -12.52386
     4.5450       -13.01302    -0.17739    -0.35255   -12.48308
     4.6950       -12.96278    -0.17448    -0.34436   -12.44395
     4.8450       -12.91527    -0.17254    -0.33617   -12.40656
     4.9950       -12.87094    -0.17173    -0.32809   -12.37112
     5.1450       -12.82735    -0.16978    -0.32088   -12.33669
     5.2950       -12.78620    -0.16909    -0.31429   -12.30282
     5.4450       -12.74588    -0.16713    -0.30829   -12.27045
     5.5950       -12.70680    -0.16651    -0.30196   -12.23833
     5.7450       -12.67045    -0.16592    -0.29686   -12.20766
     5.8950       -12.63748    -0.16535    -0.29433   -12.17780
     6.0450       -12.59993    -0.16484    -0.28848   -12.14662
     6.1950       -12.57001    -0.16432    -0.28741   -12.11828
     6.3450       -12.53701    -0.16386    -0.28258   -12.09058
     6.4950       -12.50437    -0.16341    -0.27740   -12.06355
     6.6450       -12.47323    -0.16299    -0.27309   -12.03714
     6.7950       -12.44334    -0.16258    -0.26950   -12.01125
     6.9450       -12.41518    -0.16219    -0.26699   -11.98600
     7.0950       -12.38930    -0.16181    -0.26618   -11.96131
     7.2450       -12.36122    -0.16145    -0.26264   -11.93713
     7.3950       -12.33463    -0.16109    -0.26011   -11.91342
     7.5450       -12.30860    -0.16077    -0.25759   -11.89024
     7.6950       -12.28207    -0.16045    -0.25410   -11.86753
     7.8450       -12.25881    -0.16013    -0.25343   -11.84524
     7.9950       -12.23414    -0.15983    -0.25090   -11.82341
     8.1450       -12.21183    -0.15954    -0.25027   -11.80202
     8.2950       -12.18987    -0.15927    -0.24967   -11.78094
     8.4450       -12.16834    -0.15900    -0.24909   -11.76025
     8.5950       -12.14721    -0.15874    -0.24851   -11.73996
     8.7450       -12.12648    -0.15848    -0.24797   -11.72003
     8.8950       -12.10603    -0.15823    -0.24744   -11.70036
     9.0450       -12.08599    -0.15800    -0.24692   -11.68108
     9.1950       -12.06634    -0.15777    -0.24641   -11.66215
     9.3450       -12.04699    -0.15755    -0.24593   -11.64352
     9.4950       -12.02798    -0.15733    -0.24546   -11.62519
     9.6450       -12.00928    -0.15712    -0.24500   -11.60716
     9.7950       -11.99086    -0.15690    -0.24455   -11.58941
     9.9450       -11.97278    -0.15669    -0.24412   -11.57196
     10.095       -11.95283    -0.15649    -0.24158   -11.55476
     10.245       -11.93529    -0.15630    -0.24117   -11.53782
     10.395       -11.91798    -0.15612    -0.24076   -11.52110
     10.545       -11.90097    -0.15593    -0.24037   -11.50467
     10.695       -11.88419    -0.15575    -0.23998   -11.48845
     10.845       -11.86764    -0.15558    -0.23960   -11.47246
     10.995       -11.85137    -0.15540    -0.23923   -11.45674
     11.145       -11.83529    -0.15523    -0.23886   -11.44119
     11.295       -11.81952    -0.15507    -0.23851   -11.42595
     11.445       -11.80391    -0.15491    -0.23817   -11.41084
     11.595       -11.78848    -0.15474    -0.23782   -11.39592
     11.745       -11.77330    -0.15459    -0.23748   -11.38123
     11.895       -11.75829    -0.15444    -0.23715   -11.36670
     12.045       -11.74352    -0.15429    -0.23684   -11.35239
     12.195       -11.72887    -0.15415    -0.23652   -11.33820
     12.345       -11.71444    -0.15401    -0.23620   -11.32422
     12.495       -11.70021    -0.15387    -0.23590   -11.31044
     12.645       -11.68615    -0.15374    -0.23560   -11.29681
     12.795       -11.67227    -0.15361    -0.23530   -11.28335
     12.945       -11.65861    -0.15348    -0.23502   -11.27011
     13.095       -11.64501    -0.15335    -0.23474   -11.25693
     13.245       -11.63163    -0.15322    -0.23446   -11.24396
     13.395       -11.61836    -0.15309    -0.23417   -11.23110
     13.545       -11.60524    -0.15296    -0.23389   -11.21839
     13.695       -11.59231    -0.15284    -0.23362   -11.20585
     13.845       -11.57951    -0.15272    -0.23336   -11.19344
     13.995       -11.56686    -0.15260    -0.23309   -11.18117
     14.145       -11.55437    -0.15248    -0.23284   -11.16906
     14.295       -11.54204    -0.15236    -0.23258   -11.15709
     14.445       -11.52979    -0.15225    -0.23233   -11.14521
     14.595       -11.51766    -0.15214    -0.23208   -11.13344
     14.745       -11.50565    -0.15203    -0.23184   -11.12178
     14.895       -11.49384    -0.15193    -0.23160   -11.11031
     15.045       -11.48213    -0.15182    -0.23136   -11.09894
     15.195       -11.47055    -0.15172    -0.23113   -11.08771
     15.345       -11.45907    -0.15161    -0.23090   -11.07656
     15.495       -11.44771    -0.15151    -0.23066   -11.06553
     15.645       -11.43646    -0.15141    -0.23044   -11.05460
     15.795       -11.42533    -0.15131    -0.23022   -11.04380
     15.945       -11.41434    -0.15122    -0.22999   -11.03313
     16.095       -11.40343    -0.15112    -0.22978   -11.02253
     16.245       -11.39263    -0.15103    -0.22956   -11.01204
     16.395       -11.38190    -0.15093    -0.22935   -11.00162
     16.545       -11.37132    -0.15084    -0.22914   -10.99135
     16.695       -11.36075    -0.15074    -0.22893   -10.98108
     16.845       -11.35034    -0.15065    -0.22872   -10.97096
     16.995       -11.33999    -0.15056    -0.22852   -10.96091
     17.145       -11.32976    -0.15048    -0.22832   -10.95096
     17.295       -11.31961    -0.15039    -0.22812   -10.94110
     17.445       -11.30959    -0.15030    -0.22792   -10.93138
     17.595       -11.29960    -0.15022    -0.22772   -10.92166
     17.745       -11.28974    -0.15013    -0.22753   -10.91208
     17.895       -11.27999    -0.15005    -0.22734   -10.90260
     18.045       -11.27030    -0.14997    -0.22715   -10.89318
     18.195       -11.26065    -0.14989    -0.22696   -10.88379
     18.345       -11.25113    -0.14981    -0.22678   -10.87454
     18.495       -11.24166    -0.14973    -0.22659   -10.86533
     18.645       -11.23229    -0.14965    -0.22641   -10.85622
     18.795       -11.22302    -0.14957    -0.22623   -10.84721
     18.945       -11.21382    -0.14950    -0.22605   -10.83826
     19.095       -11.20467    -0.14943    -0.22587   -10.82937
     19.245       -11.19562    -0.14936    -0.22570   -10.82057
     19.395       -11.18666    -0.14928    -0.22552   -10.81186
     19.545       -11.17774    -0.14920    -0.22535   -10.80319
     19.695       -11.16887    -0.14912    -0.22518   -10.79456
     19.845       -11.16011    -0.14905    -0.22501   -10.78605
     19.995       -11.15141    -0.14897    -0.22484   -10.77759
     20.145       -11.14282    -0.14891    -0.22468   -10.76923
     20.295       -11.13431    -0.14884    -0.22452   -10.76095
     20.445       -11.12577    -0.14877    -0.22436   -10.75265
     20.595       -11.11733    -0.14870    -0.22419   -10.74444
     20.745       -11.10897    -0.14863    -0.22403   -10.73631
     20.895       -11.10066    -0.14856    -0.22387   -10.72823
     21.045       -11.09243    -0.14849    -0.22371   -10.72023
     21.195       -11.08426    -0.14842    -0.22356   -10.71227
     21.345       -11.07617    -0.14835    -0.22340   -10.70441
     21.495       -11.06813    -0.14829    -0.22325   -10.69659
     21.645       -11.06015    -0.14822    -0.22310   -10.68883
     21.795       -11.05226    -0.14816    -0.22295   -10.68115
     21.945       -11.04438    -0.14810    -0.22280   -10.67349
     22.095       -11.03652    -0.14803    -0.22264   -10.66585
     22.245       -11.02877    -0.14797    -0.22250   -10.65830
     22.395       -11.02107    -0.14790    -0.22234   -10.65082
     22.545       -11.01341    -0.14784    -0.22220   -10.64337
     22.695       -11.00583    -0.14778    -0.22206   -10.63599
     22.845       -10.99828    -0.14772    -0.22191   -10.62865
     22.995       -10.99077    -0.14766    -0.22177   -10.62134
     23.145       -10.98333    -0.14760    -0.22162   -10.61411
     23.295       -10.97596    -0.14754    -0.22148   -10.60694
     23.445       -10.96861    -0.14748    -0.22134   -10.59979
     23.595       -10.96132    -0.14742    -0.22120   -10.59270
     23.745       -10.95404    -0.14736    -0.22106   -10.58562
     23.895       -10.94686    -0.14730    -0.22093   -10.57863
     24.045       -10.93971    -0.14725    -0.22079   -10.57167
     24.195       -10.93259    -0.14718    -0.22066   -10.56475
     24.345       -10.92556    -0.14713    -0.22053   -10.55790
     24.495       -10.91855    -0.14707    -0.22039   -10.55109
     24.645       -10.91156    -0.14701    -0.22026   -10.54429
     24.795       -10.90464    -0.14695    -0.22013   -10.53756
     24.945       -10.89776    -0.14689    -0.22000   -10.53087
     25.095       -10.89092    -0.14684    -0.21987   -10.52422
     25.245       -10.88416    -0.14678    -0.21974   -10.51763
     25.395       -10.87743    -0.14673    -0.21961   -10.51108
     25.545       -10.87073    -0.14668    -0.21949   -10.50457
     25.695       -10.86408    -0.14662    -0.21936   -10.49809
     25.845       -10.85745    -0.14657    -0.21924   -10.49164
     25.995       -10.85086    -0.14652    -0.21912   -10.48523
     26.145       -10.84433    -0.14646    -0.21900   -10.47887
     26.295       -10.83781    -0.14641    -0.21888   -10.47252
     26.445       -10.83133    -0.14636    -0.21876   -10.46622
     26.595       -10.82490    -0.14630    -0.21864   -10.45996
     26.745       -10.81854    -0.14625    -0.21852   -10.45376
     26.895       -10.81217    -0.14620    -0.21840   -10.44757
     27.045       -10.80586    -0.14615    -0.21828   -10.44143
     27.195       -10.79961    -0.14610    -0.21817   -10.43534
     27.345       -10.79338    -0.14605    -0.21805   -10.42928
     27.495       -10.78720    -0.14600    -0.21793   -10.42327
     27.645       -10.78103    -0.14595    -0.21782   -10.41727
     27.795       -10.77491    -0.14590    -0.21770   -10.41130
     27.945       -10.76881    -0.14585    -0.21759   -10.40537
     28.095       -10.76275    -0.14580    -0.21748   -10.39947
     28.245       -10.75673    -0.14575    -0.21736   -10.39361
     28.395       -10.75073    -0.14570    -0.21725   -10.38777
     28.545       -10.74475    -0.14566    -0.21714   -10.38195
     28.695       -10.73882    -0.14561    -0.21703   -10.37618
     28.845       -10.73292    -0.14556    -0.21692   -10.37044
     28.995       -10.72705    -0.14551    -0.21681   -10.36473
     29.145       -10.72120    -0.14547    -0.21670   -10.35903
     29.295       -10.71541    -0.14542    -0.21659   -10.35339
     29.445       -10.70964    -0.14538    -0.21649   -10.34778
     29.595       -10.70390    -0.14533    -0.21638   -10.34218
     29.745       -10.69817    -0.14529    -0.21627   -10.33661
     29.895       -10.69252    -0.14524    -0.21617   -10.33111
     30.045       -10.68687    -0.14520    -0.21607   -10.32560
     30.195       -10.68126    -0.14516    -0.21597   -10.32014
     30.345       -10.67568    -0.14511    -0.21586   -10.31470
     30.495       -10.67009    -0.14507    -0.21576   -10.30927
     30.645       -10.66457    -0.14502    -0.21566   -10.30389
     30.795       -10.65905    -0.14498    -0.21555   -10.29851
     30.945       -10.65358    -0.14494    -0.21545   -10.29319
     31.095       -10.64816    -0.14490    -0.21535   -10.28791
     31.245       -10.64276    -0.14486    -0.21525   -10.28265
     31.395       -10.63738    -0.14482    -0.21515   -10.27741
     31.545       -10.63202    -0.14478    -0.21505   -10.27220
     31.695       -10.62670    -0.14473    -0.21495   -10.26702
     31.845       -10.62139    -0.14469    -0.21485   -10.26185
     31.995       -10.61613    -0.14465    -0.21475   -10.25673
     32.145       -10.61088    -0.14461    -0.21465   -10.25162
     32.295       -10.60563    -0.14457    -0.21455   -10.24652
     32.445       -10.60040    -0.14453    -0.21446   -10.24142
     32.595       -10.59524    -0.14449    -0.21436   -10.23639
     32.745       -10.59009    -0.14445    -0.21427   -10.23137
     32.895       -10.58497    -0.14441    -0.21417   -10.22639
     33.045       -10.57986    -0.14437    -0.21408   -10.22142
     33.195       -10.57478    -0.14433    -0.21399   -10.21647
     33.345       -10.56972    -0.14428    -0.21389   -10.21154
     33.495       -10.56472    -0.14425    -0.21380   -10.20667
     33.645       -10.55973    -0.14421    -0.21371   -10.20181
     33.795       -10.55472    -0.14417    -0.21362   -10.19693
     33.945       -10.54976    -0.14413    -0.21353   -10.19210
     34.095       -10.54485    -0.14409    -0.21343   -10.18732
     34.245       -10.53995    -0.14405    -0.21334   -10.18255
     34.395       -10.53505    -0.14401    -0.21325   -10.17778
     34.545       -10.53019    -0.14398    -0.21317   -10.17304
     34.695       -10.52534    -0.14394    -0.21308   -10.16832
     34.845       -10.52053    -0.14390    -0.21299   -10.16364
     34.995       -10.51573    -0.14386    -0.21290   -10.15897
     35.145       -10.51096    -0.14382    -0.21282   -10.15432
     35.295       -10.50620    -0.14379    -0.21273   -10.14968
     35.445       -10.50146    -0.14375    -0.21265   -10.14507
     35.595       -10.49676    -0.14371    -0.21256   -10.14048
     35.745       -10.49208    -0.14367    -0.21248   -10.13592
     35.895       -10.48743    -0.14364    -0.21239   -10.13140
     36.045       -10.48279    -0.14360    -0.21231   -10.12688
     36.195       -10.47816    -0.14357    -0.21223   -10.12236
     36.345       -10.47353    -0.14353    -0.21214   -10.11786
     36.495       -10.46895    -0.14350    -0.21206   -10.11340
     36.645       -10.46440    -0.14346    -0.21198   -10.10897
     36.795       -10.45985    -0.14342    -0.21189   -10.10454
     36.945       -10.45534    -0.14339    -0.21181   -10.10014
     37.095       -10.45084    -0.14336    -0.21172   -10.09576
     37.245       -10.44637    -0.14332    -0.21164   -10.09141
     37.395       -10.44190    -0.14329    -0.21156   -10.08705
     37.545       -10.43745    -0.14325    -0.21148   -10.08272
     37.695       -10.43301    -0.14322    -0.21140   -10.07839
     37.845       -10.42860    -0.14319    -0.21132   -10.07409
     37.995       -10.42421    -0.14315    -0.21124   -10.06982
     38.145       -10.41983    -0.14312    -0.21116   -10.06556
     38.295       -10.41549    -0.14309    -0.21108   -10.06132
     38.445       -10.41114    -0.14305    -0.21100   -10.05708
     38.595       -10.40682    -0.14302    -0.21092   -10.05288
     38.745       -10.40253    -0.14298    -0.21084   -10.04870
     38.895       -10.39824    -0.14295    -0.21077   -10.04452
     39.045       -10.39398    -0.14292    -0.21069   -10.04037
     39.195       -10.38974    -0.14288    -0.21061   -10.03624
     39.345       -10.38550    -0.14285    -0.21054   -10.03211
     39.495       -10.38130    -0.14282    -0.21046   -10.02802
     39.645       -10.37711    -0.14279    -0.21038   -10.02393
     39.795       -10.37293    -0.14276    -0.21031   -10.01986
     39.945       -10.36877    -0.14273    -0.21023   -10.01581
     40.095       -10.36465    -0.14269    -0.21016   -10.01179
     40.245       -10.36051    -0.14266    -0.21008   -10.00776
     40.395       -10.35640    -0.14264    -0.21001   -10.00376
     40.545       -10.35230    -0.14260    -0.20993    -9.99976
     40.695       -10.34824    -0.14257    -0.20986    -9.99581
     40.845       -10.34418    -0.14254    -0.20979    -9.99185
     40.995       -10.34013    -0.14251    -0.20971    -9.98790
     41.145       -10.33611    -0.14248    -0.20964    -9.98399
     41.295       -10.33208    -0.14245    -0.20956    -9.98007
     41.445       -10.32811    -0.14242    -0.20949    -9.97620
     41.595       -10.32409    -0.14239    -0.20941    -9.97229
     41.745       -10.32013    -0.14236    -0.20934    -9.96843
     41.895       -10.31620    -0.14233    -0.20927    -9.96460
     42.045       -10.31228    -0.14230    -0.20920    -9.96078
     42.195       -10.30835    -0.14227    -0.20913    -9.95695
     42.345       -10.30446    -0.14224    -0.20906    -9.95316
     42.495       -10.30056    -0.14222    -0.20899    -9.94936
     42.645       -10.29665    -0.14219    -0.20892    -9.94555
     42.795       -10.29280    -0.14216    -0.20885    -9.94179
     42.945       -10.28895    -0.14213    -0.20878    -9.93805
     43.095       -10.28511    -0.14210    -0.20871    -9.93431
     43.245       -10.28131    -0.14207    -0.20864    -9.93060
     43.395       -10.27750    -0.14204    -0.20857    -9.92689
     43.545       -10.27371    -0.14201    -0.20850    -9.92319
     43.695       -10.26993    -0.14198    -0.20843    -9.91952
     43.845       -10.26618    -0.14195    -0.20837    -9.91586
     43.995       -10.26242    -0.14192    -0.20830    -9.91220
     44.145       -10.25866    -0.14190    -0.20823    -9.90853
     44.295       -10.25495    -0.14187    -0.20817    -9.90491
     44.445       -10.25124    -0.14184    -0.20810    -9.90130
     44.595       -10.24753    -0.14181    -0.20803    -9.89769
     44.745       -10.24385    -0.14178    -0.20797    -9.89411
     44.895       -10.24015    -0.14175    -0.20790    -9.89050
     45.045       -10.23650    -0.14173    -0.20783    -9.88695
     45.195       -10.23284    -0.14170    -0.20777    -9.88338
     45.345       -10.22922    -0.14167    -0.20770    -9.87985
     45.495       -10.22561    -0.14165    -0.20763    -9.87633
     45.645       -10.22197    -0.14162    -0.20757    -9.87278
     45.795       -10.21838    -0.14159    -0.20750    -9.86929
     45.945       -10.21481    -0.14157    -0.20743    -9.86581
     46.095       -10.21126    -0.14154    -0.20737    -9.86235
     46.245       -10.20772    -0.14152    -0.20730    -9.85890
     46.395       -10.20418    -0.14149    -0.20724    -9.85545
     46.545       -10.20066    -0.14146    -0.20718    -9.85202
     46.695       -10.19714    -0.14144    -0.20711    -9.84859
     46.845       -10.19361    -0.14141    -0.20705    -9.84515
     46.995       -10.19012    -0.14139    -0.20698    -9.84175
     47.145       -10.18663    -0.14136    -0.20692    -9.83836
     47.295       -10.18317    -0.14133    -0.20685    -9.83498
     47.445       -10.17969    -0.14131    -0.20679    -9.83159
     47.595       -10.17627    -0.14128    -0.20673    -9.82826
     47.745       -10.17282    -0.14126    -0.20667    -9.82490
     47.895       -10.16940    -0.14123    -0.20660    -9.82156
     48.045       -10.16598    -0.14120    -0.20654    -9.81824
     48.195       -10.16256    -0.14117    -0.20648    -9.81491
     48.345       -10.15917    -0.14115    -0.20642    -9.81160
     48.495       -10.15579    -0.14113    -0.20636    -9.80831
     48.645       -10.15243    -0.14110    -0.20630    -9.80503
     48.795       -10.14906    -0.14108    -0.20623    -9.80176
     48.945       -10.14574    -0.14105    -0.20618    -9.79852
     49.095       -10.14243    -0.14102    -0.20612    -9.79529
     49.245       -10.13913    -0.14100    -0.20606    -9.79207
     49.395       -10.13582    -0.14097    -0.20599    -9.78885
     49.545       -10.13253    -0.14095    -0.20594    -9.78565
     49.695       -10.12924    -0.14092    -0.20588    -9.78244
     49.845       -10.12598    -0.14090    -0.20582    -9.77926
     49.995       -10.12273    -0.14087    -0.20576    -9.77610
     50.145       -10.11949    -0.14085    -0.20570    -9.77294
     50.295       -10.11624    -0.14083    -0.20564    -9.76977
     50.445       -10.11300    -0.14080    -0.20558    -9.76662
     50.595       -10.10978    -0.14078    -0.20552    -9.76349
     50.745       -10.10656    -0.14075    -0.20546    -9.76035
     50.895       -10.10336    -0.14073    -0.20541    -9.75722
     51.045       -10.10017    -0.14070    -0.20535    -9.75413
     51.195       -10.09699    -0.14068    -0.20529    -9.75102
     51.345       -10.09382    -0.14065    -0.20523    -9.74794
     51.495       -10.09067    -0.14063    -0.20518    -9.74486
     51.645       -10.08751    -0.14060    -0.20512    -9.74179
     51.795       -10.08435    -0.14058    -0.20506    -9.73871
     51.945       -10.08120    -0.14055    -0.20500    -9.73565
     52.095       -10.07806    -0.14053    -0.20495    -9.73258
     52.245       -10.07495    -0.14051    -0.20489    -9.72955
     52.395       -10.07183    -0.14048    -0.20484    -9.72651
     52.545       -10.06873    -0.14046    -0.20478    -9.72349
     52.695       -10.06565    -0.14044    -0.20472    -9.72049
     52.845       -10.06259    -0.14042    -0.20467    -9.71750
     52.995       -10.05951    -0.14039    -0.20461    -9.71450
     53.145       -10.05644    -0.14037    -0.20456    -9.71152
     53.295       -10.05340    -0.14034    -0.20451    -9.70855
     53.445       -10.05037    -0.14032    -0.20445    -9.70559
     53.595       -10.04733    -0.14030    -0.20440    -9.70263
     53.745       -10.04429    -0.14028    -0.20434    -9.69967
     53.895       -10.04128    -0.14025    -0.20429    -9.69674
     54.045       -10.03829    -0.14023    -0.20423    -9.69383
     54.195       -10.03530    -0.14021    -0.20418    -9.69092
     54.345       -10.03233    -0.14018    -0.20412    -9.68802
     54.495       -10.02935    -0.14016    -0.20407    -9.68512
     54.645       -10.02641    -0.14014    -0.20402    -9.68225
     54.795       -10.02343    -0.14011    -0.20396    -9.67935
     54.945       -10.02049    -0.14009    -0.20391    -9.67649
     55.095       -10.01756    -0.14007    -0.20386    -9.67363
     59.433        -9.78704    -0.13835    -0.19973    -9.44896
     80.646        -9.45086    -0.13587    -0.19373    -9.12126
     111.21        -9.12446    -0.13347    -0.18793    -8.80307
     153.36        -8.80822    -0.13112    -0.18237    -8.49472
     211.49        -8.50216    -0.12886    -0.17704    -8.19625
     291.64        -8.20636    -0.12668    -0.17190    -7.90778
     402.18        -7.92083    -0.12457    -0.16697    -7.62929
     554.60        -7.64523    -0.12254    -0.16228    -7.36041
     764.80        -7.37917    -0.12055    -0.15776    -7.10086
     1054.7        -7.12229    -0.11865    -0.15343    -6.85022
     1454.4        -6.87446    -0.11681    -0.14931    -6.60834
     2005.6        -6.63535    -0.11501    -0.14535    -6.37499
     2765.8        -6.40452    -0.11328    -0.14156    -6.14968
     3814.0        -6.18142    -0.11160    -0.13793    -5.93189
     5259.5        -5.96612    -0.10998    -0.13444    -5.72170
     7252.9        -5.75790    -0.10841    -0.13109    -5.51839
     10002.        -5.55693    -0.10689    -0.12789    -5.32215
     13793.        -5.36301    -0.10544    -0.12480    -5.13277
     19020.        -5.17652    -0.10404    -0.12183    -4.95065
     26229.        -4.99764    -0.10267    -0.11900    -4.77596
     36170.        -4.82623    -0.10138    -0.11626    -4.60859
     49878.        -4.66252    -0.10014    -0.11362    -4.44875
     68782.        -4.50609    -0.09896    -0.11109    -4.29603
     94851.        -4.35670    -0.09784    -0.10865    -4.15020
    0.13080E+06    -4.21417    -0.09677    -0.10629    -4.01111
    0.18038E+06    -4.07821    -0.09574    -0.10403    -3.87844
    0.24874E+06    -3.94867    -0.09476    -0.10185    -3.75206
    0.34301E+06    -3.82529    -0.09383    -0.09976    -3.63171
    0.47302E+06    -3.70785    -0.09294    -0.09776    -3.51715
    0.65229E+06    -3.59600    -0.09209    -0.09585    -3.40806
    0.89952E+06    -3.48941    -0.09130    -0.09402    -3.30409
    0.12404E+07    -3.38800    -0.09054    -0.09228    -3.20517
    0.17106E+07    -3.29158    -0.08981    -0.09062    -3.11114
    0.23589E+07    -3.19970    -0.08912    -0.08904    -3.02154
    0.32529E+07    -3.11233    -0.08846    -0.08752    -2.93635
    0.44858E+07    -3.02926    -0.08784    -0.08609    -2.85533
    0.61860E+07    -2.95019    -0.08725    -0.08472    -2.77822
    0.85305E+07    -2.87503    -0.08668    -0.08343    -2.70492
    0.11764E+08    -2.80357    -0.08615    -0.08219    -2.63523
    0.16222E+08    -2.73561    -0.08565    -0.08102    -2.56894
    0.22370E+08    -2.67100    -0.08517    -0.07990    -2.50593
    0.30849E+08    -2.60983    -0.08471    -0.07885    -2.44626
    0.42541E+08    -2.55232    -0.08428    -0.07783    -2.39020
    0.58664E+08    -2.49862    -0.08388    -0.07687    -2.33787
    0.80898E+08    -2.44830    -0.08351    -0.07597    -2.28882
    0.11156E+09    -2.40117    -0.08316    -0.07510    -2.24292
    0.15384E+09    -2.35693    -0.08283    -0.07428    -2.19982
    0.21215E+09    -2.31544    -0.08252    -0.07349    -2.15943
    0.29255E+09    -2.27645    -0.08224    -0.07275    -2.12146
    0.40343E+09    -2.23993    -0.08196    -0.07204    -2.08592
    0.55633E+09    -2.20553    -0.08171    -0.07137    -2.05246
    0.76719E+09    -2.17418    -0.08147    -0.07074    -2.02197
    0.10580E+10    -2.14560    -0.08126    -0.07016    -1.99418
    0.14589E+10    -2.11931    -0.08106    -0.06961    -1.96864
    0.20119E+10    -2.09517    -0.08088    -0.06911    -1.94518
    0.27744E+10    -2.07291    -0.08072    -0.06862    -1.92357
    0.38259E+10    -2.05236    -0.08057    -0.06817    -1.90362
    0.52760E+10    -2.03332    -0.08043    -0.06774    -1.88516
    0.72756E+10    -2.01576    -0.08029    -0.06734    -1.86812
    0.10033E+11    -1.99949    -0.08017    -0.06697    -1.85235
    0.13836E+11    -1.98452    -0.08007    -0.06664    -1.83781
    0.19079E+11    -1.97071    -0.07996    -0.06634    -1.82440
    0.26311E+11    -1.95796    -0.07987    -0.06606    -1.81203
    0.36283E+11    -1.94619    -0.07978    -0.06580    -1.80061
    0.50034E+11    -1.93533    -0.07970    -0.06556    -1.79007
    0.68997E+11    -1.92529    -0.07962    -0.06535    -1.78032
    0.10000E+12    -1.80495    -0.07873    -0.06271    -1.66351
