    -99.945         0.00000
    -99.795         0.00000
    -99.645         0.00000
    -99.495         0.00000
    -99.345         0.00000
    -99.195         0.00000
    -99.045         0.00000
    -98.895         0.00000
    -98.745         0.00000
    -98.595         0.00000
    -98.445         0.00000
    -98.295         0.00000
    -98.145         0.00000
    -97.995         0.00000
    -97.845         0.00000
    -97.695         0.00000
    -97.545         0.00000
    -97.395         0.00000
    -97.245         0.00000
    -97.095         0.00000
    -96.945         0.00000
    -96.795         0.00000
    -96.645         0.00000
    -96.495         0.00000
    -96.345         0.00000
    -96.195         0.00000
    -96.045         0.00000
    -95.895         0.00000
    -95.745         0.00000
    -95.595         0.00000
    -95.445         0.00000
    -95.295         0.00000
    -95.145         0.00000
    -94.995         0.00000
    -94.845         0.00000
    -94.695         0.00000
    -94.545         0.00000
    -94.395         0.00000
    -94.245         0.00000
    -94.095         0.00000
    -93.945         0.00000
    -93.795         0.00000
    -93.645         0.00000
    -93.495         0.00000
    -93.345         0.00000
    -93.195         0.00000
    -93.045         0.00000
    -92.895         0.00000
    -92.745         0.00000
    -92.595         0.00000
    -92.445         0.00000
    -92.295         0.00000
    -92.145         0.00000
    -91.995         0.00000
    -91.845         0.00000
    -91.695         0.00000
    -91.545         0.00000
    -91.395         0.00000
    -91.245         0.00000
    -91.095         0.00000
    -90.945         0.00000
    -90.795         0.00000
    -90.645         0.00000
    -90.495         0.00000
    -90.345         0.00000
    -90.195         0.00000
    -90.045         0.00000
    -89.895         0.00000
    -89.745         0.00000
    -89.595         0.00000
    -89.445         0.00000
    -89.295         0.00000
    -89.145         0.00000
    -88.995         0.00000
    -88.845         0.00000
    -88.695         0.00000
    -88.545         0.00000
    -88.395         0.00000
    -88.245         0.00000
    -88.095         0.00000
    -87.945         0.00000
    -87.795         0.00000
    -87.645         0.00000
    -87.495         0.00000
    -87.345         0.00000
    -87.195         0.00000
    -87.045         0.00000
    -86.895         0.00000
    -86.745         0.00000
    -86.595         0.00000
    -86.445         0.00000
    -86.295         0.00000
    -86.145         0.00000
    -85.995         0.00000
    -85.845         0.00000
    -85.695         0.00000
    -85.545         0.00000
    -85.395         0.00000
    -85.245         0.00000
    -85.095         0.00000
    -84.945         0.00000
    -84.795         0.00000
    -84.645         0.00000
    -84.495         0.00000
    -84.345         0.00000
    -84.195         0.00000
    -84.045         0.00000
    -83.895         0.00000
    -83.745         0.00000
    -83.595         0.00000
    -83.445         0.00000
    -83.295         0.00000
    -83.145         0.00000
    -82.995         0.00000
    -82.845         0.00000
    -82.695         0.00000
    -82.545         0.00000
    -82.395         0.00000
    -82.245         0.00000
    -82.095         0.00000
    -81.945         0.00000
    -81.795         0.00000
    -81.645         0.00000
    -81.495         0.00000
    -81.345         0.00000
    -81.195         0.00000
    -81.045         0.00000
    -80.895         0.00000
    -80.745         0.00000
    -80.595         0.00000
    -80.445         0.00000
    -80.295         0.00000
    -80.145         0.00000
    -79.995         0.00000
    -79.845         0.00000
    -79.695         0.00000
    -79.545         0.00000
    -79.395         0.00000
    -79.245         0.00000
    -79.095         0.00000
    -78.945         0.00000
    -78.795         0.00000
    -78.645         0.00000
    -78.495         0.00000
    -78.345         0.00000
    -78.195         0.00000
    -78.045         0.00000
    -77.895         0.00000
    -77.745         0.00000
    -77.595         0.00000
    -77.445         0.00000
    -77.295         0.00000
    -77.145         0.00000
    -76.995         0.00000
    -76.845         0.00000
    -76.695         0.00000
    -76.545         0.00000
    -76.395         0.00000
    -76.245         0.00000
    -76.095         0.00000
    -75.945         0.00000
    -75.795         0.00000
    -75.645         0.00000
    -75.495         0.00000
    -75.345         0.00000
    -75.195         0.00000
    -75.045         0.00000
    -74.895         0.00000
    -74.745         0.00000
    -74.595         0.00000
    -74.445         0.00000
    -74.295         0.00000
    -74.145         0.00000
    -73.995         0.00000
    -73.845         0.00000
    -73.695         0.00000
    -73.545         0.00000
    -73.395         0.00000
    -73.245         0.00000
    -73.095         0.00000
    -72.945         0.00000
    -72.795         0.00000
    -72.645         0.00000
    -72.495         0.00000
    -72.345         0.00000
    -72.195         0.00000
    -72.045         0.00000
    -71.895         0.00000
    -71.745         0.00000
    -71.595         0.00000
    -71.445         0.00000
    -71.295         0.00000
    -71.145         0.00000
    -70.995         0.00000
    -70.845         0.00000
    -70.695         0.00000
    -70.545         0.00000
    -70.395         0.00000
    -70.245         0.00000
    -70.095         0.00000
    -69.945         0.00000
    -69.795         0.00000
    -69.645         0.00000
    -69.495         0.00000
    -69.345         0.00000
    -69.195         0.00000
    -69.045         0.00000
    -68.895         0.00000
    -68.745         0.00000
    -68.595         0.00000
    -68.445         0.00000
    -68.295         0.00000
    -68.145         0.00000
    -67.995         0.00000
    -67.845         0.00000
    -67.695         0.00000
    -67.545         0.00000
    -67.395         0.00000
    -67.245         0.00000
    -67.095         0.00000
    -66.945         0.00000
    -66.795         0.00000
    -66.645         0.00000
    -66.495         0.00000
    -66.345         0.00000
    -66.195         0.00000
    -66.045         0.00000
    -65.895         0.00000
    -65.745         0.00000
    -65.595         0.00000
    -65.445         0.00000
    -65.295         0.00000
    -65.145         0.00000
    -64.995         0.00000
    -64.845         0.00000
    -64.695         0.00000
    -64.545         0.00000
    -64.395         0.00000
    -64.245         0.00000
    -64.095         0.00000
    -63.945         0.00000
    -63.795         0.00000
    -63.645         0.00000
    -63.495         0.00000
    -63.345         0.00000
    -63.195         0.00000
    -63.045         0.00000
    -62.895         0.00000
    -62.745         0.00000
    -62.595         0.00000
    -62.445         0.00000
    -62.295         0.00000
    -62.145         0.00000
    -61.995         0.00000
    -61.845         0.00000
    -61.695         0.00000
    -61.545         0.00000
    -61.395         0.00000
    -61.245         0.00000
    -61.095         0.00000
    -60.945         0.00000
    -60.795         0.00000
    -60.645         0.00000
    -60.495         0.00000
    -60.345         0.00000
    -60.195         0.00000
    -60.045         0.00000
    -59.895         0.00000
    -59.745         0.00000
    -59.595         0.00000
    -59.445         0.00000
    -59.295         0.00000
    -59.145         0.00000
    -58.995         0.00000
    -58.845         0.00000
    -58.695         0.00000
    -58.545         0.00000
    -58.395         0.00000
    -58.245         0.00000
    -58.095         0.00000
    -57.945         0.00000
    -57.795         0.00000
    -57.645         0.00000
    -57.495         0.00000
    -57.345         0.00000
    -57.195         0.00000
    -57.045         0.00000
    -56.895         0.00000
    -56.745         0.00000
    -56.595         0.00000
    -56.445         0.00000
    -56.295         0.00000
    -56.145         0.00000
    -55.995         0.00000
    -55.845         0.00000
    -55.695         0.00000
    -55.545         0.00000
    -55.395         0.00000
    -55.245         0.00000
    -55.095         0.00000
    -54.945         0.00000
    -54.795         0.00000
    -54.645         0.00000
    -54.495         0.00000
    -54.345         0.00000
    -54.195         0.00000
    -54.045         0.00000
    -53.895         0.00000
    -53.745         0.00000
    -53.595         0.00000
    -53.445         0.00000
    -53.295         0.00000
    -53.145         0.00000
    -52.995         0.00000
    -52.845         0.00000
    -52.695         0.00000
    -52.545         0.00000
    -52.395         0.00000
    -52.245         0.00000
    -52.095         0.00000
    -51.945         0.00000
    -51.795         0.00000
    -51.645         0.00000
    -51.495         0.00000
    -51.345         0.00000
    -51.195         0.00000
    -51.045         0.00000
    -50.895         0.00000
    -50.745         0.00000
    -50.595         0.00000
    -50.445         0.00000
    -50.295         0.00000
    -50.145         0.00000
    -49.995         0.00000
    -49.845         0.00000
    -49.695         0.00000
    -49.545         0.00000
    -49.395         0.00000
    -49.245         0.00000
    -49.095         0.00000
    -48.945         0.00000
    -48.795         0.00000
    -48.645         0.00000
    -48.495         0.00000
    -48.345         0.00000
    -48.195         0.00000
    -48.045         0.00000
    -47.895         0.00000
    -47.745         0.00000
    -47.595         0.00000
    -47.445         0.00000
    -47.295         0.00000
    -47.145         0.00000
    -46.995         0.00000
    -46.845         0.00000
    -46.695         0.00000
    -46.545         0.00000
    -46.395         0.00000
    -46.245         0.00000
    -46.095         0.00000
    -45.945         0.00000
    -45.795         0.00000
    -45.645         0.00000
    -45.495         0.00000
    -45.345         0.00000
    -45.195         0.00000
    -45.045         0.00000
    -44.895         0.00000
    -44.745         0.00000
    -44.595         0.00000
    -44.445         0.00000
    -44.295         0.00000
    -44.145         0.00000
    -43.995         0.00000
    -43.845         0.00000
    -43.695         0.00000
    -43.545         0.00000
    -43.395         0.00000
    -43.245         0.00000
    -43.095         0.00000
    -42.945         0.00000
    -42.795         0.00000
    -42.645         0.00000
    -42.495         0.00000
    -42.345         0.00000
    -42.195         0.00000
    -42.045         0.00000
    -41.895         0.00000
    -41.745         0.00000
    -41.595         0.00000
    -41.445         0.00000
    -41.295         0.00000
    -41.145         0.00000
    -40.995         0.00000
    -40.845         0.00000
    -40.695         0.00000
    -40.545         0.00000
    -40.395         0.00000
    -40.245         0.00000
    -40.095         0.00000
    -39.945         0.00000
    -39.795         0.00000
    -39.645         0.00000
    -39.495         0.00000
    -39.345         0.00000
    -39.195         0.00000
    -39.045         0.00000
    -38.895         0.00000
    -38.745         0.00000
    -38.595         0.00000
    -38.445         0.00000
    -38.295         0.00000
    -38.145         0.00000
    -37.995         0.00000
    -37.845         0.00000
    -37.695         0.00000
    -37.545         0.00000
    -37.395         0.00000
    -37.245         0.00000
    -37.095         0.00000
    -36.945         0.00000
    -36.795         0.00000
    -36.645         0.00000
    -36.495         0.00000
    -36.345         0.00000
    -36.195         0.00000
    -36.045         0.00000
    -35.895         0.00000
    -35.745         0.00000
    -35.595         0.00000
    -35.445         0.00000
    -35.295         0.00000
    -35.145         0.00000
    -34.995         0.00000
    -34.845         0.00000
    -34.695         0.00000
    -34.545         0.00000
    -34.395         0.00000
    -34.245         0.00000
    -34.095         0.00000
    -33.945         0.00000
    -33.795         0.00000
    -33.645         0.00000
    -33.495         0.00000
    -33.345         0.00000
    -33.195         0.00000
    -33.045         0.00000
    -32.895         0.00000
    -32.745         0.00000
    -32.595         0.00000
    -32.445         0.00000
    -32.295         0.00000
    -32.145         0.00000
    -31.995         0.00000
    -31.845         0.00000
    -31.695         0.00000
    -31.545         0.00000
    -31.395         0.00000
    -31.245         0.00000
    -31.095         0.00000
    -30.945         0.00000
    -30.795         0.00000
    -30.645         0.00000
    -30.495         0.00000
    -30.345         0.00000
    -30.195         0.00000
    -30.045         0.00000
    -29.895         0.00000
    -29.745         0.00000
    -29.595         0.00000
    -29.445         0.00000
    -29.295         0.00000
    -29.145         0.00000
    -28.995         0.00000
    -28.845         0.00000
    -28.695         0.00000
    -28.545         0.00000
    -28.395         0.00000
    -28.245         0.00000
    -28.095         0.00000
    -27.945         0.00000
    -27.795         0.00000
    -27.645         0.00000
    -27.495         0.00000
    -27.345         0.00000
    -27.195         0.00000
    -27.045         0.00000
    -26.895         0.00000
    -26.745         0.00000
    -26.595         0.00000
    -26.445         0.00000
    -26.295         0.00000
    -26.145         0.00000
    -25.995         0.00000
    -25.845         0.00000
    -25.695         0.00000
    -25.545         0.00000
    -25.395         0.00000
    -25.245         0.00000
    -25.095         0.00000
    -24.945         0.00000
    -24.795         0.00000
    -24.645         0.00000
    -24.495         0.00000
    -24.345         0.00000
    -24.195         0.00000
    -24.045         0.00000
    -23.895         0.00000
    -23.745         0.00000
    -23.595         0.00000
    -23.445         0.00000
    -23.295         0.00000
    -23.145         0.00000
    -22.995         0.00000
    -22.845         0.00000
    -22.695         0.00000
    -22.545         0.00000
    -22.395         0.00000
    -22.245         0.00000
    -22.095         0.00000
    -21.945         0.00000
    -21.795         0.00000
    -21.645         0.00000
    -21.495         0.00000
    -21.345         0.00000
    -21.195         0.00000
    -21.045         0.00000
    -20.895         0.00000
    -20.745         0.00000
    -20.595         0.00000
    -20.445         0.00000
    -20.295         0.00000
    -20.145         0.00000
    -19.995         0.00000
    -19.845         0.00000
    -19.695         0.00000
    -19.545         0.00000
    -19.395         0.00000
    -19.245         0.00000
    -19.095         0.00000
    -18.945         0.00000
    -18.795         0.00000
    -18.645         0.00000
    -18.495         0.00000
    -18.345         0.00000
    -18.195         0.00000
    -18.045         0.00000
    -17.895         0.00000
    -17.745         0.00000
    -17.595         0.00000
    -17.445         0.00000
    -17.295         0.00000
    -17.145         0.00000
    -16.995         0.00000
    -16.845         0.00000
    -16.695         0.00000
    -16.545         0.00000
    -16.395         0.00000
    -16.245         0.00000
    -16.095         0.00000
    -15.945         0.00000
    -15.795         0.00000
    -15.645         0.00000
    -15.495         0.00000
    -15.345         0.00000
    -15.195         0.00000
    -15.045         0.00000
    -14.895         0.00000
    -14.745         0.00000
    -14.595         0.00000
    -14.445         0.00000
    -14.295         0.00000
    -14.145         0.00000
    -13.995         0.00000
    -13.845         0.00000
    -13.695         0.00000
    -13.545         0.00000
    -13.395         0.00000
    -13.245         0.00000
    -13.095         0.00000
    -12.945         0.00000
    -12.795         0.00000
    -12.645         0.00000
    -12.495         0.00000
    -12.345         0.00000
    -12.195         0.00000
    -12.045         0.00000
    -11.895         0.00000
    -11.745         0.00000
    -11.595         0.00000
    -11.445         0.00000
    -11.295         0.00000
    -11.145         0.00000
    -10.995         0.00000
    -10.845         0.00000
    -10.695         0.00000
    -10.545         0.00000
    -10.395         0.00000
    -10.245         0.00000
    -10.095         0.00000
    -9.9450         0.00000
    -9.7950         0.00000
    -9.6450         0.00000
    -9.4950         0.00000
    -9.3450         0.00000
    -9.1950         0.00000
    -9.0450         0.00000
    -8.8950         0.00000
    -8.7450         0.00000
    -8.5950         0.00000
    -8.4450         0.00000
    -8.2950         0.00000
    -8.1450         0.00000
    -7.9950         0.00000
    -7.8450         0.00000
    -7.6950         0.00000
    -7.5450         0.00000
    -7.3950         0.00000
    -7.2450        -0.00000
    -7.0950        -0.00052
    -6.9450        -0.00098
    -6.7950        -0.00306
    -6.6450        -0.01182
    -6.4950        -0.03155
    -6.3450        -0.06615
    -6.1950        -0.11677
    -6.0450        -0.19449
    -5.8950        -0.30004
    -5.7450        -0.43696
    -5.5950        -0.60830
    -5.4450        -0.79306
    -5.2950        -1.00116
    -5.1450        -1.22122
    -4.9950        -1.44142
    -4.8450        -1.66443
    -4.6950        -1.89085
    -4.5450        -2.10774
    -4.3950        -2.33241
    -4.2450        -2.53037
    -4.0950        -2.72758
    -3.9450        -2.92225
    -3.7950        -3.11448
    -3.6450        -3.29343
    -3.4950        -3.46225
    -3.3450        -3.62516
    -3.1950        -3.78403
    -3.0450        -3.93690
    -2.8950        -4.09842
    -2.7450        -4.25834
    -2.5950        -4.42276
    -2.4450        -4.58538
    -2.2950        -4.76456
    -2.1450        -4.95990
    -1.9950        -5.17730
    -1.8450        -5.43472
    -1.6950        -5.73869
    -1.5450        -6.12017
    -1.3950        -6.60680
    -1.2450        -7.21490
    -1.0950        -7.96666
   -0.94500        -8.89328
   -0.79500       -10.03012
   -0.64500       -11.43908
   -0.49500       -13.24661
   -0.34500       -15.65670
   -0.22700       -16.64731
   -0.21300       -16.77502
   -0.20700       -16.90514
   -0.20100       -17.03894
   -0.19500       -17.17454
   -0.18900       -17.31312
   -0.18300       -17.45558
   -0.17700       -17.60136
   -0.17100       -17.75200
   -0.16500       -17.90654
   -0.15900       -18.06296
   -0.15300       -18.22809
   -0.14700       -18.39693
   -0.14100       -18.56989
   -0.13500       -18.75085
   -0.12900       -18.93878
   -0.12300       -19.13406
   -0.11700       -19.33728
   -0.11100       -19.54988
   -0.10500       -19.77327
   -0.99000E-01   -20.00649
   -0.93000E-01   -20.25234
   -0.87000E-01   -20.51319
   -0.81000E-01   -20.79027
   -0.75000E-01   -21.08597
   -0.69000E-01   -21.40260
   -0.63000E-01   -21.74749
   -0.57000E-01   -22.12501
   -0.51000E-01   -22.54258
   -0.45000E-01   -23.01153
   -0.39000E-01   -23.55051
   -0.33000E-01   -24.18241
   -0.27000E-01   -24.95565
   -0.21300E-01   -25.60305
   -0.19500E-01   -25.70850
   -0.18900E-01   -25.81760
   -0.18300E-01   -25.93033
   -0.17700E-01   -26.04673
   -0.17100E-01   -26.16735
   -0.16500E-01   -26.29263
   -0.15900E-01   -26.42244
   -0.15300E-01   -26.55759
   -0.14700E-01   -26.69804
   -0.14100E-01   -26.84468
   -0.13500E-01   -26.99766
   -0.12900E-01   -27.15765
   -0.12300E-01   -27.32612
   -0.11700E-01   -27.50336
   -0.11100E-01   -27.69034
   -0.10500E-01   -27.88798
   -0.99000E-02   -28.09861
   -0.93000E-02   -28.32346
   -0.87000E-02   -28.56505
   -0.81000E-02   -28.82665
   -0.75000E-02   -29.11226
   -0.69000E-02   -29.42718
   -0.63000E-02   -29.77714
   -0.57000E-02   -30.16891
   -0.51000E-02   -30.60955
   -0.45000E-02   -31.10737
   -0.39000E-02   -31.67189
   -0.33000E-02   -32.31268
   -0.27000E-02   -33.04311
   -0.21000E-02   -33.88648
   -0.15000E-02   -34.87791
   -0.90000E-03   -35.86205
   -0.30000E-03   -36.27855
    0.30000E-03   -35.86214
    0.90000E-03   -34.87827
    0.15000E-02   -33.88703
    0.21000E-02   -33.04441
    0.27000E-02   -32.31435
    0.33000E-02   -31.67442
    0.39000E-02   -31.11108
    0.45000E-02   -30.61352
    0.51000E-02   -30.17335
    0.57000E-02   -29.78197
    0.63000E-02   -29.43223
    0.69000E-02   -29.11765
    0.75000E-02   -28.83247
    0.81000E-02   -28.57142
    0.87000E-02   -28.33010
    0.93000E-02   -28.10558
    0.99000E-02   -27.89522
    0.10500E-01   -27.69771
    0.11100E-01   -27.51118
    0.11700E-01   -27.33435
    0.12300E-01   -27.16642
    0.12900E-01   -27.00660
    0.13500E-01   -26.85417
    0.14100E-01   -26.70837
    0.14700E-01   -26.56849
    0.15300E-01   -26.43428
    0.15900E-01   -26.30512
    0.16500E-01   -26.18087
    0.17100E-01   -26.06074
    0.17700E-01   -25.94471
    0.18300E-01   -25.83297
    0.18900E-01   -25.72444
    0.19500E-01   -25.61944
    0.21300E-01   -24.97798
    0.27000E-01   -24.21637
    0.33000E-01   -23.60041
    0.39000E-01   -23.08713
    0.45000E-01   -22.64877
    0.51000E-01   -22.26873
    0.57000E-01   -21.93633
    0.63000E-01   -21.64097
    0.69000E-01   -21.37606
    0.75000E-01   -21.13673
    0.81000E-01   -20.92018
    0.87000E-01   -20.72260
    0.93000E-01   -20.53970
    0.99000E-01   -20.37271
    0.10500       -20.21783
    0.11100       -20.07332
    0.11700       -19.93866
    0.12300       -19.81205
    0.12900       -19.69313
    0.13500       -19.58164
    0.14100       -19.47612
    0.14700       -19.37581
    0.15300       -19.27988
    0.15900       -19.19021
    0.16500       -19.10401
    0.17100       -19.02218
    0.17700       -18.94432
    0.18300       -18.86846
    0.18900       -18.79588
    0.19500       -18.72564
    0.20100       -18.65858
    0.20700       -18.59385
    0.21300       -18.53139
    0.22700       -18.07844
    0.34500       -17.17849
    0.49500       -16.61353
    0.64500       -16.17728
    0.79500       -15.81866
    0.94500       -15.51545
     1.0950       -15.25413
     1.2450       -15.02841
     1.3950       -14.83136
     1.5450       -14.65517
     1.6950       -14.49761
     1.8450       -14.35660
     1.9950       -14.22776
     2.1450       -14.11301
     2.2950       -14.00444
     2.4450       -13.90603
     2.5950       -13.81379
     2.7450       -13.72920
     2.8950       -13.65300
     3.0450       -13.58395
     3.1950       -13.51759
     3.3450       -13.45592
     3.4950       -13.39625
     3.6450       -13.34031
     3.7950       -13.28812
     3.9450       -13.23600
     4.0950       -13.18474
     4.2450       -13.13915
     4.3950       -13.09698
     4.5450       -13.05651
     4.6950       -13.01473
     4.8450       -12.97544
     4.9950       -12.93796
     5.1450       -12.90130
     5.2950       -12.86647
     5.4450       -12.83305
     5.5950       -12.80053
     5.7450       -12.76884
     5.8950       -12.73796
     6.0450       -12.70705
     6.1950       -12.67767
     6.3450       -12.64906
     6.4950       -12.62115
     6.6450       -12.59375
     6.7950       -12.56706
     6.9450       -12.54095
     7.0950       -12.51409
     7.2450       -12.48905
     7.3950       -12.46455
     7.5450       -12.44063
     7.6950       -12.41716
     7.8450       -12.39411
     7.9950       -12.37156
     8.1450       -12.34944
     8.2950       -12.32768
     8.4450       -12.30633
     8.5950       -12.28540
     8.7450       -12.26485
     8.8950       -12.24457
     9.0450       -12.22466
     9.1950       -12.20509
     9.3450       -12.18580
     9.4950       -12.16688
     9.6450       -12.14822
     9.7950       -12.12989
     9.9450       -12.11179
     10.095       -12.09400
     10.245       -12.07651
     10.395       -12.05922
     10.545       -12.04219
     10.695       -12.02542
     10.845       -12.00890
     10.995       -11.99261
     11.145       -11.97654
     11.295       -11.96071
     11.445       -11.94505
     11.595       -11.92968
     11.745       -11.91447
     11.895       -11.89943
     12.045       -11.88461
     12.195       -11.86993
     12.345       -11.85550
     12.495       -11.84128
     12.645       -11.82718
     12.795       -11.81323
     12.945       -11.79947
     13.095       -11.78589
     13.245       -11.77249
     13.395       -11.75917
     13.545       -11.74602
     13.695       -11.73303
     13.845       -11.72019
     13.995       -11.70752
     14.145       -11.69493
     14.295       -11.68254
     14.445       -11.67025
     14.595       -11.65813
     14.745       -11.64611
     14.895       -11.63426
     15.045       -11.62249
     15.195       -11.61087
     15.345       -11.59934
     15.495       -11.58793
     15.645       -11.57667
     15.795       -11.56553
     15.945       -11.55449
     16.095       -11.54354
     16.245       -11.53271
     16.395       -11.52196
     16.545       -11.51131
     16.695       -11.50076
     16.845       -11.49031
     16.995       -11.47993
     17.145       -11.46965
     17.295       -11.45950
     17.445       -11.44945
     17.595       -11.43947
     17.745       -11.42959
     17.895       -11.41977
     18.045       -11.41005
     18.195       -11.40040
     18.345       -11.39085
     18.495       -11.38137
     18.645       -11.37198
     18.795       -11.36266
     18.945       -11.35343
     19.095       -11.34426
     19.245       -11.33516
     19.395       -11.32617
     19.545       -11.31724
     19.695       -11.30839
     19.845       -11.29955
     19.995       -11.29084
     20.145       -11.28214
     20.295       -11.27354
     20.445       -11.26503
     20.595       -11.25658
     20.745       -11.24820
     20.895       -11.23984
     21.045       -11.23155
     21.195       -11.22334
     21.345       -11.21520
     21.495       -11.20710
     21.645       -11.19910
     21.795       -11.19116
     21.945       -11.18328
     22.095       -11.17540
     22.245       -11.16762
     22.395       -11.15984
     22.545       -11.15216
     22.695       -11.14453
     22.845       -11.13693
     22.995       -11.12939
     23.145       -11.12190
     23.295       -11.11442
     23.445       -11.10702
     23.595       -11.09968
     23.745       -11.09238
     23.895       -11.08509
     24.045       -11.07789
     24.195       -11.07071
     24.345       -11.06363
     24.495       -11.05656
     24.645       -11.04954
     24.795       -11.04257
     24.945       -11.03566
     25.095       -11.02878
     25.245       -11.02194
     25.395       -11.01515
     25.545       -11.00837
     25.695       -11.00166
     25.845       -10.99499
     25.995       -10.98836
     26.145       -10.98177
     26.295       -10.97524
     26.445       -10.96873
     26.595       -10.96223
     26.745       -10.95579
     26.895       -10.94943
     27.045       -10.94303
     27.195       -10.93673
     27.345       -10.93044
     27.495       -10.92418
     27.645       -10.91795
     27.795       -10.91181
     27.945       -10.90566
     28.095       -10.89959
     28.245       -10.89353
     28.395       -10.88749
     28.545       -10.88148
     28.695       -10.87552
     28.845       -10.86961
     28.995       -10.86370
     29.145       -10.85783
     29.295       -10.85200
     29.445       -10.84620
     29.595       -10.84042
     29.745       -10.83467
     29.895       -10.82894
     30.045       -10.82328
     30.195       -10.81760
     30.345       -10.81197
     30.495       -10.80639
     30.645       -10.80085
     30.795       -10.79531
     30.945       -10.78979
     31.095       -10.78433
     31.245       -10.77891
     31.395       -10.77346
     31.545       -10.76805
     31.695       -10.76270
     31.845       -10.75737
     31.995       -10.75206
     32.145       -10.74676
     32.295       -10.74151
     32.445       -10.73626
     32.595       -10.73105
     32.745       -10.72591
     32.895       -10.72074
     33.045       -10.71564
     33.195       -10.71053
     33.345       -10.70543
     33.495       -10.70037
     33.645       -10.69533
     33.795       -10.69033
     33.945       -10.68536
     34.095       -10.68038
     34.245       -10.67545
     34.395       -10.67056
     34.545       -10.66566
     34.695       -10.66076
     34.845       -10.65592
     34.995       -10.65111
     35.145       -10.64632
     35.295       -10.64156
     35.445       -10.63679
     35.595       -10.63205
     35.745       -10.62734
     35.895       -10.62262
     36.045       -10.61795
     36.195       -10.61327
     36.345       -10.60863
     36.495       -10.60401
     36.645       -10.59943
     36.795       -10.59484
     36.945       -10.59032
     37.095       -10.58578
     37.245       -10.58128
     37.395       -10.57678
     37.545       -10.57231
     37.695       -10.56786
     37.845       -10.56342
     37.995       -10.55899
     38.145       -10.55458
     38.295       -10.55022
     38.445       -10.54584
     38.595       -10.54151
     38.745       -10.53716
     38.895       -10.53282
     39.045       -10.52851
     39.195       -10.52425
     39.345       -10.51998
     39.495       -10.51574
     39.645       -10.51151
     39.795       -10.50731
     39.945       -10.50311
     40.095       -10.49893
     40.245       -10.49478
     40.395       -10.49062
     40.545       -10.48649
     40.695       -10.48238
     40.845       -10.47828
     40.995       -10.47423
     41.145       -10.47015
     41.295       -10.46611
     41.445       -10.46212
     41.595       -10.45809
     41.745       -10.45410
     41.895       -10.45011
     42.045       -10.44615
     42.195       -10.44219
     42.345       -10.43824
     42.495       -10.43432
     42.645       -10.43042
     42.795       -10.42653
     42.945       -10.42265
     43.095       -10.41881
     43.245       -10.41497
     43.395       -10.41114
     43.545       -10.40733
     43.695       -10.40354
     43.845       -10.39976
     43.995       -10.39598
     44.145       -10.39224
     44.295       -10.38846
     44.445       -10.38472
     44.595       -10.38099
     44.745       -10.37729
     44.895       -10.37361
     45.045       -10.36994
     45.195       -10.36625
     45.345       -10.36260
     45.495       -10.35895
     45.645       -10.35531
     45.795       -10.35169
     45.945       -10.34810
     46.095       -10.34450
     46.245       -10.34091
     46.395       -10.33733
     46.545       -10.33375
     46.695       -10.33022
     46.845       -10.32669
     46.995       -10.32317
     47.145       -10.31966
     47.295       -10.31617
     47.445       -10.31269
     47.595       -10.30925
     47.745       -10.30579
     47.895       -10.30233
     48.045       -10.29888
     48.195       -10.29547
     48.345       -10.29205
     48.495       -10.28865
     48.645       -10.28527
     48.795       -10.28189
     48.945       -10.27850
     49.095       -10.27518
     49.245       -10.27183
     49.395       -10.26848
     49.545       -10.26516
     49.695       -10.26185
     49.845       -10.25855
     49.995       -10.25525
     50.145       -10.25200
     50.295       -10.24871
     50.445       -10.24544
     50.595       -10.24218
     50.745       -10.23895
     50.895       -10.23574
     51.045       -10.23250
     51.195       -10.22930
     51.345       -10.22608
     51.495       -10.22288
     51.645       -10.21971
     51.795       -10.21654
     51.945       -10.21338
     52.095       -10.21024
     52.245       -10.20709
     52.395       -10.20397
     52.545       -10.20082
     52.695       -10.19771
     52.845       -10.19460
     52.995       -10.19152
     53.145       -10.18845
     53.295       -10.18538
     53.445       -10.18230
     53.595       -10.17923
     53.745       -10.17619
     53.895       -10.17317
     54.045       -10.17014
     54.195       -10.16711
     54.345       -10.16411
     54.495       -10.16111
     54.645       -10.15813
     54.795       -10.15515
     54.945       -10.15217
     55.095       -10.14922
     59.433        -9.91700
     80.646        -9.57822
     111.21        -9.24946
     153.36        -8.93085
     211.49        -8.62243
     291.64        -8.32432
     402.18        -8.03624
     554.60        -7.75794
     764.80        -7.48949
     1054.7        -7.23058
     1454.4        -6.98092
     2005.6        -6.73972
     2765.8        -6.50677
     3814.0        -6.28184
     5259.5        -6.06456
     7252.9        -5.85468
     10002.        -5.65192
     13793.        -5.45655
     19020.        -5.26856
     26229.        -5.08793
     36170.        -4.91508
     49878.        -4.74983
     68782.        -4.59174
     94851.        -4.44096
    0.13080E+06    -4.29725
    0.18038E+06    -4.16026
    0.24874E+06    -4.02962
    0.34301E+06    -3.90509
    0.47302E+06    -3.78659
    0.65229E+06    -3.67371
    0.89952E+06    -3.56629
    0.12404E+07    -3.46409
    0.17106E+07    -3.36692
    0.23589E+07    -3.27434
    0.32529E+07    -3.18628
    0.44858E+07    -3.10254
    0.61860E+07    -3.02289
    0.85305E+07    -2.94714
    0.11764E+08    -2.87497
    0.16222E+08    -2.80636
    0.22370E+08    -2.74123
    0.30849E+08    -2.67968
    0.42541E+08    -2.62183
    0.58664E+08    -2.56767
    0.80898E+08    -2.51709
    0.11156E+09    -2.46965
    0.15384E+09    -2.42521
    0.21215E+09    -2.38345
    0.29255E+09    -2.34426
    0.40343E+09    -2.30734
    0.55633E+09    -2.27273
    0.76719E+09    -2.24114
    0.10580E+10    -2.21239
    0.14589E+10    -2.18598
    0.20119E+10    -2.16168
    0.27744E+10    -2.13929
    0.38259E+10    -2.11860
    0.52760E+10    -2.09949
    0.72756E+10    -2.08190
    0.10033E+11    -2.06565
    0.13836E+11    -2.05066
    0.19079E+11    -2.03678
    0.26311E+11    -2.02399
    0.36283E+11    -2.01218
    0.50034E+11    -2.00133
    0.68997E+11    -1.99128
    0.10000E+12    -1.87047
