    -99.945         0.00000     0.00000     0.00000     0.00000
    -99.795         0.00000     0.00000     0.00000     0.00000
    -99.645         0.00000     0.00000     0.00000     0.00000
    -99.495         0.00000     0.00000     0.00000     0.00000
    -99.345         0.00000     0.00000     0.00000     0.00000
    -99.195         0.00000     0.00000     0.00000     0.00000
    -99.045         0.00000     0.00000     0.00000     0.00000
    -98.895         0.00000     0.00000     0.00000     0.00000
    -98.745         0.00000     0.00000     0.00000     0.00000
    -98.595         0.00000     0.00000     0.00000     0.00000
    -98.445         0.00000     0.00000     0.00000     0.00000
    -98.295         0.00000     0.00000     0.00000     0.00000
    -98.145         0.00000     0.00000     0.00000     0.00000
    -97.995         0.00000     0.00000     0.00000     0.00000
    -97.845         0.00000     0.00000     0.00000     0.00000
    -97.695         0.00000     0.00000     0.00000     0.00000
    -97.545         0.00000     0.00000     0.00000     0.00000
    -97.395         0.00000     0.00000     0.00000     0.00000
    -97.245         0.00000     0.00000     0.00000     0.00000
    -97.095         0.00000     0.00000     0.00000     0.00000
    -96.945         0.00000     0.00000     0.00000     0.00000
    -96.795         0.00000     0.00000     0.00000     0.00000
    -96.645         0.00000     0.00000     0.00000     0.00000
    -96.495         0.00000     0.00000     0.00000     0.00000
    -96.345         0.00000     0.00000     0.00000     0.00000
    -96.195         0.00000     0.00000     0.00000     0.00000
    -96.045         0.00000     0.00000     0.00000     0.00000
    -95.895         0.00000     0.00000     0.00000     0.00000
    -95.745         0.00000     0.00000     0.00000     0.00000
    -95.595         0.00000     0.00000     0.00000     0.00000
    -95.445         0.00000     0.00000     0.00000     0.00000
    -95.295         0.00000     0.00000     0.00000     0.00000
    -95.145         0.00000     0.00000     0.00000     0.00000
    -94.995         0.00000     0.00000     0.00000     0.00000
    -94.845         0.00000     0.00000     0.00000     0.00000
    -94.695         0.00000     0.00000     0.00000     0.00000
    -94.545         0.00000     0.00000     0.00000     0.00000
    -94.395         0.00000     0.00000     0.00000     0.00000
    -94.245         0.00000     0.00000     0.00000     0.00000
    -94.095         0.00000     0.00000     0.00000     0.00000
    -93.945         0.00000     0.00000     0.00000     0.00000
    -93.795         0.00000     0.00000     0.00000     0.00000
    -93.645         0.00000     0.00000     0.00000     0.00000
    -93.495         0.00000     0.00000     0.00000     0.00000
    -93.345         0.00000     0.00000     0.00000     0.00000
    -93.195         0.00000     0.00000     0.00000     0.00000
    -93.045         0.00000     0.00000     0.00000     0.00000
    -92.895         0.00000     0.00000     0.00000     0.00000
    -92.745         0.00000     0.00000     0.00000     0.00000
    -92.595         0.00000     0.00000     0.00000     0.00000
    -92.445         0.00000     0.00000     0.00000     0.00000
    -92.295         0.00000     0.00000     0.00000     0.00000
    -92.145         0.00000     0.00000     0.00000     0.00000
    -91.995         0.00000     0.00000     0.00000     0.00000
    -91.845         0.00000     0.00000     0.00000     0.00000
    -91.695         0.00000     0.00000     0.00000     0.00000
    -91.545         0.00000     0.00000     0.00000     0.00000
    -91.395         0.00000     0.00000     0.00000     0.00000
    -91.245         0.00000     0.00000     0.00000     0.00000
    -91.095         0.00000     0.00000     0.00000     0.00000
    -90.945         0.00000     0.00000     0.00000     0.00000
    -90.795         0.00000     0.00000     0.00000     0.00000
    -90.645         0.00000     0.00000     0.00000     0.00000
    -90.495         0.00000     0.00000     0.00000     0.00000
    -90.345         0.00000     0.00000     0.00000     0.00000
    -90.195         0.00000     0.00000     0.00000     0.00000
    -90.045         0.00000     0.00000     0.00000     0.00000
    -89.895         0.00000     0.00000     0.00000     0.00000
    -89.745         0.00000     0.00000     0.00000     0.00000
    -89.595         0.00000     0.00000     0.00000     0.00000
    -89.445         0.00000     0.00000     0.00000     0.00000
    -89.295         0.00000     0.00000     0.00000     0.00000
    -89.145         0.00000     0.00000     0.00000     0.00000
    -88.995         0.00000     0.00000     0.00000     0.00000
    -88.845         0.00000     0.00000     0.00000     0.00000
    -88.695         0.00000     0.00000     0.00000     0.00000
    -88.545         0.00000     0.00000     0.00000     0.00000
    -88.395         0.00000     0.00000     0.00000     0.00000
    -88.245         0.00000     0.00000     0.00000     0.00000
    -88.095         0.00000     0.00000     0.00000     0.00000
    -87.945         0.00000     0.00000     0.00000     0.00000
    -87.795         0.00000     0.00000     0.00000     0.00000
    -87.645         0.00000     0.00000     0.00000     0.00000
    -87.495         0.00000     0.00000     0.00000     0.00000
    -87.345         0.00000     0.00000     0.00000     0.00000
    -87.195         0.00000     0.00000     0.00000     0.00000
    -87.045         0.00000     0.00000     0.00000     0.00000
    -86.895         0.00000     0.00000     0.00000     0.00000
    -86.745         0.00000     0.00000     0.00000     0.00000
    -86.595         0.00000     0.00000     0.00000     0.00000
    -86.445         0.00000     0.00000     0.00000     0.00000
    -86.295         0.00000     0.00000     0.00000     0.00000
    -86.145         0.00000     0.00000     0.00000     0.00000
    -85.995         0.00000     0.00000     0.00000     0.00000
    -85.845         0.00000     0.00000     0.00000     0.00000
    -85.695         0.00000     0.00000     0.00000     0.00000
    -85.545         0.00000     0.00000     0.00000     0.00000
    -85.395         0.00000     0.00000     0.00000     0.00000
    -85.245         0.00000     0.00000     0.00000     0.00000
    -85.095         0.00000     0.00000     0.00000     0.00000
    -84.945         0.00000     0.00000     0.00000     0.00000
    -84.795         0.00000     0.00000     0.00000     0.00000
    -84.645         0.00000     0.00000     0.00000     0.00000
    -84.495         0.00000     0.00000     0.00000     0.00000
    -84.345         0.00000     0.00000     0.00000     0.00000
    -84.195         0.00000     0.00000     0.00000     0.00000
    -84.045         0.00000     0.00000     0.00000     0.00000
    -83.895         0.00000     0.00000     0.00000     0.00000
    -83.745         0.00000     0.00000     0.00000     0.00000
    -83.595         0.00000     0.00000     0.00000     0.00000
    -83.445         0.00000     0.00000     0.00000     0.00000
    -83.295         0.00000     0.00000     0.00000     0.00000
    -83.145         0.00000     0.00000     0.00000     0.00000
    -82.995         0.00000     0.00000     0.00000     0.00000
    -82.845         0.00000     0.00000     0.00000     0.00000
    -82.695         0.00000     0.00000     0.00000     0.00000
    -82.545         0.00000     0.00000     0.00000     0.00000
    -82.395         0.00000     0.00000     0.00000     0.00000
    -82.245         0.00000     0.00000     0.00000     0.00000
    -82.095         0.00000     0.00000     0.00000     0.00000
    -81.945         0.00000     0.00000     0.00000     0.00000
    -81.795         0.00000     0.00000     0.00000     0.00000
    -81.645         0.00000     0.00000     0.00000     0.00000
    -81.495         0.00000     0.00000     0.00000     0.00000
    -81.345         0.00000     0.00000     0.00000     0.00000
    -81.195         0.00000     0.00000     0.00000     0.00000
    -81.045         0.00000     0.00000     0.00000     0.00000
    -80.895         0.00000     0.00000     0.00000     0.00000
    -80.745         0.00000     0.00000     0.00000     0.00000
    -80.595         0.00000     0.00000     0.00000     0.00000
    -80.445         0.00000     0.00000     0.00000     0.00000
    -80.295         0.00000     0.00000     0.00000     0.00000
    -80.145         0.00000     0.00000     0.00000     0.00000
    -79.995         0.00000     0.00000     0.00000     0.00000
    -79.845         0.00000     0.00000     0.00000     0.00000
    -79.695         0.00000     0.00000     0.00000     0.00000
    -79.545         0.00000     0.00000     0.00000     0.00000
    -79.395         0.00000     0.00000     0.00000     0.00000
    -79.245         0.00000     0.00000     0.00000     0.00000
    -79.095         0.00000     0.00000     0.00000     0.00000
    -78.945         0.00000     0.00000     0.00000     0.00000
    -78.795         0.00000     0.00000     0.00000     0.00000
    -78.645         0.00000     0.00000     0.00000     0.00000
    -78.495         0.00000     0.00000     0.00000     0.00000
    -78.345         0.00000     0.00000     0.00000     0.00000
    -78.195         0.00000     0.00000     0.00000     0.00000
    -78.045         0.00000     0.00000     0.00000     0.00000
    -77.895         0.00000     0.00000     0.00000     0.00000
    -77.745         0.00000     0.00000     0.00000     0.00000
    -77.595         0.00000     0.00000     0.00000     0.00000
    -77.445         0.00000     0.00000     0.00000     0.00000
    -77.295         0.00000     0.00000     0.00000     0.00000
    -77.145         0.00000     0.00000     0.00000     0.00000
    -76.995         0.00000     0.00000     0.00000     0.00000
    -76.845         0.00000     0.00000     0.00000     0.00000
    -76.695         0.00000     0.00000     0.00000     0.00000
    -76.545         0.00000     0.00000     0.00000     0.00000
    -76.395         0.00000     0.00000     0.00000     0.00000
    -76.245         0.00000     0.00000     0.00000     0.00000
    -76.095         0.00000     0.00000     0.00000     0.00000
    -75.945         0.00000     0.00000     0.00000     0.00000
    -75.795         0.00000     0.00000     0.00000     0.00000
    -75.645         0.00000     0.00000     0.00000     0.00000
    -75.495         0.00000     0.00000     0.00000     0.00000
    -75.345         0.00000     0.00000     0.00000     0.00000
    -75.195         0.00000     0.00000     0.00000     0.00000
    -75.045         0.00000     0.00000     0.00000     0.00000
    -74.895         0.00000     0.00000     0.00000     0.00000
    -74.745         0.00000     0.00000     0.00000     0.00000
    -74.595         0.00000     0.00000     0.00000     0.00000
    -74.445         0.00000     0.00000     0.00000     0.00000
    -74.295         0.00000     0.00000     0.00000     0.00000
    -74.145         0.00000     0.00000     0.00000     0.00000
    -73.995         0.00000     0.00000     0.00000     0.00000
    -73.845         0.00000     0.00000     0.00000     0.00000
    -73.695         0.00000     0.00000     0.00000     0.00000
    -73.545         0.00000     0.00000     0.00000     0.00000
    -73.395         0.00000     0.00000     0.00000     0.00000
    -73.245         0.00000     0.00000     0.00000     0.00000
    -73.095         0.00000     0.00000     0.00000     0.00000
    -72.945         0.00000     0.00000     0.00000     0.00000
    -72.795         0.00000     0.00000     0.00000     0.00000
    -72.645         0.00000     0.00000     0.00000     0.00000
    -72.495         0.00000     0.00000     0.00000     0.00000
    -72.345         0.00000     0.00000     0.00000     0.00000
    -72.195         0.00000     0.00000     0.00000     0.00000
    -72.045         0.00000     0.00000     0.00000     0.00000
    -71.895         0.00000     0.00000     0.00000     0.00000
    -71.745         0.00000     0.00000     0.00000     0.00000
    -71.595         0.00000     0.00000     0.00000     0.00000
    -71.445         0.00000     0.00000     0.00000     0.00000
    -71.295         0.00000     0.00000     0.00000     0.00000
    -71.145         0.00000     0.00000     0.00000     0.00000
    -70.995         0.00000     0.00000     0.00000     0.00000
    -70.845         0.00000     0.00000     0.00000     0.00000
    -70.695         0.00000     0.00000     0.00000     0.00000
    -70.545         0.00000     0.00000     0.00000     0.00000
    -70.395         0.00000     0.00000     0.00000     0.00000
    -70.245         0.00000     0.00000     0.00000     0.00000
    -70.095         0.00000     0.00000     0.00000     0.00000
    -69.945         0.00000     0.00000     0.00000     0.00000
    -69.795         0.00000     0.00000     0.00000     0.00000
    -69.645         0.00000     0.00000     0.00000     0.00000
    -69.495         0.00000     0.00000     0.00000     0.00000
    -69.345         0.00000     0.00000     0.00000     0.00000
    -69.195         0.00000     0.00000     0.00000     0.00000
    -69.045         0.00000     0.00000     0.00000     0.00000
    -68.895         0.00000     0.00000     0.00000     0.00000
    -68.745         0.00000     0.00000     0.00000     0.00000
    -68.595         0.00000     0.00000     0.00000     0.00000
    -68.445         0.00000     0.00000     0.00000     0.00000
    -68.295         0.00000     0.00000     0.00000     0.00000
    -68.145         0.00000     0.00000     0.00000     0.00000
    -67.995         0.00000     0.00000     0.00000     0.00000
    -67.845         0.00000     0.00000     0.00000     0.00000
    -67.695         0.00000     0.00000     0.00000     0.00000
    -67.545         0.00000     0.00000     0.00000     0.00000
    -67.395         0.00000     0.00000     0.00000     0.00000
    -67.245         0.00000     0.00000     0.00000     0.00000
    -67.095         0.00000     0.00000     0.00000     0.00000
    -66.945         0.00000     0.00000     0.00000     0.00000
    -66.795         0.00000     0.00000     0.00000     0.00000
    -66.645         0.00000     0.00000     0.00000     0.00000
    -66.495         0.00000     0.00000     0.00000     0.00000
    -66.345         0.00000     0.00000     0.00000     0.00000
    -66.195         0.00000     0.00000     0.00000     0.00000
    -66.045         0.00000     0.00000     0.00000     0.00000
    -65.895         0.00000     0.00000     0.00000     0.00000
    -65.745         0.00000     0.00000     0.00000     0.00000
    -65.595         0.00000     0.00000     0.00000     0.00000
    -65.445         0.00000     0.00000     0.00000     0.00000
    -65.295         0.00000     0.00000     0.00000     0.00000
    -65.145         0.00000     0.00000     0.00000     0.00000
    -64.995         0.00000     0.00000     0.00000     0.00000
    -64.845         0.00000     0.00000     0.00000     0.00000
    -64.695         0.00000     0.00000     0.00000     0.00000
    -64.545         0.00000     0.00000     0.00000     0.00000
    -64.395         0.00000     0.00000     0.00000     0.00000
    -64.245         0.00000     0.00000     0.00000     0.00000
    -64.095         0.00000     0.00000     0.00000     0.00000
    -63.945         0.00000     0.00000     0.00000     0.00000
    -63.795         0.00000     0.00000     0.00000     0.00000
    -63.645         0.00000     0.00000     0.00000     0.00000
    -63.495         0.00000     0.00000     0.00000     0.00000
    -63.345         0.00000     0.00000     0.00000     0.00000
    -63.195         0.00000     0.00000     0.00000     0.00000
    -63.045         0.00000     0.00000     0.00000     0.00000
    -62.895         0.00000     0.00000     0.00000     0.00000
    -62.745         0.00000     0.00000     0.00000     0.00000
    -62.595         0.00000     0.00000     0.00000     0.00000
    -62.445         0.00000     0.00000     0.00000     0.00000
    -62.295         0.00000     0.00000     0.00000     0.00000
    -62.145         0.00000     0.00000     0.00000     0.00000
    -61.995         0.00000     0.00000     0.00000     0.00000
    -61.845         0.00000     0.00000     0.00000     0.00000
    -61.695         0.00000     0.00000     0.00000     0.00000
    -61.545         0.00000     0.00000     0.00000     0.00000
    -61.395         0.00000     0.00000     0.00000     0.00000
    -61.245         0.00000     0.00000     0.00000     0.00000
    -61.095         0.00000     0.00000     0.00000     0.00000
    -60.945         0.00000     0.00000     0.00000     0.00000
    -60.795         0.00000     0.00000     0.00000     0.00000
    -60.645         0.00000     0.00000     0.00000     0.00000
    -60.495         0.00000     0.00000     0.00000     0.00000
    -60.345         0.00000     0.00000     0.00000     0.00000
    -60.195         0.00000     0.00000     0.00000     0.00000
    -60.045         0.00000     0.00000     0.00000     0.00000
    -59.895         0.00000     0.00000     0.00000     0.00000
    -59.745         0.00000     0.00000     0.00000     0.00000
    -59.595         0.00000     0.00000     0.00000     0.00000
    -59.445         0.00000     0.00000     0.00000     0.00000
    -59.295         0.00000     0.00000     0.00000     0.00000
    -59.145         0.00000     0.00000     0.00000     0.00000
    -58.995         0.00000     0.00000     0.00000     0.00000
    -58.845         0.00000     0.00000     0.00000     0.00000
    -58.695         0.00000     0.00000     0.00000     0.00000
    -58.545         0.00000     0.00000     0.00000     0.00000
    -58.395         0.00000     0.00000     0.00000     0.00000
    -58.245         0.00000     0.00000     0.00000     0.00000
    -58.095         0.00000     0.00000     0.00000     0.00000
    -57.945         0.00000     0.00000     0.00000     0.00000
    -57.795         0.00000     0.00000     0.00000     0.00000
    -57.645         0.00000     0.00000     0.00000     0.00000
    -57.495         0.00000     0.00000     0.00000     0.00000
    -57.345         0.00000     0.00000     0.00000     0.00000
    -57.195         0.00000     0.00000     0.00000     0.00000
    -57.045         0.00000     0.00000     0.00000     0.00000
    -56.895         0.00000     0.00000     0.00000     0.00000
    -56.745         0.00000     0.00000     0.00000     0.00000
    -56.595         0.00000     0.00000     0.00000     0.00000
    -56.445         0.00000     0.00000     0.00000     0.00000
    -56.295         0.00000     0.00000     0.00000     0.00000
    -56.145         0.00000     0.00000     0.00000     0.00000
    -55.995         0.00000     0.00000     0.00000     0.00000
    -55.845         0.00000     0.00000     0.00000     0.00000
    -55.695         0.00000     0.00000     0.00000     0.00000
    -55.545         0.00000     0.00000     0.00000     0.00000
    -55.395         0.00000     0.00000     0.00000     0.00000
    -55.245         0.00000     0.00000     0.00000     0.00000
    -55.095         0.00000     0.00000     0.00000     0.00000
    -54.945         0.00000     0.00000     0.00000     0.00000
    -54.795         0.00000     0.00000     0.00000     0.00000
    -54.645         0.00000     0.00000     0.00000     0.00000
    -54.495         0.00000     0.00000     0.00000     0.00000
    -54.345         0.00000     0.00000     0.00000     0.00000
    -54.195         0.00000     0.00000     0.00000     0.00000
    -54.045         0.00000     0.00000     0.00000     0.00000
    -53.895         0.00000     0.00000     0.00000     0.00000
    -53.745         0.00000     0.00000     0.00000     0.00000
    -53.595         0.00000     0.00000     0.00000     0.00000
    -53.445         0.00000     0.00000     0.00000     0.00000
    -53.295         0.00000     0.00000     0.00000     0.00000
    -53.145         0.00000     0.00000     0.00000     0.00000
    -52.995         0.00000     0.00000     0.00000     0.00000
    -52.845         0.00000     0.00000     0.00000     0.00000
    -52.695         0.00000     0.00000     0.00000     0.00000
    -52.545         0.00000     0.00000     0.00000     0.00000
    -52.395         0.00000     0.00000     0.00000     0.00000
    -52.245         0.00000     0.00000     0.00000     0.00000
    -52.095         0.00000     0.00000     0.00000     0.00000
    -51.945         0.00000     0.00000     0.00000     0.00000
    -51.795         0.00000     0.00000     0.00000     0.00000
    -51.645         0.00000     0.00000     0.00000     0.00000
    -51.495         0.00000     0.00000     0.00000     0.00000
    -51.345         0.00000     0.00000     0.00000     0.00000
    -51.195         0.00000     0.00000     0.00000     0.00000
    -51.045         0.00000     0.00000     0.00000     0.00000
    -50.895         0.00000     0.00000     0.00000     0.00000
    -50.745         0.00000     0.00000     0.00000     0.00000
    -50.595         0.00000     0.00000     0.00000     0.00000
    -50.445         0.00000     0.00000     0.00000     0.00000
    -50.295         0.00000     0.00000     0.00000     0.00000
    -50.145         0.00000     0.00000     0.00000     0.00000
    -49.995         0.00000     0.00000     0.00000     0.00000
    -49.845         0.00000     0.00000     0.00000     0.00000
    -49.695         0.00000     0.00000     0.00000     0.00000
    -49.545         0.00000     0.00000     0.00000     0.00000
    -49.395         0.00000     0.00000     0.00000     0.00000
    -49.245         0.00000     0.00000     0.00000     0.00000
    -49.095         0.00000     0.00000     0.00000     0.00000
    -48.945         0.00000     0.00000     0.00000     0.00000
    -48.795         0.00000     0.00000     0.00000     0.00000
    -48.645         0.00000     0.00000     0.00000     0.00000
    -48.495         0.00000     0.00000     0.00000     0.00000
    -48.345         0.00000     0.00000     0.00000     0.00000
    -48.195         0.00000     0.00000     0.00000     0.00000
    -48.045         0.00000     0.00000     0.00000     0.00000
    -47.895         0.00000     0.00000     0.00000     0.00000
    -47.745         0.00000     0.00000     0.00000     0.00000
    -47.595         0.00000     0.00000     0.00000     0.00000
    -47.445         0.00000     0.00000     0.00000     0.00000
    -47.295         0.00000     0.00000     0.00000     0.00000
    -47.145         0.00000     0.00000     0.00000     0.00000
    -46.995         0.00000     0.00000     0.00000     0.00000
    -46.845         0.00000     0.00000     0.00000     0.00000
    -46.695         0.00000     0.00000     0.00000     0.00000
    -46.545         0.00000     0.00000     0.00000     0.00000
    -46.395         0.00000     0.00000     0.00000     0.00000
    -46.245         0.00000     0.00000     0.00000     0.00000
    -46.095         0.00000     0.00000     0.00000     0.00000
    -45.945         0.00000     0.00000     0.00000     0.00000
    -45.795         0.00000     0.00000     0.00000     0.00000
    -45.645         0.00000     0.00000     0.00000     0.00000
    -45.495         0.00000     0.00000     0.00000     0.00000
    -45.345         0.00000     0.00000     0.00000     0.00000
    -45.195         0.00000     0.00000     0.00000     0.00000
    -45.045         0.00000     0.00000     0.00000     0.00000
    -44.895         0.00000     0.00000     0.00000     0.00000
    -44.745         0.00000     0.00000     0.00000     0.00000
    -44.595         0.00000     0.00000     0.00000     0.00000
    -44.445         0.00000     0.00000     0.00000     0.00000
    -44.295         0.00000     0.00000     0.00000     0.00000
    -44.145         0.00000     0.00000     0.00000     0.00000
    -43.995         0.00000     0.00000     0.00000     0.00000
    -43.845         0.00000     0.00000     0.00000     0.00000
    -43.695         0.00000     0.00000     0.00000     0.00000
    -43.545         0.00000     0.00000     0.00000     0.00000
    -43.395         0.00000     0.00000     0.00000     0.00000
    -43.245         0.00000     0.00000     0.00000     0.00000
    -43.095         0.00000     0.00000     0.00000     0.00000
    -42.945         0.00000     0.00000     0.00000     0.00000
    -42.795         0.00000     0.00000     0.00000     0.00000
    -42.645         0.00000     0.00000     0.00000     0.00000
    -42.495         0.00000     0.00000     0.00000     0.00000
    -42.345         0.00000     0.00000     0.00000     0.00000
    -42.195         0.00000     0.00000     0.00000     0.00000
    -42.045         0.00000     0.00000     0.00000     0.00000
    -41.895         0.00000     0.00000     0.00000     0.00000
    -41.745         0.00000     0.00000     0.00000     0.00000
    -41.595         0.00000     0.00000     0.00000     0.00000
    -41.445         0.00000     0.00000     0.00000     0.00000
    -41.295         0.00000     0.00000     0.00000     0.00000
    -41.145         0.00000     0.00000     0.00000     0.00000
    -40.995         0.00000     0.00000     0.00000     0.00000
    -40.845         0.00000     0.00000     0.00000     0.00000
    -40.695         0.00000     0.00000     0.00000     0.00000
    -40.545         0.00000     0.00000     0.00000     0.00000
    -40.395         0.00000     0.00000     0.00000     0.00000
    -40.245         0.00000     0.00000     0.00000     0.00000
    -40.095         0.00000     0.00000     0.00000     0.00000
    -39.945         0.00000     0.00000     0.00000     0.00000
    -39.795         0.00000     0.00000     0.00000     0.00000
    -39.645         0.00000     0.00000     0.00000     0.00000
    -39.495         0.00000     0.00000     0.00000     0.00000
    -39.345         0.00000     0.00000     0.00000     0.00000
    -39.195         0.00000     0.00000     0.00000     0.00000
    -39.045         0.00000     0.00000     0.00000     0.00000
    -38.895         0.00000     0.00000     0.00000     0.00000
    -38.745         0.00000     0.00000     0.00000     0.00000
    -38.595         0.00000     0.00000     0.00000     0.00000
    -38.445         0.00000     0.00000     0.00000     0.00000
    -38.295         0.00000     0.00000     0.00000     0.00000
    -38.145         0.00000     0.00000     0.00000     0.00000
    -37.995         0.00000     0.00000     0.00000     0.00000
    -37.845         0.00000     0.00000     0.00000     0.00000
    -37.695         0.00000     0.00000     0.00000     0.00000
    -37.545         0.00000     0.00000     0.00000     0.00000
    -37.395         0.00000     0.00000     0.00000     0.00000
    -37.245         0.00000     0.00000     0.00000     0.00000
    -37.095         0.00000     0.00000     0.00000     0.00000
    -36.945         0.00000     0.00000     0.00000     0.00000
    -36.795         0.00000     0.00000     0.00000     0.00000
    -36.645         0.00000     0.00000     0.00000     0.00000
    -36.495         0.00000     0.00000     0.00000     0.00000
    -36.345         0.00000     0.00000     0.00000     0.00000
    -36.195         0.00000     0.00000     0.00000     0.00000
    -36.045         0.00000     0.00000     0.00000     0.00000
    -35.895         0.00000     0.00000     0.00000     0.00000
    -35.745         0.00000     0.00000     0.00000     0.00000
    -35.595         0.00000     0.00000     0.00000     0.00000
    -35.445         0.00000     0.00000     0.00000     0.00000
    -35.295         0.00000     0.00000     0.00000     0.00000
    -35.145         0.00000     0.00000     0.00000     0.00000
    -34.995         0.00000     0.00000     0.00000     0.00000
    -34.845         0.00000     0.00000     0.00000     0.00000
    -34.695         0.00000     0.00000     0.00000     0.00000
    -34.545         0.00000     0.00000     0.00000     0.00000
    -34.395         0.00000     0.00000     0.00000     0.00000
    -34.245         0.00000     0.00000     0.00000     0.00000
    -34.095         0.00000     0.00000     0.00000     0.00000
    -33.945         0.00000     0.00000     0.00000     0.00000
    -33.795         0.00000     0.00000     0.00000     0.00000
    -33.645         0.00000     0.00000     0.00000     0.00000
    -33.495         0.00000     0.00000     0.00000     0.00000
    -33.345         0.00000     0.00000     0.00000     0.00000
    -33.195         0.00000     0.00000     0.00000     0.00000
    -33.045         0.00000     0.00000     0.00000     0.00000
    -32.895         0.00000     0.00000     0.00000     0.00000
    -32.745         0.00000     0.00000     0.00000     0.00000
    -32.595         0.00000     0.00000     0.00000     0.00000
    -32.445         0.00000     0.00000     0.00000     0.00000
    -32.295         0.00000     0.00000     0.00000     0.00000
    -32.145         0.00000     0.00000     0.00000     0.00000
    -31.995         0.00000     0.00000     0.00000     0.00000
    -31.845         0.00000     0.00000     0.00000     0.00000
    -31.695         0.00000     0.00000     0.00000     0.00000
    -31.545         0.00000     0.00000     0.00000     0.00000
    -31.395         0.00000     0.00000     0.00000     0.00000
    -31.245         0.00000     0.00000     0.00000     0.00000
    -31.095         0.00000     0.00000     0.00000     0.00000
    -30.945         0.00000     0.00000     0.00000     0.00000
    -30.795         0.00000     0.00000     0.00000     0.00000
    -30.645         0.00000     0.00000     0.00000     0.00000
    -30.495         0.00000     0.00000     0.00000     0.00000
    -30.345         0.00000     0.00000     0.00000     0.00000
    -30.195         0.00000     0.00000     0.00000     0.00000
    -30.045         0.00000     0.00000     0.00000     0.00000
    -29.895         0.00000     0.00000     0.00000     0.00000
    -29.745         0.00000     0.00000     0.00000     0.00000
    -29.595         0.00000     0.00000     0.00000     0.00000
    -29.445         0.00000     0.00000     0.00000     0.00000
    -29.295         0.00000     0.00000     0.00000     0.00000
    -29.145         0.00000     0.00000     0.00000     0.00000
    -28.995         0.00000     0.00000     0.00000     0.00000
    -28.845         0.00000     0.00000     0.00000     0.00000
    -28.695         0.00000     0.00000     0.00000     0.00000
    -28.545         0.00000     0.00000     0.00000     0.00000
    -28.395         0.00000     0.00000     0.00000     0.00000
    -28.245         0.00000     0.00000     0.00000     0.00000
    -28.095         0.00000     0.00000     0.00000     0.00000
    -27.945         0.00000     0.00000     0.00000     0.00000
    -27.795         0.00000     0.00000     0.00000     0.00000
    -27.645         0.00000     0.00000     0.00000     0.00000
    -27.495         0.00000     0.00000     0.00000     0.00000
    -27.345         0.00000     0.00000     0.00000     0.00000
    -27.195         0.00000     0.00000     0.00000     0.00000
    -27.045         0.00000     0.00000     0.00000     0.00000
    -26.895         0.00000     0.00000     0.00000     0.00000
    -26.745         0.00000     0.00000     0.00000     0.00000
    -26.595         0.00000     0.00000     0.00000     0.00000
    -26.445         0.00000     0.00000     0.00000     0.00000
    -26.295         0.00000     0.00000     0.00000     0.00000
    -26.145         0.00000     0.00000     0.00000     0.00000
    -25.995         0.00000     0.00000     0.00000     0.00000
    -25.845         0.00000     0.00000     0.00000     0.00000
    -25.695         0.00000     0.00000     0.00000     0.00000
    -25.545         0.00000     0.00000     0.00000     0.00000
    -25.395         0.00000     0.00000     0.00000     0.00000
    -25.245         0.00000     0.00000     0.00000     0.00000
    -25.095         0.00000     0.00000     0.00000     0.00000
    -24.945         0.00000     0.00000     0.00000     0.00000
    -24.795         0.00000     0.00000     0.00000     0.00000
    -24.645         0.00000     0.00000     0.00000     0.00000
    -24.495         0.00000     0.00000     0.00000     0.00000
    -24.345         0.00000     0.00000     0.00000     0.00000
    -24.195         0.00000     0.00000     0.00000     0.00000
    -24.045         0.00000     0.00000     0.00000     0.00000
    -23.895         0.00000     0.00000     0.00000     0.00000
    -23.745         0.00000     0.00000     0.00000     0.00000
    -23.595         0.00000     0.00000     0.00000     0.00000
    -23.445         0.00000     0.00000     0.00000     0.00000
    -23.295         0.00000     0.00000     0.00000     0.00000
    -23.145         0.00000     0.00000     0.00000     0.00000
    -22.995         0.00000     0.00000     0.00000     0.00000
    -22.845         0.00000     0.00000     0.00000     0.00000
    -22.695         0.00000     0.00000     0.00000     0.00000
    -22.545         0.00000     0.00000     0.00000     0.00000
    -22.395         0.00000     0.00000     0.00000     0.00000
    -22.245         0.00000     0.00000     0.00000     0.00000
    -22.095         0.00000     0.00000     0.00000     0.00000
    -21.945         0.00000     0.00000     0.00000     0.00000
    -21.795         0.00000     0.00000     0.00000     0.00000
    -21.645         0.00000     0.00000     0.00000     0.00000
    -21.495         0.00000     0.00000     0.00000     0.00000
    -21.345         0.00000     0.00000     0.00000     0.00000
    -21.195         0.00000     0.00000     0.00000     0.00000
    -21.045         0.00000     0.00000     0.00000     0.00000
    -20.895         0.00000     0.00000     0.00000     0.00000
    -20.745         0.00000     0.00000     0.00000     0.00000
    -20.595         0.00000     0.00000     0.00000     0.00000
    -20.445         0.00000     0.00000     0.00000     0.00000
    -20.295         0.00000     0.00000     0.00000     0.00000
    -20.145         0.00000     0.00000     0.00000     0.00000
    -19.995         0.00000     0.00000     0.00000     0.00000
    -19.845         0.00000     0.00000     0.00000     0.00000
    -19.695         0.00000     0.00000     0.00000     0.00000
    -19.545         0.00000     0.00000     0.00000     0.00000
    -19.395         0.00000     0.00000     0.00000     0.00000
    -19.245         0.00000     0.00000     0.00000     0.00000
    -19.095         0.00000     0.00000     0.00000     0.00000
    -18.945         0.00000     0.00000     0.00000     0.00000
    -18.795         0.00000     0.00000     0.00000     0.00000
    -18.645         0.00000     0.00000     0.00000     0.00000
    -18.495         0.00000     0.00000     0.00000     0.00000
    -18.345         0.00000     0.00000     0.00000     0.00000
    -18.195         0.00000     0.00000     0.00000     0.00000
    -18.045         0.00000     0.00000     0.00000     0.00000
    -17.895         0.00000     0.00000     0.00000     0.00000
    -17.745         0.00000     0.00000     0.00000     0.00000
    -17.595         0.00000     0.00000     0.00000     0.00000
    -17.445         0.00000     0.00000     0.00000     0.00000
    -17.295         0.00000     0.00000     0.00000     0.00000
    -17.145         0.00000     0.00000     0.00000     0.00000
    -16.995         0.00000     0.00000     0.00000     0.00000
    -16.845         0.00000     0.00000     0.00000     0.00000
    -16.695         0.00000     0.00000     0.00000     0.00000
    -16.545         0.00000     0.00000     0.00000     0.00000
    -16.395         0.00000     0.00000     0.00000     0.00000
    -16.245         0.00000     0.00000     0.00000     0.00000
    -16.095         0.00000     0.00000     0.00000     0.00000
    -15.945         0.00000     0.00000     0.00000     0.00000
    -15.795         0.00000     0.00000     0.00000     0.00000
    -15.645         0.00000     0.00000     0.00000     0.00000
    -15.495         0.00000     0.00000     0.00000     0.00000
    -15.345         0.00000     0.00000     0.00000     0.00000
    -15.195         0.00000     0.00000     0.00000     0.00000
    -15.045         0.00000     0.00000     0.00000     0.00000
    -14.895         0.00000     0.00000     0.00000     0.00000
    -14.745         0.00000     0.00000     0.00000     0.00000
    -14.595         0.00000     0.00000     0.00000     0.00000
    -14.445         0.00000     0.00000     0.00000     0.00000
    -14.295         0.00000     0.00000     0.00000     0.00000
    -14.145         0.00000     0.00000     0.00000     0.00000
    -13.995        -0.00000    -0.00000     0.00000     0.00000
    -13.845        -0.00000    -0.00000     0.00000     0.00000
    -13.695         0.00000     0.00000     0.00000     0.00000
    -13.545         0.00000     0.00000     0.00000     0.00000
    -13.395        -0.00259    -0.00259     0.00000     0.00000
    -13.245        -0.00589    -0.00589     0.00000     0.00000
    -13.095        -0.01289    -0.01289     0.00000     0.00000
    -12.945        -0.02239    -0.02239     0.00000     0.00000
    -12.795        -0.03029    -0.03029     0.00000     0.00000
    -12.645        -0.04070    -0.04070     0.00000     0.00000
    -12.495        -0.04767    -0.04767     0.00000     0.00000
    -12.345        -0.05591    -0.05591     0.00000     0.00000
    -12.195        -0.06592    -0.06592     0.00000     0.00000
    -12.045        -0.07252    -0.07252     0.00000     0.00000
    -11.895        -0.07921    -0.07921     0.00000     0.00000
    -11.745        -0.09375    -0.09375     0.00000     0.00000
    -11.595        -0.10166    -0.10166     0.00000     0.00000
    -11.445        -0.11229    -0.11229     0.00000     0.00000
    -11.295        -0.12290    -0.12290     0.00000     0.00000
    -11.145        -0.13136    -0.13136     0.00000     0.00000
    -10.995        -0.13876    -0.13876     0.00000     0.00000
    -10.845        -0.14564    -0.14564     0.00000     0.00000
    -10.695        -0.15306    -0.15306     0.00000     0.00000
    -10.545        -0.16205    -0.16205    -0.00000     0.00000
    -10.395        -0.16846    -0.16846     0.00000     0.00000
    -10.245        -0.17981    -0.17891    -0.00090     0.00000
    -10.095        -0.18841    -0.18484    -0.00357     0.00000
    -9.9450        -0.19870    -0.19233    -0.00637     0.00000
    -9.7950        -0.21027    -0.19885    -0.01142     0.00000
    -9.6450        -0.22574    -0.20539    -0.02035     0.00000
    -9.4950        -0.24305    -0.21242    -0.03064     0.00000
    -9.3450        -0.26623    -0.22088    -0.04535     0.00000
    -9.1950        -0.28759    -0.23025    -0.05734     0.00000
    -9.0450        -0.30903    -0.24051    -0.06852     0.00000
    -8.8950        -0.33373    -0.24940    -0.08433     0.00000
    -8.7450        -0.35213    -0.25746    -0.09467     0.00000
    -8.5950        -0.37027    -0.26338    -0.10689     0.00000
    -8.4450        -0.39137    -0.27230    -0.11907     0.00000
    -8.2950        -0.40402    -0.27436    -0.12965     0.00000
    -8.1450        -0.42236    -0.27776    -0.14460     0.00000
    -7.9950        -0.44484    -0.28755    -0.15729     0.00000
    -7.8450        -0.46185    -0.29374    -0.16811     0.00000
    -7.6950        -0.47984    -0.30202    -0.17782     0.00000
    -7.5450        -0.49463    -0.30960    -0.18503     0.00000
    -7.3950        -0.51044    -0.31645    -0.19400     0.00000
    -7.2450        -0.52546    -0.32491    -0.20054     0.00000
    -7.0950        -0.54324    -0.33307    -0.21017     0.00000
    -6.9450        -0.55768    -0.34050    -0.21718     0.00000
    -6.7950        -0.57355    -0.34840    -0.22488    -0.00026
    -6.6450        -0.59093    -0.35640    -0.23196    -0.00257
    -6.4950        -0.62294    -0.36355    -0.24448    -0.01491
    -6.3450        -0.66315    -0.37413    -0.25517    -0.03384
    -6.1950        -0.70907    -0.38187    -0.26162    -0.06558
    -6.0450        -0.77252    -0.39096    -0.27093    -0.11063
    -5.8950        -0.84946    -0.40245    -0.28239    -0.16462
    -5.7450        -0.93948    -0.41169    -0.29477    -0.23302
    -5.5950        -1.05358    -0.42397    -0.30506    -0.32456
    -5.4450        -1.19795    -0.43605    -0.31795    -0.44395
    -5.2950        -1.37477    -0.44799    -0.33052    -0.59626
    -5.1450        -1.57717    -0.46251    -0.34486    -0.76981
    -4.9950        -1.79554    -0.47619    -0.35865    -0.96070
    -4.8450        -2.03261    -0.49001    -0.37321    -1.16939
    -4.6950        -2.26798    -0.50498    -0.39132    -1.37168
    -4.5450        -2.51005    -0.52180    -0.40993    -1.57831
    -4.3950        -2.75307    -0.54196    -0.42864    -1.78247
    -4.2450        -3.00117    -0.56039    -0.44979    -1.99099
    -4.0950        -3.24000    -0.57965    -0.47393    -2.18642
    -3.9450        -3.47337    -0.60083    -0.49795    -2.37458
    -3.7950        -3.70871    -0.62287    -0.52676    -2.55907
    -3.6450        -3.94654    -0.64762    -0.55375    -2.74517
    -3.4950        -4.18959    -0.67635    -0.58247    -2.93077
    -3.3450        -4.42030    -0.70352    -0.61153    -3.10525
    -3.1950        -4.65707    -0.73234    -0.64373    -3.28100
    -3.0450        -4.88277    -0.76321    -0.67324    -3.44633
    -2.8950        -5.11382    -0.79565    -0.70680    -3.61137
    -2.7450        -5.36149    -0.83254    -0.74596    -3.78300
    -2.5950        -5.60533    -0.86994    -0.78481    -3.95057
    -2.4450        -5.86726    -0.91526    -0.82854    -4.12346
    -2.2950        -6.15305    -0.96278    -0.87903    -4.31123
    -2.1450        -6.45307    -1.01279    -0.93419    -4.50609
    -1.9950        -6.78372    -1.06903    -0.99306    -4.72163
    -1.8450        -7.15415    -1.13377    -1.05657    -4.96381
    -1.6950        -7.57389    -1.20554    -1.12877    -5.23957
    -1.5450        -8.06360    -1.28833    -1.21225    -5.56302
    -1.3950        -8.65961    -1.38830    -1.30814    -5.96316
    -1.2450        -9.38195    -1.50258    -1.42185    -6.45752
    -1.0950       -10.29313    -1.63928    -1.55953    -7.09432
   -0.94500       -11.39433    -1.81356    -1.72872    -7.85205
   -0.79500       -12.72297    -2.03467    -1.94969    -8.73862
   -0.64500       -14.34170    -2.33579    -2.24918    -9.75672
   -0.49500       -16.44773    -2.78250    -2.70156   -10.96368
   -0.34500       -19.56256    -3.50343    -3.45354   -12.60558
   -0.22700       -21.01102    -3.85422    -3.82026   -13.33654
   -0.21300       -21.20562    -3.90150    -3.87008   -13.43404
   -0.20700       -21.40405    -3.94931    -3.92152   -13.53323
   -0.20100       -21.60901    -4.00004    -3.97396   -13.63500
   -0.19500       -21.82039    -4.05214    -4.02870   -13.73954
   -0.18900       -22.03887    -4.10643    -4.08444   -13.84800
   -0.18300       -22.26290    -4.16208    -4.14207   -13.95875
   -0.17700       -22.49611    -4.21995    -4.20167   -14.07448
   -0.17100       -22.73821    -4.27954    -4.26460   -14.19407
   -0.16500       -22.98701    -4.34124    -4.32868   -14.31709
   -0.15900       -23.24426    -4.40453    -4.39513   -14.44460
   -0.15300       -23.51260    -4.47080    -4.46547   -14.57634
   -0.14700       -23.79091    -4.53949    -4.53834   -14.71309
   -0.14100       -24.07915    -4.61112    -4.61382   -14.85421
   -0.13500       -24.38191    -4.68566    -4.69443   -15.00182
   -0.12900       -24.69829    -4.76381    -4.77829   -15.15619
   -0.12300       -25.02479    -4.84403    -4.86297   -15.31779
   -0.11700       -25.36799    -4.92839    -4.95182   -15.48778
   -0.11100       -25.72364    -5.01522    -5.04424   -15.66418
   -0.10500       -26.09739    -5.10548    -5.14124   -15.85067
   -0.99000E-01   -26.49090    -5.19922    -5.24233   -16.04935
   -0.93000E-01   -26.90695    -5.29865    -5.34920   -16.25910
   -0.87000E-01   -27.34775    -5.40248    -5.46211   -16.48316
   -0.81000E-01   -27.81628    -5.51169    -5.58214   -16.72244
   -0.75000E-01   -28.31495    -5.62664    -5.70960   -16.97872
   -0.69000E-01   -28.84925    -5.74809    -5.84532   -17.25583
   -0.63000E-01   -29.42861    -5.87727    -5.99217   -17.55917
   -0.57000E-01   -30.06200    -6.01731    -6.15225   -17.89244
   -0.51000E-01   -30.76497    -6.16982    -6.33290   -18.26226
   -0.45000E-01   -31.55612    -6.34067    -6.53419   -18.68127
   -0.39000E-01   -32.43633    -6.52522    -6.74605   -19.16506
   -0.33000E-01   -33.40497    -6.71172    -6.95658   -19.73667
   -0.27000E-01   -34.48494    -6.89144    -7.15679   -20.43671
   -0.21300E-01   -35.30918    -7.00388    -7.28176   -21.02354
   -0.19500E-01   -35.43758    -7.01963    -7.29873   -21.11922
   -0.18900E-01   -35.56867    -7.03505    -7.31537   -21.21826
   -0.18300E-01   -35.70221    -7.05027    -7.33158   -21.32036
   -0.17700E-01   -35.83826    -7.06509    -7.34734   -21.42583
   -0.17100E-01   -35.97751    -7.07960    -7.36283   -21.53508
   -0.16500E-01   -36.12011    -7.09365    -7.37789   -21.64857
   -0.15900E-01   -36.26644    -7.10740    -7.39247   -21.76658
   -0.15300E-01   -36.41630    -7.12075    -7.40656   -21.88899
   -0.14700E-01   -36.57027    -7.13365    -7.42017   -22.01645
   -0.14100E-01   -36.72875    -7.14614    -7.43327   -22.14933
   -0.13500E-01   -36.89210    -7.15819    -7.44602   -22.28788
   -0.12900E-01   -37.06163    -7.16983    -7.45814   -22.43366
   -0.12300E-01   -37.23712    -7.18106    -7.46974   -22.58633
   -0.11700E-01   -37.41961    -7.19180    -7.48074   -22.74706
   -0.11100E-01   -37.60945    -7.20208    -7.49130   -22.91608
   -0.10500E-01   -37.80880    -7.21182    -7.50137   -23.09560
   -0.99000E-02   -38.01803    -7.22097    -7.51090   -23.28616
   -0.93000E-02   -38.23944    -7.22971    -7.51989   -23.48985
   -0.87000E-02   -38.47362    -7.23779    -7.52826   -23.70757
   -0.81000E-02   -38.72480    -7.24549    -7.53615   -23.94316
   -0.75000E-02   -38.99573    -7.25260    -7.54347   -24.19965
   -0.69000E-02   -39.29093    -7.25913    -7.55016   -24.48164
   -0.63000E-02   -39.61698    -7.26515    -7.55631   -24.79552
   -0.57000E-02   -39.98048    -7.27065    -7.56184   -25.14800
   -0.51000E-02   -40.39035    -7.27555    -7.56682   -25.54797
   -0.45000E-02   -40.85476    -7.27988    -7.57123   -26.00365
   -0.39000E-02   -41.38424    -7.28368    -7.57503   -26.52552
   -0.33000E-02   -41.99004    -7.28689    -7.57824   -27.12492
   -0.27000E-02   -42.68610    -7.28949    -7.58088   -27.81572
   -0.21000E-02   -43.49220    -7.29154    -7.58292   -28.61774
   -0.15000E-02   -44.45256    -7.29301    -7.58439   -29.57515
   -0.90000E-03   -45.46771    -7.29389    -7.58528   -30.58855
   -0.30000E-03   -45.92289    -7.29418    -7.58557   -31.04314
    0.30000E-03   -45.46898    -7.29389    -7.58527   -30.58981
    0.90000E-03   -44.45377    -7.29301    -7.58439   -29.57636
    0.15000E-02   -43.49397    -7.29155    -7.58293   -28.61949
    0.21000E-02   -42.68921    -7.28948    -7.58088   -27.81885
    0.27000E-02   -41.99468    -7.28685    -7.57827   -27.12956
    0.33000E-02   -41.38917    -7.28361    -7.57506   -26.53050
    0.39000E-02   -40.85990    -7.27981    -7.57125   -26.00884
    0.45000E-02   -40.39506    -7.27537    -7.56691   -25.55278
    0.51000E-02   -39.98435    -7.27035    -7.56200   -25.15199
    0.57000E-02   -39.61944    -7.26482    -7.55650   -24.79812
    0.63000E-02   -39.29274    -7.25862    -7.55050   -24.48363
    0.69000E-02   -38.99640    -7.25193    -7.54391   -24.20056
    0.75000E-02   -38.72499    -7.24468    -7.53680   -23.94351
    0.81000E-02   -38.47270    -7.23690    -7.52910   -23.70669
    0.87000E-02   -38.23685    -7.22851    -7.52094   -23.48740
    0.93000E-02   -38.01473    -7.21957    -7.51232   -23.28284
    0.99000E-02   -37.80474    -7.21006    -7.50307   -23.09161
    0.10500E-01   -37.60463    -7.20001    -7.49322   -22.91140
    0.11100E-01   -37.41371    -7.18947    -7.48313   -22.74111
    0.11700E-01   -37.23063    -7.17841    -7.47247   -22.57975
    0.12300E-01   -37.05452    -7.16677    -7.46121   -22.42654
    0.12900E-01   -36.88457    -7.15464    -7.44967   -22.28026
    0.13500E-01   -36.72020    -7.14201    -7.43756   -22.14063
    0.14100E-01   -36.56125    -7.12894    -7.42504   -22.00727
    0.14700E-01   -36.40696    -7.11536    -7.41215   -21.87945
    0.15300E-01   -36.25656    -7.10135    -7.39878   -21.75643
    0.15900E-01   -36.10984    -7.08679    -7.38499   -21.63807
    0.16500E-01   -35.96647    -7.07182    -7.37072   -21.52393
    0.17100E-01   -35.82646    -7.05647    -7.35617   -21.41382
    0.17700E-01   -35.68968    -7.04066    -7.34130   -21.30771
    0.18300E-01   -35.55595    -7.02451    -7.32607   -21.20538
    0.18900E-01   -35.42462    -7.00798    -7.31060   -21.10604
    0.19500E-01   -35.29567    -6.99108    -7.29493   -21.00966
    0.21300E-01   -34.46961    -6.86667    -7.18160   -20.42134
    0.27000E-01   -33.38458    -6.66632    -7.00234   -19.71592
    0.33000E-01   -32.41259    -6.45607    -6.81503   -19.14150
    0.39000E-01   -31.53246    -6.24712    -6.62948   -18.65587
    0.45000E-01   -30.73954    -6.04684    -6.45791   -18.23478
    0.51000E-01   -30.03505    -5.86613    -6.30499   -17.86394
    0.57000E-01   -29.40661    -5.70630    -6.16523   -17.53508
    0.63000E-01   -28.83321    -5.55977    -6.03548   -17.23796
    0.69000E-01   -28.30515    -5.42309    -5.91351   -16.96855
    0.75000E-01   -27.81323    -5.29485    -5.79807   -16.72032
    0.81000E-01   -27.35439    -5.17381    -5.68841   -16.49217
    0.87000E-01   -26.92181    -5.05865    -5.58458   -16.27858
    0.93000E-01   -26.51593    -4.94994    -5.48572   -16.08027
    0.99000E-01   -26.13408    -4.84655    -5.39169   -15.89584
    0.10500       -25.76971    -4.74755    -5.30150   -15.72066
    0.11100       -25.42467    -4.65288    -5.21522   -15.55657
    0.11700       -25.09578    -4.56277    -5.13299   -15.40003
    0.12300       -24.78173    -4.47642    -5.05294   -15.25236
    0.12900       -24.48197    -4.39330    -4.97632   -15.11235
    0.13500       -24.19689    -4.31389    -4.90320   -14.97980
    0.14100       -23.92270    -4.23769    -4.83309   -14.85192
    0.14700       -23.66091    -4.16438    -4.76590   -14.73064
    0.15300       -23.40772    -4.09359    -4.70046   -14.61367
    0.15900       -23.16413    -4.02464    -4.63739   -14.50210
    0.16500       -22.93059    -3.95894    -4.57613   -14.39552
    0.17100       -22.70269    -3.89506    -4.51667   -14.29097
    0.17700       -22.48395    -3.83335    -4.46024   -14.19037
    0.18300       -22.27374    -3.77464    -4.40533   -14.09378
    0.18900       -22.07023    -3.71794    -4.35180   -14.00049
    0.19500       -21.87419    -3.66376    -4.29992   -13.91051
    0.20100       -21.68300    -3.61050    -4.24908   -13.82343
    0.20700       -21.49948    -3.55976    -4.20035   -13.73937
    0.21300       -21.32215    -3.50992    -4.15282   -13.65942
    0.22700       -20.01002    -3.14379    -3.79892   -13.06730
    0.34500       -17.31358    -2.38599    -3.07440   -11.85319
    0.49500       -15.67296    -1.93757    -2.63646   -11.09893
    0.64500       -14.53636    -1.63702    -2.34456   -10.55478
    0.79500       -13.66533    -1.41744    -2.12750   -10.12039
    0.94500       -12.97090    -1.24801    -1.95716    -9.76573
     1.0950       -12.40593    -1.11341    -1.82214    -9.47039
     1.2450       -11.92889    -1.00397    -1.71086    -9.21406
     1.3950       -11.52328    -0.90953    -1.62018    -8.99357
     1.5450       -11.17091    -0.82546    -1.54224    -8.80321
     1.6950       -10.86379    -0.75302    -1.47384    -8.63693
     1.8450       -10.59052    -0.68750    -1.41559    -8.48743
     1.9950       -10.34471    -0.63068    -1.36339    -8.35064
     2.1450       -10.12379    -0.58052    -1.31848    -8.22479
     2.2950        -9.92862    -0.53617    -1.27748    -8.11497
     2.4450        -9.75089    -0.49732    -1.23800    -8.01557
     2.5950        -9.59850    -0.46055    -1.20232    -7.93564
     2.7450        -9.45393    -0.42868    -1.16977    -7.85548
     2.8950        -9.32037    -0.40123    -1.13964    -7.77950
     3.0450        -9.20376    -0.37454    -1.11405    -7.71517
     3.1950        -9.09191    -0.34919    -1.08827    -7.65445
     3.3450        -8.99380    -0.32845    -1.06418    -7.60117
     3.4950        -8.90985    -0.31147    -1.04362    -7.55476
     3.6450        -8.82709    -0.29340    -1.02272    -7.51096
     3.7950        -8.75111    -0.27797    -1.00244    -7.47070
     3.9450        -8.68122    -0.26388    -0.98377    -7.43357
     4.0950        -8.61722    -0.25131    -0.96679    -7.39913
     4.2450        -8.56391    -0.24243    -0.94958    -7.37190
     4.3950        -8.50825    -0.23015    -0.93483    -7.34327
     4.5450        -8.45460    -0.21739    -0.92293    -7.31427
     4.6950        -8.41030    -0.21012    -0.91166    -7.28851
     4.8450        -8.36405    -0.19971    -0.90102    -7.26332
     4.9950        -8.31773    -0.19100    -0.88915    -7.23759
     5.1450        -8.27880    -0.18376    -0.87870    -7.21633
     5.2950        -8.24311    -0.17653    -0.87093    -7.19565
     5.4450        -8.21031    -0.17233    -0.86240    -7.17559
     5.5950        -8.18516    -0.16813    -0.86030    -7.15673
     5.7450        -8.15807    -0.16394    -0.85562    -7.13851
     5.8950        -8.13151    -0.15976    -0.85097    -7.12078
     6.0450        -8.10849    -0.15855    -0.84633    -7.10361
     6.1950        -8.08734    -0.15578    -0.84467    -7.08689
     6.3450        -8.06681    -0.15470    -0.84151    -7.07060
     6.4950        -8.04361    -0.15196    -0.83690    -7.05475
     6.6450        -8.02264    -0.15101    -0.83230    -7.03933
     6.7950        -8.00363    -0.15010    -0.82919    -7.02434
     6.9450        -7.98317    -0.14736    -0.82608    -7.00973
     7.0950        -7.96682    -0.14654    -0.82486    -6.99542
     7.2450        -7.95093    -0.14576    -0.82369    -6.98148
     7.3950        -7.93348    -0.14503    -0.82061    -6.96783
     7.5450        -7.91639    -0.14433    -0.81753    -6.95452
     7.6950        -7.90168    -0.14366    -0.81649    -6.94152
     7.8450        -7.88730    -0.14302    -0.81550    -6.92878
     7.9950        -7.87324    -0.14240    -0.81455    -6.91628
     8.1450        -7.85957    -0.14183    -0.81364    -6.90410
     8.2950        -7.84395    -0.14126    -0.81056    -6.89213
     8.4450        -7.83081    -0.14071    -0.80973    -6.88037
     8.5950        -7.81797    -0.14019    -0.80892    -6.86886
     8.7450        -7.80539    -0.13968    -0.80814    -6.85757
     8.8950        -7.79307    -0.13920    -0.80738    -6.84648
     9.0450        -7.78099    -0.13873    -0.80666    -6.83560
     9.1950        -7.76922    -0.13828    -0.80596    -6.82498
     9.3450        -7.75762    -0.13785    -0.80527    -6.81450
     9.4950        -7.74627    -0.13743    -0.80462    -6.80422
     9.6450        -7.73509    -0.13703    -0.80398    -6.79408
     9.7950        -7.72415    -0.13664    -0.80336    -6.78416
     9.9450        -7.71339    -0.13625    -0.80275    -6.77438
     10.095        -7.70286    -0.13589    -0.80217    -6.76480
     10.245        -7.69248    -0.13553    -0.80160    -6.75536
     10.395        -7.68228    -0.13518    -0.80105    -6.74605
     10.545        -7.67221    -0.13485    -0.80051    -6.73685
     10.695        -7.66236    -0.13451    -0.79998    -6.72786
     10.845        -7.65269    -0.13419    -0.79947    -6.71903
     10.995        -7.64315    -0.13388    -0.79897    -6.71030
     11.145        -7.63376    -0.13358    -0.79849    -6.70170
     11.295        -7.62448    -0.13328    -0.79800    -6.69320
     11.445        -7.61539    -0.13299    -0.79754    -6.68486
     11.595        -7.60638    -0.13271    -0.79708    -6.67660
     11.745        -7.59754    -0.13244    -0.79663    -6.66847
     11.895        -7.58886    -0.13217    -0.79620    -6.66050
     12.045        -7.58028    -0.13191    -0.79577    -6.65260
     12.195        -7.57187    -0.13166    -0.79535    -6.64486
     12.345        -7.56356    -0.13141    -0.79494    -6.63721
     12.495        -7.55536    -0.13117    -0.79454    -6.62965
     12.645        -7.54724    -0.13093    -0.79414    -6.62217
     12.795        -7.53921    -0.13069    -0.79375    -6.61476
     12.945        -7.53135    -0.13047    -0.79338    -6.60750
     13.095        -7.52356    -0.13024    -0.79300    -6.60032
     13.245        -7.51587    -0.13002    -0.79264    -6.59320
     13.395        -7.50827    -0.12980    -0.79228    -6.58618
     13.545        -7.50079    -0.12960    -0.79193    -6.57926
     13.695        -7.49337    -0.12939    -0.79158    -6.57239
     13.845        -7.48604    -0.12919    -0.79124    -6.56561
     13.995        -7.47880    -0.12899    -0.79091    -6.55890
     14.145        -7.47166    -0.12879    -0.79058    -6.55229
     14.295        -7.46461    -0.12860    -0.79025    -6.54576
     14.445        -7.45767    -0.12841    -0.78993    -6.53932
     14.595        -7.45077    -0.12822    -0.78961    -6.53293
     14.745        -7.44397    -0.12804    -0.78930    -6.52663
     14.895        -7.43725    -0.12786    -0.78900    -6.52039
     15.045        -7.43060    -0.12768    -0.78869    -6.51423
     15.195        -7.42405    -0.12750    -0.78840    -6.50816
     15.345        -7.41755    -0.12733    -0.78810    -6.50212
     15.495        -7.41111    -0.12716    -0.78781    -6.49614
     15.645        -7.40477    -0.12699    -0.78753    -6.49025
     15.795        -7.39845    -0.12683    -0.78724    -6.48438
     15.945        -7.39226    -0.12667    -0.78697    -6.47862
     16.095        -7.38611    -0.12651    -0.78669    -6.47290
     16.245        -7.38001    -0.12636    -0.78642    -6.46723
     16.395        -7.37399    -0.12620    -0.78616    -6.46162
     16.545        -7.36804    -0.12605    -0.78589    -6.45609
     16.695        -7.36214    -0.12590    -0.78564    -6.45060
     16.845        -7.35629    -0.12575    -0.78538    -6.44516
     16.995        -7.35050    -0.12560    -0.78513    -6.43976
     17.145        -7.34475    -0.12546    -0.78488    -6.43441
     17.295        -7.33911    -0.12531    -0.78464    -6.42916
     17.445        -7.33350    -0.12517    -0.78440    -6.42393
     17.595        -7.32794    -0.12504    -0.78415    -6.41875
     17.745        -7.32242    -0.12490    -0.78391    -6.41361
     17.895        -7.31696    -0.12476    -0.78368    -6.40852
     18.045        -7.31157    -0.12463    -0.78344    -6.40350
     18.195        -7.30623    -0.12450    -0.78321    -6.39852
     18.345        -7.30092    -0.12437    -0.78298    -6.39356
     18.495        -7.29566    -0.12424    -0.78276    -6.38866
     18.645        -7.29042    -0.12411    -0.78253    -6.38378
     18.795        -7.28525    -0.12399    -0.78231    -6.37896
     18.945        -7.28014    -0.12386    -0.78209    -6.37419
     19.095        -7.27506    -0.12374    -0.78187    -6.36945
     19.245        -7.27003    -0.12362    -0.78166    -6.36475
     19.395        -7.26505    -0.12350    -0.78145    -6.36010
     19.545        -7.26012    -0.12338    -0.78125    -6.35549
     19.695        -7.25522    -0.12326    -0.78104    -6.35091
     19.845        -7.25034    -0.12314    -0.78084    -6.34636
     19.995        -7.24552    -0.12303    -0.78064    -6.34185
     20.145        -7.24073    -0.12291    -0.78044    -6.33738
     20.295        -7.23601    -0.12280    -0.78024    -6.33297
     20.445        -7.23131    -0.12269    -0.78004    -6.32857
     20.595        -7.22667    -0.12259    -0.77985    -6.32424
     20.745        -7.22205    -0.12248    -0.77965    -6.31992
     20.895        -7.21745    -0.12237    -0.77946    -6.31563
     21.045        -7.21292    -0.12226    -0.77927    -6.31138
     21.195        -7.20842    -0.12216    -0.77908    -6.30718
     21.345        -7.20396    -0.12206    -0.77890    -6.30300
     21.495        -7.19952    -0.12196    -0.77871    -6.29885
     21.645        -7.19513    -0.12186    -0.77853    -6.29474
     21.795        -7.19075    -0.12175    -0.77835    -6.29065
     21.945        -7.18641    -0.12165    -0.77817    -6.28658
     22.095        -7.18211    -0.12155    -0.77800    -6.28256
     22.245        -7.17785    -0.12146    -0.77782    -6.27856
     22.395        -7.17361    -0.12136    -0.77765    -6.27460
     22.545        -7.16942    -0.12127    -0.77747    -6.27068
     22.695        -7.16523    -0.12117    -0.77730    -6.26676
     22.845        -7.16106    -0.12107    -0.77713    -6.26286
     22.995        -7.15696    -0.12098    -0.77696    -6.25902
     23.145        -7.15288    -0.12088    -0.77679    -6.25521
     23.295        -7.14883    -0.12079    -0.77662    -6.25142
     23.445        -7.14481    -0.12070    -0.77646    -6.24765
     23.595        -7.14082    -0.12061    -0.77630    -6.24391
     23.745        -7.13684    -0.12052    -0.77613    -6.24019
     23.895        -7.13288    -0.12043    -0.77597    -6.23648
     24.045        -7.12898    -0.12034    -0.77581    -6.23283
     24.195        -7.12508    -0.12025    -0.77565    -6.22918
     24.345        -7.12121    -0.12016    -0.77549    -6.22556
     24.495        -7.11738    -0.12008    -0.77534    -6.22197
     24.645        -7.11355    -0.11999    -0.77518    -6.21838
     24.795        -7.10977    -0.11990    -0.77503    -6.21484
     24.945        -7.10602    -0.11982    -0.77488    -6.21132
     25.095        -7.10229    -0.11974    -0.77473    -6.20783
     25.245        -7.09859    -0.11965    -0.77458    -6.20436
     25.395        -7.09489    -0.11958    -0.77443    -6.20088
     25.545        -7.09123    -0.11949    -0.77428    -6.19746
     25.695        -7.08757    -0.11941    -0.77413    -6.19403
     25.845        -7.08396    -0.11933    -0.77399    -6.19064
     25.995        -7.08036    -0.11924    -0.77384    -6.18728
     26.145        -7.07680    -0.11917    -0.77369    -6.18394
     26.295        -7.07327    -0.11909    -0.77355    -6.18062
     26.445        -7.06978    -0.11901    -0.77342    -6.17735
     26.595        -7.06630    -0.11894    -0.77328    -6.17408
     26.745        -7.06282    -0.11887    -0.77314    -6.17082
     26.895        -7.05936    -0.11879    -0.77300    -6.16757
     27.045        -7.05592    -0.11872    -0.77286    -6.16434
     27.195        -7.05251    -0.11864    -0.77272    -6.16115
     27.345        -7.04912    -0.11857    -0.77258    -6.15797
     27.495        -7.04574    -0.11849    -0.77245    -6.15480
     27.645        -7.04241    -0.11842    -0.77231    -6.15168
     27.795        -7.03910    -0.11835    -0.77218    -6.14858
     27.945        -7.03578    -0.11827    -0.77204    -6.14547
     28.095        -7.03249    -0.11819    -0.77191    -6.14238
     28.245        -7.02922    -0.11812    -0.77178    -6.13931
     28.395        -7.02598    -0.11805    -0.77166    -6.13627
     28.545        -7.02274    -0.11798    -0.77153    -6.13323
     28.695        -7.01953    -0.11791    -0.77140    -6.13022
     28.845        -7.01633    -0.11784    -0.77128    -6.12722
     28.995        -7.01315    -0.11777    -0.77115    -6.12423
     29.145        -7.00999    -0.11770    -0.77103    -6.12127
     29.295        -7.00685    -0.11763    -0.77090    -6.11833
     29.445        -7.00371    -0.11756    -0.77077    -6.11538
     29.595        -7.00062    -0.11749    -0.77065    -6.11248
     29.745        -6.99755    -0.11742    -0.77053    -6.10959
     29.895        -6.99448    -0.11736    -0.77041    -6.10671
     30.045        -6.99143    -0.11729    -0.77029    -6.10385
     30.195        -6.98841    -0.11722    -0.77017    -6.10102
     30.345        -6.98538    -0.11716    -0.77005    -6.09818
     30.495        -6.98239    -0.11709    -0.76993    -6.09537
     30.645        -6.97940    -0.11702    -0.76982    -6.09256
     30.795        -6.97641    -0.11696    -0.76970    -6.08975
     30.945        -6.97344    -0.11689    -0.76958    -6.08697
     31.095        -6.97050    -0.11683    -0.76947    -6.08420
     31.245        -6.96758    -0.11677    -0.76935    -6.08145
     31.395        -6.96468    -0.11671    -0.76924    -6.07873
     31.545        -6.96179    -0.11665    -0.76912    -6.07602
     31.695        -6.95893    -0.11658    -0.76901    -6.07333
     31.845        -6.95607    -0.11652    -0.76890    -6.07065
     31.995        -6.95322    -0.11646    -0.76879    -6.06797
     32.145        -6.95037    -0.11640    -0.76868    -6.06529
     32.295        -6.94755    -0.11634    -0.76857    -6.06264
     32.445        -6.94476    -0.11628    -0.76846    -6.06001
     32.595        -6.94197    -0.11622    -0.76835    -6.05740
     32.745        -6.93919    -0.11616    -0.76824    -6.05479
     32.895        -6.93643    -0.11610    -0.76813    -6.05220
     33.045        -6.93370    -0.11604    -0.76802    -6.04963
     33.195        -6.93099    -0.11599    -0.76792    -6.04709
     33.345        -6.92826    -0.11593    -0.76781    -6.04452
     33.495        -6.92556    -0.11587    -0.76770    -6.04198
     33.645        -6.92288    -0.11581    -0.76760    -6.03947
     33.795        -6.92019    -0.11575    -0.76749    -6.03695
     33.945        -6.91754    -0.11570    -0.76739    -6.03445
     34.095        -6.91490    -0.11564    -0.76729    -6.03197
     34.245        -6.91226    -0.11558    -0.76718    -6.02950
     34.395        -6.90963    -0.11553    -0.76708    -6.02702
     34.545        -6.90703    -0.11547    -0.76697    -6.02458
     34.695        -6.90443    -0.11542    -0.76687    -6.02214
     34.845        -6.90185    -0.11536    -0.76677    -6.01972
     34.995        -6.89928    -0.11531    -0.76667    -6.01731
     35.145        -6.89673    -0.11525    -0.76657    -6.01491
     35.295        -6.89420    -0.11520    -0.76647    -6.01253
     35.445        -6.89164    -0.11514    -0.76637    -6.01013
     35.595        -6.88911    -0.11509    -0.76627    -6.00774
     35.745        -6.88660    -0.11504    -0.76617    -6.00539
     35.895        -6.88411    -0.11498    -0.76608    -6.00305
     36.045        -6.88162    -0.11493    -0.76598    -6.00071
     36.195        -6.87914    -0.11488    -0.76588    -5.99838
     36.345        -6.87668    -0.11482    -0.76579    -5.99607
     36.495        -6.87422    -0.11477    -0.76569    -5.99375
     36.645        -6.87177    -0.11472    -0.76560    -5.99145
     36.795        -6.86934    -0.11467    -0.76551    -5.98916
     36.945        -6.86692    -0.11462    -0.76541    -5.98689
     37.095        -6.86450    -0.11457    -0.76532    -5.98461
     37.245        -6.86209    -0.11452    -0.76522    -5.98235
     37.395        -6.85970    -0.11447    -0.76513    -5.98009
     37.545        -6.85732    -0.11442    -0.76504    -5.97786
     37.695        -6.85496    -0.11437    -0.76495    -5.97564
     37.845        -6.85262    -0.11432    -0.76486    -5.97344
     37.995        -6.85028    -0.11427    -0.76476    -5.97125
     38.145        -6.84795    -0.11422    -0.76467    -5.96906
     38.295        -6.84563    -0.11417    -0.76459    -5.96687
     38.445        -6.84329    -0.11413    -0.76449    -5.96467
     38.595        -6.84100    -0.11408    -0.76440    -5.96252
     38.745        -6.83872    -0.11403    -0.76431    -5.96038
     38.895        -6.83643    -0.11398    -0.76423    -5.95823
     39.045        -6.83415    -0.11394    -0.76414    -5.95608
     39.195        -6.83189    -0.11389    -0.76405    -5.95395
     39.345        -6.82964    -0.11384    -0.76396    -5.95183
     39.495        -6.82738    -0.11380    -0.76387    -5.94971
     39.645        -6.82513    -0.11375    -0.76379    -5.94760
     39.795        -6.82291    -0.11370    -0.76370    -5.94551
     39.945        -6.82070    -0.11366    -0.76361    -5.94343
     40.095        -6.81850    -0.11361    -0.76352    -5.94136
     40.245        -6.81629    -0.11357    -0.76344    -5.93929
     40.395        -6.81412    -0.11352    -0.76335    -5.93724
     40.545        -6.81194    -0.11348    -0.76327    -5.93519
     40.695        -6.80975    -0.11343    -0.76319    -5.93313
     40.845        -6.80762    -0.11339    -0.76311    -5.93112
     40.995        -6.80547    -0.11334    -0.76303    -5.92910
     41.145        -6.80334    -0.11330    -0.76294    -5.92709
     41.295        -6.80119    -0.11326    -0.76286    -5.92508
     41.445        -6.79908    -0.11321    -0.76278    -5.92309
     41.595        -6.79696    -0.11317    -0.76270    -5.92109
     41.745        -6.79484    -0.11312    -0.76262    -5.91910
     41.895        -6.79275    -0.11308    -0.76253    -5.91714
     42.045        -6.79066    -0.11304    -0.76245    -5.91516
     42.195        -6.78857    -0.11300    -0.76237    -5.91320
     42.345        -6.78648    -0.11295    -0.76229    -5.91124
     42.495        -6.78441    -0.11291    -0.76221    -5.90930
     42.645        -6.78236    -0.11286    -0.76213    -5.90737
     42.795        -6.78031    -0.11282    -0.76205    -5.90544
     42.945        -6.77826    -0.11278    -0.76197    -5.90350
     43.095        -6.77621    -0.11274    -0.76189    -5.90157
     43.245        -6.77420    -0.11269    -0.76182    -5.89969
     43.395        -6.77218    -0.11265    -0.76174    -5.89779
     43.545        -6.77015    -0.11261    -0.76166    -5.89588
     43.695        -6.76815    -0.11257    -0.76158    -5.89400
     43.845        -6.76615    -0.11253    -0.76151    -5.89211
     43.995        -6.76417    -0.11249    -0.76143    -5.89024
     44.145        -6.76219    -0.11245    -0.76136    -5.88839
     44.295        -6.76021    -0.11241    -0.76128    -5.88652
     44.445        -6.75824    -0.11237    -0.76121    -5.88467
     44.595        -6.75628    -0.11233    -0.76113    -5.88282
     44.745        -6.75434    -0.11229    -0.76106    -5.88100
     44.895        -6.75240    -0.11225    -0.76098    -5.87917
     45.045        -6.75044    -0.11221    -0.76091    -5.87733
     45.195        -6.74851    -0.11217    -0.76084    -5.87551
     45.345        -6.74660    -0.11213    -0.76076    -5.87371
     45.495        -6.74468    -0.11209    -0.76069    -5.87190
     45.645        -6.74275    -0.11205    -0.76061    -5.87009
     45.795        -6.74084    -0.11201    -0.76054    -5.86829
     45.945        -6.73895    -0.11197    -0.76047    -5.86651
     46.095        -6.73707    -0.11194    -0.76040    -5.86474
     46.245        -6.73519    -0.11190    -0.76032    -5.86297
     46.395        -6.73330    -0.11186    -0.76025    -5.86120
     46.545        -6.73144    -0.11182    -0.76018    -5.85944
     46.695        -6.72957    -0.11178    -0.76011    -5.85768
     46.845        -6.72772    -0.11174    -0.76003    -5.85594
     46.995        -6.72589    -0.11171    -0.75996    -5.85422
     47.145        -6.72406    -0.11167    -0.75989    -5.85250
     47.295        -6.72223    -0.11163    -0.75982    -5.85077
     47.445        -6.72040    -0.11159    -0.75975    -5.84905
     47.595        -6.71858    -0.11156    -0.75969    -5.84734
     47.745        -6.71678    -0.11152    -0.75962    -5.84565
     47.895        -6.71498    -0.11148    -0.75955    -5.84395
     48.045        -6.71318    -0.11144    -0.75948    -5.84226
     48.195        -6.71138    -0.11141    -0.75941    -5.84056
     48.345        -6.70960    -0.11137    -0.75934    -5.83889
     48.495        -6.70782    -0.11133    -0.75927    -5.83721
     48.645        -6.70605    -0.11130    -0.75921    -5.83555
     48.795        -6.70428    -0.11126    -0.75914    -5.83388
     48.945        -6.70251    -0.11122    -0.75907    -5.83221
     49.095        -6.70075    -0.11119    -0.75900    -5.83056
     49.245        -6.69900    -0.11115    -0.75893    -5.82892
     49.395        -6.69725    -0.11111    -0.75887    -5.82727
     49.545        -6.69552    -0.11108    -0.75880    -5.82564
     49.695        -6.69379    -0.11104    -0.75873    -5.82402
     49.845        -6.69206    -0.11101    -0.75867    -5.82239
     49.995        -6.69034    -0.11097    -0.75860    -5.82077
     50.145        -6.68864    -0.11094    -0.75854    -5.81916
     50.295        -6.68693    -0.11090    -0.75847    -5.81756
     50.445        -6.68524    -0.11087    -0.75841    -5.81596
     50.595        -6.68354    -0.11083    -0.75835    -5.81437
     50.745        -6.68184    -0.11080    -0.75828    -5.81276
     50.895        -6.68015    -0.11077    -0.75822    -5.81117
     51.045        -6.67848    -0.11073    -0.75815    -5.80960
     51.195        -6.67679    -0.11070    -0.75809    -5.80801
     51.345        -6.67513    -0.11066    -0.75802    -5.80644
     51.495        -6.67347    -0.11063    -0.75796    -5.80487
     51.645        -6.67180    -0.11059    -0.75790    -5.80331
     51.795        -6.67015    -0.11056    -0.75784    -5.80175
     51.945        -6.66849    -0.11053    -0.75777    -5.80019
     52.095        -6.66685    -0.11049    -0.75771    -5.79864
     52.245        -6.66520    -0.11046    -0.75765    -5.79710
     52.395        -6.66357    -0.11042    -0.75759    -5.79556
     52.545        -6.66195    -0.11039    -0.75752    -5.79404
     52.695        -6.66034    -0.11035    -0.75746    -5.79252
     52.845        -6.65873    -0.11032    -0.75740    -5.79101
     52.995        -6.65711    -0.11029    -0.75734    -5.78949
     53.145        -6.65550    -0.11025    -0.75728    -5.78797
     53.295        -6.65390    -0.11022    -0.75722    -5.78646
     53.445        -6.65231    -0.11019    -0.75716    -5.78496
     53.595        -6.65071    -0.11015    -0.75709    -5.78346
     53.745        -6.64912    -0.11012    -0.75703    -5.78196
     53.895        -6.64753    -0.11009    -0.75697    -5.78047
     54.045        -6.64595    -0.11006    -0.75691    -5.77899
     54.195        -6.64439    -0.11002    -0.75685    -5.77751
     54.345        -6.64282    -0.10999    -0.75679    -5.77604
     54.495        -6.64125    -0.10996    -0.75674    -5.77456
     54.645        -6.63969    -0.10993    -0.75668    -5.77309
     54.795        -6.63814    -0.10990    -0.75662    -5.77162
     54.945        -6.63660    -0.10986    -0.75656    -5.77017
     55.095        -6.63505    -0.10983    -0.75650    -5.76872
     59.433        -6.51473    -0.10739    -0.75195    -5.65538
     80.646        -6.34124    -0.10391    -0.74544    -5.49189
     111.21        -6.17503    -0.10061    -0.73923    -5.33520
     153.36        -6.01619    -0.09746    -0.73333    -5.18540
     211.49        -5.86469    -0.09446    -0.72773    -5.04251
     291.64        -5.72010    -0.09160    -0.72242    -4.90608
     402.18        -5.58248    -0.08889    -0.71739    -4.77620
     554.60        -5.45147    -0.08631    -0.71263    -4.65253
     764.80        -5.32679    -0.08383    -0.70812    -4.53484
     1054.7        -5.20842    -0.08148    -0.70383    -4.42310
     1454.4        -5.09607    -0.07926    -0.69979    -4.31703
     2005.6        -4.98942    -0.07714    -0.69593    -4.21635
     2765.8        -4.88830    -0.07514    -0.69234    -4.12082
     3814.0        -4.79244    -0.07324    -0.68894    -4.03025
     5259.5        -4.70162    -0.07144    -0.68574    -3.94444
     7252.9        -4.61549    -0.06973    -0.68272    -3.86305
     10002.        -4.53387    -0.06810    -0.67985    -3.78592
     13793.        -4.45652    -0.06657    -0.67715    -3.71280
     19020.        -4.38321    -0.06511    -0.67460    -3.64350
     26229.        -4.31371    -0.06373    -0.67219    -3.57779
     36170.        -4.24783    -0.06243    -0.66992    -3.51548
     49878.        -4.18536    -0.06118    -0.66777    -3.45641
     68782.        -4.12617    -0.06001    -0.66574    -3.40042
     94851.        -4.07002    -0.05890    -0.66383    -3.34728
    0.13080E+06    -4.01681    -0.05785    -0.66204    -3.29693
    0.18038E+06    -3.96640    -0.05685    -0.66031    -3.24924
    0.24874E+06    -3.91867    -0.05590    -0.65869    -3.20407
    0.34301E+06    -3.87343    -0.05500    -0.65716    -3.16126
    0.47302E+06    -3.83058    -0.05414    -0.65574    -3.12069
    0.65229E+06    -3.78999    -0.05334    -0.65438    -3.08227
    0.89952E+06    -3.75146    -0.05257    -0.65309    -3.04580
    0.12404E+07    -3.71506    -0.05185    -0.65187    -3.01134
    0.17106E+07    -3.68054    -0.05117    -0.65071    -2.97866
    0.23589E+07    -3.64792    -0.05051    -0.64962    -2.94779
    0.32529E+07    -3.61695    -0.04989    -0.64859    -2.91848
    0.44858E+07    -3.58760    -0.04930    -0.64761    -2.89070
    0.61860E+07    -3.55982    -0.04874    -0.64669    -2.86439
    0.85305E+07    -3.53347    -0.04821    -0.64582    -2.83944
    0.11764E+08    -3.50849    -0.04771    -0.64500    -2.81578
    0.16222E+08    -3.48479    -0.04724    -0.64422    -2.79333
    0.22370E+08    -3.46238    -0.04679    -0.64349    -2.77210
    0.30849E+08    -3.44111    -0.04636    -0.64280    -2.75194
    0.42541E+08    -3.42093    -0.04596    -0.64213    -2.73284
    0.58664E+08    -3.40185    -0.04558    -0.64151    -2.71476
    0.80898E+08    -3.38399    -0.04522    -0.64092    -2.69786
    0.11156E+09    -3.36733    -0.04488    -0.64036    -2.68210
    0.15384E+09    -3.35172    -0.04455    -0.63983    -2.66734
    0.21215E+09    -3.33707    -0.04424    -0.63933    -2.65350
    0.29255E+09    -3.32332    -0.04395    -0.63885    -2.64052
    0.40343E+09    -3.31042    -0.04369    -0.63841    -2.62833
    0.55633E+09    -3.29845    -0.04343    -0.63798    -2.61704
    0.76719E+09    -3.28757    -0.04320    -0.63758    -2.60679
    0.10580E+10    -3.27755    -0.04298    -0.63721    -2.59737
    0.14589E+10    -3.26832    -0.04278    -0.63685    -2.58869
    0.20119E+10    -3.25982    -0.04259    -0.63652    -2.58071
    0.27744E+10    -3.25195    -0.04242    -0.63621    -2.57332
    0.38259E+10    -3.24467    -0.04226    -0.63593    -2.56648
    0.52760E+10    -3.23794    -0.04211    -0.63566    -2.56016
    0.72756E+10    -3.23174    -0.04198    -0.63540    -2.55436
    0.10033E+11    -3.22604    -0.04185    -0.63518    -2.54901
    0.13836E+11    -3.22075    -0.04174    -0.63497    -2.54404
    0.19079E+11    -3.21587    -0.04163    -0.63478    -2.53946
    0.26311E+11    -3.21138    -0.04154    -0.63460    -2.53525
    0.36283E+11    -3.20724    -0.04145    -0.63443    -2.53136
    0.50034E+11    -3.20340    -0.04137    -0.63428    -2.52776
    0.68997E+11    -3.19984    -0.04129    -0.63414    -2.52441
    0.10000E+12    -3.15715    -0.04038    -0.63247    -2.48430
