    -99.945         0.00000     0.00000     0.00000     0.00000
    -99.795         0.00000     0.00000     0.00000     0.00000
    -99.645         0.00000     0.00000     0.00000     0.00000
    -99.495         0.00000     0.00000     0.00000     0.00000
    -99.345         0.00000     0.00000     0.00000     0.00000
    -99.195         0.00000     0.00000     0.00000     0.00000
    -99.045         0.00000     0.00000     0.00000     0.00000
    -98.895         0.00000     0.00000     0.00000     0.00000
    -98.745         0.00000     0.00000     0.00000     0.00000
    -98.595         0.00000     0.00000     0.00000     0.00000
    -98.445         0.00000     0.00000     0.00000     0.00000
    -98.295         0.00000     0.00000     0.00000     0.00000
    -98.145         0.00000     0.00000     0.00000     0.00000
    -97.995         0.00000     0.00000     0.00000     0.00000
    -97.845         0.00000     0.00000     0.00000     0.00000
    -97.695         0.00000     0.00000     0.00000     0.00000
    -97.545         0.00000     0.00000     0.00000     0.00000
    -97.395         0.00000     0.00000     0.00000     0.00000
    -97.245         0.00000     0.00000     0.00000     0.00000
    -97.095         0.00000     0.00000     0.00000     0.00000
    -96.945         0.00000     0.00000     0.00000     0.00000
    -96.795         0.00000     0.00000     0.00000     0.00000
    -96.645         0.00000     0.00000     0.00000     0.00000
    -96.495         0.00000     0.00000     0.00000     0.00000
    -96.345         0.00000     0.00000     0.00000     0.00000
    -96.195         0.00000     0.00000     0.00000     0.00000
    -96.045         0.00000     0.00000     0.00000     0.00000
    -95.895         0.00000     0.00000     0.00000     0.00000
    -95.745         0.00000     0.00000     0.00000     0.00000
    -95.595         0.00000     0.00000     0.00000     0.00000
    -95.445         0.00000     0.00000     0.00000     0.00000
    -95.295         0.00000     0.00000     0.00000     0.00000
    -95.145         0.00000     0.00000     0.00000     0.00000
    -94.995         0.00000     0.00000     0.00000     0.00000
    -94.845         0.00000     0.00000     0.00000     0.00000
    -94.695         0.00000     0.00000     0.00000     0.00000
    -94.545         0.00000     0.00000     0.00000     0.00000
    -94.395         0.00000     0.00000     0.00000     0.00000
    -94.245         0.00000     0.00000     0.00000     0.00000
    -94.095         0.00000     0.00000     0.00000     0.00000
    -93.945         0.00000     0.00000     0.00000     0.00000
    -93.795         0.00000     0.00000     0.00000     0.00000
    -93.645         0.00000     0.00000     0.00000     0.00000
    -93.495         0.00000     0.00000     0.00000     0.00000
    -93.345         0.00000     0.00000     0.00000     0.00000
    -93.195         0.00000     0.00000     0.00000     0.00000
    -93.045         0.00000     0.00000     0.00000     0.00000
    -92.895         0.00000     0.00000     0.00000     0.00000
    -92.745         0.00000     0.00000     0.00000     0.00000
    -92.595         0.00000     0.00000     0.00000     0.00000
    -92.445         0.00000     0.00000     0.00000     0.00000
    -92.295         0.00000     0.00000     0.00000     0.00000
    -92.145         0.00000     0.00000     0.00000     0.00000
    -91.995         0.00000     0.00000     0.00000     0.00000
    -91.845         0.00000     0.00000     0.00000     0.00000
    -91.695         0.00000     0.00000     0.00000     0.00000
    -91.545         0.00000     0.00000     0.00000     0.00000
    -91.395         0.00000     0.00000     0.00000     0.00000
    -91.245         0.00000     0.00000     0.00000     0.00000
    -91.095         0.00000     0.00000     0.00000     0.00000
    -90.945         0.00000     0.00000     0.00000     0.00000
    -90.795         0.00000     0.00000     0.00000     0.00000
    -90.645         0.00000     0.00000     0.00000     0.00000
    -90.495         0.00000     0.00000     0.00000     0.00000
    -90.345         0.00000     0.00000     0.00000     0.00000
    -90.195         0.00000     0.00000     0.00000     0.00000
    -90.045         0.00000     0.00000     0.00000     0.00000
    -89.895         0.00000     0.00000     0.00000     0.00000
    -89.745         0.00000     0.00000     0.00000     0.00000
    -89.595         0.00000     0.00000     0.00000     0.00000
    -89.445         0.00000     0.00000     0.00000     0.00000
    -89.295         0.00000     0.00000     0.00000     0.00000
    -89.145         0.00000     0.00000     0.00000     0.00000
    -88.995         0.00000     0.00000     0.00000     0.00000
    -88.845         0.00000     0.00000     0.00000     0.00000
    -88.695         0.00000     0.00000     0.00000     0.00000
    -88.545         0.00000     0.00000     0.00000     0.00000
    -88.395         0.00000     0.00000     0.00000     0.00000
    -88.245         0.00000     0.00000     0.00000     0.00000
    -88.095         0.00000     0.00000     0.00000     0.00000
    -87.945         0.00000     0.00000     0.00000     0.00000
    -87.795         0.00000     0.00000     0.00000     0.00000
    -87.645         0.00000     0.00000     0.00000     0.00000
    -87.495         0.00000     0.00000     0.00000     0.00000
    -87.345         0.00000     0.00000     0.00000     0.00000
    -87.195         0.00000     0.00000     0.00000     0.00000
    -87.045         0.00000     0.00000     0.00000     0.00000
    -86.895         0.00000     0.00000     0.00000     0.00000
    -86.745         0.00000     0.00000     0.00000     0.00000
    -86.595         0.00000     0.00000     0.00000     0.00000
    -86.445         0.00000     0.00000     0.00000     0.00000
    -86.295         0.00000     0.00000     0.00000     0.00000
    -86.145         0.00000     0.00000     0.00000     0.00000
    -85.995         0.00000     0.00000     0.00000     0.00000
    -85.845         0.00000     0.00000     0.00000     0.00000
    -85.695         0.00000     0.00000     0.00000     0.00000
    -85.545         0.00000     0.00000     0.00000     0.00000
    -85.395         0.00000     0.00000     0.00000     0.00000
    -85.245         0.00000     0.00000     0.00000     0.00000
    -85.095         0.00000     0.00000     0.00000     0.00000
    -84.945         0.00000     0.00000     0.00000     0.00000
    -84.795         0.00000     0.00000     0.00000     0.00000
    -84.645         0.00000     0.00000     0.00000     0.00000
    -84.495         0.00000     0.00000     0.00000     0.00000
    -84.345         0.00000     0.00000     0.00000     0.00000
    -84.195         0.00000     0.00000     0.00000     0.00000
    -84.045         0.00000     0.00000     0.00000     0.00000
    -83.895         0.00000     0.00000     0.00000     0.00000
    -83.745         0.00000     0.00000     0.00000     0.00000
    -83.595         0.00000     0.00000     0.00000     0.00000
    -83.445         0.00000     0.00000     0.00000     0.00000
    -83.295         0.00000     0.00000     0.00000     0.00000
    -83.145         0.00000     0.00000     0.00000     0.00000
    -82.995         0.00000     0.00000     0.00000     0.00000
    -82.845         0.00000     0.00000     0.00000     0.00000
    -82.695         0.00000     0.00000     0.00000     0.00000
    -82.545         0.00000     0.00000     0.00000     0.00000
    -82.395         0.00000     0.00000     0.00000     0.00000
    -82.245         0.00000     0.00000     0.00000     0.00000
    -82.095         0.00000     0.00000     0.00000     0.00000
    -81.945         0.00000     0.00000     0.00000     0.00000
    -81.795         0.00000     0.00000     0.00000     0.00000
    -81.645         0.00000     0.00000     0.00000     0.00000
    -81.495         0.00000     0.00000     0.00000     0.00000
    -81.345         0.00000     0.00000     0.00000     0.00000
    -81.195         0.00000     0.00000     0.00000     0.00000
    -81.045         0.00000     0.00000     0.00000     0.00000
    -80.895         0.00000     0.00000     0.00000     0.00000
    -80.745         0.00000     0.00000     0.00000     0.00000
    -80.595         0.00000     0.00000     0.00000     0.00000
    -80.445         0.00000     0.00000     0.00000     0.00000
    -80.295         0.00000     0.00000     0.00000     0.00000
    -80.145         0.00000     0.00000     0.00000     0.00000
    -79.995         0.00000     0.00000     0.00000     0.00000
    -79.845         0.00000     0.00000     0.00000     0.00000
    -79.695         0.00000     0.00000     0.00000     0.00000
    -79.545         0.00000     0.00000     0.00000     0.00000
    -79.395         0.00000     0.00000     0.00000     0.00000
    -79.245         0.00000     0.00000     0.00000     0.00000
    -79.095         0.00000     0.00000     0.00000     0.00000
    -78.945         0.00000     0.00000     0.00000     0.00000
    -78.795         0.00000     0.00000     0.00000     0.00000
    -78.645         0.00000     0.00000     0.00000     0.00000
    -78.495         0.00000     0.00000     0.00000     0.00000
    -78.345         0.00000     0.00000     0.00000     0.00000
    -78.195         0.00000     0.00000     0.00000     0.00000
    -78.045         0.00000     0.00000     0.00000     0.00000
    -77.895         0.00000     0.00000     0.00000     0.00000
    -77.745         0.00000     0.00000     0.00000     0.00000
    -77.595         0.00000     0.00000     0.00000     0.00000
    -77.445         0.00000     0.00000     0.00000     0.00000
    -77.295         0.00000     0.00000     0.00000     0.00000
    -77.145         0.00000     0.00000     0.00000     0.00000
    -76.995         0.00000     0.00000     0.00000     0.00000
    -76.845         0.00000     0.00000     0.00000     0.00000
    -76.695         0.00000     0.00000     0.00000     0.00000
    -76.545         0.00000     0.00000     0.00000     0.00000
    -76.395         0.00000     0.00000     0.00000     0.00000
    -76.245         0.00000     0.00000     0.00000     0.00000
    -76.095         0.00000     0.00000     0.00000     0.00000
    -75.945         0.00000     0.00000     0.00000     0.00000
    -75.795         0.00000     0.00000     0.00000     0.00000
    -75.645         0.00000     0.00000     0.00000     0.00000
    -75.495         0.00000     0.00000     0.00000     0.00000
    -75.345         0.00000     0.00000     0.00000     0.00000
    -75.195         0.00000     0.00000     0.00000     0.00000
    -75.045         0.00000     0.00000     0.00000     0.00000
    -74.895         0.00000     0.00000     0.00000     0.00000
    -74.745         0.00000     0.00000     0.00000     0.00000
    -74.595         0.00000     0.00000     0.00000     0.00000
    -74.445         0.00000     0.00000     0.00000     0.00000
    -74.295         0.00000     0.00000     0.00000     0.00000
    -74.145         0.00000     0.00000     0.00000     0.00000
    -73.995         0.00000     0.00000     0.00000     0.00000
    -73.845         0.00000     0.00000     0.00000     0.00000
    -73.695         0.00000     0.00000     0.00000     0.00000
    -73.545         0.00000     0.00000     0.00000     0.00000
    -73.395         0.00000     0.00000     0.00000     0.00000
    -73.245         0.00000     0.00000     0.00000     0.00000
    -73.095         0.00000     0.00000     0.00000     0.00000
    -72.945         0.00000     0.00000     0.00000     0.00000
    -72.795         0.00000     0.00000     0.00000     0.00000
    -72.645         0.00000     0.00000     0.00000     0.00000
    -72.495         0.00000     0.00000     0.00000     0.00000
    -72.345         0.00000     0.00000     0.00000     0.00000
    -72.195         0.00000     0.00000     0.00000     0.00000
    -72.045         0.00000     0.00000     0.00000     0.00000
    -71.895         0.00000     0.00000     0.00000     0.00000
    -71.745         0.00000     0.00000     0.00000     0.00000
    -71.595         0.00000     0.00000     0.00000     0.00000
    -71.445         0.00000     0.00000     0.00000     0.00000
    -71.295         0.00000     0.00000     0.00000     0.00000
    -71.145         0.00000     0.00000     0.00000     0.00000
    -70.995         0.00000     0.00000     0.00000     0.00000
    -70.845         0.00000     0.00000     0.00000     0.00000
    -70.695         0.00000     0.00000     0.00000     0.00000
    -70.545         0.00000     0.00000     0.00000     0.00000
    -70.395         0.00000     0.00000     0.00000     0.00000
    -70.245         0.00000     0.00000     0.00000     0.00000
    -70.095         0.00000     0.00000     0.00000     0.00000
    -69.945         0.00000     0.00000     0.00000     0.00000
    -69.795         0.00000     0.00000     0.00000     0.00000
    -69.645         0.00000     0.00000     0.00000     0.00000
    -69.495         0.00000     0.00000     0.00000     0.00000
    -69.345         0.00000     0.00000     0.00000     0.00000
    -69.195         0.00000     0.00000     0.00000     0.00000
    -69.045         0.00000     0.00000     0.00000     0.00000
    -68.895         0.00000     0.00000     0.00000     0.00000
    -68.745         0.00000     0.00000     0.00000     0.00000
    -68.595         0.00000     0.00000     0.00000     0.00000
    -68.445         0.00000     0.00000     0.00000     0.00000
    -68.295         0.00000     0.00000     0.00000     0.00000
    -68.145         0.00000     0.00000     0.00000     0.00000
    -67.995         0.00000     0.00000     0.00000     0.00000
    -67.845         0.00000     0.00000     0.00000     0.00000
    -67.695         0.00000     0.00000     0.00000     0.00000
    -67.545         0.00000     0.00000     0.00000     0.00000
    -67.395         0.00000     0.00000     0.00000     0.00000
    -67.245         0.00000     0.00000     0.00000     0.00000
    -67.095         0.00000     0.00000     0.00000     0.00000
    -66.945         0.00000     0.00000     0.00000     0.00000
    -66.795         0.00000     0.00000     0.00000     0.00000
    -66.645         0.00000     0.00000     0.00000     0.00000
    -66.495         0.00000     0.00000     0.00000     0.00000
    -66.345         0.00000     0.00000     0.00000     0.00000
    -66.195         0.00000     0.00000     0.00000     0.00000
    -66.045         0.00000     0.00000     0.00000     0.00000
    -65.895         0.00000     0.00000     0.00000     0.00000
    -65.745         0.00000     0.00000     0.00000     0.00000
    -65.595         0.00000     0.00000     0.00000     0.00000
    -65.445         0.00000     0.00000     0.00000     0.00000
    -65.295         0.00000     0.00000     0.00000     0.00000
    -65.145         0.00000     0.00000     0.00000     0.00000
    -64.995         0.00000     0.00000     0.00000     0.00000
    -64.845         0.00000     0.00000     0.00000     0.00000
    -64.695         0.00000     0.00000     0.00000     0.00000
    -64.545         0.00000     0.00000     0.00000     0.00000
    -64.395         0.00000     0.00000     0.00000     0.00000
    -64.245         0.00000     0.00000     0.00000     0.00000
    -64.095         0.00000     0.00000     0.00000     0.00000
    -63.945         0.00000     0.00000     0.00000     0.00000
    -63.795         0.00000     0.00000     0.00000     0.00000
    -63.645         0.00000     0.00000     0.00000     0.00000
    -63.495         0.00000     0.00000     0.00000     0.00000
    -63.345         0.00000     0.00000     0.00000     0.00000
    -63.195         0.00000     0.00000     0.00000     0.00000
    -63.045         0.00000     0.00000     0.00000     0.00000
    -62.895         0.00000     0.00000     0.00000     0.00000
    -62.745         0.00000     0.00000     0.00000     0.00000
    -62.595         0.00000     0.00000     0.00000     0.00000
    -62.445         0.00000     0.00000     0.00000     0.00000
    -62.295         0.00000     0.00000     0.00000     0.00000
    -62.145         0.00000     0.00000     0.00000     0.00000
    -61.995         0.00000     0.00000     0.00000     0.00000
    -61.845         0.00000     0.00000     0.00000     0.00000
    -61.695         0.00000     0.00000     0.00000     0.00000
    -61.545         0.00000     0.00000     0.00000     0.00000
    -61.395         0.00000     0.00000     0.00000     0.00000
    -61.245         0.00000     0.00000     0.00000     0.00000
    -61.095         0.00000     0.00000     0.00000     0.00000
    -60.945         0.00000     0.00000     0.00000     0.00000
    -60.795         0.00000     0.00000     0.00000     0.00000
    -60.645         0.00000     0.00000     0.00000     0.00000
    -60.495         0.00000     0.00000     0.00000     0.00000
    -60.345         0.00000     0.00000     0.00000     0.00000
    -60.195         0.00000     0.00000     0.00000     0.00000
    -60.045         0.00000     0.00000     0.00000     0.00000
    -59.895         0.00000     0.00000     0.00000     0.00000
    -59.745         0.00000     0.00000     0.00000     0.00000
    -59.595         0.00000     0.00000     0.00000     0.00000
    -59.445         0.00000     0.00000     0.00000     0.00000
    -59.295         0.00000     0.00000     0.00000     0.00000
    -59.145         0.00000     0.00000     0.00000     0.00000
    -58.995         0.00000     0.00000     0.00000     0.00000
    -58.845         0.00000     0.00000     0.00000     0.00000
    -58.695         0.00000     0.00000     0.00000     0.00000
    -58.545         0.00000     0.00000     0.00000     0.00000
    -58.395         0.00000     0.00000     0.00000     0.00000
    -58.245         0.00000     0.00000     0.00000     0.00000
    -58.095         0.00000     0.00000     0.00000     0.00000
    -57.945         0.00000     0.00000     0.00000     0.00000
    -57.795         0.00000     0.00000     0.00000     0.00000
    -57.645         0.00000     0.00000     0.00000     0.00000
    -57.495         0.00000     0.00000     0.00000     0.00000
    -57.345         0.00000     0.00000     0.00000     0.00000
    -57.195         0.00000     0.00000     0.00000     0.00000
    -57.045         0.00000     0.00000     0.00000     0.00000
    -56.895         0.00000     0.00000     0.00000     0.00000
    -56.745         0.00000     0.00000     0.00000     0.00000
    -56.595         0.00000     0.00000     0.00000     0.00000
    -56.445         0.00000     0.00000     0.00000     0.00000
    -56.295         0.00000     0.00000     0.00000     0.00000
    -56.145         0.00000     0.00000     0.00000     0.00000
    -55.995         0.00000     0.00000     0.00000     0.00000
    -55.845         0.00000     0.00000     0.00000     0.00000
    -55.695         0.00000     0.00000     0.00000     0.00000
    -55.545         0.00000     0.00000     0.00000     0.00000
    -55.395         0.00000     0.00000     0.00000     0.00000
    -55.245         0.00000     0.00000     0.00000     0.00000
    -55.095         0.00000     0.00000     0.00000     0.00000
    -54.945         0.00000     0.00000     0.00000     0.00000
    -54.795         0.00000     0.00000     0.00000     0.00000
    -54.645         0.00000     0.00000     0.00000     0.00000
    -54.495         0.00000     0.00000     0.00000     0.00000
    -54.345         0.00000     0.00000     0.00000     0.00000
    -54.195         0.00000     0.00000     0.00000     0.00000
    -54.045         0.00000     0.00000     0.00000     0.00000
    -53.895         0.00000     0.00000     0.00000     0.00000
    -53.745         0.00000     0.00000     0.00000     0.00000
    -53.595         0.00000     0.00000     0.00000     0.00000
    -53.445         0.00000     0.00000     0.00000     0.00000
    -53.295         0.00000     0.00000     0.00000     0.00000
    -53.145         0.00000     0.00000     0.00000     0.00000
    -52.995         0.00000     0.00000     0.00000     0.00000
    -52.845         0.00000     0.00000     0.00000     0.00000
    -52.695         0.00000     0.00000     0.00000     0.00000
    -52.545         0.00000     0.00000     0.00000     0.00000
    -52.395         0.00000     0.00000     0.00000     0.00000
    -52.245         0.00000     0.00000     0.00000     0.00000
    -52.095         0.00000     0.00000     0.00000     0.00000
    -51.945         0.00000     0.00000     0.00000     0.00000
    -51.795         0.00000     0.00000     0.00000     0.00000
    -51.645         0.00000     0.00000     0.00000     0.00000
    -51.495         0.00000     0.00000     0.00000     0.00000
    -51.345         0.00000     0.00000     0.00000     0.00000
    -51.195         0.00000     0.00000     0.00000     0.00000
    -51.045         0.00000     0.00000     0.00000     0.00000
    -50.895         0.00000     0.00000     0.00000     0.00000
    -50.745         0.00000     0.00000     0.00000     0.00000
    -50.595         0.00000     0.00000     0.00000     0.00000
    -50.445         0.00000     0.00000     0.00000     0.00000
    -50.295         0.00000     0.00000     0.00000     0.00000
    -50.145         0.00000     0.00000     0.00000     0.00000
    -49.995         0.00000     0.00000     0.00000     0.00000
    -49.845         0.00000     0.00000     0.00000     0.00000
    -49.695         0.00000     0.00000     0.00000     0.00000
    -49.545         0.00000     0.00000     0.00000     0.00000
    -49.395         0.00000     0.00000     0.00000     0.00000
    -49.245         0.00000     0.00000     0.00000     0.00000
    -49.095         0.00000     0.00000     0.00000     0.00000
    -48.945         0.00000     0.00000     0.00000     0.00000
    -48.795         0.00000     0.00000     0.00000     0.00000
    -48.645         0.00000     0.00000     0.00000     0.00000
    -48.495         0.00000     0.00000     0.00000     0.00000
    -48.345         0.00000     0.00000     0.00000     0.00000
    -48.195         0.00000     0.00000     0.00000     0.00000
    -48.045         0.00000     0.00000     0.00000     0.00000
    -47.895         0.00000     0.00000     0.00000     0.00000
    -47.745         0.00000     0.00000     0.00000     0.00000
    -47.595         0.00000     0.00000     0.00000     0.00000
    -47.445         0.00000     0.00000     0.00000     0.00000
    -47.295         0.00000     0.00000     0.00000     0.00000
    -47.145         0.00000     0.00000     0.00000     0.00000
    -46.995         0.00000     0.00000     0.00000     0.00000
    -46.845         0.00000     0.00000     0.00000     0.00000
    -46.695         0.00000     0.00000     0.00000     0.00000
    -46.545         0.00000     0.00000     0.00000     0.00000
    -46.395         0.00000     0.00000     0.00000     0.00000
    -46.245         0.00000     0.00000     0.00000     0.00000
    -46.095         0.00000     0.00000     0.00000     0.00000
    -45.945         0.00000     0.00000     0.00000     0.00000
    -45.795         0.00000     0.00000     0.00000     0.00000
    -45.645         0.00000     0.00000     0.00000     0.00000
    -45.495         0.00000     0.00000     0.00000     0.00000
    -45.345         0.00000     0.00000     0.00000     0.00000
    -45.195         0.00000     0.00000     0.00000     0.00000
    -45.045         0.00000     0.00000     0.00000     0.00000
    -44.895         0.00000     0.00000     0.00000     0.00000
    -44.745         0.00000     0.00000     0.00000     0.00000
    -44.595         0.00000     0.00000     0.00000     0.00000
    -44.445         0.00000     0.00000     0.00000     0.00000
    -44.295         0.00000     0.00000     0.00000     0.00000
    -44.145         0.00000     0.00000     0.00000     0.00000
    -43.995         0.00000     0.00000     0.00000     0.00000
    -43.845         0.00000     0.00000     0.00000     0.00000
    -43.695         0.00000     0.00000     0.00000     0.00000
    -43.545         0.00000     0.00000     0.00000     0.00000
    -43.395         0.00000     0.00000     0.00000     0.00000
    -43.245         0.00000     0.00000     0.00000     0.00000
    -43.095         0.00000     0.00000     0.00000     0.00000
    -42.945         0.00000     0.00000     0.00000     0.00000
    -42.795         0.00000     0.00000     0.00000     0.00000
    -42.645         0.00000     0.00000     0.00000     0.00000
    -42.495         0.00000     0.00000     0.00000     0.00000
    -42.345         0.00000     0.00000     0.00000     0.00000
    -42.195         0.00000     0.00000     0.00000     0.00000
    -42.045         0.00000     0.00000     0.00000     0.00000
    -41.895         0.00000     0.00000     0.00000     0.00000
    -41.745         0.00000     0.00000     0.00000     0.00000
    -41.595         0.00000     0.00000     0.00000     0.00000
    -41.445         0.00000     0.00000     0.00000     0.00000
    -41.295         0.00000     0.00000     0.00000     0.00000
    -41.145         0.00000     0.00000     0.00000     0.00000
    -40.995         0.00000     0.00000     0.00000     0.00000
    -40.845         0.00000     0.00000     0.00000     0.00000
    -40.695         0.00000     0.00000     0.00000     0.00000
    -40.545         0.00000     0.00000     0.00000     0.00000
    -40.395         0.00000     0.00000     0.00000     0.00000
    -40.245         0.00000     0.00000     0.00000     0.00000
    -40.095         0.00000     0.00000     0.00000     0.00000
    -39.945         0.00000     0.00000     0.00000     0.00000
    -39.795         0.00000     0.00000     0.00000     0.00000
    -39.645         0.00000     0.00000     0.00000     0.00000
    -39.495         0.00000     0.00000     0.00000     0.00000
    -39.345         0.00000     0.00000     0.00000     0.00000
    -39.195         0.00000     0.00000     0.00000     0.00000
    -39.045         0.00000     0.00000     0.00000     0.00000
    -38.895         0.00000     0.00000     0.00000     0.00000
    -38.745         0.00000     0.00000     0.00000     0.00000
    -38.595         0.00000     0.00000     0.00000     0.00000
    -38.445         0.00000     0.00000     0.00000     0.00000
    -38.295         0.00000     0.00000     0.00000     0.00000
    -38.145         0.00000     0.00000     0.00000     0.00000
    -37.995         0.00000     0.00000     0.00000     0.00000
    -37.845         0.00000     0.00000     0.00000     0.00000
    -37.695         0.00000     0.00000     0.00000     0.00000
    -37.545         0.00000     0.00000     0.00000     0.00000
    -37.395         0.00000     0.00000     0.00000     0.00000
    -37.245         0.00000     0.00000     0.00000     0.00000
    -37.095         0.00000     0.00000     0.00000     0.00000
    -36.945         0.00000     0.00000     0.00000     0.00000
    -36.795         0.00000     0.00000     0.00000     0.00000
    -36.645         0.00000     0.00000     0.00000     0.00000
    -36.495         0.00000     0.00000     0.00000     0.00000
    -36.345         0.00000     0.00000     0.00000     0.00000
    -36.195         0.00000     0.00000     0.00000     0.00000
    -36.045         0.00000     0.00000     0.00000     0.00000
    -35.895         0.00000     0.00000     0.00000     0.00000
    -35.745         0.00000     0.00000     0.00000     0.00000
    -35.595         0.00000     0.00000     0.00000     0.00000
    -35.445         0.00000     0.00000     0.00000     0.00000
    -35.295         0.00000     0.00000     0.00000     0.00000
    -35.145         0.00000     0.00000     0.00000     0.00000
    -34.995         0.00000     0.00000     0.00000     0.00000
    -34.845         0.00000     0.00000     0.00000     0.00000
    -34.695         0.00000     0.00000     0.00000     0.00000
    -34.545         0.00000     0.00000     0.00000     0.00000
    -34.395         0.00000     0.00000     0.00000     0.00000
    -34.245         0.00000     0.00000     0.00000     0.00000
    -34.095         0.00000     0.00000     0.00000     0.00000
    -33.945         0.00000     0.00000     0.00000     0.00000
    -33.795         0.00000     0.00000     0.00000     0.00000
    -33.645         0.00000     0.00000     0.00000     0.00000
    -33.495         0.00000     0.00000     0.00000     0.00000
    -33.345         0.00000     0.00000     0.00000     0.00000
    -33.195         0.00000     0.00000     0.00000     0.00000
    -33.045         0.00000     0.00000     0.00000     0.00000
    -32.895         0.00000     0.00000     0.00000     0.00000
    -32.745         0.00000     0.00000     0.00000     0.00000
    -32.595         0.00000     0.00000     0.00000     0.00000
    -32.445         0.00000     0.00000     0.00000     0.00000
    -32.295         0.00000     0.00000     0.00000     0.00000
    -32.145         0.00000     0.00000     0.00000     0.00000
    -31.995         0.00000     0.00000     0.00000     0.00000
    -31.845         0.00000     0.00000     0.00000     0.00000
    -31.695         0.00000     0.00000     0.00000     0.00000
    -31.545         0.00000     0.00000     0.00000     0.00000
    -31.395         0.00000     0.00000     0.00000     0.00000
    -31.245         0.00000     0.00000     0.00000     0.00000
    -31.095         0.00000     0.00000     0.00000     0.00000
    -30.945         0.00000     0.00000     0.00000     0.00000
    -30.795         0.00000     0.00000     0.00000     0.00000
    -30.645         0.00000     0.00000     0.00000     0.00000
    -30.495         0.00000     0.00000     0.00000     0.00000
    -30.345         0.00000     0.00000     0.00000     0.00000
    -30.195         0.00000     0.00000     0.00000     0.00000
    -30.045         0.00000     0.00000     0.00000     0.00000
    -29.895         0.00000     0.00000     0.00000     0.00000
    -29.745         0.00000     0.00000     0.00000     0.00000
    -29.595         0.00000     0.00000     0.00000     0.00000
    -29.445         0.00000     0.00000     0.00000     0.00000
    -29.295         0.00000     0.00000     0.00000     0.00000
    -29.145         0.00000     0.00000     0.00000     0.00000
    -28.995         0.00000     0.00000     0.00000     0.00000
    -28.845         0.00000     0.00000     0.00000     0.00000
    -28.695         0.00000     0.00000     0.00000     0.00000
    -28.545         0.00000     0.00000     0.00000     0.00000
    -28.395         0.00000     0.00000     0.00000     0.00000
    -28.245         0.00000     0.00000     0.00000     0.00000
    -28.095         0.00000     0.00000     0.00000     0.00000
    -27.945         0.00000     0.00000     0.00000     0.00000
    -27.795         0.00000     0.00000     0.00000     0.00000
    -27.645         0.00000     0.00000     0.00000     0.00000
    -27.495         0.00000     0.00000     0.00000     0.00000
    -27.345         0.00000     0.00000     0.00000     0.00000
    -27.195         0.00000     0.00000     0.00000     0.00000
    -27.045         0.00000     0.00000     0.00000     0.00000
    -26.895         0.00000     0.00000     0.00000     0.00000
    -26.745         0.00000     0.00000     0.00000     0.00000
    -26.595         0.00000     0.00000     0.00000     0.00000
    -26.445         0.00000     0.00000     0.00000     0.00000
    -26.295         0.00000     0.00000     0.00000     0.00000
    -26.145         0.00000     0.00000     0.00000     0.00000
    -25.995         0.00000     0.00000     0.00000     0.00000
    -25.845         0.00000     0.00000     0.00000     0.00000
    -25.695         0.00000     0.00000     0.00000     0.00000
    -25.545         0.00000     0.00000     0.00000     0.00000
    -25.395         0.00000     0.00000     0.00000     0.00000
    -25.245         0.00000     0.00000     0.00000     0.00000
    -25.095         0.00000     0.00000     0.00000     0.00000
    -24.945         0.00000     0.00000     0.00000     0.00000
    -24.795         0.00000     0.00000     0.00000     0.00000
    -24.645         0.00000     0.00000     0.00000     0.00000
    -24.495         0.00000     0.00000     0.00000     0.00000
    -24.345         0.00000     0.00000     0.00000     0.00000
    -24.195         0.00000     0.00000     0.00000     0.00000
    -24.045         0.00000     0.00000     0.00000     0.00000
    -23.895         0.00000     0.00000     0.00000     0.00000
    -23.745         0.00000     0.00000     0.00000     0.00000
    -23.595         0.00000     0.00000     0.00000     0.00000
    -23.445         0.00000     0.00000     0.00000     0.00000
    -23.295         0.00000     0.00000     0.00000     0.00000
    -23.145         0.00000     0.00000     0.00000     0.00000
    -22.995         0.00000     0.00000     0.00000     0.00000
    -22.845         0.00000     0.00000     0.00000     0.00000
    -22.695         0.00000     0.00000     0.00000     0.00000
    -22.545         0.00000     0.00000     0.00000     0.00000
    -22.395         0.00000     0.00000     0.00000     0.00000
    -22.245         0.00000     0.00000     0.00000     0.00000
    -22.095         0.00000     0.00000     0.00000     0.00000
    -21.945         0.00000     0.00000     0.00000     0.00000
    -21.795         0.00000     0.00000     0.00000     0.00000
    -21.645         0.00000     0.00000     0.00000     0.00000
    -21.495         0.00000     0.00000     0.00000     0.00000
    -21.345         0.00000     0.00000     0.00000     0.00000
    -21.195         0.00000     0.00000     0.00000     0.00000
    -21.045        -0.00000    -0.00000     0.00000     0.00000
    -20.895        -0.00000    -0.00000     0.00000     0.00000
    -20.745         0.00000     0.00000     0.00000     0.00000
    -20.595         0.00000     0.00000     0.00000     0.00000
    -20.445        -0.00092    -0.00092     0.00000     0.00000
    -20.295        -0.00185    -0.00185     0.00000     0.00000
    -20.145        -0.00185    -0.00185     0.00000     0.00000
    -19.995        -0.00815    -0.00815     0.00000     0.00000
    -19.845        -0.01449    -0.01449     0.00000     0.00000
    -19.695        -0.02087    -0.02087     0.00000     0.00000
    -19.545        -0.02727    -0.02727     0.00000     0.00000
    -19.395        -0.04155    -0.04155     0.00000     0.00000
    -19.245        -0.05838    -0.05838     0.00000     0.00000
    -19.095        -0.08450    -0.08450     0.00000     0.00000
    -18.945        -0.10307    -0.10307     0.00000     0.00000
    -18.795        -0.12071    -0.12071     0.00000     0.00000
    -18.645        -0.13830    -0.13830     0.00000     0.00000
    -18.495        -0.16499    -0.16499     0.00000     0.00000
    -18.345        -0.18495    -0.18495     0.00000     0.00000
    -18.195        -0.20478    -0.20478     0.00000     0.00000
    -18.045        -0.23099    -0.23099     0.00000     0.00000
    -17.895        -0.25543    -0.25543     0.00000     0.00000
    -17.745        -0.27975    -0.27975     0.00000     0.00000
    -17.595        -0.30154    -0.30154     0.00000     0.00000
    -17.445        -0.31845    -0.31845     0.00000     0.00000
    -17.295        -0.33682    -0.33682     0.00000     0.00000
    -17.145        -0.35114    -0.35114     0.00000     0.00000
    -16.995        -0.36614    -0.36614     0.00000     0.00000
    -16.845        -0.39027    -0.39027     0.00000     0.00000
    -16.695        -0.40276    -0.40276     0.00000     0.00000
    -16.545        -0.42127    -0.42127     0.00000     0.00000
    -16.395        -0.43438    -0.43438     0.00000     0.00000
    -16.245        -0.45115    -0.45115     0.00000     0.00000
    -16.095        -0.47001    -0.47001     0.00000     0.00000
    -15.945        -0.48358    -0.48358     0.00000     0.00000
    -15.795        -0.49559    -0.49559     0.00000     0.00000
    -15.645        -0.50459    -0.50459     0.00000     0.00000
    -15.495        -0.51500    -0.51500     0.00000     0.00000
    -15.345        -0.52320    -0.52320     0.00000     0.00000
    -15.195        -0.53557    -0.53557     0.00000     0.00000
    -15.045        -0.54644    -0.54644     0.00000     0.00000
    -14.895        -0.56001    -0.56001     0.00000     0.00000
    -14.745        -0.57214    -0.57214     0.00000     0.00000
    -14.595        -0.57867    -0.57867     0.00000     0.00000
    -14.445        -0.58513    -0.58513     0.00000     0.00000
    -14.295        -0.59294    -0.59294     0.00000     0.00000
    -14.145        -0.59866    -0.59866     0.00000     0.00000
    -13.995        -0.60634    -0.60634     0.00000     0.00000
    -13.845        -0.61658    -0.61658     0.00000     0.00000
    -13.695        -0.62287    -0.62287     0.00000     0.00000
    -13.545        -0.63169    -0.63169     0.00000     0.00000
    -13.395        -0.63916    -0.63916     0.00000     0.00000
    -13.245        -0.64468    -0.64468     0.00000     0.00000
    -13.095        -0.65003    -0.64954    -0.00048     0.00000
    -12.945        -0.65425    -0.65377    -0.00048     0.00000
    -12.795        -0.65969    -0.65921    -0.00048     0.00000
    -12.645        -0.66429    -0.66214    -0.00215     0.00000
    -12.495        -0.67063    -0.66569    -0.00493     0.00000
    -12.345        -0.68069    -0.66986    -0.01083     0.00000
    -12.195        -0.69091    -0.67458    -0.01633     0.00000
    -12.045        -0.70453    -0.68163    -0.02290     0.00000
    -11.895        -0.72087    -0.68691    -0.03396     0.00000
    -11.745        -0.73524    -0.69270    -0.04254     0.00000
    -11.595        -0.74796    -0.69736    -0.05060     0.00000
    -11.445        -0.76198    -0.70142    -0.06056     0.00000
    -11.295        -0.77718    -0.70768    -0.06950     0.00000
    -11.145        -0.78904    -0.71063    -0.07840     0.00000
    -10.995        -0.80364    -0.71358    -0.09006     0.00000
    -10.845        -0.81892    -0.71869    -0.10023     0.00000
    -10.695        -0.83083    -0.72377    -0.10705     0.00000
    -10.545        -0.84202    -0.72727    -0.11475     0.00000
    -10.395        -0.85414    -0.73130    -0.12285     0.00000
    -10.245        -0.86214    -0.73308    -0.12906     0.00000
    -10.095        -0.87271    -0.73658    -0.13612     0.00000
    -9.9450        -0.88281    -0.74059    -0.14222     0.00000
    -9.7950        -0.89195    -0.74411    -0.14784     0.00000
    -9.6450        -0.89845    -0.74413    -0.15431     0.00000
    -9.4950        -0.90709    -0.74594    -0.16115     0.00000
    -9.3450        -0.91305    -0.74902    -0.16404     0.00000
    -9.1950        -0.92034    -0.75082    -0.16951     0.00000
    -9.0450        -0.93146    -0.75485    -0.17661     0.00000
    -8.8950        -0.93695    -0.75746    -0.17949     0.00000
    -8.7450        -0.94693    -0.76007    -0.18686     0.00000
    -8.5950        -0.95380    -0.76323    -0.19057     0.00000
    -8.4450        -0.96114    -0.76728    -0.19385     0.00000
    -8.2950        -0.97297    -0.77423    -0.19874     0.00000
    -8.1450        -0.98234    -0.77993    -0.20241     0.00000
    -7.9950        -0.98935    -0.78364    -0.20571     0.00000
    -7.8450        -1.00029    -0.79051    -0.20979     0.00000
    -7.6950        -1.00818    -0.79506    -0.21312     0.00000
    -7.5450        -1.01460    -0.79886    -0.21574     0.00000
    -7.3950        -1.02512    -0.80493    -0.22019     0.00000
    -7.2450        -1.03384    -0.81099    -0.22285     0.00000
    -7.0950        -1.04511    -0.81811    -0.22700     0.00000
    -6.9450        -1.05772    -0.82625    -0.23147     0.00000
    -6.7950        -1.06956    -0.83269    -0.23565    -0.00121
    -6.6450        -1.08685    -0.84111    -0.23987    -0.00587
    -6.4950        -1.11437    -0.85204    -0.24510    -0.01723
    -6.3450        -1.14807    -0.86073    -0.24912    -0.03822
    -6.1950        -1.19869    -0.86908    -0.25534    -0.07427
    -6.0450        -1.25652    -0.88068    -0.26042    -0.11541
    -5.8950        -1.32433    -0.88901    -0.26498    -0.17035
    -5.7450        -1.42385    -0.90184    -0.27361    -0.24841
    -5.5950        -1.55432    -0.91132    -0.28091    -0.36209
    -5.4450        -1.70522    -0.92449    -0.28963    -0.49110
    -5.2950        -1.87831    -0.93554    -0.29659    -0.64618
    -5.1450        -2.07583    -0.94803    -0.30546    -0.82233
    -4.9950        -2.27571    -0.96076    -0.31420    -1.00074
    -4.8450        -2.49960    -0.97530    -0.32475    -1.19955
    -4.6950        -2.71689    -0.99023    -0.33491    -1.39175
    -4.5450        -2.95102    -1.00438    -0.34563    -1.60101
    -4.3950        -3.18565    -1.02043    -0.35925    -1.80598
    -4.2450        -3.40286    -1.03386    -0.37211    -1.99689
    -4.0950        -3.63273    -1.04795    -0.38383    -2.20096
    -3.9450        -3.84450    -1.06362    -0.39607    -2.38481
    -3.7950        -4.06702    -1.07853    -0.41053    -2.57796
    -3.6450        -4.27624    -1.09348    -0.42545    -2.75732
    -3.4950        -4.49221    -1.11182    -0.44134    -2.93905
    -3.3450        -4.69683    -1.12870    -0.45953    -3.10859
    -3.1950        -4.89674    -1.14794    -0.47748    -3.27132
    -3.0450        -5.09679    -1.16648    -0.49603    -3.43428
    -2.8950        -5.30876    -1.18927    -0.51752    -3.60197
    -2.7450        -5.52923    -1.21407    -0.54028    -3.77488
    -2.5950        -5.74928    -1.24026    -0.56942    -3.93960
    -2.4450        -5.98657    -1.26854    -0.59868    -4.11935
    -2.2950        -6.23864    -1.29623    -0.63016    -4.31225
    -2.1450        -6.51011    -1.32941    -0.66656    -4.51415
    -1.9950        -6.81671    -1.36553    -0.70727    -4.74390
    -1.8450        -7.15509    -1.40384    -0.75552    -4.99573
    -1.6950        -7.53860    -1.44938    -0.80630    -5.28292
    -1.5450        -7.98916    -1.49875    -0.86670    -5.62372
    -1.3950        -8.52974    -1.55354    -0.93548    -6.04071
    -1.2450        -9.20505    -1.61881    -1.01535    -6.57089
    -1.0950       -10.04764    -1.69874    -1.10984    -7.23906
   -0.94500       -11.06183    -1.79910    -1.22500    -8.03773
   -0.79500       -12.24685    -1.92402    -1.36298    -8.95985
   -0.64500       -13.66524    -2.08930    -1.54888   -10.02706
   -0.49500       -15.42254    -2.32932    -1.80850   -11.28472
   -0.34500       -17.96102    -2.71790    -2.23566   -13.00746
   -0.22700       -19.12630    -2.90772    -2.44041   -13.77817
   -0.21300       -19.28275    -2.93413    -2.46800   -13.88062
   -0.20700       -19.44252    -2.96120    -2.49619   -13.98513
   -0.20100       -19.60764    -2.98927    -2.52560   -14.09277
   -0.19500       -19.77668    -3.01828    -2.55552   -14.20287
   -0.18900       -19.95203    -3.04819    -2.58622   -14.31762
   -0.18300       -20.13304    -3.07889    -2.61826   -14.43589
   -0.17700       -20.31893    -3.11040    -2.65210   -14.55644
   -0.17100       -20.51043    -3.14308    -2.68640   -14.68095
   -0.16500       -20.70989    -3.17666    -2.72212   -14.81111
   -0.15900       -20.91548    -3.21146    -2.75885   -14.94517
   -0.15300       -21.12930    -3.24745    -2.79769   -15.08417
   -0.14700       -21.34932    -3.28421    -2.83739   -15.22771
   -0.14100       -21.57902    -3.32207    -2.87941   -15.37754
   -0.13500       -21.81841    -3.36225    -2.92361   -15.53255
   -0.12900       -22.06765    -3.40376    -2.96922   -15.69467
   -0.12300       -22.32865    -3.44688    -3.01637   -15.86540
   -0.11700       -22.60164    -3.49203    -3.06580   -16.04381
   -0.11100       -22.88696    -3.53835    -3.11698   -16.23163
   -0.10500       -23.18452    -3.58611    -3.17038   -16.42803
   -0.99000E-01   -23.49906    -3.63557    -3.22595   -16.63755
   -0.93000E-01   -23.82910    -3.68727    -3.28369   -16.85814
   -0.87000E-01   -24.18055    -3.74122    -3.34523   -17.09410
   -0.81000E-01   -24.55307    -3.79741    -3.40999   -17.34567
   -0.75000E-01   -24.95175    -3.85699    -3.47815   -17.61662
   -0.69000E-01   -25.38187    -3.92010    -3.55125   -17.91052
   -0.63000E-01   -25.84452    -3.98714    -3.62825   -18.22914
   -0.57000E-01   -26.35522    -4.05993    -3.71389   -18.58140
   -0.51000E-01   -26.92309    -4.14063    -3.80902   -18.97344
   -0.45000E-01   -27.55908    -4.22966    -3.91110   -19.41831
   -0.39000E-01   -28.27020    -4.32336    -4.01517   -19.93167
   -0.33000E-01   -29.07064    -4.41641    -4.11685   -20.53738
   -0.27000E-01   -29.99726    -4.50422    -4.21265   -21.28039
   -0.21300E-01   -30.73342    -4.55854    -4.27150   -21.90338
   -0.19500E-01   -30.85079    -4.56602    -4.27954   -22.00522
   -0.18900E-01   -30.97119    -4.57341    -4.28738   -22.11041
   -0.18300E-01   -31.09479    -4.58061    -4.29498   -22.21919
   -0.17700E-01   -31.22124    -4.58763    -4.30237   -22.33124
   -0.17100E-01   -31.35207    -4.59461    -4.30964   -22.44782
   -0.16500E-01   -31.48656    -4.60132    -4.31663   -22.56860
   -0.15900E-01   -31.62519    -4.60783    -4.32339   -22.69397
   -0.15300E-01   -31.76787    -4.61410    -4.33002   -22.82375
   -0.14700E-01   -31.91621    -4.62021    -4.33634   -22.95966
   -0.14100E-01   -32.06966    -4.62619    -4.34241   -23.10106
   -0.13500E-01   -32.22904    -4.63192    -4.34825   -23.24887
   -0.12900E-01   -32.39528    -4.63742    -4.35388   -23.40399
   -0.12300E-01   -32.56824    -4.64263    -4.35932   -23.56629
   -0.11700E-01   -32.74964    -4.64768    -4.36449   -23.73748
   -0.11100E-01   -32.93978    -4.65253    -4.36939   -23.91786
   -0.10500E-01   -33.14012    -4.65717    -4.37404   -24.10890
   -0.99000E-02   -33.35207    -4.66146    -4.37845   -24.31216
   -0.93000E-02   -33.57695    -4.66556    -4.38264   -24.52876
   -0.87000E-02   -33.81743    -4.66942    -4.38651   -24.76149
   -0.81000E-02   -34.07662    -4.67305    -4.39017   -25.01340
   -0.75000E-02   -34.35760    -4.67639    -4.39351   -25.28771
   -0.69000E-02   -34.66665    -4.67948    -4.39662   -25.59055
   -0.63000E-02   -35.00936    -4.68230    -4.39945   -25.92761
   -0.57000E-02   -35.39220    -4.68486    -4.40202   -26.30533
   -0.51000E-02   -35.82298    -4.68714    -4.40432   -26.73152
   -0.45000E-02   -36.30980    -4.68914    -4.40635   -27.21431
   -0.39000E-02   -36.86180    -4.69091    -4.40811   -27.76278
   -0.33000E-02   -37.48980    -4.69242    -4.40960   -28.38778
   -0.27000E-02   -38.20765    -4.69364    -4.41082   -29.10319
   -0.21000E-02   -39.03706    -4.69460    -4.41176   -29.93070
   -0.15000E-02   -40.01810    -4.69528    -4.41243   -30.91038
   -0.90000E-03   -41.01380    -4.69569    -4.41284   -31.90527
   -0.30000E-03   -41.44385    -4.69583    -4.41298   -32.33505
    0.30000E-03   -41.01445    -4.69569    -4.41285   -31.90591
    0.90000E-03   -40.01757    -4.69528    -4.41244   -30.90984
    0.15000E-02   -39.03474    -4.69460    -4.41177   -29.92837
    0.21000E-02   -38.20418    -4.69364    -4.41082   -29.09972
    0.27000E-02   -37.48576    -4.69241    -4.40961   -28.38373
    0.33000E-02   -36.85687    -4.69092    -4.40814   -27.75781
    0.39000E-02   -36.30415    -4.68917    -4.40640   -27.20858
    0.45000E-02   -35.81685    -4.68710    -4.40439   -26.72536
    0.51000E-02   -35.38602    -4.68478    -4.40213   -26.29912
    0.57000E-02   -35.00291    -4.68218    -4.39962   -25.92112
    0.63000E-02   -34.65954    -4.67931    -4.39685   -25.58338
    0.69000E-02   -34.35027    -4.67617    -4.39383   -25.28026
    0.75000E-02   -34.06844    -4.67282    -4.39056   -25.00506
    0.81000E-02   -33.80928    -4.66913    -4.38704   -24.75311
    0.87000E-02   -33.56821    -4.66521    -4.38325   -24.51974
    0.93000E-02   -33.34244    -4.66104    -4.37922   -24.30218
    0.99000E-02   -33.13009    -4.65657    -4.37493   -24.09859
    0.10500E-01   -32.92961    -4.65181    -4.37037   -23.90742
    0.11100E-01   -32.73892    -4.64682    -4.36564   -23.72646
    0.11700E-01   -32.55788    -4.64160    -4.36073   -23.55555
    0.12300E-01   -32.38469    -4.63614    -4.35553   -23.39302
    0.12900E-01   -32.21880    -4.63046    -4.35005   -23.23829
    0.13500E-01   -32.05929    -4.62452    -4.34447   -23.09031
    0.14100E-01   -31.90582    -4.61835    -4.33861   -22.94886
    0.14700E-01   -31.75740    -4.61195    -4.33259   -22.81285
    0.15300E-01   -31.61420    -4.60535    -4.32637   -22.68248
    0.15900E-01   -31.47575    -4.59846    -4.31989   -22.55741
    0.16500E-01   -31.34137    -4.59127    -4.31324   -22.43686
    0.17100E-01   -31.21096    -4.58401    -4.30636   -22.32059
    0.17700E-01   -31.08427    -4.57656    -4.29944   -22.20826
    0.18300E-01   -30.96048    -4.56887    -4.29232   -22.09929
    0.18900E-01   -30.84002    -4.56101    -4.28503   -21.99399
    0.19500E-01   -30.72233    -4.55294    -4.27763   -21.89176
    0.21300E-01   -29.98528    -4.49328    -4.22337   -21.26864
    0.27000E-01   -29.05817    -4.39688    -4.13667   -20.52462
    0.33000E-01   -28.25814    -4.29413    -4.04571   -19.91830
    0.39000E-01   -27.54957    -4.18901    -3.95368   -19.40688
    0.45000E-01   -26.91504    -4.08606    -3.86532   -18.96366
    0.51000E-01   -26.34965    -3.99110    -3.78535   -18.57320
    0.57000E-01   -25.84576    -3.90667    -3.71301   -18.22609
    0.63000E-01   -25.38876    -3.82993    -3.64548   -17.91335
    0.69000E-01   -24.96870    -3.75926    -3.58124   -17.62819
    0.75000E-01   -24.57997    -3.69280    -3.52025   -17.36693
    0.81000E-01   -24.21785    -3.62957    -3.46281   -17.12547
    0.87000E-01   -23.87902    -3.57013    -3.40733   -16.90155
    0.93000E-01   -23.55957    -3.51272    -3.35425   -16.69260
    0.99000E-01   -23.25820    -3.45828    -3.30280   -16.49712
    0.10500       -22.97188    -3.40519    -3.25351   -16.31318
    0.11100       -22.70255    -3.35502    -3.20685   -16.14068
    0.11700       -22.44440    -3.30626    -3.16151   -15.97663
    0.12300       -22.20028    -3.25986    -3.11881   -15.82160
    0.12900       -21.96620    -3.21530    -3.07667   -15.67422
    0.13500       -21.74233    -3.17236    -3.03661   -15.53337
    0.14100       -21.52839    -3.13099    -2.99770   -15.39969
    0.14700       -21.32330    -3.09094    -2.96085   -15.27152
    0.15300       -21.12602    -3.05265    -2.92473   -15.14863
    0.15900       -20.93537    -3.01553    -2.88968   -15.03015
    0.16500       -20.75421    -2.98030    -2.85636   -14.91756
    0.17100       -20.57817    -2.94585    -2.82369   -14.80862
    0.17700       -20.40909    -2.91257    -2.79265   -14.70387
    0.18300       -20.24614    -2.88024    -2.76294   -14.60297
    0.18900       -20.08894    -2.84935    -2.73379   -14.50580
    0.19500       -19.93634    -2.81946    -2.70530   -14.41157
    0.20100       -19.78986    -2.79077    -2.67728   -14.32181
    0.20700       -19.64573    -2.76312    -2.65021   -14.23241
    0.21300       -19.50724    -2.73679    -2.62408   -14.14637
    0.22700       -18.49284    -2.53860    -2.43263   -13.52160
    0.34500       -16.39946    -2.13206    -2.02630   -12.24110
    0.49500       -15.10146    -1.88443    -1.77194   -11.44508
    0.64500       -14.17378    -1.71497    -1.59296   -10.86585
    0.79500       -13.45550    -1.59172    -1.46084   -10.40294
    0.94500       -12.87595    -1.49315    -1.35837   -10.02442
     1.0950       -12.39366    -1.41494    -1.27706    -9.70167
     1.2450       -11.98446    -1.34878    -1.20889    -9.42679
     1.3950       -11.63313    -1.29200    -1.15108    -9.19004
     1.5450       -11.32048    -1.24286    -1.10107    -8.97655
     1.6950       -11.04401    -1.20170    -1.05834    -8.78397
     1.8450       -10.79492    -1.16438    -1.02026    -8.61029
     1.9950       -10.56707    -1.13071    -0.98579    -8.45056
     2.1450       -10.35686    -1.09995    -0.95566    -8.30125
     2.2950       -10.17132    -1.07333    -0.92880    -8.16919
     2.4450        -9.99580    -1.04943    -0.90406    -8.04231
     2.5950        -9.83942    -1.02753    -0.88176    -7.93013
     2.7450        -9.70364    -1.00657    -0.86136    -7.83571
     2.8950        -9.57234    -0.98758    -0.84318    -7.74158
     3.0450        -9.45724    -0.97018    -0.82589    -7.66117
     3.1950        -9.35699    -0.95429    -0.80967    -7.59303
     3.3450        -9.25892    -0.93946    -0.79507    -7.52439
     3.4950        -9.17845    -0.92593    -0.78105    -7.47146
     3.6450        -9.09545    -0.91283    -0.76764    -7.41499
     3.7950        -9.01921    -0.90069    -0.75509    -7.36343
     3.9450        -8.94957    -0.88966    -0.74314    -7.31677
     4.0950        -8.88823    -0.87888    -0.73219    -7.27716
     4.2450        -8.82645    -0.86876    -0.72173    -7.23596
     4.3950        -8.77222    -0.85923    -0.71184    -7.20115
     4.5450        -8.72411    -0.85059    -0.70226    -7.17125
     4.6950        -8.67892    -0.84260    -0.69352    -7.14279
     4.8450        -8.63447    -0.83456    -0.68497    -7.11494
     4.9950        -8.59290    -0.82728    -0.67698    -7.08865
     5.1450        -8.55404    -0.82068    -0.66954    -7.06382
     5.2950        -8.51489    -0.81399    -0.66245    -7.03844
     5.4450        -8.48239    -0.80971    -0.65586    -7.01681
     5.5950        -8.44761    -0.80548    -0.64999    -6.99214
     5.7450        -8.41939    -0.80331    -0.64359    -6.97248
     5.8950        -8.38814    -0.79819    -0.63752    -6.95243
     6.0450        -8.35742    -0.79273    -0.63181    -6.93289
     6.1950        -8.33051    -0.78938    -0.62629    -6.91484
     6.3450        -8.30276    -0.78534    -0.62127    -6.89614
     6.4950        -8.27720    -0.78202    -0.61608    -6.87910
     6.6450        -8.25170    -0.77816    -0.61109    -6.86244
     6.7950        -8.23014    -0.77769    -0.60623    -6.84621
     6.9450        -8.20764    -0.77448    -0.60278    -6.83039
     7.0950        -8.18428    -0.77050    -0.59880    -6.81498
     7.2450        -8.16189    -0.76736    -0.59465    -6.79988
     7.3950        -8.14003    -0.76426    -0.59061    -6.78515
     7.5450        -8.11944    -0.76205    -0.58667    -6.77073
     7.6950        -8.10113    -0.76173    -0.58275    -6.75665
     7.8450        -8.08192    -0.75953    -0.57950    -6.74289
     7.9950        -8.06774    -0.75924    -0.57908    -6.72943
     8.1450        -8.04934    -0.75639    -0.57674    -6.71621
     8.2950        -8.03381    -0.75612    -0.57438    -6.70331
     8.4450        -8.01777    -0.75585    -0.57130    -6.69062
     8.5950        -8.00019    -0.75373    -0.56828    -6.67818
     8.7450        -7.98542    -0.75348    -0.56595    -6.66599
     8.8950        -7.97016    -0.75325    -0.56286    -6.65405
     9.0450        -7.95536    -0.75303    -0.55998    -6.64235
     9.1950        -7.93894    -0.75097    -0.55715    -6.63082
     9.3450        -7.92515    -0.75076    -0.55488    -6.61951
     9.4950        -7.91353    -0.75057    -0.55459    -6.60838
     9.6450        -7.90212    -0.75037    -0.55431    -6.59744
     9.7950        -7.88901    -0.75018    -0.55211    -6.58671
     9.9450        -7.87607    -0.75000    -0.54991    -6.57615
     10.095        -7.86532    -0.74984    -0.54966    -6.56582
     10.245        -7.85471    -0.74967    -0.54942    -6.55562
     10.395        -7.84428    -0.74951    -0.54918    -6.54559
     10.545        -7.83402    -0.74935    -0.54894    -6.53572
     10.695        -7.82393    -0.74921    -0.54872    -6.52600
     10.845        -7.81396    -0.74907    -0.54849    -6.51641
     10.995        -7.80419    -0.74893    -0.54828    -6.50697
     11.145        -7.79455    -0.74880    -0.54807    -6.49768
     11.295        -7.78504    -0.74867    -0.54787    -6.48851
     11.445        -7.77381    -0.74855    -0.54580    -6.47946
     11.595        -7.76461    -0.74843    -0.54561    -6.47057
     11.745        -7.75369    -0.74831    -0.54359    -6.46178
     11.895        -7.74478    -0.74820    -0.54341    -6.45317
     12.045        -7.73598    -0.74808    -0.54323    -6.44466
     12.195        -7.72729    -0.74797    -0.54306    -6.43626
     12.345        -7.71872    -0.74787    -0.54289    -6.42796
     12.495        -7.71025    -0.74777    -0.54272    -6.41976
     12.645        -7.70194    -0.74767    -0.54256    -6.41171
     12.795        -7.69372    -0.74758    -0.54240    -6.40374
     12.945        -7.68558    -0.74748    -0.54224    -6.39586
     13.095        -7.67757    -0.74739    -0.54209    -6.38809
     13.245        -7.66966    -0.74730    -0.54194    -6.38042
     13.395        -7.66186    -0.74722    -0.54179    -6.37285
     13.545        -7.65413    -0.74713    -0.54165    -6.36535
     13.695        -7.64649    -0.74705    -0.54150    -6.35793
     13.845        -7.63895    -0.74697    -0.54136    -6.35061
     13.995        -7.63153    -0.74690    -0.54123    -6.34341
     14.145        -7.62420    -0.74682    -0.54110    -6.33628
     14.295        -7.61695    -0.74674    -0.54096    -6.32924
     14.445        -7.60979    -0.74667    -0.54084    -6.32229
     14.595        -7.60272    -0.74660    -0.54071    -6.31542
     14.745        -7.59570    -0.74653    -0.54058    -6.30860
     14.895        -7.58876    -0.74645    -0.54046    -6.30185
     15.045        -7.58192    -0.74639    -0.54033    -6.29520
     15.195        -7.57516    -0.74633    -0.54021    -6.28862
     15.345        -7.56846    -0.74626    -0.54010    -6.28210
     15.495        -7.56186    -0.74620    -0.53998    -6.27568
     15.645        -7.55530    -0.74614    -0.53987    -6.26929
     15.795        -7.54882    -0.74608    -0.53976    -6.26298
     15.945        -7.54241    -0.74602    -0.53965    -6.25674
     16.095        -7.53605    -0.74596    -0.53954    -6.25055
     16.245        -7.52977    -0.74591    -0.53944    -6.24443
     16.395        -7.52354    -0.74585    -0.53933    -6.23836
     16.545        -7.51740    -0.74580    -0.53923    -6.23237
     16.695        -7.51131    -0.74575    -0.53913    -6.22642
     16.845        -7.50529    -0.74570    -0.53903    -6.22056
     16.995        -7.49934    -0.74565    -0.53893    -6.21476
     17.145        -7.49344    -0.74560    -0.53883    -6.20901
     17.295        -7.48758    -0.74555    -0.53873    -6.20329
     17.445        -7.48178    -0.74550    -0.53864    -6.19763
     17.595        -7.47606    -0.74545    -0.53854    -6.19207
     17.745        -7.47037    -0.74540    -0.53845    -6.18652
     17.895        -7.46476    -0.74536    -0.53836    -6.18105
     18.045        -7.45920    -0.74532    -0.53826    -6.17562
     18.195        -7.45366    -0.74527    -0.53817    -6.17022
     18.345        -7.44817    -0.74522    -0.53809    -6.16486
     18.495        -7.44273    -0.74518    -0.53800    -6.15956
     18.645        -7.43740    -0.74514    -0.53792    -6.15434
     18.795        -7.43208    -0.74509    -0.53783    -6.14916
     18.945        -7.42678    -0.74505    -0.53774    -6.14399
     19.095        -7.42156    -0.74501    -0.53766    -6.13890
     19.245        -7.41639    -0.74497    -0.53757    -6.13384
     19.395        -7.41125    -0.74493    -0.53749    -6.12884
     19.545        -7.40613    -0.74489    -0.53741    -6.12383
     19.695        -7.40103    -0.74485    -0.53732    -6.11885
     19.845        -7.39603    -0.74482    -0.53725    -6.11397
     19.995        -7.39103    -0.74478    -0.53717    -6.10909
     20.145        -7.38610    -0.74474    -0.53709    -6.10427
     20.295        -7.38121    -0.74471    -0.53701    -6.09949
     20.445        -7.37635    -0.74467    -0.53694    -6.09475
     20.595        -7.37157    -0.74463    -0.53686    -6.09007
     20.745        -7.36678    -0.74460    -0.53679    -6.08540
     20.895        -7.36203    -0.74457    -0.53671    -6.08075
     21.045        -7.35733    -0.74453    -0.53664    -6.07616
     21.195        -7.35267    -0.74450    -0.53657    -6.07160
     21.345        -7.34805    -0.74447    -0.53649    -6.06709
     21.495        -7.34347    -0.74443    -0.53642    -6.06261
     21.645        -7.33891    -0.74440    -0.53635    -6.05816
     21.795        -7.33440    -0.74437    -0.53628    -6.05374
     21.945        -7.32990    -0.74434    -0.53621    -6.04935
     22.095        -7.32544    -0.74431    -0.53614    -6.04499
     22.245        -7.32103    -0.74428    -0.53607    -6.04068
     22.395        -7.31663    -0.74424    -0.53600    -6.03639
     22.545        -7.31230    -0.74421    -0.53593    -6.03215
     22.695        -7.30798    -0.74418    -0.53586    -6.02793
     22.845        -7.30368    -0.74415    -0.53580    -6.02374
     22.995        -7.29943    -0.74412    -0.53573    -6.01958
     23.145        -7.29521    -0.74409    -0.53567    -6.01544
     23.295        -7.29100    -0.74407    -0.53561    -6.01133
     23.445        -7.28682    -0.74404    -0.53554    -6.00724
     23.595        -7.28271    -0.74402    -0.53548    -6.00321
     23.745        -7.27860    -0.74399    -0.53542    -5.99919
     23.895        -7.27453    -0.74397    -0.53535    -5.99521
     24.045        -7.27048    -0.74394    -0.53529    -5.99125
     24.195        -7.26647    -0.74391    -0.53523    -5.98733
     24.345        -7.26249    -0.74389    -0.53517    -5.98343
     24.495        -7.25852    -0.74386    -0.53511    -5.97955
     24.645        -7.25458    -0.74384    -0.53505    -5.97569
     24.795        -7.25067    -0.74381    -0.53499    -5.97187
     24.945        -7.24679    -0.74379    -0.53493    -5.96807
     25.095        -7.24294    -0.74377    -0.53488    -5.96429
     25.245        -7.23912    -0.74374    -0.53482    -5.96056
     25.395        -7.23530    -0.74372    -0.53476    -5.95682
     25.545        -7.23154    -0.74370    -0.53471    -5.95313
     25.695        -7.22778    -0.74367    -0.53465    -5.94946
     25.845        -7.22405    -0.74365    -0.53460    -5.94580
     25.995        -7.22034    -0.74363    -0.53454    -5.94216
     26.145        -7.21667    -0.74361    -0.53449    -5.93856
     26.295        -7.21301    -0.74359    -0.53444    -5.93498
     26.445        -7.20938    -0.74357    -0.53438    -5.93142
     26.595        -7.20575    -0.74355    -0.53433    -5.92787
     26.745        -7.20215    -0.74353    -0.53428    -5.92435
     26.895        -7.19859    -0.74350    -0.53422    -5.92086
     27.045        -7.19503    -0.74348    -0.53417    -5.91738
     27.195        -7.19150    -0.74346    -0.53412    -5.91392
     27.345        -7.18801    -0.74344    -0.53406    -5.91051
     27.495        -7.18453    -0.74342    -0.53401    -5.90709
     27.645        -7.18107    -0.74340    -0.53396    -5.90371
     27.795        -7.17761    -0.74338    -0.53391    -5.90033
     27.945        -7.17418    -0.74336    -0.53386    -5.89696
     28.095        -7.17076    -0.74334    -0.53381    -5.89361
     28.245        -7.16739    -0.74332    -0.53376    -5.89032
     28.395        -7.16404    -0.74330    -0.53371    -5.88703
     28.545        -7.16070    -0.74328    -0.53366    -5.88376
     28.695        -7.15738    -0.74326    -0.53361    -5.88051
     28.845        -7.15407    -0.74324    -0.53356    -5.87726
     28.995        -7.15080    -0.74322    -0.53351    -5.87406
     29.145        -7.14753    -0.74321    -0.53347    -5.87085
     29.295        -7.14432    -0.74319    -0.53342    -5.86771
     29.445        -7.14109    -0.74317    -0.53337    -5.86455
     29.595        -7.13787    -0.74315    -0.53332    -5.86140
     29.745        -7.13469    -0.74313    -0.53328    -5.85828
     29.895        -7.13153    -0.74312    -0.53323    -5.85518
     30.045        -7.12838    -0.74310    -0.53319    -5.85209
     30.195        -7.12526    -0.74308    -0.53314    -5.84903
     30.345        -7.12213    -0.74306    -0.53310    -5.84597
     30.495        -7.11904    -0.74305    -0.53305    -5.84294
     30.645        -7.11596    -0.74303    -0.53300    -5.83993
     30.795        -7.11290    -0.74301    -0.53296    -5.83693
     30.945        -7.10986    -0.74300    -0.53291    -5.83395
     31.095        -7.10682    -0.74298    -0.53287    -5.83097
     31.245        -7.10381    -0.74297    -0.53283    -5.82802
     31.395        -7.10080    -0.74295    -0.53278    -5.82507
     31.545        -7.09782    -0.74293    -0.53274    -5.82215
     31.695        -7.09485    -0.74291    -0.53269    -5.81924
     31.845        -7.09191    -0.74290    -0.53265    -5.81636
     31.995        -7.08897    -0.74288    -0.53261    -5.81348
     32.145        -7.08606    -0.74287    -0.53257    -5.81063
     32.295        -7.08315    -0.74285    -0.53253    -5.80777
     32.445        -7.08024    -0.74284    -0.53248    -5.80492
     32.595        -7.07736    -0.74282    -0.53244    -5.80210
     32.745        -7.07450    -0.74280    -0.53240    -5.79930
     32.895        -7.07165    -0.74279    -0.53236    -5.79650
     33.045        -7.06882    -0.74277    -0.53232    -5.79373
     33.195        -7.06598    -0.74276    -0.53227    -5.79095
     33.345        -7.06316    -0.74274    -0.53223    -5.78819
     33.495        -7.06037    -0.74273    -0.53219    -5.78545
     33.645        -7.05758    -0.74271    -0.53215    -5.78271
     33.795        -7.05481    -0.74270    -0.53211    -5.78000
     33.945        -7.05205    -0.74269    -0.53208    -5.77729
     34.095        -7.04931    -0.74267    -0.53204    -5.77460
     34.245        -7.04659    -0.74265    -0.53200    -5.77193
     34.395        -7.04389    -0.74264    -0.53196    -5.76929
     34.545        -7.04119    -0.74262    -0.53192    -5.76664
     34.695        -7.03850    -0.74261    -0.53188    -5.76400
     34.845        -7.03582    -0.74260    -0.53184    -5.76138
     34.995        -7.03316    -0.74258    -0.53180    -5.75877
     35.145        -7.03051    -0.74257    -0.53177    -5.75617
     35.295        -7.02787    -0.74256    -0.53173    -5.75359
     35.445        -7.02524    -0.74254    -0.53169    -5.75101
     35.595        -7.02263    -0.74253    -0.53165    -5.74844
     35.745        -7.02003    -0.74251    -0.53162    -5.74590
     35.895        -7.01743    -0.74250    -0.53158    -5.74335
     36.045        -7.01486    -0.74249    -0.53154    -5.74083
     36.195        -7.01229    -0.74248    -0.53151    -5.73831
     36.345        -7.00973    -0.74246    -0.53147    -5.73580
     36.495        -7.00719    -0.74245    -0.53143    -5.73331
     36.645        -7.00467    -0.74244    -0.53140    -5.73083
     36.795        -7.00215    -0.74243    -0.53136    -5.72837
     36.945        -6.99964    -0.74241    -0.53133    -5.72590
     37.095        -6.99715    -0.74240    -0.53129    -5.72346
     37.245        -6.99465    -0.74239    -0.53125    -5.72101
     37.395        -6.99218    -0.74237    -0.53122    -5.71858
     37.545        -6.98971    -0.74236    -0.53118    -5.71617
     37.695        -6.98726    -0.74235    -0.53115    -5.71377
     37.845        -6.98483    -0.74234    -0.53111    -5.71138
     37.995        -6.98240    -0.74232    -0.53108    -5.70900
     38.145        -6.98000    -0.74231    -0.53105    -5.70665
     38.295        -6.97761    -0.74230    -0.53101    -5.70430
     38.445        -6.97521    -0.74229    -0.53098    -5.70195
     38.595        -6.97281    -0.74227    -0.53094    -5.69960
     38.745        -6.97044    -0.74226    -0.53091    -5.69726
     38.895        -6.96808    -0.74225    -0.53088    -5.69495
     39.045        -6.96572    -0.74224    -0.53084    -5.69264
     39.195        -6.96338    -0.74223    -0.53081    -5.69034
     39.345        -6.96107    -0.74221    -0.53078    -5.68807
     39.495        -6.95875    -0.74220    -0.53075    -5.68580
     39.645        -6.95645    -0.74219    -0.53071    -5.68355
     39.795        -6.95415    -0.74218    -0.53068    -5.68129
     39.945        -6.95185    -0.74217    -0.53065    -5.67904
     40.095        -6.94956    -0.74215    -0.53062    -5.67679
     40.245        -6.94729    -0.74214    -0.53058    -5.67457
     40.395        -6.94504    -0.74213    -0.53055    -5.67236
     40.545        -6.94279    -0.74212    -0.53052    -5.67015
     40.695        -6.94054    -0.74211    -0.53049    -5.66795
     40.845        -6.93831    -0.74210    -0.53045    -5.66576
     40.995        -6.93609    -0.74209    -0.53042    -5.66358
     41.145        -6.93387    -0.74207    -0.53039    -5.66140
     41.295        -6.93168    -0.74206    -0.53036    -5.65926
     41.445        -6.92950    -0.74205    -0.53033    -5.65711
     41.595        -6.92730    -0.74204    -0.53030    -5.65497
     41.745        -6.92514    -0.74203    -0.53027    -5.65284
     41.895        -6.92295    -0.74202    -0.53024    -5.65069
     42.045        -6.92079    -0.74201    -0.53020    -5.64857
     42.195        -6.91864    -0.74200    -0.53017    -5.64647
     42.345        -6.91650    -0.74199    -0.53014    -5.64436
     42.495        -6.91436    -0.74198    -0.53011    -5.64227
     42.645        -6.91224    -0.74197    -0.53008    -5.64018
     42.795        -6.91011    -0.74196    -0.53005    -5.63810
     42.945        -6.90799    -0.74195    -0.53002    -5.63602
     43.095        -6.90589    -0.74194    -0.52999    -5.63396
     43.245        -6.90379    -0.74193    -0.52996    -5.63190
     43.395        -6.90170    -0.74191    -0.52994    -5.62985
     43.545        -6.89961    -0.74190    -0.52991    -5.62780
     43.695        -6.89754    -0.74189    -0.52988    -5.62577
     43.845        -6.89547    -0.74188    -0.52985    -5.62374
     43.995        -6.89341    -0.74187    -0.52982    -5.62172
     44.145        -6.89136    -0.74186    -0.52979    -5.61970
     44.295        -6.88932    -0.74185    -0.52976    -5.61771
     44.445        -6.88728    -0.74184    -0.52973    -5.61571
     44.595        -6.88527    -0.74183    -0.52971    -5.61373
     44.745        -6.88325    -0.74182    -0.52968    -5.61175
     44.895        -6.88124    -0.74181    -0.52965    -5.60978
     45.045        -6.87922    -0.74180    -0.52962    -5.60780
     45.195        -6.87722    -0.74179    -0.52959    -5.60584
     45.345        -6.87522    -0.74178    -0.52956    -5.60387
     45.495        -6.87323    -0.74177    -0.52954    -5.60193
     45.645        -6.87124    -0.74176    -0.52951    -5.59997
     45.795        -6.86928    -0.74175    -0.52948    -5.59805
     45.945        -6.86732    -0.74174    -0.52945    -5.59613
     46.095        -6.86536    -0.74173    -0.52942    -5.59421
     46.245        -6.86342    -0.74172    -0.52940    -5.59231
     46.395        -6.86147    -0.74171    -0.52937    -5.59039
     46.545        -6.85954    -0.74170    -0.52934    -5.58850
     46.695        -6.85761    -0.74169    -0.52932    -5.58660
     46.845        -6.85569    -0.74168    -0.52929    -5.58472
     46.995        -6.85379    -0.74167    -0.52926    -5.58286
     47.145        -6.85189    -0.74167    -0.52923    -5.58099
     47.295        -6.85000    -0.74166    -0.52921    -5.57913
     47.445        -6.84811    -0.74165    -0.52918    -5.57728
     47.595        -6.84623    -0.74164    -0.52916    -5.57543
     47.745        -6.84436    -0.74163    -0.52913    -5.57360
     47.895        -6.84250    -0.74162    -0.52911    -5.57177
     48.045        -6.84063    -0.74161    -0.52908    -5.56994
     48.195        -6.83877    -0.74160    -0.52905    -5.56811
     48.345        -6.83693    -0.74160    -0.52903    -5.56630
     48.495        -6.83508    -0.74159    -0.52900    -5.56450
     48.645        -6.83325    -0.74158    -0.52898    -5.56269
     48.795        -6.83139    -0.74157    -0.52895    -5.56087
     48.945        -6.82956    -0.74156    -0.52892    -5.55908
     49.095        -6.82774    -0.74155    -0.52890    -5.55729
     49.245        -6.82592    -0.74154    -0.52887    -5.55550
     49.395        -6.82412    -0.74153    -0.52885    -5.55374
     49.545        -6.82231    -0.74153    -0.52882    -5.55196
     49.695        -6.82050    -0.74152    -0.52880    -5.55019
     49.845        -6.81872    -0.74151    -0.52877    -5.54844
     49.995        -6.81694    -0.74150    -0.52875    -5.54669
     50.145        -6.81516    -0.74149    -0.52872    -5.54495
     50.295        -6.81339    -0.74149    -0.52870    -5.54320
     50.445        -6.81163    -0.74148    -0.52867    -5.54148
     50.595        -6.80986    -0.74147    -0.52865    -5.53974
     50.745        -6.80811    -0.74146    -0.52862    -5.53802
     50.895        -6.80637    -0.74145    -0.52860    -5.53632
     51.045        -6.80463    -0.74145    -0.52858    -5.53461
     51.195        -6.80289    -0.74144    -0.52855    -5.53290
     51.345        -6.80117    -0.74143    -0.52853    -5.53121
     51.495        -6.79945    -0.74142    -0.52851    -5.52952
     51.645        -6.79770    -0.74141    -0.52848    -5.52781
     51.795        -6.79599    -0.74140    -0.52846    -5.52613
     51.945        -6.79428    -0.74139    -0.52844    -5.52445
     52.095        -6.79259    -0.74139    -0.52841    -5.52279
     52.245        -6.79090    -0.74138    -0.52839    -5.52113
     52.395        -6.78920    -0.74137    -0.52837    -5.51946
     52.545        -6.78751    -0.74136    -0.52834    -5.51781
     52.695        -6.78583    -0.74135    -0.52832    -5.51616
     52.845        -6.78417    -0.74135    -0.52830    -5.51453
     52.995        -6.78250    -0.74134    -0.52827    -5.51289
     53.145        -6.78083    -0.74133    -0.52825    -5.51125
     53.295        -6.77918    -0.74132    -0.52822    -5.50964
     53.445        -6.77753    -0.74132    -0.52820    -5.50801
     53.595        -6.77590    -0.74131    -0.52818    -5.50641
     53.745        -6.77423    -0.74130    -0.52816    -5.50478
     53.895        -6.77261    -0.74129    -0.52814    -5.50318
     54.045        -6.77097    -0.74128    -0.52811    -5.50158
     54.195        -6.76934    -0.74128    -0.52809    -5.49997
     54.345        -6.76772    -0.74127    -0.52807    -5.49838
     54.495        -6.76612    -0.74126    -0.52804    -5.49681
     54.645        -6.76450    -0.74125    -0.52802    -5.49522
     54.795        -6.76290    -0.74125    -0.52800    -5.49365
     54.945        -6.76129    -0.74124    -0.52798    -5.49207
     55.095        -6.75969    -0.74123    -0.52796    -5.49051
     59.433        -6.63525    -0.74065    -0.52624    -5.36836
     80.646        -6.45556    -0.73986    -0.52377    -5.19192
     111.21        -6.28345    -0.73912    -0.52142    -5.02291
     153.36        -6.11908    -0.73842    -0.51918    -4.86148
     211.49        -5.96206    -0.73775    -0.51706    -4.70725
     291.64        -5.81235    -0.73712    -0.51504    -4.56018
     402.18        -5.66971    -0.73652    -0.51312    -4.42007
     554.60        -5.53408    -0.73594    -0.51130    -4.28685
     764.80        -5.40512    -0.73538    -0.50956    -4.16018
     1054.7        -5.28257    -0.73485    -0.50791    -4.03981
     1454.4        -5.16620    -0.73435    -0.50636    -3.92549
     2005.6        -5.05588    -0.73389    -0.50487    -3.81713
     2765.8        -4.95116    -0.73344    -0.50347    -3.71425
     3814.0        -4.85186    -0.73301    -0.50213    -3.61672
     5259.5        -4.75770    -0.73260    -0.50088    -3.52421
     7252.9        -4.66844    -0.73222    -0.49969    -3.43654
     10002.        -4.58399    -0.73185    -0.49856    -3.35357
     13793.        -4.50385    -0.73151    -0.49749    -3.27485
     19020.        -4.42779    -0.73118    -0.49647    -3.20014
     26229.        -4.35575    -0.73087    -0.49551    -3.12937
     36170.        -4.28752    -0.73058    -0.49460    -3.06233
     49878.        -4.22285    -0.73030    -0.49375    -2.99880
     68782.        -4.16164    -0.73005    -0.49293    -2.93866
     94851.        -4.10355    -0.72980    -0.49216    -2.88158
    0.13080E+06    -4.04859    -0.72958    -0.49143    -2.82757
    0.18038E+06    -3.99650    -0.72937    -0.49075    -2.77639
    0.24874E+06    -3.94707    -0.72916    -0.49010    -2.72781
    0.34301E+06    -3.90026    -0.72897    -0.48949    -2.68180
    0.47302E+06    -3.85591    -0.72880    -0.48890    -2.63821
    0.65229E+06    -3.81391    -0.72863    -0.48834    -2.59694
    0.89952E+06    -3.77412    -0.72847    -0.48782    -2.55783
    0.12404E+07    -3.73635    -0.72833    -0.48732    -2.52070
    0.17106E+07    -3.70063    -0.72819    -0.48684    -2.48559
    0.23589E+07    -3.66682    -0.72806    -0.48640    -2.45236
    0.32529E+07    -3.63473    -0.72795    -0.48597    -2.42082
    0.44858E+07    -3.60442    -0.72784    -0.48556    -2.39101
    0.61860E+07    -3.57561    -0.72773    -0.48518    -2.36270
    0.85305E+07    -3.54838    -0.72763    -0.48482    -2.33593
    0.11764E+08    -3.52251    -0.72753    -0.48448    -2.31050
    0.16222E+08    -3.49803    -0.72745    -0.48416    -2.28642
    0.22370E+08    -3.47479    -0.72737    -0.48385    -2.26357
    0.30849E+08    -3.45277    -0.72730    -0.48355    -2.24192
    0.42541E+08    -3.43190    -0.72723    -0.48328    -2.22139
    0.58664E+08    -3.41225    -0.72717    -0.48302    -2.20207
    0.80898E+08    -3.39379    -0.72711    -0.48276    -2.18392
    0.11156E+09    -3.37656    -0.72706    -0.48254    -2.16697
    0.15384E+09    -3.36042    -0.72701    -0.48232    -2.15109
    0.21215E+09    -3.34532    -0.72697    -0.48210    -2.13625
    0.29255E+09    -3.33112    -0.72693    -0.48190    -2.12229
    0.40343E+09    -3.31778    -0.72689    -0.48172    -2.10918
    0.55633E+09    -3.30540    -0.72685    -0.48154    -2.09701
    0.76719E+09    -3.29419    -0.72682    -0.48137    -2.08600
    0.10580E+10    -3.28390    -0.72679    -0.48122    -2.07589
    0.14589E+10    -3.27443    -0.72676    -0.48107    -2.06660
    0.20119E+10    -3.26568    -0.72674    -0.48093    -2.05801
    0.27744E+10    -3.25760    -0.72672    -0.48080    -2.05008
    0.38259E+10    -3.25013    -0.72670    -0.48069    -2.04275
    0.52760E+10    -3.24324    -0.72668    -0.48058    -2.03598
    0.72756E+10    -3.23690    -0.72666    -0.48048    -2.02975
    0.10033E+11    -3.23104    -0.72665    -0.48039    -2.02399
    0.13836E+11    -3.22565    -0.72663    -0.48031    -2.01870
    0.19079E+11    -3.22063    -0.72662    -0.48023    -2.01378
    0.26311E+11    -3.21599    -0.72661    -0.48016    -2.00922
    0.36283E+11    -3.21173    -0.72660    -0.48010    -2.00503
    0.50034E+11    -3.20778    -0.72659    -0.48004    -2.00115
    0.68997E+11    -3.20413    -0.72658    -0.47998    -1.99757
    0.10000E+12    -3.16035    -0.72647    -0.47932    -1.95455
