    -99.945         0.00000     0.00000     0.00000     0.00000
    -99.795         0.00000     0.00000     0.00000     0.00000
    -99.645         0.00000     0.00000     0.00000     0.00000
    -99.495         0.00000     0.00000     0.00000     0.00000
    -99.345         0.00000     0.00000     0.00000     0.00000
    -99.195         0.00000     0.00000     0.00000     0.00000
    -99.045         0.00000     0.00000     0.00000     0.00000
    -98.895         0.00000     0.00000     0.00000     0.00000
    -98.745         0.00000     0.00000     0.00000     0.00000
    -98.595         0.00000     0.00000     0.00000     0.00000
    -98.445         0.00000     0.00000     0.00000     0.00000
    -98.295         0.00000     0.00000     0.00000     0.00000
    -98.145         0.00000     0.00000     0.00000     0.00000
    -97.995         0.00000     0.00000     0.00000     0.00000
    -97.845         0.00000     0.00000     0.00000     0.00000
    -97.695         0.00000     0.00000     0.00000     0.00000
    -97.545         0.00000     0.00000     0.00000     0.00000
    -97.395         0.00000     0.00000     0.00000     0.00000
    -97.245         0.00000     0.00000     0.00000     0.00000
    -97.095         0.00000     0.00000     0.00000     0.00000
    -96.945         0.00000     0.00000     0.00000     0.00000
    -96.795         0.00000     0.00000     0.00000     0.00000
    -96.645         0.00000     0.00000     0.00000     0.00000
    -96.495         0.00000     0.00000     0.00000     0.00000
    -96.345         0.00000     0.00000     0.00000     0.00000
    -96.195         0.00000     0.00000     0.00000     0.00000
    -96.045         0.00000     0.00000     0.00000     0.00000
    -95.895         0.00000     0.00000     0.00000     0.00000
    -95.745         0.00000     0.00000     0.00000     0.00000
    -95.595         0.00000     0.00000     0.00000     0.00000
    -95.445         0.00000     0.00000     0.00000     0.00000
    -95.295         0.00000     0.00000     0.00000     0.00000
    -95.145         0.00000     0.00000     0.00000     0.00000
    -94.995         0.00000     0.00000     0.00000     0.00000
    -94.845         0.00000     0.00000     0.00000     0.00000
    -94.695         0.00000     0.00000     0.00000     0.00000
    -94.545         0.00000     0.00000     0.00000     0.00000
    -94.395         0.00000     0.00000     0.00000     0.00000
    -94.245         0.00000     0.00000     0.00000     0.00000
    -94.095         0.00000     0.00000     0.00000     0.00000
    -93.945         0.00000     0.00000     0.00000     0.00000
    -93.795         0.00000     0.00000     0.00000     0.00000
    -93.645         0.00000     0.00000     0.00000     0.00000
    -93.495         0.00000     0.00000     0.00000     0.00000
    -93.345         0.00000     0.00000     0.00000     0.00000
    -93.195         0.00000     0.00000     0.00000     0.00000
    -93.045         0.00000     0.00000     0.00000     0.00000
    -92.895         0.00000     0.00000     0.00000     0.00000
    -92.745         0.00000     0.00000     0.00000     0.00000
    -92.595         0.00000     0.00000     0.00000     0.00000
    -92.445         0.00000     0.00000     0.00000     0.00000
    -92.295         0.00000     0.00000     0.00000     0.00000
    -92.145         0.00000     0.00000     0.00000     0.00000
    -91.995         0.00000     0.00000     0.00000     0.00000
    -91.845         0.00000     0.00000     0.00000     0.00000
    -91.695         0.00000     0.00000     0.00000     0.00000
    -91.545         0.00000     0.00000     0.00000     0.00000
    -91.395         0.00000     0.00000     0.00000     0.00000
    -91.245         0.00000     0.00000     0.00000     0.00000
    -91.095         0.00000     0.00000     0.00000     0.00000
    -90.945         0.00000     0.00000     0.00000     0.00000
    -90.795         0.00000     0.00000     0.00000     0.00000
    -90.645         0.00000     0.00000     0.00000     0.00000
    -90.495         0.00000     0.00000     0.00000     0.00000
    -90.345         0.00000     0.00000     0.00000     0.00000
    -90.195         0.00000     0.00000     0.00000     0.00000
    -90.045         0.00000     0.00000     0.00000     0.00000
    -89.895         0.00000     0.00000     0.00000     0.00000
    -89.745         0.00000     0.00000     0.00000     0.00000
    -89.595         0.00000     0.00000     0.00000     0.00000
    -89.445         0.00000     0.00000     0.00000     0.00000
    -89.295         0.00000     0.00000     0.00000     0.00000
    -89.145         0.00000     0.00000     0.00000     0.00000
    -88.995         0.00000     0.00000     0.00000     0.00000
    -88.845         0.00000     0.00000     0.00000     0.00000
    -88.695         0.00000     0.00000     0.00000     0.00000
    -88.545         0.00000     0.00000     0.00000     0.00000
    -88.395         0.00000     0.00000     0.00000     0.00000
    -88.245         0.00000     0.00000     0.00000     0.00000
    -88.095         0.00000     0.00000     0.00000     0.00000
    -87.945         0.00000     0.00000     0.00000     0.00000
    -87.795         0.00000     0.00000     0.00000     0.00000
    -87.645         0.00000     0.00000     0.00000     0.00000
    -87.495         0.00000     0.00000     0.00000     0.00000
    -87.345         0.00000     0.00000     0.00000     0.00000
    -87.195         0.00000     0.00000     0.00000     0.00000
    -87.045         0.00000     0.00000     0.00000     0.00000
    -86.895         0.00000     0.00000     0.00000     0.00000
    -86.745         0.00000     0.00000     0.00000     0.00000
    -86.595         0.00000     0.00000     0.00000     0.00000
    -86.445         0.00000     0.00000     0.00000     0.00000
    -86.295         0.00000     0.00000     0.00000     0.00000
    -86.145         0.00000     0.00000     0.00000     0.00000
    -85.995         0.00000     0.00000     0.00000     0.00000
    -85.845         0.00000     0.00000     0.00000     0.00000
    -85.695         0.00000     0.00000     0.00000     0.00000
    -85.545         0.00000     0.00000     0.00000     0.00000
    -85.395         0.00000     0.00000     0.00000     0.00000
    -85.245         0.00000     0.00000     0.00000     0.00000
    -85.095         0.00000     0.00000     0.00000     0.00000
    -84.945         0.00000     0.00000     0.00000     0.00000
    -84.795         0.00000     0.00000     0.00000     0.00000
    -84.645         0.00000     0.00000     0.00000     0.00000
    -84.495         0.00000     0.00000     0.00000     0.00000
    -84.345         0.00000     0.00000     0.00000     0.00000
    -84.195         0.00000     0.00000     0.00000     0.00000
    -84.045         0.00000     0.00000     0.00000     0.00000
    -83.895         0.00000     0.00000     0.00000     0.00000
    -83.745         0.00000     0.00000     0.00000     0.00000
    -83.595         0.00000     0.00000     0.00000     0.00000
    -83.445         0.00000     0.00000     0.00000     0.00000
    -83.295         0.00000     0.00000     0.00000     0.00000
    -83.145         0.00000     0.00000     0.00000     0.00000
    -82.995         0.00000     0.00000     0.00000     0.00000
    -82.845         0.00000     0.00000     0.00000     0.00000
    -82.695         0.00000     0.00000     0.00000     0.00000
    -82.545         0.00000     0.00000     0.00000     0.00000
    -82.395         0.00000     0.00000     0.00000     0.00000
    -82.245         0.00000     0.00000     0.00000     0.00000
    -82.095         0.00000     0.00000     0.00000     0.00000
    -81.945         0.00000     0.00000     0.00000     0.00000
    -81.795         0.00000     0.00000     0.00000     0.00000
    -81.645         0.00000     0.00000     0.00000     0.00000
    -81.495         0.00000     0.00000     0.00000     0.00000
    -81.345         0.00000     0.00000     0.00000     0.00000
    -81.195         0.00000     0.00000     0.00000     0.00000
    -81.045         0.00000     0.00000     0.00000     0.00000
    -80.895         0.00000     0.00000     0.00000     0.00000
    -80.745         0.00000     0.00000     0.00000     0.00000
    -80.595         0.00000     0.00000     0.00000     0.00000
    -80.445         0.00000     0.00000     0.00000     0.00000
    -80.295         0.00000     0.00000     0.00000     0.00000
    -80.145         0.00000     0.00000     0.00000     0.00000
    -79.995         0.00000     0.00000     0.00000     0.00000
    -79.845         0.00000     0.00000     0.00000     0.00000
    -79.695         0.00000     0.00000     0.00000     0.00000
    -79.545         0.00000     0.00000     0.00000     0.00000
    -79.395         0.00000     0.00000     0.00000     0.00000
    -79.245         0.00000     0.00000     0.00000     0.00000
    -79.095         0.00000     0.00000     0.00000     0.00000
    -78.945         0.00000     0.00000     0.00000     0.00000
    -78.795         0.00000     0.00000     0.00000     0.00000
    -78.645         0.00000     0.00000     0.00000     0.00000
    -78.495         0.00000     0.00000     0.00000     0.00000
    -78.345         0.00000     0.00000     0.00000     0.00000
    -78.195         0.00000     0.00000     0.00000     0.00000
    -78.045         0.00000     0.00000     0.00000     0.00000
    -77.895         0.00000     0.00000     0.00000     0.00000
    -77.745         0.00000     0.00000     0.00000     0.00000
    -77.595         0.00000     0.00000     0.00000     0.00000
    -77.445         0.00000     0.00000     0.00000     0.00000
    -77.295         0.00000     0.00000     0.00000     0.00000
    -77.145         0.00000     0.00000     0.00000     0.00000
    -76.995         0.00000     0.00000     0.00000     0.00000
    -76.845         0.00000     0.00000     0.00000     0.00000
    -76.695         0.00000     0.00000     0.00000     0.00000
    -76.545         0.00000     0.00000     0.00000     0.00000
    -76.395         0.00000     0.00000     0.00000     0.00000
    -76.245         0.00000     0.00000     0.00000     0.00000
    -76.095         0.00000     0.00000     0.00000     0.00000
    -75.945         0.00000     0.00000     0.00000     0.00000
    -75.795         0.00000     0.00000     0.00000     0.00000
    -75.645         0.00000     0.00000     0.00000     0.00000
    -75.495         0.00000     0.00000     0.00000     0.00000
    -75.345         0.00000     0.00000     0.00000     0.00000
    -75.195         0.00000     0.00000     0.00000     0.00000
    -75.045         0.00000     0.00000     0.00000     0.00000
    -74.895         0.00000     0.00000     0.00000     0.00000
    -74.745         0.00000     0.00000     0.00000     0.00000
    -74.595         0.00000     0.00000     0.00000     0.00000
    -74.445         0.00000     0.00000     0.00000     0.00000
    -74.295         0.00000     0.00000     0.00000     0.00000
    -74.145         0.00000     0.00000     0.00000     0.00000
    -73.995         0.00000     0.00000     0.00000     0.00000
    -73.845         0.00000     0.00000     0.00000     0.00000
    -73.695         0.00000     0.00000     0.00000     0.00000
    -73.545         0.00000     0.00000     0.00000     0.00000
    -73.395         0.00000     0.00000     0.00000     0.00000
    -73.245         0.00000     0.00000     0.00000     0.00000
    -73.095         0.00000     0.00000     0.00000     0.00000
    -72.945         0.00000     0.00000     0.00000     0.00000
    -72.795         0.00000     0.00000     0.00000     0.00000
    -72.645         0.00000     0.00000     0.00000     0.00000
    -72.495         0.00000     0.00000     0.00000     0.00000
    -72.345         0.00000     0.00000     0.00000     0.00000
    -72.195         0.00000     0.00000     0.00000     0.00000
    -72.045         0.00000     0.00000     0.00000     0.00000
    -71.895         0.00000     0.00000     0.00000     0.00000
    -71.745         0.00000     0.00000     0.00000     0.00000
    -71.595         0.00000     0.00000     0.00000     0.00000
    -71.445         0.00000     0.00000     0.00000     0.00000
    -71.295         0.00000     0.00000     0.00000     0.00000
    -71.145         0.00000     0.00000     0.00000     0.00000
    -70.995         0.00000     0.00000     0.00000     0.00000
    -70.845         0.00000     0.00000     0.00000     0.00000
    -70.695         0.00000     0.00000     0.00000     0.00000
    -70.545         0.00000     0.00000     0.00000     0.00000
    -70.395         0.00000     0.00000     0.00000     0.00000
    -70.245         0.00000     0.00000     0.00000     0.00000
    -70.095         0.00000     0.00000     0.00000     0.00000
    -69.945         0.00000     0.00000     0.00000     0.00000
    -69.795         0.00000     0.00000     0.00000     0.00000
    -69.645         0.00000     0.00000     0.00000     0.00000
    -69.495         0.00000     0.00000     0.00000     0.00000
    -69.345         0.00000     0.00000     0.00000     0.00000
    -69.195         0.00000     0.00000     0.00000     0.00000
    -69.045         0.00000     0.00000     0.00000     0.00000
    -68.895         0.00000     0.00000     0.00000     0.00000
    -68.745         0.00000     0.00000     0.00000     0.00000
    -68.595         0.00000     0.00000     0.00000     0.00000
    -68.445         0.00000     0.00000     0.00000     0.00000
    -68.295         0.00000     0.00000     0.00000     0.00000
    -68.145         0.00000     0.00000     0.00000     0.00000
    -67.995         0.00000     0.00000     0.00000     0.00000
    -67.845         0.00000     0.00000     0.00000     0.00000
    -67.695         0.00000     0.00000     0.00000     0.00000
    -67.545         0.00000     0.00000     0.00000     0.00000
    -67.395         0.00000     0.00000     0.00000     0.00000
    -67.245         0.00000     0.00000     0.00000     0.00000
    -67.095         0.00000     0.00000     0.00000     0.00000
    -66.945         0.00000     0.00000     0.00000     0.00000
    -66.795         0.00000     0.00000     0.00000     0.00000
    -66.645         0.00000     0.00000     0.00000     0.00000
    -66.495         0.00000     0.00000     0.00000     0.00000
    -66.345         0.00000     0.00000     0.00000     0.00000
    -66.195         0.00000     0.00000     0.00000     0.00000
    -66.045         0.00000     0.00000     0.00000     0.00000
    -65.895         0.00000     0.00000     0.00000     0.00000
    -65.745         0.00000     0.00000     0.00000     0.00000
    -65.595         0.00000     0.00000     0.00000     0.00000
    -65.445         0.00000     0.00000     0.00000     0.00000
    -65.295         0.00000     0.00000     0.00000     0.00000
    -65.145         0.00000     0.00000     0.00000     0.00000
    -64.995         0.00000     0.00000     0.00000     0.00000
    -64.845         0.00000     0.00000     0.00000     0.00000
    -64.695         0.00000     0.00000     0.00000     0.00000
    -64.545         0.00000     0.00000     0.00000     0.00000
    -64.395         0.00000     0.00000     0.00000     0.00000
    -64.245         0.00000     0.00000     0.00000     0.00000
    -64.095         0.00000     0.00000     0.00000     0.00000
    -63.945         0.00000     0.00000     0.00000     0.00000
    -63.795         0.00000     0.00000     0.00000     0.00000
    -63.645         0.00000     0.00000     0.00000     0.00000
    -63.495         0.00000     0.00000     0.00000     0.00000
    -63.345         0.00000     0.00000     0.00000     0.00000
    -63.195         0.00000     0.00000     0.00000     0.00000
    -63.045         0.00000     0.00000     0.00000     0.00000
    -62.895         0.00000     0.00000     0.00000     0.00000
    -62.745         0.00000     0.00000     0.00000     0.00000
    -62.595         0.00000     0.00000     0.00000     0.00000
    -62.445         0.00000     0.00000     0.00000     0.00000
    -62.295         0.00000     0.00000     0.00000     0.00000
    -62.145         0.00000     0.00000     0.00000     0.00000
    -61.995         0.00000     0.00000     0.00000     0.00000
    -61.845         0.00000     0.00000     0.00000     0.00000
    -61.695         0.00000     0.00000     0.00000     0.00000
    -61.545         0.00000     0.00000     0.00000     0.00000
    -61.395         0.00000     0.00000     0.00000     0.00000
    -61.245         0.00000     0.00000     0.00000     0.00000
    -61.095         0.00000     0.00000     0.00000     0.00000
    -60.945         0.00000     0.00000     0.00000     0.00000
    -60.795         0.00000     0.00000     0.00000     0.00000
    -60.645         0.00000     0.00000     0.00000     0.00000
    -60.495         0.00000     0.00000     0.00000     0.00000
    -60.345         0.00000     0.00000     0.00000     0.00000
    -60.195         0.00000     0.00000     0.00000     0.00000
    -60.045         0.00000     0.00000     0.00000     0.00000
    -59.895         0.00000     0.00000     0.00000     0.00000
    -59.745         0.00000     0.00000     0.00000     0.00000
    -59.595         0.00000     0.00000     0.00000     0.00000
    -59.445         0.00000     0.00000     0.00000     0.00000
    -59.295         0.00000     0.00000     0.00000     0.00000
    -59.145         0.00000     0.00000     0.00000     0.00000
    -58.995         0.00000     0.00000     0.00000     0.00000
    -58.845         0.00000     0.00000     0.00000     0.00000
    -58.695         0.00000     0.00000     0.00000     0.00000
    -58.545         0.00000     0.00000     0.00000     0.00000
    -58.395         0.00000     0.00000     0.00000     0.00000
    -58.245         0.00000     0.00000     0.00000     0.00000
    -58.095         0.00000     0.00000     0.00000     0.00000
    -57.945         0.00000     0.00000     0.00000     0.00000
    -57.795         0.00000     0.00000     0.00000     0.00000
    -57.645         0.00000     0.00000     0.00000     0.00000
    -57.495         0.00000     0.00000     0.00000     0.00000
    -57.345         0.00000     0.00000     0.00000     0.00000
    -57.195         0.00000     0.00000     0.00000     0.00000
    -57.045         0.00000     0.00000     0.00000     0.00000
    -56.895         0.00000     0.00000     0.00000     0.00000
    -56.745         0.00000     0.00000     0.00000     0.00000
    -56.595         0.00000     0.00000     0.00000     0.00000
    -56.445         0.00000     0.00000     0.00000     0.00000
    -56.295         0.00000     0.00000     0.00000     0.00000
    -56.145         0.00000     0.00000     0.00000     0.00000
    -55.995         0.00000     0.00000     0.00000     0.00000
    -55.845         0.00000     0.00000     0.00000     0.00000
    -55.695         0.00000     0.00000     0.00000     0.00000
    -55.545         0.00000     0.00000     0.00000     0.00000
    -55.395         0.00000     0.00000     0.00000     0.00000
    -55.245         0.00000     0.00000     0.00000     0.00000
    -55.095         0.00000     0.00000     0.00000     0.00000
    -54.945         0.00000     0.00000     0.00000     0.00000
    -54.795         0.00000     0.00000     0.00000     0.00000
    -54.645         0.00000     0.00000     0.00000     0.00000
    -54.495         0.00000     0.00000     0.00000     0.00000
    -54.345         0.00000     0.00000     0.00000     0.00000
    -54.195         0.00000     0.00000     0.00000     0.00000
    -54.045         0.00000     0.00000     0.00000     0.00000
    -53.895         0.00000     0.00000     0.00000     0.00000
    -53.745         0.00000     0.00000     0.00000     0.00000
    -53.595         0.00000     0.00000     0.00000     0.00000
    -53.445         0.00000     0.00000     0.00000     0.00000
    -53.295         0.00000     0.00000     0.00000     0.00000
    -53.145         0.00000     0.00000     0.00000     0.00000
    -52.995         0.00000     0.00000     0.00000     0.00000
    -52.845         0.00000     0.00000     0.00000     0.00000
    -52.695         0.00000     0.00000     0.00000     0.00000
    -52.545         0.00000     0.00000     0.00000     0.00000
    -52.395         0.00000     0.00000     0.00000     0.00000
    -52.245         0.00000     0.00000     0.00000     0.00000
    -52.095         0.00000     0.00000     0.00000     0.00000
    -51.945         0.00000     0.00000     0.00000     0.00000
    -51.795         0.00000     0.00000     0.00000     0.00000
    -51.645         0.00000     0.00000     0.00000     0.00000
    -51.495         0.00000     0.00000     0.00000     0.00000
    -51.345         0.00000     0.00000     0.00000     0.00000
    -51.195         0.00000     0.00000     0.00000     0.00000
    -51.045         0.00000     0.00000     0.00000     0.00000
    -50.895         0.00000     0.00000     0.00000     0.00000
    -50.745         0.00000     0.00000     0.00000     0.00000
    -50.595         0.00000     0.00000     0.00000     0.00000
    -50.445         0.00000     0.00000     0.00000     0.00000
    -50.295         0.00000     0.00000     0.00000     0.00000
    -50.145         0.00000     0.00000     0.00000     0.00000
    -49.995         0.00000     0.00000     0.00000     0.00000
    -49.845         0.00000     0.00000     0.00000     0.00000
    -49.695         0.00000     0.00000     0.00000     0.00000
    -49.545         0.00000     0.00000     0.00000     0.00000
    -49.395         0.00000     0.00000     0.00000     0.00000
    -49.245         0.00000     0.00000     0.00000     0.00000
    -49.095         0.00000     0.00000     0.00000     0.00000
    -48.945         0.00000     0.00000     0.00000     0.00000
    -48.795         0.00000     0.00000     0.00000     0.00000
    -48.645         0.00000     0.00000     0.00000     0.00000
    -48.495         0.00000     0.00000     0.00000     0.00000
    -48.345         0.00000     0.00000     0.00000     0.00000
    -48.195         0.00000     0.00000     0.00000     0.00000
    -48.045         0.00000     0.00000     0.00000     0.00000
    -47.895         0.00000     0.00000     0.00000     0.00000
    -47.745         0.00000     0.00000     0.00000     0.00000
    -47.595         0.00000     0.00000     0.00000     0.00000
    -47.445         0.00000     0.00000     0.00000     0.00000
    -47.295         0.00000     0.00000     0.00000     0.00000
    -47.145         0.00000     0.00000     0.00000     0.00000
    -46.995         0.00000     0.00000     0.00000     0.00000
    -46.845         0.00000     0.00000     0.00000     0.00000
    -46.695         0.00000     0.00000     0.00000     0.00000
    -46.545         0.00000     0.00000     0.00000     0.00000
    -46.395         0.00000     0.00000     0.00000     0.00000
    -46.245         0.00000     0.00000     0.00000     0.00000
    -46.095         0.00000     0.00000     0.00000     0.00000
    -45.945         0.00000     0.00000     0.00000     0.00000
    -45.795         0.00000     0.00000     0.00000     0.00000
    -45.645         0.00000     0.00000     0.00000     0.00000
    -45.495         0.00000     0.00000     0.00000     0.00000
    -45.345         0.00000     0.00000     0.00000     0.00000
    -45.195         0.00000     0.00000     0.00000     0.00000
    -45.045         0.00000     0.00000     0.00000     0.00000
    -44.895         0.00000     0.00000     0.00000     0.00000
    -44.745         0.00000     0.00000     0.00000     0.00000
    -44.595         0.00000     0.00000     0.00000     0.00000
    -44.445         0.00000     0.00000     0.00000     0.00000
    -44.295         0.00000     0.00000     0.00000     0.00000
    -44.145         0.00000     0.00000     0.00000     0.00000
    -43.995         0.00000     0.00000     0.00000     0.00000
    -43.845         0.00000     0.00000     0.00000     0.00000
    -43.695         0.00000     0.00000     0.00000     0.00000
    -43.545         0.00000     0.00000     0.00000     0.00000
    -43.395         0.00000     0.00000     0.00000     0.00000
    -43.245         0.00000     0.00000     0.00000     0.00000
    -43.095         0.00000     0.00000     0.00000     0.00000
    -42.945         0.00000     0.00000     0.00000     0.00000
    -42.795         0.00000     0.00000     0.00000     0.00000
    -42.645         0.00000     0.00000     0.00000     0.00000
    -42.495         0.00000     0.00000     0.00000     0.00000
    -42.345         0.00000     0.00000     0.00000     0.00000
    -42.195         0.00000     0.00000     0.00000     0.00000
    -42.045         0.00000     0.00000     0.00000     0.00000
    -41.895         0.00000     0.00000     0.00000     0.00000
    -41.745         0.00000     0.00000     0.00000     0.00000
    -41.595         0.00000     0.00000     0.00000     0.00000
    -41.445         0.00000     0.00000     0.00000     0.00000
    -41.295         0.00000     0.00000     0.00000     0.00000
    -41.145         0.00000     0.00000     0.00000     0.00000
    -40.995         0.00000     0.00000     0.00000     0.00000
    -40.845         0.00000     0.00000     0.00000     0.00000
    -40.695         0.00000     0.00000     0.00000     0.00000
    -40.545         0.00000     0.00000     0.00000     0.00000
    -40.395         0.00000     0.00000     0.00000     0.00000
    -40.245         0.00000     0.00000     0.00000     0.00000
    -40.095         0.00000     0.00000     0.00000     0.00000
    -39.945         0.00000     0.00000     0.00000     0.00000
    -39.795         0.00000     0.00000     0.00000     0.00000
    -39.645         0.00000     0.00000     0.00000     0.00000
    -39.495         0.00000     0.00000     0.00000     0.00000
    -39.345         0.00000     0.00000     0.00000     0.00000
    -39.195         0.00000     0.00000     0.00000     0.00000
    -39.045         0.00000     0.00000     0.00000     0.00000
    -38.895         0.00000     0.00000     0.00000     0.00000
    -38.745         0.00000     0.00000     0.00000     0.00000
    -38.595         0.00000     0.00000     0.00000     0.00000
    -38.445         0.00000     0.00000     0.00000     0.00000
    -38.295         0.00000     0.00000     0.00000     0.00000
    -38.145         0.00000     0.00000     0.00000     0.00000
    -37.995         0.00000     0.00000     0.00000     0.00000
    -37.845         0.00000     0.00000     0.00000     0.00000
    -37.695         0.00000     0.00000     0.00000     0.00000
    -37.545         0.00000     0.00000     0.00000     0.00000
    -37.395         0.00000     0.00000     0.00000     0.00000
    -37.245         0.00000     0.00000     0.00000     0.00000
    -37.095         0.00000     0.00000     0.00000     0.00000
    -36.945         0.00000     0.00000     0.00000     0.00000
    -36.795         0.00000     0.00000     0.00000     0.00000
    -36.645         0.00000     0.00000     0.00000     0.00000
    -36.495         0.00000     0.00000     0.00000     0.00000
    -36.345         0.00000     0.00000     0.00000     0.00000
    -36.195         0.00000     0.00000     0.00000     0.00000
    -36.045         0.00000     0.00000     0.00000     0.00000
    -35.895         0.00000     0.00000     0.00000     0.00000
    -35.745         0.00000     0.00000     0.00000     0.00000
    -35.595         0.00000     0.00000     0.00000     0.00000
    -35.445         0.00000     0.00000     0.00000     0.00000
    -35.295         0.00000     0.00000     0.00000     0.00000
    -35.145         0.00000     0.00000     0.00000     0.00000
    -34.995         0.00000     0.00000     0.00000     0.00000
    -34.845         0.00000     0.00000     0.00000     0.00000
    -34.695         0.00000     0.00000     0.00000     0.00000
    -34.545         0.00000     0.00000     0.00000     0.00000
    -34.395         0.00000     0.00000     0.00000     0.00000
    -34.245         0.00000     0.00000     0.00000     0.00000
    -34.095         0.00000     0.00000     0.00000     0.00000
    -33.945         0.00000     0.00000     0.00000     0.00000
    -33.795         0.00000     0.00000     0.00000     0.00000
    -33.645         0.00000     0.00000     0.00000     0.00000
    -33.495         0.00000     0.00000     0.00000     0.00000
    -33.345         0.00000     0.00000     0.00000     0.00000
    -33.195         0.00000     0.00000     0.00000     0.00000
    -33.045         0.00000     0.00000     0.00000     0.00000
    -32.895         0.00000     0.00000     0.00000     0.00000
    -32.745         0.00000     0.00000     0.00000     0.00000
    -32.595         0.00000     0.00000     0.00000     0.00000
    -32.445         0.00000     0.00000     0.00000     0.00000
    -32.295         0.00000     0.00000     0.00000     0.00000
    -32.145         0.00000     0.00000     0.00000     0.00000
    -31.995         0.00000     0.00000     0.00000     0.00000
    -31.845         0.00000     0.00000     0.00000     0.00000
    -31.695         0.00000     0.00000     0.00000     0.00000
    -31.545         0.00000     0.00000     0.00000     0.00000
    -31.395         0.00000     0.00000     0.00000     0.00000
    -31.245         0.00000     0.00000     0.00000     0.00000
    -31.095         0.00000     0.00000     0.00000     0.00000
    -30.945         0.00000     0.00000     0.00000     0.00000
    -30.795         0.00000     0.00000     0.00000     0.00000
    -30.645         0.00000     0.00000     0.00000     0.00000
    -30.495         0.00000     0.00000     0.00000     0.00000
    -30.345         0.00000     0.00000     0.00000     0.00000
    -30.195         0.00000     0.00000     0.00000     0.00000
    -30.045         0.00000     0.00000     0.00000     0.00000
    -29.895         0.00000     0.00000     0.00000     0.00000
    -29.745         0.00000     0.00000     0.00000     0.00000
    -29.595         0.00000     0.00000     0.00000     0.00000
    -29.445         0.00000     0.00000     0.00000     0.00000
    -29.295         0.00000     0.00000     0.00000     0.00000
    -29.145         0.00000     0.00000     0.00000     0.00000
    -28.995         0.00000     0.00000     0.00000     0.00000
    -28.845         0.00000     0.00000     0.00000     0.00000
    -28.695         0.00000     0.00000     0.00000     0.00000
    -28.545         0.00000     0.00000     0.00000     0.00000
    -28.395         0.00000     0.00000     0.00000     0.00000
    -28.245         0.00000     0.00000     0.00000     0.00000
    -28.095         0.00000     0.00000     0.00000     0.00000
    -27.945         0.00000     0.00000     0.00000     0.00000
    -27.795         0.00000     0.00000     0.00000     0.00000
    -27.645         0.00000     0.00000     0.00000     0.00000
    -27.495         0.00000     0.00000     0.00000     0.00000
    -27.345         0.00000     0.00000     0.00000     0.00000
    -27.195         0.00000     0.00000     0.00000     0.00000
    -27.045         0.00000     0.00000     0.00000     0.00000
    -26.895         0.00000     0.00000     0.00000     0.00000
    -26.745         0.00000     0.00000     0.00000     0.00000
    -26.595         0.00000     0.00000     0.00000     0.00000
    -26.445         0.00000     0.00000     0.00000     0.00000
    -26.295         0.00000     0.00000     0.00000     0.00000
    -26.145         0.00000     0.00000     0.00000     0.00000
    -25.995         0.00000     0.00000     0.00000     0.00000
    -25.845         0.00000     0.00000     0.00000     0.00000
    -25.695         0.00000     0.00000     0.00000     0.00000
    -25.545         0.00000     0.00000     0.00000     0.00000
    -25.395         0.00000     0.00000     0.00000     0.00000
    -25.245         0.00000     0.00000     0.00000     0.00000
    -25.095         0.00000     0.00000     0.00000     0.00000
    -24.945         0.00000     0.00000     0.00000     0.00000
    -24.795         0.00000     0.00000     0.00000     0.00000
    -24.645         0.00000     0.00000     0.00000     0.00000
    -24.495         0.00000     0.00000     0.00000     0.00000
    -24.345         0.00000     0.00000     0.00000     0.00000
    -24.195         0.00000     0.00000     0.00000     0.00000
    -24.045         0.00000     0.00000     0.00000     0.00000
    -23.895         0.00000     0.00000     0.00000     0.00000
    -23.745         0.00000     0.00000     0.00000     0.00000
    -23.595         0.00000     0.00000     0.00000     0.00000
    -23.445         0.00000     0.00000     0.00000     0.00000
    -23.295         0.00000     0.00000     0.00000     0.00000
    -23.145         0.00000     0.00000     0.00000     0.00000
    -22.995         0.00000     0.00000     0.00000     0.00000
    -22.845         0.00000     0.00000     0.00000     0.00000
    -22.695         0.00000     0.00000     0.00000     0.00000
    -22.545         0.00000     0.00000     0.00000     0.00000
    -22.395         0.00000     0.00000     0.00000     0.00000
    -22.245         0.00000     0.00000     0.00000     0.00000
    -22.095         0.00000     0.00000     0.00000     0.00000
    -21.945         0.00000     0.00000     0.00000     0.00000
    -21.795         0.00000     0.00000     0.00000     0.00000
    -21.645         0.00000     0.00000     0.00000     0.00000
    -21.495         0.00000     0.00000     0.00000     0.00000
    -21.345         0.00000     0.00000     0.00000     0.00000
    -21.195         0.00000     0.00000     0.00000     0.00000
    -21.045         0.00000     0.00000     0.00000     0.00000
    -20.895         0.00000     0.00000     0.00000     0.00000
    -20.745         0.00000     0.00000     0.00000     0.00000
    -20.595         0.00000     0.00000     0.00000     0.00000
    -20.445         0.00000     0.00000     0.00000     0.00000
    -20.295         0.00000     0.00000     0.00000     0.00000
    -20.145         0.00000     0.00000     0.00000     0.00000
    -19.995         0.00000     0.00000     0.00000     0.00000
    -19.845         0.00000     0.00000     0.00000     0.00000
    -19.695         0.00000     0.00000     0.00000     0.00000
    -19.545         0.00000     0.00000     0.00000     0.00000
    -19.395         0.00000     0.00000     0.00000     0.00000
    -19.245         0.00000     0.00000     0.00000     0.00000
    -19.095         0.00000     0.00000     0.00000     0.00000
    -18.945         0.00000     0.00000     0.00000     0.00000
    -18.795         0.00000     0.00000     0.00000     0.00000
    -18.645         0.00000     0.00000     0.00000     0.00000
    -18.495         0.00000     0.00000     0.00000     0.00000
    -18.345         0.00000     0.00000     0.00000     0.00000
    -18.195         0.00000     0.00000     0.00000     0.00000
    -18.045         0.00000     0.00000     0.00000     0.00000
    -17.895         0.00000     0.00000     0.00000     0.00000
    -17.745         0.00000     0.00000     0.00000     0.00000
    -17.595         0.00000     0.00000     0.00000     0.00000
    -17.445         0.00000     0.00000     0.00000     0.00000
    -17.295         0.00000     0.00000     0.00000     0.00000
    -17.145         0.00000     0.00000     0.00000     0.00000
    -16.995         0.00000     0.00000     0.00000     0.00000
    -16.845         0.00000     0.00000     0.00000     0.00000
    -16.695         0.00000     0.00000     0.00000     0.00000
    -16.545         0.00000     0.00000     0.00000     0.00000
    -16.395         0.00000     0.00000     0.00000     0.00000
    -16.245         0.00000     0.00000     0.00000     0.00000
    -16.095         0.00000     0.00000     0.00000     0.00000
    -15.945         0.00000     0.00000     0.00000     0.00000
    -15.795         0.00000     0.00000     0.00000     0.00000
    -15.645         0.00000     0.00000     0.00000     0.00000
    -15.495         0.00000     0.00000     0.00000     0.00000
    -15.345         0.00000     0.00000     0.00000     0.00000
    -15.195         0.00000     0.00000     0.00000     0.00000
    -15.045         0.00000     0.00000     0.00000     0.00000
    -14.895         0.00000     0.00000     0.00000     0.00000
    -14.745         0.00000     0.00000     0.00000     0.00000
    -14.595         0.00000     0.00000     0.00000     0.00000
    -14.445         0.00000     0.00000     0.00000     0.00000
    -14.295         0.00000     0.00000     0.00000     0.00000
    -14.145         0.00000     0.00000     0.00000     0.00000
    -13.995         0.00000     0.00000     0.00000     0.00000
    -13.845         0.00000     0.00000     0.00000     0.00000
    -13.695         0.00000     0.00000     0.00000     0.00000
    -13.545         0.00000     0.00000     0.00000     0.00000
    -13.395         0.00000     0.00000     0.00000     0.00000
    -13.245         0.00000     0.00000     0.00000     0.00000
    -13.095         0.00000     0.00000     0.00000     0.00000
    -12.945         0.00000     0.00000     0.00000     0.00000
    -12.795         0.00000     0.00000     0.00000     0.00000
    -12.645         0.00000     0.00000     0.00000     0.00000
    -12.495         0.00000     0.00000     0.00000     0.00000
    -12.345         0.00000     0.00000     0.00000     0.00000
    -12.195         0.00000     0.00000     0.00000     0.00000
    -12.045         0.00000     0.00000     0.00000     0.00000
    -11.895         0.00000     0.00000     0.00000     0.00000
    -11.745         0.00000     0.00000     0.00000     0.00000
    -11.595         0.00000     0.00000     0.00000     0.00000
    -11.445         0.00000     0.00000     0.00000     0.00000
    -11.295         0.00000     0.00000     0.00000     0.00000
    -11.145         0.00000     0.00000     0.00000     0.00000
    -10.995         0.00000     0.00000     0.00000     0.00000
    -10.845         0.00000     0.00000     0.00000     0.00000
    -10.695         0.00000     0.00000     0.00000     0.00000
    -10.545         0.00000     0.00000     0.00000     0.00000
    -10.395         0.00000     0.00000     0.00000     0.00000
    -10.245         0.00000     0.00000     0.00000     0.00000
    -10.095         0.00000     0.00000     0.00000     0.00000
    -9.9450         0.00000     0.00000     0.00000     0.00000
    -9.7950         0.00000     0.00000     0.00000     0.00000
    -9.6450         0.00000     0.00000     0.00000     0.00000
    -9.4950         0.00000     0.00000     0.00000     0.00000
    -9.3450         0.00000     0.00000     0.00000     0.00000
    -9.1950         0.00000     0.00000     0.00000     0.00000
    -9.0450         0.00000     0.00000     0.00000     0.00000
    -8.8950         0.00000     0.00000     0.00000     0.00000
    -8.7450         0.00000     0.00000     0.00000     0.00000
    -8.5950         0.00000     0.00000     0.00000     0.00000
    -8.4450         0.00000     0.00000     0.00000     0.00000
    -8.2950         0.00000     0.00000     0.00000     0.00000
    -8.1450         0.00000     0.00000     0.00000     0.00000
    -7.9950         0.00000     0.00000     0.00000     0.00000
    -7.8450         0.00000     0.00000     0.00000     0.00000
    -7.6950         0.00000     0.00000     0.00000     0.00000
    -7.5450         0.00000     0.00000     0.00000     0.00000
    -7.3950         0.00000     0.00000     0.00000     0.00000
    -7.2450         0.00000     0.00000     0.00000     0.00000
    -7.0950         0.00000     0.00000     0.00000     0.00000
    -6.9450         0.00000     0.00000     0.00000     0.00000
    -6.7950         0.00000     0.00000     0.00000     0.00000
    -6.6450         0.00000     0.00000     0.00000     0.00000
    -6.4950         0.00000     0.00000     0.00000     0.00000
    -6.3450         0.00000     0.00000     0.00000     0.00000
    -6.1950         0.00000     0.00000     0.00000     0.00000
    -6.0450         0.00000     0.00000     0.00000     0.00000
    -5.8950         0.00000     0.00000     0.00000     0.00000
    -5.7450         0.00000     0.00000     0.00000     0.00000
    -5.5950         0.00000     0.00000     0.00000     0.00000
    -5.4450         0.00000     0.00000     0.00000     0.00000
    -5.2950         0.00000     0.00000     0.00000     0.00000
    -5.1450         0.00000     0.00000     0.00000     0.00000
    -4.9950         0.00000     0.00000     0.00000     0.00000
    -4.8450         0.00000     0.00000     0.00000     0.00000
    -4.6950         0.00000     0.00000     0.00000     0.00000
    -4.5450         0.00000     0.00000     0.00000     0.00000
    -4.3950         0.00000     0.00000     0.00000     0.00000
    -4.2450         0.00000     0.00000     0.00000     0.00000
    -4.0950         0.00000     0.00000     0.00000     0.00000
    -3.9450         0.00000     0.00000     0.00000     0.00000
    -3.7950         0.00000     0.00000     0.00000     0.00000
    -3.6450         0.00000     0.00000     0.00000     0.00000
    -3.4950         0.00000     0.00000     0.00000     0.00000
    -3.3450         0.00000     0.00000     0.00000     0.00000
    -3.1950         0.00000     0.00000     0.00000     0.00000
    -3.0450         0.00000     0.00000     0.00000     0.00000
    -2.8950         0.00000     0.00000     0.00000     0.00000
    -2.7450         0.00000     0.00000     0.00000     0.00000
    -2.5950         0.00000     0.00000     0.00000     0.00000
    -2.4450         0.00000     0.00000     0.00000     0.00000
    -2.2950         0.00000     0.00000     0.00000     0.00000
    -2.1450         0.00000     0.00000     0.00000     0.00000
    -1.9950         0.00000     0.00000     0.00000     0.00000
    -1.8450         0.00000     0.00000     0.00000     0.00000
    -1.6950        -0.00000    -0.00000     0.00000     0.00000
    -1.5450        -0.00000    -0.00000     0.00000     0.00000
    -1.3950        -0.00000    -0.00000     0.00000     0.00000
    -1.2450         0.00000     0.00000     0.00000     0.00000
    -1.0950         0.00001     0.00001     0.00000     0.00000
   -0.94500         0.00007     0.00007     0.00000     0.00000
   -0.79500        -0.00071    -0.00020     0.00000    -0.00051
   -0.64500        -0.01488    -0.00111     0.00001    -0.01377
   -0.49500        -0.19332    -0.00256    -0.00073    -0.19004
   -0.34500        -1.60358    -0.00604    -0.01198    -1.58556
   -0.22700        -2.32554    -0.00798    -0.01879    -2.29877
   -0.21300        -2.40387    -0.00821    -0.01956    -2.37610
   -0.20700        -2.48136    -0.00848    -0.02045    -2.45244
   -0.20100        -2.55630    -0.00873    -0.02133    -2.52623
   -0.19500        -2.63188    -0.00902    -0.02205    -2.60082
   -0.18900        -2.70483    -0.00930    -0.02281    -2.67273
   -0.18300        -2.77598    -0.00960    -0.02361    -2.74277
   -0.17700        -2.84558    -0.00997    -0.02441    -2.81120
   -0.17100        -2.91341    -0.01028    -0.02515    -2.87798
   -0.16500        -2.98014    -0.01065    -0.02598    -2.94352
   -0.15900        -3.04603    -0.01101    -0.02677    -3.00825
   -0.15300        -3.11055    -0.01137    -0.02776    -3.07142
   -0.14700        -3.17388    -0.01176    -0.02860    -3.13353
   -0.14100        -3.23694    -0.01222    -0.02940    -3.19532
   -0.13500        -3.30009    -0.01264    -0.03025    -3.25720
   -0.12900        -3.36295    -0.01311    -0.03114    -3.31870
   -0.12300        -3.42533    -0.01355    -0.03206    -3.37971
   -0.11700        -3.48762    -0.01415    -0.03297    -3.44050
   -0.11100        -3.55042    -0.01470    -0.03398    -3.50174
   -0.10500        -3.61379    -0.01526    -0.03490    -3.56363
   -0.99000E-01    -3.67760    -0.01589    -0.03594    -3.62578
   -0.93000E-01    -3.74168    -0.01652    -0.03691    -3.68825
   -0.87000E-01    -3.80749    -0.01729    -0.03808    -3.75212
   -0.81000E-01    -3.87440    -0.01798    -0.03913    -3.81729
   -0.75000E-01    -3.94360    -0.01889    -0.04034    -3.88437
   -0.69000E-01    -4.01489    -0.01971    -0.04160    -3.95359
   -0.63000E-01    -4.08919    -0.02065    -0.04304    -4.02550
   -0.57000E-01    -4.16745    -0.02175    -0.04456    -4.10114
   -0.51000E-01    -4.25114    -0.02294    -0.04624    -4.18195
   -0.45000E-01    -4.34217    -0.02434    -0.04814    -4.26969
   -0.39000E-01    -4.44146    -0.02602    -0.05024    -4.36521
   -0.33000E-01    -4.55414    -0.02796    -0.05275    -4.47344
   -0.27000E-01    -4.68297    -0.03038    -0.05577    -4.59681
   -0.21300E-01    -4.78144    -0.03250    -0.05837    -4.69056
   -0.19500E-01    -4.79673    -0.03285    -0.05881    -4.70507
   -0.18900E-01    -4.81232    -0.03319    -0.05928    -4.71984
   -0.18300E-01    -4.82798    -0.03355    -0.05974    -4.73470
   -0.17700E-01    -4.84409    -0.03395    -0.06023    -4.74991
   -0.17100E-01    -4.86042    -0.03434    -0.06075    -4.76533
   -0.16500E-01    -4.87716    -0.03479    -0.06130    -4.78108
   -0.15900E-01    -4.89420    -0.03523    -0.06186    -4.79711
   -0.15300E-01    -4.91150    -0.03566    -0.06248    -4.81336
   -0.14700E-01    -4.92930    -0.03612    -0.06314    -4.83003
   -0.14100E-01    -4.94743    -0.03662    -0.06380    -4.84701
   -0.13500E-01    -4.96597    -0.03719    -0.06453    -4.86425
   -0.12900E-01    -4.98495    -0.03773    -0.06530    -4.88191
   -0.12300E-01    -5.00448    -0.03832    -0.06611    -4.90004
   -0.11700E-01    -5.02443    -0.03896    -0.06697    -4.91850
   -0.11100E-01    -5.04484    -0.03961    -0.06791    -4.93732
   -0.10500E-01    -5.06622    -0.04032    -0.06895    -4.95696
   -0.99000E-02    -5.08816    -0.04109    -0.07004    -4.97702
   -0.93000E-02    -5.11092    -0.04191    -0.07122    -4.99779
   -0.87000E-02    -5.13465    -0.04280    -0.07257    -5.01927
   -0.81000E-02    -5.15912    -0.04373    -0.07404    -5.04135
   -0.75000E-02    -5.18476    -0.04474    -0.07569    -5.06433
   -0.69000E-02    -5.21166    -0.04588    -0.07753    -5.08825
   -0.63000E-02    -5.23974    -0.04711    -0.07965    -5.11298
   -0.57000E-02    -5.26946    -0.04846    -0.08207    -5.13892
   -0.51000E-02    -5.30102    -0.04995    -0.08493    -5.16615
   -0.45000E-02    -5.33459    -0.05159    -0.08828    -5.19472
   -0.39000E-02    -5.37044    -0.05341    -0.09238    -5.22464
   -0.33000E-02    -5.40865    -0.05547    -0.09754    -5.25564
   -0.27000E-02    -5.44973    -0.05777    -0.10451    -5.28745
   -0.21000E-02    -5.49527    -0.06037    -0.11512    -5.31978
   -0.15000E-02    -5.55026    -0.06323    -0.13352    -5.35352
   -0.90000E-03    -5.62398    -0.06621    -0.15778    -5.39999
   -0.30000E-03    -7.09414    -0.06836    -0.16320    -6.86259
    0.30000E-03    -5.62693    -0.06294    -0.16109    -5.40291
    0.90000E-03    -5.56960    -0.03901    -0.15813    -5.37247
    0.15000E-02    -5.54063    -0.02047    -0.15533    -5.36483
    0.21000E-02    -5.52525    -0.00972    -0.15275    -5.36277
    0.27000E-02    -5.51529    -0.00266    -0.15043    -5.36221
    0.33000E-02    -5.50786     0.00255    -0.14837    -5.36203
    0.39000E-02    -5.50184     0.00668    -0.14655    -5.36197
    0.45000E-02    -5.49680     0.01005    -0.14490    -5.36194
    0.51000E-02    -5.49250     0.01288    -0.14345    -5.36193
    0.57000E-02    -5.48873     0.01528    -0.14210    -5.36191
    0.63000E-02    -5.48538     0.01741    -0.14089    -5.36190
    0.69000E-02    -5.48241     0.01926    -0.13978    -5.36188
    0.75000E-02    -5.47974     0.02089    -0.13876    -5.36187
    0.81000E-02    -5.47732     0.02237    -0.13783    -5.36186
    0.87000E-02    -5.47516     0.02366    -0.13698    -5.36184
    0.93000E-02    -5.47320     0.02482    -0.13620    -5.36182
    0.99000E-02    -5.47140     0.02588    -0.13547    -5.36181
    0.10500E-01    -5.46975     0.02684    -0.13480    -5.36179
    0.11100E-01    -5.46821     0.02775    -0.13419    -5.36177
    0.11700E-01    -5.46673     0.02859    -0.13358    -5.36175
    0.12300E-01    -5.46543     0.02934    -0.13305    -5.36173
    0.12900E-01    -5.46419     0.03003    -0.13252    -5.36170
    0.13500E-01    -5.46302     0.03070    -0.13204    -5.36168
    0.14100E-01    -5.46194     0.03132    -0.13161    -5.36165
    0.14700E-01    -5.46092     0.03190    -0.13119    -5.36162
    0.15300E-01    -5.45994     0.03245    -0.13079    -5.36159
    0.15900E-01    -5.45907     0.03293    -0.13044    -5.36156
    0.16500E-01    -5.45818     0.03343    -0.13007    -5.36154
    0.17100E-01    -5.45734     0.03390    -0.12974    -5.36150
    0.17700E-01    -5.45655     0.03436    -0.12943    -5.36148
    0.18300E-01    -5.45582     0.03480    -0.12918    -5.36144
    0.18900E-01    -5.45512     0.03520    -0.12891    -5.36141
    0.19500E-01    -5.45449     0.03556    -0.12867    -5.36138
    0.21300E-01    -5.45075     0.03773    -0.12734    -5.36114
    0.27000E-01    -5.44679     0.04003    -0.12611    -5.36071
    0.33000E-01    -5.44397     0.04163    -0.12542    -5.36018
    0.39000E-01    -5.44179     0.04279    -0.12502    -5.35957
    0.45000E-01    -5.43988     0.04376    -0.12475    -5.35889
    0.51000E-01    -5.43826     0.04446    -0.12457    -5.35816
    0.57000E-01    -5.43674     0.04505    -0.12445    -5.35734
    0.63000E-01    -5.43535     0.04542    -0.12437    -5.35640
    0.69000E-01    -5.43395     0.04575    -0.12433    -5.35538
    0.75000E-01    -5.43258     0.04600    -0.12428    -5.35431
    0.81000E-01    -5.43126     0.04623    -0.12425    -5.35324
    0.87000E-01    -5.42989     0.04642    -0.12423    -5.35209
    0.93000E-01    -5.42852     0.04657    -0.12420    -5.35089
    0.99000E-01    -5.42707     0.04670    -0.12418    -5.34959
    0.10500        -5.42557     0.04679    -0.12416    -5.34820
    0.11100        -5.42395     0.04686    -0.12399    -5.34682
    0.11700        -5.42229     0.04692    -0.12381    -5.34539
    0.12300        -5.42049     0.04697    -0.12365    -5.34380
    0.12900        -5.41891     0.04701    -0.12363    -5.34229
    0.13500        -5.41734     0.04703    -0.12361    -5.34076
    0.14100        -5.41551     0.04706    -0.12346    -5.33911
    0.14700        -5.41373     0.04708    -0.12331    -5.33750
    0.15300        -5.41189     0.04711    -0.12315    -5.33584
    0.15900        -5.41002     0.04718    -0.12313    -5.33408
    0.16500        -5.40840     0.04720    -0.12311    -5.33249
    0.17100        -5.40644     0.04726    -0.12297    -5.33074
    0.17700        -5.40473     0.04728    -0.12294    -5.32907
    0.18300        -5.40262     0.04733    -0.12280    -5.32715
    0.18900        -5.40068     0.04737    -0.12266    -5.32539
    0.19500        -5.39864     0.04739    -0.12252    -5.32351
    0.20100        -5.39675     0.04743    -0.12238    -5.32180
    0.20700        -5.39466     0.04747    -0.12225    -5.31988
    0.21300        -5.39256     0.04751    -0.12212    -5.31795
    0.22700        -5.37471     0.04758    -0.12189    -5.30039
    0.34500        -5.31314     0.04784    -0.12055    -5.24043
    0.49500        -5.24634     0.04836    -0.11833    -5.17638
    0.64500        -5.18187     0.04861    -0.11698    -5.11349
    0.79500        -5.11702     0.04886    -0.11582    -5.05006
    0.94500        -5.05201     0.04917    -0.11478    -4.98640
     1.0950        -4.98811     0.04946    -0.11348    -4.92408
     1.2450        -4.92563     0.04971    -0.11229    -4.86305
     1.3950        -4.86448     0.04994    -0.11146    -4.80295
     1.5450        -4.80514     0.05015    -0.11046    -4.74483
     1.6950        -4.74778     0.05036    -0.10954    -4.68860
     1.8450        -4.69236     0.05054    -0.10869    -4.63421
     1.9950        -4.63893     0.05070    -0.10788    -4.58176
     2.1450        -4.58778     0.05086    -0.10711    -4.53153
     2.2950        -4.53876     0.05101    -0.10641    -4.48337
     2.4450        -4.49165     0.05116    -0.10574    -4.43708
     2.5950        -4.44606     0.05131    -0.10510    -4.39227
     2.7450        -4.40256     0.05144    -0.10450    -4.34950
     2.8950        -4.36048     0.05155    -0.10392    -4.30812
     3.0450        -4.32050     0.05167    -0.10336    -4.26881
     3.1950        -4.28192     0.05178    -0.10283    -4.23087
     3.3450        -4.24496     0.05189    -0.10232    -4.19452
     3.4950        -4.20935     0.05199    -0.10183    -4.15951
     3.6450        -4.17477     0.05208    -0.10135    -4.12550
     3.7950        -4.14151     0.05218    -0.10090    -4.09279
     3.9450        -4.10933     0.05228    -0.10047    -4.06114
     4.0950        -4.07841     0.05237    -0.10006    -4.03071
     4.2450        -4.04850     0.05245    -0.09965    -4.00130
     4.3950        -4.01951     0.05254    -0.09926    -3.97278
     4.5450        -3.99147     0.05262    -0.09888    -3.94520
     4.6950        -3.96422     0.05269    -0.09851    -3.91840
     4.8450        -3.93776     0.05277    -0.09815    -3.89238
     4.9950        -3.91215     0.05284    -0.09781    -3.86718
     5.1450        -3.88722     0.05292    -0.09747    -3.84267
     5.2950        -3.86304     0.05299    -0.09714    -3.81890
     5.4450        -3.83946     0.05306    -0.09681    -3.79571
     5.5950        -3.81646     0.05313    -0.09650    -3.77309
     5.7450        -3.79404     0.05319    -0.09620    -3.75102
     5.8950        -3.77218     0.05326    -0.09590    -3.72953
     6.0450        -3.75090     0.05331    -0.09562    -3.70859
     6.1950        -3.73014     0.05337    -0.09534    -3.68817
     6.3450        -3.70982     0.05343    -0.09507    -3.66818
     6.4950        -3.68994     0.05349    -0.09480    -3.64863
     6.6450        -3.67052     0.05355    -0.09453    -3.62953
     6.7950        -3.65021     0.05361    -0.09428    -3.60954
     6.9450        -3.63163     0.05366    -0.09402    -3.59127
     7.0950        -3.61345     0.05371    -0.09378    -3.57338
     7.2450        -3.59559     0.05377    -0.09354    -3.55581
     7.3950        -3.57812     0.05381    -0.09330    -3.53863
     7.5450        -3.56100     0.05387    -0.09307    -3.52180
     7.6950        -3.54424     0.05392    -0.09284    -3.50532
     7.8450        -3.52781     0.05397    -0.09262    -3.48915
     7.9950        -3.51171     0.05401    -0.09240    -3.47332
     8.1450        -3.49587     0.05406    -0.09218    -3.45775
     8.2950        -3.48033     0.05410    -0.09197    -3.44247
     8.4450        -3.46505     0.05415    -0.09176    -3.42744
     8.5950        -3.45005     0.05419    -0.09156    -3.41269
     8.7450        -3.43531     0.05424    -0.09136    -3.39820
     8.8950        -3.42080     0.05428    -0.09116    -3.38392
     9.0450        -3.40655     0.05433    -0.09097    -3.36992
     9.1950        -3.39254     0.05437    -0.09078    -3.35614
     9.3450        -3.37875     0.05441    -0.09059    -3.34257
     9.4950        -3.36520     0.05445    -0.09041    -3.32924
     9.6450        -3.35185     0.05448    -0.09023    -3.31611
     9.7950        -3.33871     0.05452    -0.09005    -3.30319
     9.9450        -3.32577     0.05456    -0.08987    -3.29046
     10.095        -3.31304     0.05460    -0.08970    -3.27793
     10.245        -3.30048     0.05464    -0.08953    -3.26558
     10.395        -3.28815     0.05467    -0.08937    -3.25345
     10.545        -3.27596     0.05471    -0.08921    -3.24145
     10.695        -3.26398     0.05474    -0.08905    -3.22968
     10.845        -3.25215     0.05478    -0.08889    -3.21804
     10.995        -3.24048     0.05481    -0.08873    -3.20656
     11.145        -3.22900     0.05485    -0.08858    -3.19527
     11.295        -3.21765     0.05488    -0.08842    -3.18411
     11.445        -3.20646     0.05492    -0.08827    -3.17311
     11.595        -3.19545     0.05495    -0.08813    -3.16228
     11.745        -3.18454     0.05498    -0.08798    -3.15155
     11.895        -3.17376     0.05502    -0.08783    -3.14094
     12.045        -3.16315     0.05505    -0.08769    -3.13051
     12.195        -3.15266     0.05508    -0.08755    -3.12018
     12.345        -3.14232     0.05511    -0.08741    -3.11001
     12.495        -3.13205     0.05514    -0.08728    -3.09991
     12.645        -3.12197     0.05516    -0.08714    -3.08999
     12.795        -3.11201     0.05519    -0.08701    -3.08019
     12.945        -3.10212     0.05522    -0.08688    -3.07046
     13.095        -3.09238     0.05525    -0.08674    -3.06088
     13.245        -3.08277     0.05528    -0.08662    -3.05143
     13.395        -3.07326     0.05531    -0.08649    -3.04208
     13.545        -3.06387     0.05534    -0.08636    -3.03285
     13.695        -3.05459     0.05537    -0.08624    -3.02372
     13.845        -3.04541     0.05540    -0.08612    -3.01470
     13.995        -3.03633     0.05543    -0.08600    -3.00576
     14.145        -3.02738     0.05545    -0.08588    -2.99696
     14.295        -3.01850     0.05548    -0.08576    -2.98822
     14.445        -3.00973     0.05551    -0.08563    -2.97960
     14.595        -3.00105     0.05553    -0.08552    -2.97107
     14.745        -2.99247     0.05556    -0.08540    -2.96263
     14.895        -2.98395     0.05558    -0.08529    -2.95424
     15.045        -2.97552     0.05561    -0.08517    -2.94595
     15.195        -2.96717     0.05563    -0.08506    -2.93774
     15.345        -2.95891     0.05566    -0.08495    -2.92962
     15.495        -2.95076     0.05568    -0.08484    -2.92160
     15.645        -2.94270     0.05571    -0.08473    -2.91367
     15.795        -2.93469     0.05573    -0.08463    -2.90579
     15.945        -2.92677     0.05575    -0.08452    -2.89801
     16.095        -2.91895     0.05578    -0.08442    -2.89031
     16.245        -2.91119     0.05580    -0.08431    -2.88268
     16.395        -2.90351     0.05583    -0.08421    -2.87513
     16.545        -2.89591     0.05585    -0.08411    -2.86765
     16.695        -2.88832     0.05588    -0.08400    -2.86020
     16.845        -2.88083     0.05590    -0.08390    -2.85283
     16.995        -2.87347     0.05592    -0.08380    -2.84559
     17.145        -2.86614     0.05595    -0.08370    -2.83839
     17.295        -2.85888     0.05597    -0.08361    -2.83124
     17.445        -2.85166     0.05599    -0.08351    -2.82415
     17.595        -2.84452     0.05601    -0.08341    -2.81713
     17.745        -2.83745     0.05603    -0.08332    -2.81016
     17.895        -2.83043     0.05606    -0.08322    -2.80327
     18.045        -2.82349     0.05608    -0.08313    -2.79643
     18.195        -2.81660     0.05610    -0.08304    -2.78967
     18.345        -2.80979     0.05612    -0.08294    -2.78297
     18.495        -2.80302     0.05614    -0.08285    -2.77631
     18.645        -2.79632     0.05616    -0.08276    -2.76971
     18.795        -2.78967     0.05618    -0.08267    -2.76317
     18.945        -2.78306     0.05620    -0.08258    -2.75668
     19.095        -2.77654     0.05622    -0.08249    -2.75027
     19.245        -2.77002     0.05624    -0.08241    -2.74385
     19.395        -2.76357     0.05626    -0.08232    -2.73751
     19.545        -2.75719     0.05628    -0.08223    -2.73123
     19.695        -2.75085     0.05630    -0.08215    -2.72500
     19.845        -2.74457     0.05632    -0.08206    -2.71882
     19.995        -2.73835     0.05633    -0.08198    -2.71271
     20.145        -2.73217     0.05635    -0.08190    -2.70663
     20.295        -2.72604     0.05637    -0.08181    -2.70060
     20.445        -2.71994     0.05639    -0.08173    -2.69460
     20.595        -2.71386     0.05641    -0.08165    -2.68862
     20.745        -2.70787     0.05643    -0.08157    -2.68273
     20.895        -2.70194     0.05645    -0.08149    -2.67690
     21.045        -2.69603     0.05647    -0.08141    -2.67109
     21.195        -2.69018     0.05649    -0.08133    -2.66534
     21.345        -2.68437     0.05650    -0.08125    -2.65962
     21.495        -2.67861     0.05652    -0.08118    -2.65396
     21.645        -2.67290     0.05654    -0.08110    -2.64834
     21.795        -2.66723     0.05656    -0.08103    -2.64276
     21.945        -2.66159     0.05657    -0.08095    -2.63721
     22.095        -2.65600     0.05659    -0.08087    -2.63172
     22.245        -2.65044     0.05661    -0.08080    -2.62626
     22.395        -2.64495     0.05663    -0.08072    -2.62085
     22.545        -2.63946     0.05664    -0.08065    -2.61545
     22.695        -2.63401     0.05666    -0.08058    -2.61009
     22.845        -2.62863     0.05667    -0.08051    -2.60479
     22.995        -2.62327     0.05669    -0.08044    -2.59952
     23.145        -2.61792     0.05670    -0.08036    -2.59426
     23.295        -2.61265     0.05672    -0.08029    -2.58908
     23.445        -2.60739     0.05673    -0.08022    -2.58390
     23.595        -2.60217     0.05675    -0.08015    -2.57877
     23.745        -2.59700     0.05676    -0.08008    -2.57368
     23.895        -2.59185     0.05678    -0.08001    -2.56862
     24.045        -2.58674     0.05680    -0.07995    -2.56359
     24.195        -2.58166     0.05681    -0.07988    -2.55860
     24.345        -2.57662     0.05683    -0.07981    -2.55364
     24.495        -2.57160     0.05684    -0.07974    -2.54870
     24.645        -2.56664     0.05686    -0.07968    -2.54382
     24.795        -2.56169     0.05687    -0.07961    -2.53896
     24.945        -2.55678     0.05689    -0.07954    -2.53413
     25.095        -2.55189     0.05690    -0.07948    -2.52932
     25.245        -2.54702     0.05692    -0.07941    -2.52453
     25.395        -2.54217     0.05693    -0.07934    -2.51976
     25.545        -2.53738     0.05695    -0.07928    -2.51505
     25.695        -2.53263     0.05696    -0.07922    -2.51037
     25.845        -2.52791     0.05697    -0.07916    -2.50573
     25.995        -2.52321     0.05699    -0.07909    -2.50111
     26.145        -2.51854     0.05700    -0.07903    -2.49652
     26.295        -2.51391     0.05702    -0.07897    -2.49196
     26.445        -2.50930     0.05703    -0.07890    -2.48743
     26.595        -2.50472     0.05704    -0.07884    -2.48292
     26.745        -2.50015     0.05706    -0.07878    -2.47843
     26.895        -2.49562     0.05707    -0.07871    -2.47398
     27.045        -2.49113     0.05708    -0.07865    -2.46956
     27.195        -2.48665     0.05710    -0.07859    -2.46516
     27.345        -2.48220     0.05711    -0.07853    -2.46078
     27.495        -2.47780     0.05712    -0.07847    -2.45644
     27.645        -2.47338     0.05713    -0.07842    -2.45210
     27.795        -2.46900     0.05715    -0.07835    -2.44780
     27.945        -2.46465     0.05716    -0.07830    -2.44352
     28.095        -2.46034     0.05717    -0.07824    -2.43928
     28.245        -2.45604     0.05719    -0.07818    -2.43505
     28.395        -2.45177     0.05720    -0.07812    -2.43085
     28.545        -2.44755     0.05721    -0.07806    -2.42670
     28.695        -2.44335     0.05722    -0.07801    -2.42257
     28.845        -2.43913     0.05724    -0.07795    -2.41842
     28.995        -2.43496     0.05725    -0.07790    -2.41432
     29.145        -2.43080     0.05726    -0.07784    -2.41022
     29.295        -2.42669     0.05727    -0.07779    -2.40618
     29.445        -2.42259     0.05729    -0.07773    -2.40214
     29.595        -2.41852     0.05730    -0.07768    -2.39814
     29.745        -2.41445     0.05731    -0.07762    -2.39413
     29.895        -2.41041     0.05732    -0.07757    -2.39016
     30.045        -2.40638     0.05733    -0.07752    -2.38620
     30.195        -2.40239     0.05735    -0.07746    -2.38227
     30.345        -2.39839     0.05736    -0.07741    -2.37834
     30.495        -2.39443     0.05737    -0.07735    -2.37445
     30.645        -2.39051     0.05738    -0.07730    -2.37059
     30.795        -2.38660     0.05740    -0.07725    -2.36675
     30.945        -2.38271     0.05741    -0.07719    -2.36292
     31.095        -2.37884     0.05742    -0.07714    -2.35912
     31.245        -2.37500     0.05743    -0.07709    -2.35535
     31.395        -2.37118     0.05745    -0.07704    -2.35159
     31.545        -2.36738     0.05746    -0.07699    -2.34785
     31.695        -2.36357     0.05747    -0.07694    -2.34411
     31.845        -2.35980     0.05748    -0.07688    -2.34040
     31.995        -2.35605     0.05749    -0.07684    -2.33671
     32.145        -2.35231     0.05750    -0.07678    -2.33302
     32.295        -2.34860     0.05751    -0.07673    -2.32938
     32.445        -2.34491     0.05752    -0.07668    -2.32575
     32.595        -2.34123     0.05753    -0.07664    -2.32213
     32.745        -2.33757     0.05755    -0.07659    -2.31853
     32.895        -2.33395     0.05756    -0.07654    -2.31497
     33.045        -2.33033     0.05757    -0.07649    -2.31141
     33.195        -2.32672     0.05758    -0.07644    -2.30786
     33.345        -2.32315     0.05759    -0.07640    -2.30434
     33.495        -2.31956     0.05760    -0.07635    -2.30080
     33.645        -2.31600     0.05761    -0.07630    -2.29731
     33.795        -2.31246     0.05762    -0.07626    -2.29382
     33.945        -2.30893     0.05763    -0.07621    -2.29035
     34.095        -2.30543     0.05764    -0.07616    -2.28691
     34.245        -2.30195     0.05765    -0.07611    -2.28349
     34.395        -2.29850     0.05766    -0.07607    -2.28009
     34.545        -2.29505     0.05767    -0.07602    -2.27670
     34.695        -2.29161     0.05768    -0.07598    -2.27331
     34.845        -2.28820     0.05769    -0.07593    -2.26996
     34.995        -2.28480     0.05770    -0.07588    -2.26661
     35.145        -2.28141     0.05771    -0.07584    -2.26328
     35.295        -2.27802     0.05772    -0.07579    -2.25995
     35.445        -2.27467     0.05773    -0.07575    -2.25666
     35.595        -2.27134     0.05774    -0.07570    -2.25338
     35.745        -2.26804     0.05775    -0.07566    -2.25013
     35.895        -2.26471     0.05776    -0.07561    -2.24685
     36.045        -2.26140     0.05777    -0.07557    -2.24360
     36.195        -2.25812     0.05778    -0.07553    -2.24038
     36.345        -2.25485     0.05779    -0.07548    -2.23716
     36.495        -2.25161     0.05780    -0.07544    -2.23397
     36.645        -2.24836     0.05781    -0.07539    -2.23077
     36.795        -2.24514     0.05781    -0.07535    -2.22760
     36.945        -2.24193     0.05782    -0.07531    -2.22445
     37.095        -2.23873     0.05783    -0.07526    -2.22130
     37.245        -2.23554     0.05784    -0.07522    -2.21816
     37.395        -2.23238     0.05785    -0.07518    -2.21505
     37.545        -2.22923     0.05786    -0.07514    -2.21195
     37.695        -2.22607     0.05787    -0.07510    -2.20885
     37.845        -2.22295     0.05788    -0.07505    -2.20577
     37.995        -2.21983     0.05789    -0.07501    -2.20271
     38.145        -2.21674     0.05790    -0.07497    -2.19966
     38.295        -2.21367     0.05791    -0.07493    -2.19665
     38.445        -2.21060     0.05791    -0.07489    -2.19362
     38.595        -2.20754     0.05792    -0.07485    -2.19062
     38.745        -2.20449     0.05793    -0.07481    -2.18762
     38.895        -2.20145     0.05794    -0.07477    -2.18463
     39.045        -2.19842     0.05795    -0.07473    -2.18164
     39.195        -2.19540     0.05796    -0.07469    -2.17868
     39.345        -2.19241     0.05797    -0.07465    -2.17574
     39.495        -2.18943     0.05798    -0.07461    -2.17280
     39.645        -2.18645     0.05799    -0.07457    -2.16987
     39.795        -2.18349     0.05800    -0.07453    -2.16696
     39.945        -2.18054     0.05801    -0.07449    -2.16406
     40.095        -2.17758     0.05802    -0.07445    -2.16115
     40.245        -2.17466     0.05803    -0.07441    -2.15828
     40.395        -2.17176     0.05804    -0.07437    -2.15543
     40.545        -2.16886     0.05805    -0.07433    -2.15258
     40.695        -2.16597     0.05806    -0.07429    -2.14974
     40.845        -2.16310     0.05807    -0.07425    -2.14692
     40.995        -2.16023     0.05808    -0.07421    -2.14410
     41.145        -2.15738     0.05809    -0.07418    -2.14129
     41.295        -2.15455     0.05810    -0.07414    -2.13851
     41.445        -2.15173     0.05811    -0.07410    -2.13574
     41.595        -2.14891     0.05811    -0.07406    -2.13296
     41.745        -2.14611     0.05812    -0.07402    -2.13020
     41.895        -2.14333     0.05813    -0.07399    -2.12747
     42.045        -2.14055     0.05814    -0.07395    -2.12474
     42.195        -2.13778     0.05815    -0.07392    -2.12201
     42.345        -2.13501     0.05816    -0.07388    -2.11928
     42.495        -2.13225     0.05817    -0.07384    -2.11657
     42.645        -2.12951     0.05817    -0.07381    -2.11388
     42.795        -2.12680     0.05818    -0.07377    -2.11122
     42.945        -2.12409     0.05819    -0.07373    -2.10856
     43.095        -2.12140     0.05820    -0.07370    -2.10590
     43.245        -2.11869     0.05821    -0.07366    -2.10324
     43.395        -2.11600     0.05822    -0.07362    -2.10059
     43.545        -2.11331     0.05823    -0.07359    -2.09794
     43.695        -2.11065     0.05823    -0.07355    -2.09533
     43.845        -2.10799     0.05824    -0.07352    -2.09272
     43.995        -2.10535     0.05825    -0.07348    -2.09012
     44.145        -2.10270     0.05826    -0.07345    -2.08751
     44.295        -2.10009     0.05827    -0.07341    -2.08494
     44.445        -2.09747     0.05828    -0.07338    -2.08236
     44.595        -2.09484     0.05828    -0.07334    -2.07978
     44.745        -2.09224     0.05829    -0.07331    -2.07722
     44.895        -2.08964     0.05830    -0.07327    -2.07467
     45.045        -2.08708     0.05831    -0.07323    -2.07215
     45.195        -2.08451     0.05831    -0.07320    -2.06962
     45.345        -2.08195     0.05832    -0.07317    -2.06711
     45.495        -2.07940     0.05833    -0.07313    -2.06460
     45.645        -2.07687     0.05834    -0.07310    -2.06211
     45.795        -2.07433     0.05835    -0.07306    -2.05962
     45.945        -2.07182     0.05835    -0.07303    -2.05714
     46.095        -2.06931     0.05836    -0.07300    -2.05468
     46.245        -2.06680     0.05837    -0.07296    -2.05221
     46.395        -2.06430     0.05838    -0.07293    -2.04975
     46.545        -2.06181     0.05839    -0.07290    -2.04730
     46.695        -2.05932     0.05839    -0.07287    -2.04485
     46.845        -2.05686     0.05840    -0.07283    -2.04242
     46.995        -2.05440     0.05841    -0.07280    -2.04001
     47.145        -2.05195     0.05842    -0.07277    -2.03760
     47.295        -2.04949     0.05843    -0.07273    -2.03518
     47.445        -2.04705     0.05843    -0.07270    -2.03278
     47.595        -2.04461     0.05844    -0.07267    -2.03037
     47.745        -2.04218     0.05845    -0.07264    -2.02799
     47.895        -2.03977     0.05845    -0.07260    -2.02562
     48.045        -2.03737     0.05846    -0.07257    -2.02326
     48.195        -2.03499     0.05847    -0.07254    -2.02091
     48.345        -2.03260     0.05848    -0.07251    -2.01857
     48.495        -2.03023     0.05848    -0.07248    -2.01624
     48.645        -2.02785     0.05849    -0.07245    -2.01390
     48.795        -2.02550     0.05850    -0.07241    -2.01158
     48.945        -2.02315     0.05851    -0.07238    -2.00927
     49.095        -2.02080     0.05851    -0.07235    -2.00697
     49.245        -2.01846     0.05852    -0.07232    -2.00466
     49.395        -2.01613     0.05853    -0.07229    -2.00237
     49.545        -2.01381     0.05853    -0.07226    -2.00009
     49.695        -2.01149     0.05854    -0.07222    -1.99781
     49.845        -2.00920     0.05855    -0.07219    -1.99555
     49.995        -2.00689     0.05855    -0.07216    -1.99328
     50.145        -2.00460     0.05856    -0.07213    -1.99103
     50.295        -2.00232     0.05857    -0.07210    -1.98878
     50.445        -2.00005     0.05858    -0.07207    -1.98655
     50.595        -1.99779     0.05859    -0.07204    -1.98433
     50.745        -1.99553     0.05859    -0.07201    -1.98211
     50.895        -1.99328     0.05860    -0.07199    -1.97989
     51.045        -1.99104     0.05861    -0.07195    -1.97769
     51.195        -1.98880     0.05861    -0.07192    -1.97549
     51.345        -1.98656     0.05862    -0.07190    -1.97328
     51.495        -1.98433     0.05862    -0.07187    -1.97108
     51.645        -1.98210     0.05863    -0.07184    -1.96890
     51.795        -1.97988     0.05864    -0.07181    -1.96671
     51.945        -1.97768     0.05864    -0.07178    -1.96454
     52.095        -1.97548     0.05865    -0.07175    -1.96238
     52.245        -1.97328     0.05866    -0.07172    -1.96022
     52.395        -1.97111     0.05866    -0.07169    -1.95808
     52.545        -1.96894     0.05867    -0.07167    -1.95594
     52.695        -1.96677     0.05868    -0.07163    -1.95381
     52.845        -1.96459     0.05869    -0.07160    -1.95168
     52.995        -1.96243     0.05869    -0.07157    -1.94955
     53.145        -1.96029     0.05870    -0.07154    -1.94744
     53.295        -1.95815     0.05870    -0.07151    -1.94534
     53.445        -1.95603     0.05871    -0.07148    -1.94325
     53.595        -1.95389     0.05871    -0.07146    -1.94115
     53.745        -1.95176     0.05872    -0.07143    -1.93906
     53.895        -1.94965     0.05873    -0.07140    -1.93698
     54.045        -1.94754     0.05873    -0.07137    -1.93491
     54.195        -1.94544     0.05874    -0.07134    -1.93284
     54.345        -1.94334     0.05875    -0.07131    -1.93078
     54.495        -1.94125     0.05875    -0.07128    -1.92872
     54.645        -1.93916     0.05876    -0.07125    -1.92667
     54.795        -1.93708     0.05877    -0.07123    -1.92462
     54.945        -1.93500     0.05877    -0.07120    -1.92258
     55.095        -1.93293     0.05878    -0.07117    -1.92053
     59.433        -1.77152     0.05930    -0.06901    -1.76181
     80.646        -1.53754     0.06004    -0.06589    -1.53169
     111.21        -1.31243     0.06078    -0.06289    -1.31032
     153.36        -1.09602     0.06151    -0.06001    -1.09752
     211.49        -0.88850     0.06220    -0.05724    -0.89347
     291.64        -0.68984     0.06287    -0.05460    -0.69811
     402.18        -0.49984     0.06350    -0.05208    -0.51126
     554.60        -0.31797     0.06411    -0.04968    -0.33241
     764.80        -0.14422     0.06471    -0.04738    -0.16154
     1054.7         0.02174     0.06527    -0.04519     0.00166
     1454.4         0.18011     0.06581    -0.04310     0.15740
     2005.6         0.33123     0.06633    -0.04111     0.30602
     2765.8         0.47546     0.06681    -0.03922     0.44786
     3814.0         0.61304     0.06728    -0.03742     0.58317
     5259.5         0.74426     0.06772    -0.03569     0.71223
     7252.9         0.86943     0.06814    -0.03405     0.83534
     10002.         0.98883     0.06854    -0.03249     0.95278
     13793.         1.10262     0.06891    -0.03101     1.06472
     19020.         1.21120     0.06925    -0.02959     1.17154
     26229.         1.31458     0.06958    -0.02825     1.27325
     36170.         1.41308     0.06989    -0.02696     1.37015
     49878.         1.50699     0.07017    -0.02574     1.46256
     68782.         1.59622     0.07044    -0.02459     1.55036
     94851.         1.68127     0.07068    -0.02347     1.63407
    0.13080E+06     1.76217     0.07090    -0.02241     1.71368
    0.18038E+06     1.83909     0.07112    -0.02141     1.78938
    0.24874E+06     1.91220     0.07131    -0.02046     1.86134
    0.34301E+06     1.98162     0.07150    -0.01955     1.92967
    0.47302E+06     2.04747     0.07166    -0.01867     1.99448
    0.65229E+06     2.11002     0.07182    -0.01784     2.05605
    0.89952E+06     2.16942     0.07196    -0.01705     2.11451
    0.12404E+07     2.22588     0.07209    -0.01630     2.17009
    0.17106E+07     2.27954     0.07221    -0.01558     2.22291
    0.23589E+07     2.33035     0.07233    -0.01491     2.27293
    0.32529E+07     2.37854     0.07243    -0.01427     2.32038
    0.44858E+07     2.42432     0.07252    -0.01366     2.36546
    0.61860E+07     2.46776     0.07261    -0.01309     2.40824
    0.85305E+07     2.50897     0.07268    -0.01254     2.44883
    0.11764E+08     2.54817     0.07275    -0.01201     2.48743
    0.16222E+08     2.58531     0.07282    -0.01153     2.52402
    0.22370E+08     2.62049     0.07287    -0.01105     2.55867
    0.30849E+08     2.65381     0.07292    -0.01060     2.59149
    0.42541E+08     2.68519     0.07297    -0.01018     2.62239
    0.58664E+08     2.71469     0.07302    -0.00978     2.65145
    0.80898E+08     2.74244     0.07306    -0.00940     2.67878
    0.11156E+09     2.76862     0.07309    -0.00904     2.70457
    0.15384E+09     2.79329     0.07312    -0.00870     2.72887
    0.21215E+09     2.81657     0.07315    -0.00838     2.75179
    0.29255E+09     2.83846     0.07318    -0.00808     2.77337
    0.40343E+09     2.85920     0.07320    -0.00779     2.79379
    0.55633E+09     2.87881     0.07322    -0.00752     2.81311
    0.76719E+09     2.89663     0.07324    -0.00727     2.83067
    0.10580E+10     2.91282     0.07326    -0.00704     2.84660
    0.14589E+10     2.92765     0.07328    -0.00681     2.86118
    0.20119E+10     2.94133     0.07330    -0.00660     2.87463
    0.27744E+10     2.95392     0.07331    -0.00639     2.88700
    0.38259E+10     2.96554     0.07332    -0.00621     2.89842
    0.52760E+10     2.97622     0.07334    -0.00604     2.90892
    0.72756E+10     2.98609     0.07335    -0.00588     2.91862
    0.10033E+11     2.99520     0.07336    -0.00574     2.92758
    0.13836E+11     3.00360     0.07337    -0.00561     2.93585
    0.19079E+11     3.01139     0.07337    -0.00549     2.94351
    0.26311E+11     3.01855     0.07338    -0.00538     2.95055
    0.36283E+11     3.02517     0.07339    -0.00528     2.95706
    0.50034E+11     3.03127     0.07340    -0.00519     2.96306
    0.68997E+11     3.03691     0.07340    -0.00510     2.96861
    0.10000E+12     3.10448     0.07347    -0.00406     3.03507
