    -99.945         0.00000     0.00000     0.00000     0.00000
    -99.795         0.00000     0.00000     0.00000     0.00000
    -99.645         0.00000     0.00000     0.00000     0.00000
    -99.495         0.00000     0.00000     0.00000     0.00000
    -99.345         0.00000     0.00000     0.00000     0.00000
    -99.195         0.00000     0.00000     0.00000     0.00000
    -99.045         0.00000     0.00000     0.00000     0.00000
    -98.895         0.00000     0.00000     0.00000     0.00000
    -98.745         0.00000     0.00000     0.00000     0.00000
    -98.595         0.00000     0.00000     0.00000     0.00000
    -98.445         0.00000     0.00000     0.00000     0.00000
    -98.295         0.00000     0.00000     0.00000     0.00000
    -98.145         0.00000     0.00000     0.00000     0.00000
    -97.995         0.00000     0.00000     0.00000     0.00000
    -97.845         0.00000     0.00000     0.00000     0.00000
    -97.695         0.00000     0.00000     0.00000     0.00000
    -97.545         0.00000     0.00000     0.00000     0.00000
    -97.395         0.00000     0.00000     0.00000     0.00000
    -97.245         0.00000     0.00000     0.00000     0.00000
    -97.095         0.00000     0.00000     0.00000     0.00000
    -96.945         0.00000     0.00000     0.00000     0.00000
    -96.795         0.00000     0.00000     0.00000     0.00000
    -96.645         0.00000     0.00000     0.00000     0.00000
    -96.495         0.00000     0.00000     0.00000     0.00000
    -96.345         0.00000     0.00000     0.00000     0.00000
    -96.195         0.00000     0.00000     0.00000     0.00000
    -96.045         0.00000     0.00000     0.00000     0.00000
    -95.895         0.00000     0.00000     0.00000     0.00000
    -95.745         0.00000     0.00000     0.00000     0.00000
    -95.595         0.00000     0.00000     0.00000     0.00000
    -95.445         0.00000     0.00000     0.00000     0.00000
    -95.295         0.00000     0.00000     0.00000     0.00000
    -95.145         0.00000     0.00000     0.00000     0.00000
    -94.995         0.00000     0.00000     0.00000     0.00000
    -94.845         0.00000     0.00000     0.00000     0.00000
    -94.695         0.00000     0.00000     0.00000     0.00000
    -94.545         0.00000     0.00000     0.00000     0.00000
    -94.395         0.00000     0.00000     0.00000     0.00000
    -94.245         0.00000     0.00000     0.00000     0.00000
    -94.095         0.00000     0.00000     0.00000     0.00000
    -93.945         0.00000     0.00000     0.00000     0.00000
    -93.795         0.00000     0.00000     0.00000     0.00000
    -93.645         0.00000     0.00000     0.00000     0.00000
    -93.495         0.00000     0.00000     0.00000     0.00000
    -93.345         0.00000     0.00000     0.00000     0.00000
    -93.195         0.00000     0.00000     0.00000     0.00000
    -93.045         0.00000     0.00000     0.00000     0.00000
    -92.895         0.00000     0.00000     0.00000     0.00000
    -92.745         0.00000     0.00000     0.00000     0.00000
    -92.595         0.00000     0.00000     0.00000     0.00000
    -92.445         0.00000     0.00000     0.00000     0.00000
    -92.295         0.00000     0.00000     0.00000     0.00000
    -92.145         0.00000     0.00000     0.00000     0.00000
    -91.995         0.00000     0.00000     0.00000     0.00000
    -91.845         0.00000     0.00000     0.00000     0.00000
    -91.695         0.00000     0.00000     0.00000     0.00000
    -91.545         0.00000     0.00000     0.00000     0.00000
    -91.395         0.00000     0.00000     0.00000     0.00000
    -91.245         0.00000     0.00000     0.00000     0.00000
    -91.095         0.00000     0.00000     0.00000     0.00000
    -90.945         0.00000     0.00000     0.00000     0.00000
    -90.795         0.00000     0.00000     0.00000     0.00000
    -90.645         0.00000     0.00000     0.00000     0.00000
    -90.495         0.00000     0.00000     0.00000     0.00000
    -90.345         0.00000     0.00000     0.00000     0.00000
    -90.195         0.00000     0.00000     0.00000     0.00000
    -90.045         0.00000     0.00000     0.00000     0.00000
    -89.895         0.00000     0.00000     0.00000     0.00000
    -89.745         0.00000     0.00000     0.00000     0.00000
    -89.595         0.00000     0.00000     0.00000     0.00000
    -89.445         0.00000     0.00000     0.00000     0.00000
    -89.295         0.00000     0.00000     0.00000     0.00000
    -89.145         0.00000     0.00000     0.00000     0.00000
    -88.995         0.00000     0.00000     0.00000     0.00000
    -88.845         0.00000     0.00000     0.00000     0.00000
    -88.695         0.00000     0.00000     0.00000     0.00000
    -88.545         0.00000     0.00000     0.00000     0.00000
    -88.395         0.00000     0.00000     0.00000     0.00000
    -88.245         0.00000     0.00000     0.00000     0.00000
    -88.095         0.00000     0.00000     0.00000     0.00000
    -87.945         0.00000     0.00000     0.00000     0.00000
    -87.795         0.00000     0.00000     0.00000     0.00000
    -87.645         0.00000     0.00000     0.00000     0.00000
    -87.495         0.00000     0.00000     0.00000     0.00000
    -87.345         0.00000     0.00000     0.00000     0.00000
    -87.195         0.00000     0.00000     0.00000     0.00000
    -87.045         0.00000     0.00000     0.00000     0.00000
    -86.895         0.00000     0.00000     0.00000     0.00000
    -86.745         0.00000     0.00000     0.00000     0.00000
    -86.595         0.00000     0.00000     0.00000     0.00000
    -86.445         0.00000     0.00000     0.00000     0.00000
    -86.295         0.00000     0.00000     0.00000     0.00000
    -86.145         0.00000     0.00000     0.00000     0.00000
    -85.995         0.00000     0.00000     0.00000     0.00000
    -85.845         0.00000     0.00000     0.00000     0.00000
    -85.695         0.00000     0.00000     0.00000     0.00000
    -85.545         0.00000     0.00000     0.00000     0.00000
    -85.395         0.00000     0.00000     0.00000     0.00000
    -85.245         0.00000     0.00000     0.00000     0.00000
    -85.095         0.00000     0.00000     0.00000     0.00000
    -84.945         0.00000     0.00000     0.00000     0.00000
    -84.795         0.00000     0.00000     0.00000     0.00000
    -84.645         0.00000     0.00000     0.00000     0.00000
    -84.495         0.00000     0.00000     0.00000     0.00000
    -84.345         0.00000     0.00000     0.00000     0.00000
    -84.195         0.00000     0.00000     0.00000     0.00000
    -84.045         0.00000     0.00000     0.00000     0.00000
    -83.895         0.00000     0.00000     0.00000     0.00000
    -83.745         0.00000     0.00000     0.00000     0.00000
    -83.595         0.00000     0.00000     0.00000     0.00000
    -83.445         0.00000     0.00000     0.00000     0.00000
    -83.295         0.00000     0.00000     0.00000     0.00000
    -83.145         0.00000     0.00000     0.00000     0.00000
    -82.995         0.00000     0.00000     0.00000     0.00000
    -82.845         0.00000     0.00000     0.00000     0.00000
    -82.695         0.00000     0.00000     0.00000     0.00000
    -82.545         0.00000     0.00000     0.00000     0.00000
    -82.395         0.00000     0.00000     0.00000     0.00000
    -82.245         0.00000     0.00000     0.00000     0.00000
    -82.095         0.00000     0.00000     0.00000     0.00000
    -81.945         0.00000     0.00000     0.00000     0.00000
    -81.795         0.00000     0.00000     0.00000     0.00000
    -81.645         0.00000     0.00000     0.00000     0.00000
    -81.495         0.00000     0.00000     0.00000     0.00000
    -81.345         0.00000     0.00000     0.00000     0.00000
    -81.195         0.00000     0.00000     0.00000     0.00000
    -81.045         0.00000     0.00000     0.00000     0.00000
    -80.895         0.00000     0.00000     0.00000     0.00000
    -80.745         0.00000     0.00000     0.00000     0.00000
    -80.595         0.00000     0.00000     0.00000     0.00000
    -80.445         0.00000     0.00000     0.00000     0.00000
    -80.295         0.00000     0.00000     0.00000     0.00000
    -80.145         0.00000     0.00000     0.00000     0.00000
    -79.995         0.00000     0.00000     0.00000     0.00000
    -79.845         0.00000     0.00000     0.00000     0.00000
    -79.695         0.00000     0.00000     0.00000     0.00000
    -79.545         0.00000     0.00000     0.00000     0.00000
    -79.395         0.00000     0.00000     0.00000     0.00000
    -79.245         0.00000     0.00000     0.00000     0.00000
    -79.095         0.00000     0.00000     0.00000     0.00000
    -78.945         0.00000     0.00000     0.00000     0.00000
    -78.795         0.00000     0.00000     0.00000     0.00000
    -78.645         0.00000     0.00000     0.00000     0.00000
    -78.495         0.00000     0.00000     0.00000     0.00000
    -78.345         0.00000     0.00000     0.00000     0.00000
    -78.195         0.00000     0.00000     0.00000     0.00000
    -78.045         0.00000     0.00000     0.00000     0.00000
    -77.895         0.00000     0.00000     0.00000     0.00000
    -77.745         0.00000     0.00000     0.00000     0.00000
    -77.595         0.00000     0.00000     0.00000     0.00000
    -77.445         0.00000     0.00000     0.00000     0.00000
    -77.295         0.00000     0.00000     0.00000     0.00000
    -77.145         0.00000     0.00000     0.00000     0.00000
    -76.995         0.00000     0.00000     0.00000     0.00000
    -76.845         0.00000     0.00000     0.00000     0.00000
    -76.695         0.00000     0.00000     0.00000     0.00000
    -76.545         0.00000     0.00000     0.00000     0.00000
    -76.395         0.00000     0.00000     0.00000     0.00000
    -76.245         0.00000     0.00000     0.00000     0.00000
    -76.095         0.00000     0.00000     0.00000     0.00000
    -75.945         0.00000     0.00000     0.00000     0.00000
    -75.795         0.00000     0.00000     0.00000     0.00000
    -75.645         0.00000     0.00000     0.00000     0.00000
    -75.495         0.00000     0.00000     0.00000     0.00000
    -75.345         0.00000     0.00000     0.00000     0.00000
    -75.195         0.00000     0.00000     0.00000     0.00000
    -75.045         0.00000     0.00000     0.00000     0.00000
    -74.895         0.00000     0.00000     0.00000     0.00000
    -74.745         0.00000     0.00000     0.00000     0.00000
    -74.595         0.00000     0.00000     0.00000     0.00000
    -74.445         0.00000     0.00000     0.00000     0.00000
    -74.295         0.00000     0.00000     0.00000     0.00000
    -74.145         0.00000     0.00000     0.00000     0.00000
    -73.995         0.00000     0.00000     0.00000     0.00000
    -73.845         0.00000     0.00000     0.00000     0.00000
    -73.695         0.00000     0.00000     0.00000     0.00000
    -73.545         0.00000     0.00000     0.00000     0.00000
    -73.395         0.00000     0.00000     0.00000     0.00000
    -73.245         0.00000     0.00000     0.00000     0.00000
    -73.095         0.00000     0.00000     0.00000     0.00000
    -72.945         0.00000     0.00000     0.00000     0.00000
    -72.795         0.00000     0.00000     0.00000     0.00000
    -72.645         0.00000     0.00000     0.00000     0.00000
    -72.495         0.00000     0.00000     0.00000     0.00000
    -72.345         0.00000     0.00000     0.00000     0.00000
    -72.195         0.00000     0.00000     0.00000     0.00000
    -72.045         0.00000     0.00000     0.00000     0.00000
    -71.895         0.00000     0.00000     0.00000     0.00000
    -71.745         0.00000     0.00000     0.00000     0.00000
    -71.595         0.00000     0.00000     0.00000     0.00000
    -71.445         0.00000     0.00000     0.00000     0.00000
    -71.295         0.00000     0.00000     0.00000     0.00000
    -71.145         0.00000     0.00000     0.00000     0.00000
    -70.995         0.00000     0.00000     0.00000     0.00000
    -70.845         0.00000     0.00000     0.00000     0.00000
    -70.695         0.00000     0.00000     0.00000     0.00000
    -70.545         0.00000     0.00000     0.00000     0.00000
    -70.395         0.00000     0.00000     0.00000     0.00000
    -70.245         0.00000     0.00000     0.00000     0.00000
    -70.095         0.00000     0.00000     0.00000     0.00000
    -69.945         0.00000     0.00000     0.00000     0.00000
    -69.795         0.00000     0.00000     0.00000     0.00000
    -69.645         0.00000     0.00000     0.00000     0.00000
    -69.495         0.00000     0.00000     0.00000     0.00000
    -69.345         0.00000     0.00000     0.00000     0.00000
    -69.195         0.00000     0.00000     0.00000     0.00000
    -69.045         0.00000     0.00000     0.00000     0.00000
    -68.895         0.00000     0.00000     0.00000     0.00000
    -68.745         0.00000     0.00000     0.00000     0.00000
    -68.595         0.00000     0.00000     0.00000     0.00000
    -68.445         0.00000     0.00000     0.00000     0.00000
    -68.295         0.00000     0.00000     0.00000     0.00000
    -68.145         0.00000     0.00000     0.00000     0.00000
    -67.995         0.00000     0.00000     0.00000     0.00000
    -67.845         0.00000     0.00000     0.00000     0.00000
    -67.695         0.00000     0.00000     0.00000     0.00000
    -67.545         0.00000     0.00000     0.00000     0.00000
    -67.395         0.00000     0.00000     0.00000     0.00000
    -67.245         0.00000     0.00000     0.00000     0.00000
    -67.095         0.00000     0.00000     0.00000     0.00000
    -66.945         0.00000     0.00000     0.00000     0.00000
    -66.795         0.00000     0.00000     0.00000     0.00000
    -66.645         0.00000     0.00000     0.00000     0.00000
    -66.495         0.00000     0.00000     0.00000     0.00000
    -66.345         0.00000     0.00000     0.00000     0.00000
    -66.195         0.00000     0.00000     0.00000     0.00000
    -66.045         0.00000     0.00000     0.00000     0.00000
    -65.895         0.00000     0.00000     0.00000     0.00000
    -65.745         0.00000     0.00000     0.00000     0.00000
    -65.595         0.00000     0.00000     0.00000     0.00000
    -65.445         0.00000     0.00000     0.00000     0.00000
    -65.295         0.00000     0.00000     0.00000     0.00000
    -65.145         0.00000     0.00000     0.00000     0.00000
    -64.995         0.00000     0.00000     0.00000     0.00000
    -64.845         0.00000     0.00000     0.00000     0.00000
    -64.695         0.00000     0.00000     0.00000     0.00000
    -64.545         0.00000     0.00000     0.00000     0.00000
    -64.395         0.00000     0.00000     0.00000     0.00000
    -64.245         0.00000     0.00000     0.00000     0.00000
    -64.095         0.00000     0.00000     0.00000     0.00000
    -63.945         0.00000     0.00000     0.00000     0.00000
    -63.795         0.00000     0.00000     0.00000     0.00000
    -63.645         0.00000     0.00000     0.00000     0.00000
    -63.495         0.00000     0.00000     0.00000     0.00000
    -63.345         0.00000     0.00000     0.00000     0.00000
    -63.195         0.00000     0.00000     0.00000     0.00000
    -63.045         0.00000     0.00000     0.00000     0.00000
    -62.895         0.00000     0.00000     0.00000     0.00000
    -62.745         0.00000     0.00000     0.00000     0.00000
    -62.595         0.00000     0.00000     0.00000     0.00000
    -62.445         0.00000     0.00000     0.00000     0.00000
    -62.295         0.00000     0.00000     0.00000     0.00000
    -62.145         0.00000     0.00000     0.00000     0.00000
    -61.995         0.00000     0.00000     0.00000     0.00000
    -61.845         0.00000     0.00000     0.00000     0.00000
    -61.695         0.00000     0.00000     0.00000     0.00000
    -61.545         0.00000     0.00000     0.00000     0.00000
    -61.395         0.00000     0.00000     0.00000     0.00000
    -61.245         0.00000     0.00000     0.00000     0.00000
    -61.095         0.00000     0.00000     0.00000     0.00000
    -60.945         0.00000     0.00000     0.00000     0.00000
    -60.795         0.00000     0.00000     0.00000     0.00000
    -60.645         0.00000     0.00000     0.00000     0.00000
    -60.495         0.00000     0.00000     0.00000     0.00000
    -60.345         0.00000     0.00000     0.00000     0.00000
    -60.195         0.00000     0.00000     0.00000     0.00000
    -60.045         0.00000     0.00000     0.00000     0.00000
    -59.895         0.00000     0.00000     0.00000     0.00000
    -59.745         0.00000     0.00000     0.00000     0.00000
    -59.595         0.00000     0.00000     0.00000     0.00000
    -59.445         0.00000     0.00000     0.00000     0.00000
    -59.295         0.00000     0.00000     0.00000     0.00000
    -59.145         0.00000     0.00000     0.00000     0.00000
    -58.995         0.00000     0.00000     0.00000     0.00000
    -58.845         0.00000     0.00000     0.00000     0.00000
    -58.695         0.00000     0.00000     0.00000     0.00000
    -58.545         0.00000     0.00000     0.00000     0.00000
    -58.395         0.00000     0.00000     0.00000     0.00000
    -58.245         0.00000     0.00000     0.00000     0.00000
    -58.095         0.00000     0.00000     0.00000     0.00000
    -57.945         0.00000     0.00000     0.00000     0.00000
    -57.795         0.00000     0.00000     0.00000     0.00000
    -57.645         0.00000     0.00000     0.00000     0.00000
    -57.495         0.00000     0.00000     0.00000     0.00000
    -57.345         0.00000     0.00000     0.00000     0.00000
    -57.195         0.00000     0.00000     0.00000     0.00000
    -57.045         0.00000     0.00000     0.00000     0.00000
    -56.895         0.00000     0.00000     0.00000     0.00000
    -56.745         0.00000     0.00000     0.00000     0.00000
    -56.595         0.00000     0.00000     0.00000     0.00000
    -56.445         0.00000     0.00000     0.00000     0.00000
    -56.295         0.00000     0.00000     0.00000     0.00000
    -56.145         0.00000     0.00000     0.00000     0.00000
    -55.995         0.00000     0.00000     0.00000     0.00000
    -55.845         0.00000     0.00000     0.00000     0.00000
    -55.695         0.00000     0.00000     0.00000     0.00000
    -55.545         0.00000     0.00000     0.00000     0.00000
    -55.395         0.00000     0.00000     0.00000     0.00000
    -55.245         0.00000     0.00000     0.00000     0.00000
    -55.095         0.00000     0.00000     0.00000     0.00000
    -54.945         0.00000     0.00000     0.00000     0.00000
    -54.795         0.00000     0.00000     0.00000     0.00000
    -54.645         0.00000     0.00000     0.00000     0.00000
    -54.495         0.00000     0.00000     0.00000     0.00000
    -54.345         0.00000     0.00000     0.00000     0.00000
    -54.195         0.00000     0.00000     0.00000     0.00000
    -54.045         0.00000     0.00000     0.00000     0.00000
    -53.895         0.00000     0.00000     0.00000     0.00000
    -53.745         0.00000     0.00000     0.00000     0.00000
    -53.595         0.00000     0.00000     0.00000     0.00000
    -53.445         0.00000     0.00000     0.00000     0.00000
    -53.295         0.00000     0.00000     0.00000     0.00000
    -53.145         0.00000     0.00000     0.00000     0.00000
    -52.995         0.00000     0.00000     0.00000     0.00000
    -52.845         0.00000     0.00000     0.00000     0.00000
    -52.695         0.00000     0.00000     0.00000     0.00000
    -52.545         0.00000     0.00000     0.00000     0.00000
    -52.395         0.00000     0.00000     0.00000     0.00000
    -52.245         0.00000     0.00000     0.00000     0.00000
    -52.095         0.00000     0.00000     0.00000     0.00000
    -51.945         0.00000     0.00000     0.00000     0.00000
    -51.795         0.00000     0.00000     0.00000     0.00000
    -51.645         0.00000     0.00000     0.00000     0.00000
    -51.495         0.00000     0.00000     0.00000     0.00000
    -51.345         0.00000     0.00000     0.00000     0.00000
    -51.195         0.00000     0.00000     0.00000     0.00000
    -51.045         0.00000     0.00000     0.00000     0.00000
    -50.895         0.00000     0.00000     0.00000     0.00000
    -50.745         0.00000     0.00000     0.00000     0.00000
    -50.595         0.00000     0.00000     0.00000     0.00000
    -50.445         0.00000     0.00000     0.00000     0.00000
    -50.295         0.00000     0.00000     0.00000     0.00000
    -50.145         0.00000     0.00000     0.00000     0.00000
    -49.995         0.00000     0.00000     0.00000     0.00000
    -49.845         0.00000     0.00000     0.00000     0.00000
    -49.695         0.00000     0.00000     0.00000     0.00000
    -49.545         0.00000     0.00000     0.00000     0.00000
    -49.395         0.00000     0.00000     0.00000     0.00000
    -49.245         0.00000     0.00000     0.00000     0.00000
    -49.095         0.00000     0.00000     0.00000     0.00000
    -48.945         0.00000     0.00000     0.00000     0.00000
    -48.795         0.00000     0.00000     0.00000     0.00000
    -48.645         0.00000     0.00000     0.00000     0.00000
    -48.495         0.00000     0.00000     0.00000     0.00000
    -48.345         0.00000     0.00000     0.00000     0.00000
    -48.195         0.00000     0.00000     0.00000     0.00000
    -48.045         0.00000     0.00000     0.00000     0.00000
    -47.895         0.00000     0.00000     0.00000     0.00000
    -47.745         0.00000     0.00000     0.00000     0.00000
    -47.595         0.00000     0.00000     0.00000     0.00000
    -47.445         0.00000     0.00000     0.00000     0.00000
    -47.295         0.00000     0.00000     0.00000     0.00000
    -47.145         0.00000     0.00000     0.00000     0.00000
    -46.995         0.00000     0.00000     0.00000     0.00000
    -46.845         0.00000     0.00000     0.00000     0.00000
    -46.695         0.00000     0.00000     0.00000     0.00000
    -46.545         0.00000     0.00000     0.00000     0.00000
    -46.395         0.00000     0.00000     0.00000     0.00000
    -46.245         0.00000     0.00000     0.00000     0.00000
    -46.095         0.00000     0.00000     0.00000     0.00000
    -45.945         0.00000     0.00000     0.00000     0.00000
    -45.795         0.00000     0.00000     0.00000     0.00000
    -45.645         0.00000     0.00000     0.00000     0.00000
    -45.495         0.00000     0.00000     0.00000     0.00000
    -45.345         0.00000     0.00000     0.00000     0.00000
    -45.195         0.00000     0.00000     0.00000     0.00000
    -45.045         0.00000     0.00000     0.00000     0.00000
    -44.895         0.00000     0.00000     0.00000     0.00000
    -44.745         0.00000     0.00000     0.00000     0.00000
    -44.595         0.00000     0.00000     0.00000     0.00000
    -44.445         0.00000     0.00000     0.00000     0.00000
    -44.295         0.00000     0.00000     0.00000     0.00000
    -44.145         0.00000     0.00000     0.00000     0.00000
    -43.995         0.00000     0.00000     0.00000     0.00000
    -43.845         0.00000     0.00000     0.00000     0.00000
    -43.695         0.00000     0.00000     0.00000     0.00000
    -43.545         0.00000     0.00000     0.00000     0.00000
    -43.395         0.00000     0.00000     0.00000     0.00000
    -43.245         0.00000     0.00000     0.00000     0.00000
    -43.095         0.00000     0.00000     0.00000     0.00000
    -42.945         0.00000     0.00000     0.00000     0.00000
    -42.795         0.00000     0.00000     0.00000     0.00000
    -42.645         0.00000     0.00000     0.00000     0.00000
    -42.495         0.00000     0.00000     0.00000     0.00000
    -42.345         0.00000     0.00000     0.00000     0.00000
    -42.195         0.00000     0.00000     0.00000     0.00000
    -42.045         0.00000     0.00000     0.00000     0.00000
    -41.895         0.00000     0.00000     0.00000     0.00000
    -41.745         0.00000     0.00000     0.00000     0.00000
    -41.595         0.00000     0.00000     0.00000     0.00000
    -41.445         0.00000     0.00000     0.00000     0.00000
    -41.295         0.00000     0.00000     0.00000     0.00000
    -41.145         0.00000     0.00000     0.00000     0.00000
    -40.995         0.00000     0.00000     0.00000     0.00000
    -40.845         0.00000     0.00000     0.00000     0.00000
    -40.695         0.00000     0.00000     0.00000     0.00000
    -40.545         0.00000     0.00000     0.00000     0.00000
    -40.395         0.00000     0.00000     0.00000     0.00000
    -40.245         0.00000     0.00000     0.00000     0.00000
    -40.095         0.00000     0.00000     0.00000     0.00000
    -39.945         0.00000     0.00000     0.00000     0.00000
    -39.795         0.00000     0.00000     0.00000     0.00000
    -39.645         0.00000     0.00000     0.00000     0.00000
    -39.495         0.00000     0.00000     0.00000     0.00000
    -39.345         0.00000     0.00000     0.00000     0.00000
    -39.195         0.00000     0.00000     0.00000     0.00000
    -39.045         0.00000     0.00000     0.00000     0.00000
    -38.895         0.00000     0.00000     0.00000     0.00000
    -38.745         0.00000     0.00000     0.00000     0.00000
    -38.595         0.00000     0.00000     0.00000     0.00000
    -38.445         0.00000     0.00000     0.00000     0.00000
    -38.295         0.00000     0.00000     0.00000     0.00000
    -38.145         0.00000     0.00000     0.00000     0.00000
    -37.995         0.00000     0.00000     0.00000     0.00000
    -37.845         0.00000     0.00000     0.00000     0.00000
    -37.695         0.00000     0.00000     0.00000     0.00000
    -37.545         0.00000     0.00000     0.00000     0.00000
    -37.395         0.00000     0.00000     0.00000     0.00000
    -37.245         0.00000     0.00000     0.00000     0.00000
    -37.095         0.00000     0.00000     0.00000     0.00000
    -36.945         0.00000     0.00000     0.00000     0.00000
    -36.795         0.00000     0.00000     0.00000     0.00000
    -36.645         0.00000     0.00000     0.00000     0.00000
    -36.495         0.00000     0.00000     0.00000     0.00000
    -36.345         0.00000     0.00000     0.00000     0.00000
    -36.195         0.00000     0.00000     0.00000     0.00000
    -36.045         0.00000     0.00000     0.00000     0.00000
    -35.895         0.00000     0.00000     0.00000     0.00000
    -35.745         0.00000     0.00000     0.00000     0.00000
    -35.595         0.00000     0.00000     0.00000     0.00000
    -35.445         0.00000     0.00000     0.00000     0.00000
    -35.295         0.00000     0.00000     0.00000     0.00000
    -35.145         0.00000     0.00000     0.00000     0.00000
    -34.995         0.00000     0.00000     0.00000     0.00000
    -34.845         0.00000     0.00000     0.00000     0.00000
    -34.695         0.00000     0.00000     0.00000     0.00000
    -34.545         0.00000     0.00000     0.00000     0.00000
    -34.395         0.00000     0.00000     0.00000     0.00000
    -34.245         0.00000     0.00000     0.00000     0.00000
    -34.095         0.00000     0.00000     0.00000     0.00000
    -33.945         0.00000     0.00000     0.00000     0.00000
    -33.795         0.00000     0.00000     0.00000     0.00000
    -33.645         0.00000     0.00000     0.00000     0.00000
    -33.495         0.00000     0.00000     0.00000     0.00000
    -33.345         0.00000     0.00000     0.00000     0.00000
    -33.195         0.00000     0.00000     0.00000     0.00000
    -33.045         0.00000     0.00000     0.00000     0.00000
    -32.895         0.00000     0.00000     0.00000     0.00000
    -32.745         0.00000     0.00000     0.00000     0.00000
    -32.595         0.00000     0.00000     0.00000     0.00000
    -32.445         0.00000     0.00000     0.00000     0.00000
    -32.295         0.00000     0.00000     0.00000     0.00000
    -32.145         0.00000     0.00000     0.00000     0.00000
    -31.995         0.00000     0.00000     0.00000     0.00000
    -31.845         0.00000     0.00000     0.00000     0.00000
    -31.695         0.00000     0.00000     0.00000     0.00000
    -31.545         0.00000     0.00000     0.00000     0.00000
    -31.395         0.00000     0.00000     0.00000     0.00000
    -31.245         0.00000     0.00000     0.00000     0.00000
    -31.095         0.00000     0.00000     0.00000     0.00000
    -30.945         0.00000     0.00000     0.00000     0.00000
    -30.795         0.00000     0.00000     0.00000     0.00000
    -30.645         0.00000     0.00000     0.00000     0.00000
    -30.495         0.00000     0.00000     0.00000     0.00000
    -30.345         0.00000     0.00000     0.00000     0.00000
    -30.195         0.00000     0.00000     0.00000     0.00000
    -30.045         0.00000     0.00000     0.00000     0.00000
    -29.895         0.00000     0.00000     0.00000     0.00000
    -29.745         0.00000     0.00000     0.00000     0.00000
    -29.595         0.00000     0.00000     0.00000     0.00000
    -29.445         0.00000     0.00000     0.00000     0.00000
    -29.295         0.00000     0.00000     0.00000     0.00000
    -29.145         0.00000     0.00000     0.00000     0.00000
    -28.995         0.00000     0.00000     0.00000     0.00000
    -28.845         0.00000     0.00000     0.00000     0.00000
    -28.695         0.00000     0.00000     0.00000     0.00000
    -28.545         0.00000     0.00000     0.00000     0.00000
    -28.395         0.00000     0.00000     0.00000     0.00000
    -28.245         0.00000     0.00000     0.00000     0.00000
    -28.095         0.00000     0.00000     0.00000     0.00000
    -27.945         0.00000     0.00000     0.00000     0.00000
    -27.795         0.00000     0.00000     0.00000     0.00000
    -27.645         0.00000     0.00000     0.00000     0.00000
    -27.495         0.00000     0.00000     0.00000     0.00000
    -27.345         0.00000     0.00000     0.00000     0.00000
    -27.195         0.00000     0.00000     0.00000     0.00000
    -27.045         0.00000     0.00000     0.00000     0.00000
    -26.895         0.00000     0.00000     0.00000     0.00000
    -26.745         0.00000     0.00000     0.00000     0.00000
    -26.595         0.00000     0.00000     0.00000     0.00000
    -26.445         0.00000     0.00000     0.00000     0.00000
    -26.295         0.00000     0.00000     0.00000     0.00000
    -26.145         0.00000     0.00000     0.00000     0.00000
    -25.995         0.00000     0.00000     0.00000     0.00000
    -25.845         0.00000     0.00000     0.00000     0.00000
    -25.695         0.00000     0.00000     0.00000     0.00000
    -25.545         0.00000     0.00000     0.00000     0.00000
    -25.395         0.00000     0.00000     0.00000     0.00000
    -25.245         0.00000     0.00000     0.00000     0.00000
    -25.095         0.00000     0.00000     0.00000     0.00000
    -24.945         0.00000     0.00000     0.00000     0.00000
    -24.795         0.00000     0.00000     0.00000     0.00000
    -24.645         0.00000     0.00000     0.00000     0.00000
    -24.495         0.00000     0.00000     0.00000     0.00000
    -24.345         0.00000     0.00000     0.00000     0.00000
    -24.195         0.00000     0.00000     0.00000     0.00000
    -24.045         0.00000     0.00000     0.00000     0.00000
    -23.895         0.00000     0.00000     0.00000     0.00000
    -23.745         0.00000     0.00000     0.00000     0.00000
    -23.595         0.00000     0.00000     0.00000     0.00000
    -23.445         0.00000     0.00000     0.00000     0.00000
    -23.295         0.00000     0.00000     0.00000     0.00000
    -23.145         0.00000     0.00000     0.00000     0.00000
    -22.995         0.00000     0.00000     0.00000     0.00000
    -22.845         0.00000     0.00000     0.00000     0.00000
    -22.695         0.00000     0.00000     0.00000     0.00000
    -22.545         0.00000     0.00000     0.00000     0.00000
    -22.395         0.00000     0.00000     0.00000     0.00000
    -22.245         0.00000     0.00000     0.00000     0.00000
    -22.095         0.00000     0.00000     0.00000     0.00000
    -21.945         0.00000     0.00000     0.00000     0.00000
    -21.795         0.00000     0.00000     0.00000     0.00000
    -21.645         0.00000     0.00000     0.00000     0.00000
    -21.495         0.00000     0.00000     0.00000     0.00000
    -21.345         0.00000     0.00000     0.00000     0.00000
    -21.195         0.00000     0.00000     0.00000     0.00000
    -21.045         0.00000     0.00000     0.00000     0.00000
    -20.895         0.00000     0.00000     0.00000     0.00000
    -20.745        -0.00000     0.00000    -0.00000     0.00000
    -20.595        -0.00000     0.00000    -0.00000     0.00000
    -20.445        -0.00000     0.00000    -0.00000     0.00000
    -20.295        -0.00000     0.00000    -0.00000     0.00000
    -20.145        -0.00000     0.00000    -0.00000     0.00000
    -19.995        -0.00000     0.00000    -0.00000     0.00000
    -19.845        -0.00000     0.00000    -0.00000     0.00000
    -19.695        -0.00001     0.00000    -0.00001     0.00000
    -19.545        -0.00001     0.00000    -0.00001     0.00000
    -19.395        -0.00001     0.00000    -0.00001     0.00000
    -19.245        -0.00001     0.00000    -0.00001     0.00000
    -19.095        -0.00001     0.00000    -0.00001     0.00000
    -18.945        -0.00002     0.00000    -0.00002     0.00000
    -18.795        -0.00002     0.00000    -0.00002     0.00000
    -18.645        -0.00002     0.00000    -0.00002     0.00000
    -18.495        -0.00003     0.00000    -0.00003     0.00000
    -18.345        -0.00004     0.00000    -0.00004     0.00000
    -18.195        -0.00004     0.00000    -0.00004     0.00000
    -18.045        -0.00005     0.00000    -0.00005     0.00000
    -17.895        -0.00005     0.00000    -0.00005     0.00000
    -17.745        -0.00006     0.00000    -0.00006     0.00000
    -17.595        -0.00006     0.00000    -0.00006     0.00000
    -17.445        -0.00007     0.00000    -0.00007     0.00000
    -17.295        -0.00008     0.00000    -0.00008     0.00000
    -17.145        -0.00009     0.00000    -0.00009     0.00000
    -16.995        -0.00010     0.00000    -0.00010     0.00000
    -16.845        -0.00011     0.00000    -0.00011     0.00000
    -16.695        -0.00012    -0.00000    -0.00012     0.00000
    -16.545        -0.00013    -0.00000    -0.00013     0.00000
    -16.395        -0.00014     0.00000    -0.00014     0.00000
    -16.245        -0.00015    -0.00000    -0.00015     0.00000
    -16.095        -0.00016    -0.00000    -0.00016     0.00000
    -15.945        -0.00018    -0.00000    -0.00018     0.00000
    -15.795        -0.00019    -0.00000    -0.00019     0.00000
    -15.645        -0.00020    -0.00000    -0.00020     0.00000
    -15.495        -0.00022    -0.00001    -0.00021     0.00000
    -15.345        -0.00024    -0.00001    -0.00023     0.00000
    -15.195        -0.00026    -0.00002    -0.00024     0.00000
    -15.045        -0.00028    -0.00003    -0.00026     0.00000
    -14.895        -0.00031    -0.00004    -0.00027     0.00000
    -14.745        -0.00033    -0.00004    -0.00029     0.00000
    -14.595        -0.00036    -0.00006    -0.00030     0.00000
    -14.445        -0.00039    -0.00007    -0.00032     0.00000
    -14.295        -0.00043    -0.00009    -0.00034     0.00000
    -14.145        -0.00047    -0.00011    -0.00035     0.00000
    -13.995        -0.00050    -0.00013    -0.00037     0.00000
    -13.845        -0.00055    -0.00015    -0.00039     0.00000
    -13.695        -0.00059    -0.00018    -0.00041     0.00000
    -13.545        -0.00063    -0.00020    -0.00043     0.00000
    -13.395        -0.00067    -0.00022    -0.00045     0.00000
    -13.245        -0.00072    -0.00025    -0.00047     0.00000
    -13.095        -0.00077    -0.00028    -0.00050     0.00000
    -12.945        -0.00084    -0.00031    -0.00052     0.00000
    -12.795        -0.00090    -0.00035    -0.00055     0.00000
    -12.645        -0.00094    -0.00037    -0.00057     0.00000
    -12.495        -0.00100    -0.00041    -0.00059     0.00000
    -12.345        -0.00106    -0.00045    -0.00061     0.00000
    -12.195        -0.00112    -0.00048    -0.00064     0.00000
    -12.045        -0.00119    -0.00052    -0.00067     0.00000
    -11.895        -0.00125    -0.00055    -0.00070     0.00000
    -11.745        -0.00132    -0.00059    -0.00073     0.00000
    -11.595        -0.00138    -0.00063    -0.00075     0.00000
    -11.445        -0.00145    -0.00067    -0.00078     0.00000
    -11.295        -0.00152    -0.00071    -0.00081     0.00000
    -11.145        -0.00160    -0.00076    -0.00084     0.00000
    -10.995        -0.00167    -0.00079    -0.00088     0.00000
    -10.845        -0.00175    -0.00084    -0.00091     0.00000
    -10.695        -0.00182    -0.00088    -0.00094     0.00000
    -10.545        -0.00191    -0.00094    -0.00097     0.00000
    -10.395        -0.00198    -0.00098    -0.00100     0.00000
    -10.245        -0.00207    -0.00103    -0.00104     0.00000
    -10.095        -0.00216    -0.00109    -0.00108     0.00000
    -9.9450        -0.00225    -0.00114    -0.00111     0.00000
    -9.7950        -0.00233    -0.00119    -0.00114     0.00000
    -9.6450        -0.00243    -0.00125    -0.00118     0.00000
    -9.4950        -0.00252    -0.00130    -0.00122     0.00000
    -9.3450        -0.00260    -0.00134    -0.00126     0.00000
    -9.1950        -0.00271    -0.00140    -0.00130     0.00000
    -9.0450        -0.00280    -0.00145    -0.00135     0.00000
    -8.8950        -0.00289    -0.00151    -0.00138     0.00000
    -8.7450        -0.00300    -0.00158    -0.00142     0.00000
    -8.5950        -0.00309    -0.00163    -0.00146     0.00000
    -8.4450        -0.00318    -0.00167    -0.00151     0.00000
    -8.2950        -0.00328    -0.00173    -0.00155     0.00000
    -8.1450        -0.00337    -0.00178    -0.00159     0.00000
    -7.9950        -0.00346    -0.00184    -0.00162     0.00000
    -7.8450        -0.00354    -0.00189    -0.00166     0.00000
    -7.6950        -0.00536    -0.00367    -0.00169     0.00000
    -7.5450        -0.00717    -0.00545    -0.00172     0.00000
    -7.3950        -0.00722    -0.00548    -0.00174     0.00000
    -7.2450        -0.00900    -0.00725    -0.00175     0.00000
    -7.0950        -0.01045    -0.00728    -0.00317     0.00000
    -6.9450        -0.01042    -0.00726    -0.00316    -0.00000
    -6.7950        -0.01150    -0.00724    -0.00315    -0.00111
    -6.6450        -0.02018    -0.00897    -0.00313    -0.00808
    -6.4950        -0.03308    -0.00893    -0.00308    -0.02106
    -6.3450        -0.06282    -0.01061    -0.00584    -0.04636
    -6.1950        -0.10215    -0.01051    -0.00576    -0.08589
    -6.0450        -0.16830    -0.01211    -0.00807    -0.14812
    -5.8950        -0.25327    -0.01368    -0.00793    -0.23165
    -5.7450        -0.37723    -0.01777    -0.00937    -0.35008
    -5.5950        -0.53228    -0.02240    -0.01174    -0.49814
    -5.4450        -0.71214    -0.02497    -0.01313    -0.67404
    -5.2950        -0.91480    -0.02838    -0.01551    -0.87090
    -5.1450        -1.14926    -0.03354    -0.01864    -1.09708
    -4.9950        -1.37910    -0.03821    -0.02367    -1.31723
    -4.8450        -1.62015    -0.04287    -0.02595    -1.55133
    -4.6950        -1.86048    -0.04968    -0.03033    -1.78047
    -4.5450        -2.09900    -0.05620    -0.03527    -2.00754
    -4.3950        -2.31958    -0.06076    -0.03907    -2.21974
    -4.2450        -2.55139    -0.06693    -0.04742    -2.43704
    -4.0950        -2.76679    -0.07433    -0.05549    -2.63698
    -3.9450        -2.98254    -0.08047    -0.06278    -2.83929
    -3.7950        -3.17651    -0.08831    -0.06931    -3.01889
    -3.6450        -3.37616    -0.09575    -0.07747    -3.20294
    -3.4950        -3.56956    -0.10533    -0.08890    -3.37533
    -3.3450        -3.76122    -0.11530    -0.10075    -3.54517
    -3.1950        -3.94763    -0.12352    -0.11210    -3.71201
    -3.0450        -4.13763    -0.13449    -0.12653    -3.87661
    -2.8950        -4.32693    -0.14579    -0.14290    -4.03824
    -2.7450        -4.51241    -0.16100    -0.15677    -4.19464
    -2.5950        -4.71173    -0.17760    -0.17359    -4.36054
    -2.4450        -4.92552    -0.19537    -0.19292    -4.53723
    -2.2950        -5.15419    -0.21342    -0.21382    -4.72695
    -2.1450        -5.39095    -0.23406    -0.23544    -4.92145
    -1.9950        -5.65590    -0.25778    -0.25867    -5.13945
    -1.8450        -5.95176    -0.28386    -0.28481    -5.38309
    -1.6950        -6.30447    -0.31361    -0.31556    -5.67530
    -1.5450        -6.72086    -0.34888    -0.34650    -6.02548
    -1.3950        -7.23635    -0.38996    -0.38190    -6.46448
    -1.2450        -7.87146    -0.43893    -0.41713    -7.01540
    -1.0950        -8.65330    -0.49926    -0.45596    -7.69807
   -0.94500        -9.60625    -0.57689    -0.50599    -8.52338
   -0.79500       -10.79905    -0.67656    -0.57785    -9.54464
   -0.64500       -12.28108    -0.81625    -0.68016   -10.78467
   -0.49500       -14.12840    -1.02216    -0.85485   -12.25139
   -0.34500       -16.75313    -1.36940    -1.19304   -14.19069
   -0.22700       -17.94403    -1.54243    -1.36391   -15.03770
   -0.21300       -18.10169    -1.56568    -1.38744   -15.14856
   -0.20700       -18.26426    -1.58984    -1.41136   -15.26307
   -0.20100       -18.43176    -1.61494    -1.43708   -15.37973
   -0.19500       -18.60284    -1.64088    -1.46281   -15.49915
   -0.18900       -18.78056    -1.66774    -1.48947   -15.62335
   -0.18300       -18.96223    -1.69533    -1.51674   -15.75016
   -0.17700       -19.15054    -1.72381    -1.54547   -15.88126
   -0.17100       -19.34502    -1.75322    -1.57587   -16.01593
   -0.16500       -19.54689    -1.78410    -1.60695   -16.15584
   -0.15900       -19.75462    -1.81594    -1.63913   -16.29955
   -0.15300       -19.97080    -1.84878    -1.67334   -16.44867
   -0.14700       -20.19554    -1.88326    -1.70854   -16.60374
   -0.14100       -20.42858    -1.91900    -1.74542   -16.76416
   -0.13500       -20.67123    -1.95638    -1.78385   -16.93100
   -0.12900       -20.92505    -1.99516    -1.82452   -17.10537
   -0.12300       -21.19015    -2.03489    -1.86780   -17.28747
   -0.11700       -21.46638    -2.07769    -1.91209   -17.47660
   -0.11100       -21.75774    -2.12196    -1.95945   -17.67632
   -0.10500       -22.06260    -2.16768    -2.00899   -17.88593
   -0.99000E-01   -22.38507    -2.21628    -2.06215   -18.10664
   -0.93000E-01   -22.72494    -2.26697    -2.11831   -18.33966
   -0.87000E-01   -23.08635    -2.32049    -2.17762   -18.58824
   -0.81000E-01   -23.46984    -2.37640    -2.24028   -18.85316
   -0.75000E-01   -23.87920    -2.43481    -2.30743   -19.13696
   -0.69000E-01   -24.32077    -2.49673    -2.38055   -19.44349
   -0.63000E-01   -24.79990    -2.56259    -2.45995   -19.77736
   -0.57000E-01   -25.32793    -2.63413    -2.54875   -20.14504
   -0.51000E-01   -25.91469    -2.71440    -2.64789   -20.55240
   -0.45000E-01   -26.57050    -2.80347    -2.75444   -21.01260
   -0.39000E-01   -27.30202    -2.89687    -2.86205   -21.54310
   -0.33000E-01   -28.12856    -2.99006    -2.96894   -22.16955
   -0.27000E-01   -29.08855    -3.07916    -3.07164   -22.93774
   -0.21300E-01   -29.84964    -3.13498    -3.13478   -23.57989
   -0.19500E-01   -29.97089    -3.14267    -3.14334   -23.68488
   -0.18900E-01   -30.09517    -3.15025    -3.15168   -23.79324
   -0.18300E-01   -30.22277    -3.15782    -3.15978   -23.90517
   -0.17700E-01   -30.35369    -3.16516    -3.16780   -24.02073
   -0.17100E-01   -30.48782    -3.17225    -3.17542   -24.14015
   -0.16500E-01   -30.62686    -3.17920    -3.18289   -24.26477
   -0.15900E-01   -30.76972    -3.18601    -3.19007   -24.39364
   -0.15300E-01   -30.91724    -3.19263    -3.19705   -24.52756
   -0.14700E-01   -31.06959    -3.19898    -3.20362   -24.66699
   -0.14100E-01   -31.22753    -3.20507    -3.21010   -24.81236
   -0.13500E-01   -31.39192    -3.21108    -3.21634   -24.96450
   -0.12900E-01   -31.56309    -3.21678    -3.22235   -25.12396
   -0.12300E-01   -31.74175    -3.22227    -3.22810   -25.29138
   -0.11700E-01   -31.92876    -3.22751    -3.23354   -25.46770
   -0.11100E-01   -32.12504    -3.23253    -3.23873   -25.65378
   -0.10500E-01   -32.33140    -3.23725    -3.24366   -25.85049
   -0.99000E-02   -32.54986    -3.24177    -3.24827   -26.05982
   -0.93000E-02   -32.78173    -3.24596    -3.25262   -26.28314
   -0.87000E-02   -33.02963    -3.24993    -3.25673   -26.52297
   -0.81000E-02   -33.29645    -3.25363    -3.26050   -26.78232
   -0.75000E-02   -33.58662    -3.25708    -3.26406   -27.06548
   -0.69000E-02   -33.90564    -3.26028    -3.26735   -27.37801
   -0.63000E-02   -34.25883    -3.26322    -3.27034   -27.72527
   -0.57000E-02   -34.65299    -3.26589    -3.27306   -28.11405
   -0.51000E-02   -35.09554    -3.26829    -3.27546   -28.55179
   -0.45000E-02   -35.59449    -3.27039    -3.27757   -29.04653
   -0.39000E-02   -36.15913    -3.27221    -3.27940   -29.60752
   -0.33000E-02   -36.79943    -3.27377    -3.28096   -30.24470
   -0.27000E-02   -37.52945    -3.27503    -3.28226   -30.97216
   -0.21000E-02   -38.37138    -3.27602    -3.28326   -31.81209
   -0.15000E-02   -39.36153    -3.27673    -3.28397   -32.80083
   -0.90000E-03   -40.34826    -3.27716    -3.28440   -33.78670
   -0.30000E-03   -40.76798    -3.27730    -3.28454   -34.20614
    0.30000E-03   -40.34923    -3.27716    -3.28440   -33.78767
    0.90000E-03   -39.36215    -3.27673    -3.28397   -32.80144
    0.15000E-02   -38.37129    -3.27602    -3.28325   -31.81202
    0.21000E-02   -37.52860    -3.27502    -3.28226   -30.97133
    0.27000E-02   -36.79781    -3.27373    -3.28100   -30.24308
    0.33000E-02   -36.15705    -3.27218    -3.27945   -29.60542
    0.39000E-02   -35.59254    -3.27030    -3.27763   -29.04460
    0.45000E-02   -35.09347    -3.26815    -3.27553   -28.54979
    0.51000E-02   -34.65138    -3.26570    -3.27314   -28.11254
    0.57000E-02   -34.25724    -3.26297    -3.27052   -27.72374
    0.63000E-02   -33.90371    -3.26000    -3.26759   -27.37612
    0.69000E-02   -33.58510    -3.25673    -3.26440   -27.06397
    0.75000E-02   -33.29448    -3.25316    -3.26099   -26.78034
    0.81000E-02   -33.02754    -3.24933    -3.25733   -26.52089
    0.87000E-02   -32.77934    -3.24524    -3.25335   -26.28074
    0.93000E-02   -32.54730    -3.24083    -3.24909   -26.05738
    0.99000E-02   -32.32910    -3.23621    -3.24463   -25.84826
    0.10500E-01   -32.12306    -3.23132    -3.23992   -25.65182
    0.11100E-01   -31.92720    -3.22613    -3.23497   -25.46610
    0.11700E-01   -31.74106    -3.22072    -3.22979   -25.29055
    0.12300E-01   -31.56274    -3.21501    -3.22430   -25.12343
    0.12900E-01   -31.39238    -3.20902    -3.21862   -24.96474
    0.13500E-01   -31.22854    -3.20288    -3.21260   -24.81306
    0.14100E-01   -31.07062    -3.19651    -3.20644   -24.66767
    0.14700E-01   -30.91823    -3.18975    -3.20008   -24.52840
    0.15300E-01   -30.77072    -3.18273    -3.19347   -24.39452
    0.15900E-01   -30.62827    -3.17557    -3.18669   -24.26601
    0.16500E-01   -30.48980    -3.16811    -3.17970   -24.14199
    0.17100E-01   -30.35556    -3.16053    -3.17250   -24.02253
    0.17700E-01   -30.22516    -3.15270    -3.16509   -23.90736
    0.18300E-01   -30.09797    -3.14472    -3.15753   -23.79572
    0.18900E-01   -29.97423    -3.13641    -3.14987   -23.68794
    0.19500E-01   -29.85339    -3.12789    -3.14215   -23.58334
    0.21300E-01   -29.09460    -3.06512    -3.08563   -22.94386
    0.27000E-01   -28.14110    -2.96348    -2.99643   -22.18119
    0.33000E-01   -27.32057    -2.85643    -2.90282   -21.56132
    0.39000E-01   -26.59525    -2.74746    -2.80911   -21.03868
    0.45000E-01   -25.94971    -2.64203    -2.72029   -20.58739
    0.51000E-01   -25.37422    -2.54405    -2.63928   -20.19089
    0.57000E-01   -24.86159    -2.45713    -2.56605   -19.83841
    0.63000E-01   -24.40294    -2.38064    -2.49892   -19.52338
    0.69000E-01   -23.98426    -2.31100    -2.43599   -19.23726
    0.75000E-01   -23.60019    -2.24656    -2.37635   -18.97727
    0.81000E-01   -23.24407    -2.18650    -2.31970   -18.73787
    0.87000E-01   -22.91201    -2.12925    -2.26526   -18.51750
    0.93000E-01   -22.60226    -2.07579    -2.21393   -18.31255
    0.99000E-01   -22.30826    -2.02404    -2.16427   -18.11994
    0.10500       -22.03195    -1.97456    -2.11695   -17.94044
    0.11100       -21.77114    -1.92793    -2.07202   -17.77119
    0.11700       -21.52550    -1.88353    -2.02927   -17.61270
    0.12300       -21.28966    -1.84010    -1.98861   -17.46096
    0.12900       -21.06709    -1.79866    -1.94988   -17.31854
    0.13500       -20.85458    -1.75918    -1.91208   -17.18332
    0.14100       -20.65361    -1.72237    -1.87625   -17.05500
    0.14700       -20.46158    -1.68657    -1.84166   -16.93335
    0.15300       -20.27696    -1.65206    -1.80860   -16.81630
    0.15900       -20.10281    -1.61945    -1.77714   -16.70622
    0.16500       -19.93471    -1.58771    -1.74646   -16.60055
    0.17100       -19.77400    -1.55735    -1.71762   -16.49904
    0.17700       -19.61887    -1.52793    -1.68928   -16.40166
    0.18300       -19.47032    -1.49924    -1.66208   -16.30901
    0.18900       -19.32799    -1.47191    -1.63602   -16.22007
    0.19500       -19.19059    -1.44595    -1.61045   -16.13419
    0.20100       -19.05874    -1.42015    -1.58559   -16.05300
    0.20700       -18.93201    -1.39611    -1.56231   -15.97359
    0.21300       -18.80996    -1.37303    -1.53977   -15.89717
    0.22700       -17.91578    -1.19543    -1.37520   -15.34516
    0.34500       -16.17229    -0.84793    -1.05755   -14.26681
    0.49500       -15.13728    -0.63956    -0.88605   -13.61167
    0.64500       -14.39811    -0.49457    -0.77883   -13.12471
    0.79500       -13.82002    -0.38433    -0.70413   -12.73156
    0.94500       -13.35032    -0.29977    -0.64700   -12.40355
     1.0950       -12.96468    -0.23599    -0.60327   -12.12543
     1.2450       -12.63868    -0.18368    -0.56681   -11.88819
     1.3950       -12.35869    -0.13987    -0.53461   -11.68421
     1.5450       -12.12085    -0.10454    -0.50788   -11.50844
     1.6950       -11.90976    -0.07431    -0.48412   -11.35133
     1.8450       -11.71777    -0.04701    -0.46212   -11.20863
     1.9950       -11.54292    -0.02563    -0.43935   -11.07794
     2.1450       -11.38612    -0.00569    -0.42046   -10.95997
     2.2950       -11.25196     0.01165    -0.40383   -10.85978
     2.4450       -11.12763     0.02569    -0.38717   -10.76615
     2.5950       -11.01780     0.03707    -0.37439   -10.68049
     2.7450       -10.91335     0.04207    -0.35621   -10.59921
     2.8950       -10.81693     0.04974    -0.34368   -10.52299
     3.0450       -10.73646     0.05526    -0.33184   -10.45988
     3.1950       -10.65868     0.05957    -0.32239   -10.39586
     3.3450       -10.58888     0.06315    -0.31498   -10.33705
     3.4950       -10.52866     0.06676    -0.31086   -10.28456
     3.6450       -10.48020     0.06818    -0.30758   -10.24079
     3.7950       -10.42774     0.07013    -0.30429   -10.19358
     3.9450       -10.38077     0.07296    -0.30193   -10.15180
     4.0950       -10.33635     0.07483    -0.29774   -10.11344
     4.2450       -10.29728     0.07675    -0.29547   -10.07856
     4.3950       -10.25731     0.07863    -0.29119   -10.04475
     4.5450       -10.21910     0.07946    -0.28892   -10.00964
     4.6950       -10.18135     0.08136    -0.28369    -9.97902
     4.8450       -10.14515     0.08214    -0.27929    -9.94801
     4.9950       -10.11495     0.08286    -0.27820    -9.91961
     5.1450       -10.08405     0.08356    -0.27592    -9.89169
     5.2950       -10.05144     0.08550    -0.27242    -9.86452
     5.4450       -10.02408     0.08609    -0.27149    -9.83868
     5.5950        -9.99755     0.08664    -0.27060    -9.81359
     5.7450        -9.97105     0.08717    -0.26976    -9.78846
     5.8950        -9.94608     0.08767    -0.26897    -9.76478
     6.0450        -9.92018     0.08816    -0.26666    -9.74168
     6.1950        -9.89658     0.08860    -0.26594    -9.71924
     6.3450        -9.87358     0.08904    -0.26527    -9.69735
     6.4950        -9.85010     0.08945    -0.26464    -9.67490
     6.6450        -9.82653     0.08984    -0.26227    -9.65410
     6.7950        -9.80526     0.09020    -0.26170    -9.63376
     6.9450        -9.78320     0.09056    -0.26119    -9.61258
     7.0950        -9.76296     0.09089    -0.26070    -9.59315
     7.2450        -9.74329     0.09119    -0.26024    -9.57425
     7.3950        -9.72408     0.09149    -0.25981    -9.55576
     7.5450        -9.70525     0.09178    -0.25940    -9.53763
     7.6950        -9.68681     0.09207    -0.25901    -9.51988
     7.8450        -9.66883     0.09234    -0.25865    -9.50252
     7.9950        -9.65123     0.09259    -0.25829    -9.48553
     8.1450        -9.63399     0.09284    -0.25797    -9.46885
     8.2950        -9.61711     0.09308    -0.25766    -9.45253
     8.4450        -9.60049     0.09330    -0.25737    -9.43642
     8.5950        -9.58423     0.09353    -0.25710    -9.42066
     8.7450        -9.56831     0.09373    -0.25683    -9.40520
     8.8950        -9.55261     0.09394    -0.25657    -9.38998
     9.0450        -9.53722     0.09414    -0.25634    -9.37503
     9.1950        -9.52212     0.09433    -0.25611    -9.36035
     9.3450        -9.50735     0.09452    -0.25589    -9.34598
     9.4950        -9.49282     0.09470    -0.25567    -9.33185
     9.6450        -9.47856     0.09488    -0.25547    -9.31796
     9.7950        -9.46450     0.09506    -0.25527    -9.30429
     9.9450        -9.45070     0.09522    -0.25508    -9.29084
     10.095        -9.43713     0.09539    -0.25490    -9.27762
     10.245        -9.42385     0.09553    -0.25474    -9.26465
     10.395        -9.41070     0.09568    -0.25457    -9.25182
     10.545        -9.39767     0.09583    -0.25440    -9.23910
     10.695        -9.38486     0.09597    -0.25424    -9.22659
     10.845        -9.37228     0.09612    -0.25409    -9.21431
     10.995        -9.35993     0.09626    -0.25394    -9.20225
     11.145        -9.34774     0.09640    -0.25380    -9.19033
     11.295        -9.33575     0.09652    -0.25367    -9.17860
     11.445        -9.32388     0.09666    -0.25354    -9.16701
     11.595        -9.31219     0.09679    -0.25341    -9.15557
     11.745        -9.30065     0.09690    -0.25328    -9.14428
     11.895        -9.28926     0.09703    -0.25315    -9.13314
     12.045        -9.27805     0.09715    -0.25303    -9.12216
     12.195        -9.26700     0.09725    -0.25291    -9.11134
     12.345        -9.25607     0.09736    -0.25280    -9.10063
     12.495        -9.24532     0.09747    -0.25269    -9.09010
     12.645        -9.23470     0.09759    -0.25260    -9.07969
     12.795        -9.22423     0.09769    -0.25250    -9.06942
     12.945        -9.21388     0.09780    -0.25241    -9.05926
     13.095        -9.20363     0.09789    -0.25231    -9.04921
     13.245        -9.19349     0.09799    -0.25221    -9.03927
     13.395        -9.18350     0.09809    -0.25212    -9.02947
     13.545        -9.17366     0.09819    -0.25202    -9.01983
     13.695        -9.16392     0.09828    -0.25193    -9.01027
     13.845        -9.15429     0.09837    -0.25185    -9.00081
     13.995        -9.14476     0.09847    -0.25177    -8.99146
     14.145        -9.13532     0.09856    -0.25169    -8.98219
     14.295        -9.12604     0.09865    -0.25161    -8.97308
     14.445        -9.11684     0.09874    -0.25153    -8.96404
     14.595        -9.10775     0.09882    -0.25147    -8.95510
     14.745        -9.09878     0.09890    -0.25140    -8.94629
     14.895        -9.08990     0.09899    -0.25132    -8.93757
     15.045        -9.08109     0.09907    -0.25126    -8.92891
     15.195        -9.07239     0.09915    -0.25119    -8.92035
     15.345        -9.06378     0.09922    -0.25111    -8.91189
     15.495        -9.05528     0.09930    -0.25105    -8.90353
     15.645        -9.04684     0.09938    -0.25099    -8.89523
     15.795        -9.03851     0.09945    -0.25092    -8.88704
     15.945        -9.03027     0.09953    -0.25086    -8.87894
     16.095        -9.02207     0.09960    -0.25079    -8.87088
     16.245        -9.01398     0.09967    -0.25073    -8.86293
     16.395        -9.00594     0.09974    -0.25067    -8.85500
     16.545        -8.99797     0.09981    -0.25062    -8.84717
     16.695        -8.99012     0.09989    -0.25056    -8.83945
     16.845        -8.98231     0.09996    -0.25050    -8.83176
     16.995        -8.97458     0.10002    -0.25045    -8.82415
     17.145        -8.96693     0.10010    -0.25040    -8.81662
     17.295        -8.95937     0.10017    -0.25035    -8.80918
     17.445        -8.95186     0.10023    -0.25030    -8.80179
     17.595        -8.94442     0.10030    -0.25025    -8.79446
     17.745        -8.93708     0.10036    -0.25020    -8.78724
     17.895        -8.92976     0.10043    -0.25015    -8.78003
     18.045        -8.92253     0.10049    -0.25010    -8.77292
     18.195        -8.91536     0.10055    -0.25005    -8.76587
     18.345        -8.90827     0.10061    -0.25000    -8.75887
     18.495        -8.90125     0.10067    -0.24995    -8.75196
     18.645        -8.89426     0.10073    -0.24991    -8.74508
     18.795        -8.88734     0.10079    -0.24986    -8.73827
     18.945        -8.88048     0.10085    -0.24982    -8.73151
     19.095        -8.87370     0.10090    -0.24977    -8.72483
     19.245        -8.86698     0.10096    -0.24972    -8.71822
     19.395        -8.86032     0.10102    -0.24969    -8.71165
     19.545        -8.85370     0.10107    -0.24964    -8.70512
     19.695        -8.84715     0.10112    -0.24961    -8.69867
     19.845        -8.84065     0.10118    -0.24957    -8.69226
     19.995        -8.83419     0.10123    -0.24953    -8.68589
     20.145        -8.82778     0.10129    -0.24949    -8.67958
     20.295        -8.82143     0.10134    -0.24945    -8.67332
     20.445        -8.81515     0.10140    -0.24941    -8.66713
     20.595        -8.80888     0.10145    -0.24937    -8.66095
     20.745        -8.80267     0.10150    -0.24934    -8.65483
     20.895        -8.79653     0.10155    -0.24930    -8.64877
     21.045        -8.79045     0.10160    -0.24926    -8.64279
     21.195        -8.78438     0.10165    -0.24923    -8.63681
     21.345        -8.77835     0.10170    -0.24919    -8.63086
     21.495        -8.77239     0.10174    -0.24916    -8.62498
     21.645        -8.76647     0.10179    -0.24912    -8.61914
     21.795        -8.76059     0.10184    -0.24908    -8.61335
     21.945        -8.75477     0.10189    -0.24904    -8.60762
     22.095        -8.74897     0.10193    -0.24901    -8.60189
     22.245        -8.74323     0.10198    -0.24898    -8.59623
     22.395        -8.73753     0.10203    -0.24895    -8.59061
     22.545        -8.73190     0.10207    -0.24892    -8.58505
     22.695        -8.72626     0.10211    -0.24889    -8.57949
     22.845        -8.72067     0.10216    -0.24886    -8.57397
     22.995        -8.71512     0.10220    -0.24883    -8.56850
     23.145        -8.70961     0.10225    -0.24879    -8.56306
     23.295        -8.70414     0.10229    -0.24877    -8.55766
     23.445        -8.69872     0.10233    -0.24874    -8.55231
     23.595        -8.69333     0.10237    -0.24871    -8.54700
     23.745        -8.68797     0.10241    -0.24868    -8.54171
     23.895        -8.68265     0.10245    -0.24865    -8.53646
     24.045        -8.67737     0.10250    -0.24862    -8.53125
     24.195        -8.67212     0.10254    -0.24859    -8.52607
     24.345        -8.66693     0.10258    -0.24856    -8.52095
     24.495        -8.66176     0.10262    -0.24853    -8.51585
     24.645        -8.65662     0.10267    -0.24850    -8.51079
     24.795        -8.65151     0.10271    -0.24847    -8.50574
     24.945        -8.64644     0.10275    -0.24845    -8.50074
     25.095        -8.64138     0.10279    -0.24842    -8.49575
     25.245        -8.63640     0.10283    -0.24839    -8.49083
     25.395        -8.63142     0.10287    -0.24836    -8.48592
     25.545        -8.62648     0.10290    -0.24833    -8.48105
     25.695        -8.62153     0.10294    -0.24831    -8.47617
     25.845        -8.61666     0.10298    -0.24828    -8.47136
     25.995        -8.61183     0.10302    -0.24826    -8.46659
     26.145        -8.60700     0.10305    -0.24823    -8.46182
     26.295        -8.60221     0.10310    -0.24821    -8.45710
     26.445        -8.59744     0.10314    -0.24818    -8.45240
     26.595        -8.59272     0.10317    -0.24815    -8.44774
     26.745        -8.58800     0.10321    -0.24813    -8.44308
     26.895        -8.58333     0.10324    -0.24811    -8.43847
     27.045        -8.57867     0.10328    -0.24808    -8.43387
     27.195        -8.57405     0.10332    -0.24805    -8.42931
     27.345        -8.56946     0.10336    -0.24803    -8.42479
     27.495        -8.56487     0.10339    -0.24800    -8.42026
     27.645        -8.56034     0.10343    -0.24798    -8.41579
     27.795        -8.55583     0.10346    -0.24795    -8.41134
     27.945        -8.55137     0.10350    -0.24793    -8.40694
     28.095        -8.54693     0.10353    -0.24791    -8.40256
     28.245        -8.54250     0.10357    -0.24788    -8.39819
     28.395        -8.53810     0.10360    -0.24786    -8.39384
     28.545        -8.53372     0.10364    -0.24784    -8.38952
     28.695        -8.52937     0.10367    -0.24782    -8.38522
     28.845        -8.52502     0.10370    -0.24779    -8.38093
     28.995        -8.52071     0.10373    -0.24777    -8.37667
     29.145        -8.51643     0.10377    -0.24775    -8.37245
     29.295        -8.51218     0.10380    -0.24773    -8.36826
     29.445        -8.50795     0.10384    -0.24771    -8.36408
     29.595        -8.50373     0.10387    -0.24769    -8.35991
     29.745        -8.49955     0.10390    -0.24767    -8.35578
     29.895        -8.49540     0.10393    -0.24765    -8.35168
     30.045        -8.49126     0.10397    -0.24763    -8.34760
     30.195        -8.48715     0.10400    -0.24761    -8.34353
     30.345        -8.48305     0.10403    -0.24759    -8.33949
     30.495        -8.47899     0.10406    -0.24756    -8.33548
     30.645        -8.47494     0.10409    -0.24754    -8.33149
     30.795        -8.47091     0.10412    -0.24752    -8.32750
     30.945        -8.46689     0.10415    -0.24750    -8.32355
     31.095        -8.46290     0.10418    -0.24748    -8.31960
     31.245        -8.45893     0.10421    -0.24747    -8.31568
     31.395        -8.45497     0.10424    -0.24745    -8.31177
     31.545        -8.45106     0.10428    -0.24743    -8.30791
     31.695        -8.44716     0.10430    -0.24741    -8.30405
     31.845        -8.44326     0.10433    -0.24739    -8.30020
     31.995        -8.43938     0.10436    -0.24737    -8.29637
     32.145        -8.43554     0.10439    -0.24735    -8.29258
     32.295        -8.43169     0.10442    -0.24733    -8.28878
     32.445        -8.42787     0.10445    -0.24731    -8.28500
     32.595        -8.42408     0.10448    -0.24729    -8.28127
     32.745        -8.42033     0.10451    -0.24728    -8.27756
     32.895        -8.41658     0.10454    -0.24726    -8.27386
     33.045        -8.41284     0.10456    -0.24724    -8.27016
     33.195        -8.40912     0.10459    -0.24722    -8.26649
     33.345        -8.40542     0.10462    -0.24719    -8.26285
     33.495        -8.40173     0.10465    -0.24718    -8.25920
     33.645        -8.39808     0.10468    -0.24716    -8.25560
     33.795        -8.39444     0.10470    -0.24714    -8.25200
     33.945        -8.39082     0.10473    -0.24712    -8.24843
     34.095        -8.38722     0.10476    -0.24710    -8.24487
     34.245        -8.38364     0.10478    -0.24708    -8.24134
     34.395        -8.38006     0.10481    -0.24707    -8.23781
     34.545        -8.37651     0.10484    -0.24705    -8.23430
     34.695        -8.37297     0.10487    -0.24703    -8.23080
     34.845        -8.36943     0.10489    -0.24701    -8.22731
     34.995        -8.36591     0.10492    -0.24699    -8.22383
     35.145        -8.36244     0.10495    -0.24698    -8.22040
     35.295        -8.35898     0.10497    -0.24697    -8.21699
     35.445        -8.35552     0.10500    -0.24695    -8.21357
     35.595        -8.35208     0.10502    -0.24693    -8.21017
     35.745        -8.34866     0.10505    -0.24692    -8.20679
     35.895        -8.34525     0.10507    -0.24690    -8.20342
     36.045        -8.34187     0.10510    -0.24689    -8.20009
     36.195        -8.33850     0.10513    -0.24687    -8.19676
     36.345        -8.33512     0.10515    -0.24685    -8.19342
     36.495        -8.33175     0.10518    -0.24684    -8.19009
     36.645        -8.32842     0.10520    -0.24682    -8.18680
     36.795        -8.32510     0.10523    -0.24681    -8.18352
     36.945        -8.32179     0.10525    -0.24679    -8.18025
     37.095        -8.31848     0.10527    -0.24677    -8.17699
     37.245        -8.31521     0.10530    -0.24676    -8.17375
     37.395        -8.31195     0.10532    -0.24674    -8.17053
     37.545        -8.30871     0.10535    -0.24673    -8.16733
     37.695        -8.30547     0.10537    -0.24671    -8.16413
     37.845        -8.30227     0.10540    -0.24670    -8.16097
     37.995        -8.29909     0.10542    -0.24668    -8.15782
     38.145        -8.29588     0.10544    -0.24667    -8.15465
     38.295        -8.29271     0.10546    -0.24666    -8.15152
     38.445        -8.28953     0.10549    -0.24664    -8.14837
     38.595        -8.28639     0.10551    -0.24663    -8.14527
     38.745        -8.28326     0.10554    -0.24662    -8.14218
     38.895        -8.28015     0.10556    -0.24661    -8.13910
     39.045        -8.27702     0.10558    -0.24659    -8.13601
     39.195        -8.27393     0.10560    -0.24658    -8.13295
     39.345        -8.27084     0.10563    -0.24656    -8.12991
     39.495        -8.26777     0.10565    -0.24655    -8.12687
     39.645        -8.26471     0.10567    -0.24653    -8.12385
     39.795        -8.26168     0.10570    -0.24652    -8.12086
     39.945        -8.25864     0.10572    -0.24650    -8.11786
     40.095        -8.25563     0.10574    -0.24648    -8.11489
     40.245        -8.25262     0.10577    -0.24647    -8.11191
     40.395        -8.24962     0.10579    -0.24646    -8.10895
     40.545        -8.24664     0.10581    -0.24645    -8.10600
     40.695        -8.24367     0.10583    -0.24643    -8.10307
     40.845        -8.24072     0.10586    -0.24642    -8.10015
     40.995        -8.23779     0.10588    -0.24640    -8.09726
     41.145        -8.23488     0.10590    -0.24639    -8.09439
     41.295        -8.23196     0.10592    -0.24638    -8.09150
     41.445        -8.22905     0.10594    -0.24636    -8.08863
     41.595        -8.22615     0.10596    -0.24635    -8.08577
     41.745        -8.22327     0.10599    -0.24634    -8.08292
     41.895        -8.22038     0.10601    -0.24633    -8.08007
     42.045        -8.21752     0.10603    -0.24631    -8.07724
     42.195        -8.21468     0.10605    -0.24630    -8.07443
     42.345        -8.21184     0.10607    -0.24629    -8.07162
     42.495        -8.20901     0.10609    -0.24628    -8.06883
     42.645        -8.20620     0.10611    -0.24626    -8.06605
     42.795        -8.20338     0.10614    -0.24625    -8.06327
     42.945        -8.20059     0.10616    -0.24623    -8.06051
     43.095        -8.19780     0.10618    -0.24622    -8.05776
     43.245        -8.19502     0.10620    -0.24621    -8.05501
     43.395        -8.19223     0.10622    -0.24620    -8.05225
     43.545        -8.18946     0.10624    -0.24618    -8.04952
     43.695        -8.18670     0.10626    -0.24617    -8.04679
     43.845        -8.18395     0.10628    -0.24616    -8.04408
     43.995        -8.18122     0.10630    -0.24614    -8.04138
     44.145        -8.17849     0.10632    -0.24613    -8.03869
     44.295        -8.17580     0.10634    -0.24612    -8.03603
     44.445        -8.17311     0.10636    -0.24610    -8.03337
     44.595        -8.17042     0.10638    -0.24609    -8.03072
     44.745        -8.16776     0.10640    -0.24607    -8.02809
     44.895        -8.16509     0.10642    -0.24606    -8.02546
     45.045        -8.16243     0.10644    -0.24605    -8.02283
     45.195        -8.15979     0.10646    -0.24604    -8.02022
     45.345        -8.15715     0.10648    -0.24602    -8.01761
     45.495        -8.15453     0.10650    -0.24601    -8.01502
     45.645        -8.15190     0.10652    -0.24600    -8.01242
     45.795        -8.14930     0.10654    -0.24599    -8.00985
     45.945        -8.14670     0.10656    -0.24598    -8.00728
     46.095        -8.14410     0.10658    -0.24596    -8.00471
     46.245        -8.14153     0.10660    -0.24595    -8.00218
     46.395        -8.13894     0.10662    -0.24594    -7.99962
     46.545        -8.13638     0.10664    -0.24592    -7.99710
     46.695        -8.13383     0.10665    -0.24591    -7.99457
     46.845        -8.13128     0.10667    -0.24590    -7.99206
     46.995        -8.12875     0.10669    -0.24588    -7.98955
     47.145        -8.12623     0.10671    -0.24587    -7.98707
     47.295        -8.12371     0.10673    -0.24586    -7.98458
     47.445        -8.12120     0.10675    -0.24585    -7.98210
     47.595        -8.11870     0.10677    -0.24584    -7.97962
     47.745        -8.11621     0.10679    -0.24583    -7.97716
     47.895        -8.11371     0.10680    -0.24582    -7.97470
     48.045        -8.11124     0.10682    -0.24581    -7.97226
     48.195        -8.10878     0.10684    -0.24579    -7.96983
     48.345        -8.10632     0.10686    -0.24578    -7.96740
     48.495        -8.10386     0.10688    -0.24577    -7.96497
     48.645        -8.10143     0.10690    -0.24576    -7.96256
     48.795        -8.09899     0.10691    -0.24575    -7.96015
     48.945        -8.09655     0.10693    -0.24574    -7.95774
     49.095        -8.09414     0.10695    -0.24573    -7.95536
     49.245        -8.09173     0.10696    -0.24572    -7.95297
     49.395        -8.08932     0.10698    -0.24571    -7.95059
     49.545        -8.08693     0.10700    -0.24569    -7.94823
     49.695        -8.08453     0.10702    -0.24568    -7.94586
     49.845        -8.08215     0.10703    -0.24567    -7.94351
     49.995        -8.07977     0.10705    -0.24566    -7.94116
     50.145        -8.07741     0.10707    -0.24565    -7.93882
     50.295        -8.07505     0.10709    -0.24564    -7.93650
     50.445        -8.07270     0.10710    -0.24563    -7.93417
     50.595        -8.07036     0.10712    -0.24562    -7.93186
     50.745        -8.06802     0.10714    -0.24561    -7.92955
     50.895        -8.06570     0.10715    -0.24560    -7.92726
     51.045        -8.06339     0.10717    -0.24559    -7.92497
     51.195        -8.06107     0.10719    -0.24557    -7.92268
     51.345        -8.05876     0.10720    -0.24557    -7.92039
     51.495        -8.05649     0.10722    -0.24556    -7.91815
     51.645        -8.05420     0.10723    -0.24555    -7.91589
     51.795        -8.05192     0.10725    -0.24554    -7.91364
     51.945        -8.04964     0.10727    -0.24552    -7.91139
     52.095        -8.04738     0.10728    -0.24551    -7.90915
     52.245        -8.04512     0.10730    -0.24551    -7.90692
     52.395        -8.04287     0.10732    -0.24549    -7.90469
     52.545        -8.04064     0.10733    -0.24549    -7.90248
     52.695        -8.03840     0.10735    -0.24548    -7.90028
     52.845        -8.03617     0.10737    -0.24547    -7.89807
     52.995        -8.03395     0.10738    -0.24546    -7.89587
     53.145        -8.03172     0.10740    -0.24545    -7.89367
     53.295        -8.02952     0.10741    -0.24544    -7.89149
     53.445        -8.02731     0.10743    -0.24543    -7.88931
     53.595        -8.02512     0.10745    -0.24542    -7.88714
     53.745        -8.02292     0.10746    -0.24541    -7.88498
     53.895        -8.02075     0.10748    -0.24540    -7.88283
     54.045        -8.01857     0.10749    -0.24539    -7.88068
     54.195        -8.01641     0.10751    -0.24538    -7.87854
     54.345        -8.01425     0.10753    -0.24537    -7.87640
     54.495        -8.01209     0.10754    -0.24536    -7.87427
     54.645        -8.00993     0.10756    -0.24535    -7.87214
     54.795        -8.00781     0.10757    -0.24534    -7.87004
     54.945        -8.00566     0.10759    -0.24533    -7.86792
     55.095        -8.00352     0.10760    -0.24532    -7.86581
     59.433        -7.83733     0.10881    -0.24458    -7.70157
     80.646        -7.59613     0.11058    -0.24350    -7.46321
     111.21        -7.36378     0.11226    -0.24247    -7.23356
     153.36        -7.14019     0.11388    -0.24147    -7.01260
     211.49        -6.92522     0.11544    -0.24051    -6.80016
     291.64        -6.71915     0.11694    -0.23957    -6.59653
     402.18        -6.52138     0.11841    -0.23865    -6.40114
     554.60        -6.33193     0.11981    -0.23776    -6.21397
     764.80        -6.15059     0.12116    -0.23689    -6.03486
     1054.7        -5.97710     0.12246    -0.23605    -5.86351
     1454.4        -5.81112     0.12369    -0.23523    -5.69959
     2005.6        -5.65241     0.12489    -0.23441    -5.54289
     2765.8        -5.50086     0.12603    -0.23364    -5.39325
     3814.0        -5.35588     0.12712    -0.23288    -5.25012
     5259.5        -5.21733     0.12816    -0.23216    -5.11334
     7252.9        -5.08493     0.12918    -0.23145    -4.98265
     10002.        -4.95842     0.13013    -0.23077    -4.85779
     13793.        -4.83752     0.13105    -0.23010    -4.73847
     19020.        -4.72211     0.13192    -0.22945    -4.62459
     26229.        -4.61194     0.13277    -0.22883    -4.51588
     36170.        -4.50698     0.13358    -0.22825    -4.41231
     49878.        -4.40690     0.13435    -0.22768    -4.31357
     68782.        -4.31156     0.13507    -0.22712    -4.21951
     94851.        -4.22077     0.13576    -0.22660    -4.12993
    0.13080E+06    -4.13435     0.13642    -0.22610    -4.04468
    0.18038E+06    -4.05210     0.13705    -0.22561    -3.96354
    0.24874E+06    -3.97387     0.13765    -0.22514    -3.88638
    0.34301E+06    -3.89959     0.13822    -0.22470    -3.81311
    0.47302E+06    -3.82900     0.13876    -0.22428    -3.74348
    0.65229E+06    -3.76185     0.13927    -0.22387    -3.67725
    0.89952E+06    -3.69802     0.13976    -0.22349    -3.61429
    0.12404E+07    -3.63747     0.14022    -0.22313    -3.55457
    0.17106E+07    -3.57991     0.14066    -0.22278    -3.49779
    0.23589E+07    -3.52526     0.14109    -0.22245    -3.44390
    0.32529E+07    -3.47337     0.14148    -0.22214    -3.39272
    0.44858E+07    -3.42410     0.14186    -0.22183    -3.34413
    0.61860E+07    -3.37723     0.14221    -0.22154    -3.29790
    0.85305E+07    -3.33274     0.14255    -0.22126    -3.25404
    0.11764E+08    -3.29044     0.14288    -0.22100    -3.21232
    0.16222E+08    -3.25027     0.14319    -0.22076    -3.17270
    0.22370E+08    -3.21220     0.14349    -0.22052    -3.13516
    0.30849E+08    -3.17607     0.14377    -0.22029    -3.09955
    0.42541E+08    -3.14200     0.14403    -0.22007    -3.06596
    0.58664E+08    -3.10997     0.14428    -0.21988    -3.03437
    0.80898E+08    -3.08001     0.14451    -0.21969    -3.00482
    0.11156E+09    -3.05200     0.14472    -0.21952    -2.97721
    0.15384E+09    -3.02577     0.14493    -0.21935    -2.95134
    0.21215E+09    -3.00116     0.14512    -0.21920    -2.92708
    0.29255E+09    -2.97797     0.14529    -0.21905    -2.90421
    0.40343E+09    -2.95622     0.14546    -0.21891    -2.88277
    0.55633E+09    -2.93589     0.14562    -0.21879    -2.86272
    0.76719E+09    -2.91733     0.14576    -0.21867    -2.84442
    0.10580E+10    -2.90046     0.14589    -0.21856    -2.82779
    0.14589E+10    -2.88497     0.14601    -0.21846    -2.81252
    0.20119E+10    -2.87065     0.14612    -0.21837    -2.79840
    0.27744E+10    -2.85744     0.14622    -0.21828    -2.78538
    0.38259E+10    -2.84525     0.14632    -0.21820    -2.77336
    0.52760E+10    -2.83398     0.14640    -0.21812    -2.76226
    0.72756E+10    -2.82358     0.14648    -0.21805    -2.75201
    0.10033E+11    -2.81399     0.14656    -0.21799    -2.74256
    0.13836E+11    -2.80511     0.14662    -0.21793    -2.73381
    0.19079E+11    -2.79693     0.14669    -0.21787    -2.72575
    0.26311E+11    -2.78936     0.14675    -0.21782    -2.71828
    0.36283E+11    -2.78239     0.14680    -0.21777    -2.71142
    0.50034E+11    -2.77593     0.14685    -0.21773    -2.70506
    0.68997E+11    -2.77000     0.14689    -0.21769    -2.69920
    0.10000E+12    -2.69843     0.14744    -0.21716    -2.62870
