    -99.945         0.00000     0.00000     0.00000     0.00000
    -99.795         0.00000     0.00000     0.00000     0.00000
    -99.645         0.00000     0.00000     0.00000     0.00000
    -99.495         0.00000     0.00000     0.00000     0.00000
    -99.345         0.00000     0.00000     0.00000     0.00000
    -99.195         0.00000     0.00000     0.00000     0.00000
    -99.045         0.00000     0.00000     0.00000     0.00000
    -98.895         0.00000     0.00000     0.00000     0.00000
    -98.745         0.00000     0.00000     0.00000     0.00000
    -98.595         0.00000     0.00000     0.00000     0.00000
    -98.445         0.00000     0.00000     0.00000     0.00000
    -98.295         0.00000     0.00000     0.00000     0.00000
    -98.145         0.00000     0.00000     0.00000     0.00000
    -97.995         0.00000     0.00000     0.00000     0.00000
    -97.845         0.00000     0.00000     0.00000     0.00000
    -97.695         0.00000     0.00000     0.00000     0.00000
    -97.545         0.00000     0.00000     0.00000     0.00000
    -97.395         0.00000     0.00000     0.00000     0.00000
    -97.245         0.00000     0.00000     0.00000     0.00000
    -97.095         0.00000     0.00000     0.00000     0.00000
    -96.945         0.00000     0.00000     0.00000     0.00000
    -96.795         0.00000     0.00000     0.00000     0.00000
    -96.645         0.00000     0.00000     0.00000     0.00000
    -96.495         0.00000     0.00000     0.00000     0.00000
    -96.345         0.00000     0.00000     0.00000     0.00000
    -96.195         0.00000     0.00000     0.00000     0.00000
    -96.045         0.00000     0.00000     0.00000     0.00000
    -95.895         0.00000     0.00000     0.00000     0.00000
    -95.745         0.00000     0.00000     0.00000     0.00000
    -95.595         0.00000     0.00000     0.00000     0.00000
    -95.445         0.00000     0.00000     0.00000     0.00000
    -95.295         0.00000     0.00000     0.00000     0.00000
    -95.145         0.00000     0.00000     0.00000     0.00000
    -94.995         0.00000     0.00000     0.00000     0.00000
    -94.845         0.00000     0.00000     0.00000     0.00000
    -94.695         0.00000     0.00000     0.00000     0.00000
    -94.545         0.00000     0.00000     0.00000     0.00000
    -94.395         0.00000     0.00000     0.00000     0.00000
    -94.245         0.00000     0.00000     0.00000     0.00000
    -94.095         0.00000     0.00000     0.00000     0.00000
    -93.945         0.00000     0.00000     0.00000     0.00000
    -93.795         0.00000     0.00000     0.00000     0.00000
    -93.645         0.00000     0.00000     0.00000     0.00000
    -93.495         0.00000     0.00000     0.00000     0.00000
    -93.345         0.00000     0.00000     0.00000     0.00000
    -93.195         0.00000     0.00000     0.00000     0.00000
    -93.045         0.00000     0.00000     0.00000     0.00000
    -92.895         0.00000     0.00000     0.00000     0.00000
    -92.745         0.00000     0.00000     0.00000     0.00000
    -92.595         0.00000     0.00000     0.00000     0.00000
    -92.445         0.00000     0.00000     0.00000     0.00000
    -92.295         0.00000     0.00000     0.00000     0.00000
    -92.145         0.00000     0.00000     0.00000     0.00000
    -91.995         0.00000     0.00000     0.00000     0.00000
    -91.845         0.00000     0.00000     0.00000     0.00000
    -91.695         0.00000     0.00000     0.00000     0.00000
    -91.545         0.00000     0.00000     0.00000     0.00000
    -91.395         0.00000     0.00000     0.00000     0.00000
    -91.245         0.00000     0.00000     0.00000     0.00000
    -91.095         0.00000     0.00000     0.00000     0.00000
    -90.945         0.00000     0.00000     0.00000     0.00000
    -90.795         0.00000     0.00000     0.00000     0.00000
    -90.645         0.00000     0.00000     0.00000     0.00000
    -90.495         0.00000     0.00000     0.00000     0.00000
    -90.345         0.00000     0.00000     0.00000     0.00000
    -90.195         0.00000     0.00000     0.00000     0.00000
    -90.045         0.00000     0.00000     0.00000     0.00000
    -89.895         0.00000     0.00000     0.00000     0.00000
    -89.745         0.00000     0.00000     0.00000     0.00000
    -89.595         0.00000     0.00000     0.00000     0.00000
    -89.445         0.00000     0.00000     0.00000     0.00000
    -89.295         0.00000     0.00000     0.00000     0.00000
    -89.145         0.00000     0.00000     0.00000     0.00000
    -88.995         0.00000     0.00000     0.00000     0.00000
    -88.845         0.00000     0.00000     0.00000     0.00000
    -88.695         0.00000     0.00000     0.00000     0.00000
    -88.545         0.00000     0.00000     0.00000     0.00000
    -88.395         0.00000     0.00000     0.00000     0.00000
    -88.245         0.00000     0.00000     0.00000     0.00000
    -88.095         0.00000     0.00000     0.00000     0.00000
    -87.945         0.00000     0.00000     0.00000     0.00000
    -87.795         0.00000     0.00000     0.00000     0.00000
    -87.645         0.00000     0.00000     0.00000     0.00000
    -87.495         0.00000     0.00000     0.00000     0.00000
    -87.345         0.00000     0.00000     0.00000     0.00000
    -87.195         0.00000     0.00000     0.00000     0.00000
    -87.045         0.00000     0.00000     0.00000     0.00000
    -86.895         0.00000     0.00000     0.00000     0.00000
    -86.745         0.00000     0.00000     0.00000     0.00000
    -86.595         0.00000     0.00000     0.00000     0.00000
    -86.445         0.00000     0.00000     0.00000     0.00000
    -86.295         0.00000     0.00000     0.00000     0.00000
    -86.145         0.00000     0.00000     0.00000     0.00000
    -85.995         0.00000     0.00000     0.00000     0.00000
    -85.845         0.00000     0.00000     0.00000     0.00000
    -85.695         0.00000     0.00000     0.00000     0.00000
    -85.545         0.00000     0.00000     0.00000     0.00000
    -85.395         0.00000     0.00000     0.00000     0.00000
    -85.245         0.00000     0.00000     0.00000     0.00000
    -85.095         0.00000     0.00000     0.00000     0.00000
    -84.945         0.00000     0.00000     0.00000     0.00000
    -84.795         0.00000     0.00000     0.00000     0.00000
    -84.645         0.00000     0.00000     0.00000     0.00000
    -84.495         0.00000     0.00000     0.00000     0.00000
    -84.345         0.00000     0.00000     0.00000     0.00000
    -84.195         0.00000     0.00000     0.00000     0.00000
    -84.045         0.00000     0.00000     0.00000     0.00000
    -83.895         0.00000     0.00000     0.00000     0.00000
    -83.745         0.00000     0.00000     0.00000     0.00000
    -83.595         0.00000     0.00000     0.00000     0.00000
    -83.445         0.00000     0.00000     0.00000     0.00000
    -83.295         0.00000     0.00000     0.00000     0.00000
    -83.145         0.00000     0.00000     0.00000     0.00000
    -82.995         0.00000     0.00000     0.00000     0.00000
    -82.845         0.00000     0.00000     0.00000     0.00000
    -82.695         0.00000     0.00000     0.00000     0.00000
    -82.545         0.00000     0.00000     0.00000     0.00000
    -82.395         0.00000     0.00000     0.00000     0.00000
    -82.245         0.00000     0.00000     0.00000     0.00000
    -82.095         0.00000     0.00000     0.00000     0.00000
    -81.945         0.00000     0.00000     0.00000     0.00000
    -81.795         0.00000     0.00000     0.00000     0.00000
    -81.645         0.00000     0.00000     0.00000     0.00000
    -81.495         0.00000     0.00000     0.00000     0.00000
    -81.345         0.00000     0.00000     0.00000     0.00000
    -81.195         0.00000     0.00000     0.00000     0.00000
    -81.045         0.00000     0.00000     0.00000     0.00000
    -80.895         0.00000     0.00000     0.00000     0.00000
    -80.745         0.00000     0.00000     0.00000     0.00000
    -80.595         0.00000     0.00000     0.00000     0.00000
    -80.445         0.00000     0.00000     0.00000     0.00000
    -80.295         0.00000     0.00000     0.00000     0.00000
    -80.145         0.00000     0.00000     0.00000     0.00000
    -79.995         0.00000     0.00000     0.00000     0.00000
    -79.845         0.00000     0.00000     0.00000     0.00000
    -79.695         0.00000     0.00000     0.00000     0.00000
    -79.545         0.00000     0.00000     0.00000     0.00000
    -79.395         0.00000     0.00000     0.00000     0.00000
    -79.245         0.00000     0.00000     0.00000     0.00000
    -79.095         0.00000     0.00000     0.00000     0.00000
    -78.945         0.00000     0.00000     0.00000     0.00000
    -78.795         0.00000     0.00000     0.00000     0.00000
    -78.645         0.00000     0.00000     0.00000     0.00000
    -78.495         0.00000     0.00000     0.00000     0.00000
    -78.345         0.00000     0.00000     0.00000     0.00000
    -78.195         0.00000     0.00000     0.00000     0.00000
    -78.045         0.00000     0.00000     0.00000     0.00000
    -77.895         0.00000     0.00000     0.00000     0.00000
    -77.745         0.00000     0.00000     0.00000     0.00000
    -77.595         0.00000     0.00000     0.00000     0.00000
    -77.445         0.00000     0.00000     0.00000     0.00000
    -77.295         0.00000     0.00000     0.00000     0.00000
    -77.145         0.00000     0.00000     0.00000     0.00000
    -76.995         0.00000     0.00000     0.00000     0.00000
    -76.845         0.00000     0.00000     0.00000     0.00000
    -76.695         0.00000     0.00000     0.00000     0.00000
    -76.545         0.00000     0.00000     0.00000     0.00000
    -76.395         0.00000     0.00000     0.00000     0.00000
    -76.245         0.00000     0.00000     0.00000     0.00000
    -76.095         0.00000     0.00000     0.00000     0.00000
    -75.945         0.00000     0.00000     0.00000     0.00000
    -75.795         0.00000     0.00000     0.00000     0.00000
    -75.645         0.00000     0.00000     0.00000     0.00000
    -75.495         0.00000     0.00000     0.00000     0.00000
    -75.345         0.00000     0.00000     0.00000     0.00000
    -75.195         0.00000     0.00000     0.00000     0.00000
    -75.045         0.00000     0.00000     0.00000     0.00000
    -74.895         0.00000     0.00000     0.00000     0.00000
    -74.745         0.00000     0.00000     0.00000     0.00000
    -74.595         0.00000     0.00000     0.00000     0.00000
    -74.445         0.00000     0.00000     0.00000     0.00000
    -74.295         0.00000     0.00000     0.00000     0.00000
    -74.145         0.00000     0.00000     0.00000     0.00000
    -73.995         0.00000     0.00000     0.00000     0.00000
    -73.845         0.00000     0.00000     0.00000     0.00000
    -73.695         0.00000     0.00000     0.00000     0.00000
    -73.545         0.00000     0.00000     0.00000     0.00000
    -73.395         0.00000     0.00000     0.00000     0.00000
    -73.245         0.00000     0.00000     0.00000     0.00000
    -73.095         0.00000     0.00000     0.00000     0.00000
    -72.945         0.00000     0.00000     0.00000     0.00000
    -72.795         0.00000     0.00000     0.00000     0.00000
    -72.645         0.00000     0.00000     0.00000     0.00000
    -72.495         0.00000     0.00000     0.00000     0.00000
    -72.345         0.00000     0.00000     0.00000     0.00000
    -72.195         0.00000     0.00000     0.00000     0.00000
    -72.045         0.00000     0.00000     0.00000     0.00000
    -71.895         0.00000     0.00000     0.00000     0.00000
    -71.745         0.00000     0.00000     0.00000     0.00000
    -71.595         0.00000     0.00000     0.00000     0.00000
    -71.445         0.00000     0.00000     0.00000     0.00000
    -71.295         0.00000     0.00000     0.00000     0.00000
    -71.145         0.00000     0.00000     0.00000     0.00000
    -70.995         0.00000     0.00000     0.00000     0.00000
    -70.845         0.00000     0.00000     0.00000     0.00000
    -70.695         0.00000     0.00000     0.00000     0.00000
    -70.545         0.00000     0.00000     0.00000     0.00000
    -70.395         0.00000     0.00000     0.00000     0.00000
    -70.245         0.00000     0.00000     0.00000     0.00000
    -70.095         0.00000     0.00000     0.00000     0.00000
    -69.945         0.00000     0.00000     0.00000     0.00000
    -69.795         0.00000     0.00000     0.00000     0.00000
    -69.645         0.00000     0.00000     0.00000     0.00000
    -69.495         0.00000     0.00000     0.00000     0.00000
    -69.345         0.00000     0.00000     0.00000     0.00000
    -69.195         0.00000     0.00000     0.00000     0.00000
    -69.045         0.00000     0.00000     0.00000     0.00000
    -68.895         0.00000     0.00000     0.00000     0.00000
    -68.745         0.00000     0.00000     0.00000     0.00000
    -68.595         0.00000     0.00000     0.00000     0.00000
    -68.445         0.00000     0.00000     0.00000     0.00000
    -68.295         0.00000     0.00000     0.00000     0.00000
    -68.145         0.00000     0.00000     0.00000     0.00000
    -67.995         0.00000     0.00000     0.00000     0.00000
    -67.845         0.00000     0.00000     0.00000     0.00000
    -67.695         0.00000     0.00000     0.00000     0.00000
    -67.545         0.00000     0.00000     0.00000     0.00000
    -67.395         0.00000     0.00000     0.00000     0.00000
    -67.245         0.00000     0.00000     0.00000     0.00000
    -67.095         0.00000     0.00000     0.00000     0.00000
    -66.945         0.00000     0.00000     0.00000     0.00000
    -66.795         0.00000     0.00000     0.00000     0.00000
    -66.645         0.00000     0.00000     0.00000     0.00000
    -66.495         0.00000     0.00000     0.00000     0.00000
    -66.345         0.00000     0.00000     0.00000     0.00000
    -66.195         0.00000     0.00000     0.00000     0.00000
    -66.045         0.00000     0.00000     0.00000     0.00000
    -65.895         0.00000     0.00000     0.00000     0.00000
    -65.745         0.00000     0.00000     0.00000     0.00000
    -65.595         0.00000     0.00000     0.00000     0.00000
    -65.445         0.00000     0.00000     0.00000     0.00000
    -65.295         0.00000     0.00000     0.00000     0.00000
    -65.145         0.00000     0.00000     0.00000     0.00000
    -64.995         0.00000     0.00000     0.00000     0.00000
    -64.845         0.00000     0.00000     0.00000     0.00000
    -64.695         0.00000     0.00000     0.00000     0.00000
    -64.545         0.00000     0.00000     0.00000     0.00000
    -64.395         0.00000     0.00000     0.00000     0.00000
    -64.245         0.00000     0.00000     0.00000     0.00000
    -64.095         0.00000     0.00000     0.00000     0.00000
    -63.945         0.00000     0.00000     0.00000     0.00000
    -63.795         0.00000     0.00000     0.00000     0.00000
    -63.645         0.00000     0.00000     0.00000     0.00000
    -63.495         0.00000     0.00000     0.00000     0.00000
    -63.345         0.00000     0.00000     0.00000     0.00000
    -63.195         0.00000     0.00000     0.00000     0.00000
    -63.045         0.00000     0.00000     0.00000     0.00000
    -62.895         0.00000     0.00000     0.00000     0.00000
    -62.745         0.00000     0.00000     0.00000     0.00000
    -62.595         0.00000     0.00000     0.00000     0.00000
    -62.445         0.00000     0.00000     0.00000     0.00000
    -62.295         0.00000     0.00000     0.00000     0.00000
    -62.145         0.00000     0.00000     0.00000     0.00000
    -61.995         0.00000     0.00000     0.00000     0.00000
    -61.845         0.00000     0.00000     0.00000     0.00000
    -61.695         0.00000     0.00000     0.00000     0.00000
    -61.545         0.00000     0.00000     0.00000     0.00000
    -61.395         0.00000     0.00000     0.00000     0.00000
    -61.245         0.00000     0.00000     0.00000     0.00000
    -61.095         0.00000     0.00000     0.00000     0.00000
    -60.945         0.00000     0.00000     0.00000     0.00000
    -60.795         0.00000     0.00000     0.00000     0.00000
    -60.645         0.00000     0.00000     0.00000     0.00000
    -60.495         0.00000     0.00000     0.00000     0.00000
    -60.345         0.00000     0.00000     0.00000     0.00000
    -60.195         0.00000     0.00000     0.00000     0.00000
    -60.045         0.00000     0.00000     0.00000     0.00000
    -59.895         0.00000     0.00000     0.00000     0.00000
    -59.745         0.00000     0.00000     0.00000     0.00000
    -59.595         0.00000     0.00000     0.00000     0.00000
    -59.445         0.00000     0.00000     0.00000     0.00000
    -59.295         0.00000     0.00000     0.00000     0.00000
    -59.145         0.00000     0.00000     0.00000     0.00000
    -58.995         0.00000     0.00000     0.00000     0.00000
    -58.845         0.00000     0.00000     0.00000     0.00000
    -58.695         0.00000     0.00000     0.00000     0.00000
    -58.545         0.00000     0.00000     0.00000     0.00000
    -58.395         0.00000     0.00000     0.00000     0.00000
    -58.245         0.00000     0.00000     0.00000     0.00000
    -58.095         0.00000     0.00000     0.00000     0.00000
    -57.945         0.00000     0.00000     0.00000     0.00000
    -57.795         0.00000     0.00000     0.00000     0.00000
    -57.645         0.00000     0.00000     0.00000     0.00000
    -57.495         0.00000     0.00000     0.00000     0.00000
    -57.345         0.00000     0.00000     0.00000     0.00000
    -57.195         0.00000     0.00000     0.00000     0.00000
    -57.045         0.00000     0.00000     0.00000     0.00000
    -56.895         0.00000     0.00000     0.00000     0.00000
    -56.745         0.00000     0.00000     0.00000     0.00000
    -56.595         0.00000     0.00000     0.00000     0.00000
    -56.445         0.00000     0.00000     0.00000     0.00000
    -56.295         0.00000     0.00000     0.00000     0.00000
    -56.145         0.00000     0.00000     0.00000     0.00000
    -55.995         0.00000     0.00000     0.00000     0.00000
    -55.845         0.00000     0.00000     0.00000     0.00000
    -55.695         0.00000     0.00000     0.00000     0.00000
    -55.545         0.00000     0.00000     0.00000     0.00000
    -55.395         0.00000     0.00000     0.00000     0.00000
    -55.245         0.00000     0.00000     0.00000     0.00000
    -55.095         0.00000     0.00000     0.00000     0.00000
    -54.945         0.00000     0.00000     0.00000     0.00000
    -54.795         0.00000     0.00000     0.00000     0.00000
    -54.645         0.00000     0.00000     0.00000     0.00000
    -54.495         0.00000     0.00000     0.00000     0.00000
    -54.345         0.00000     0.00000     0.00000     0.00000
    -54.195         0.00000     0.00000     0.00000     0.00000
    -54.045         0.00000     0.00000     0.00000     0.00000
    -53.895         0.00000     0.00000     0.00000     0.00000
    -53.745         0.00000     0.00000     0.00000     0.00000
    -53.595         0.00000     0.00000     0.00000     0.00000
    -53.445         0.00000     0.00000     0.00000     0.00000
    -53.295         0.00000     0.00000     0.00000     0.00000
    -53.145         0.00000     0.00000     0.00000     0.00000
    -52.995         0.00000     0.00000     0.00000     0.00000
    -52.845         0.00000     0.00000     0.00000     0.00000
    -52.695         0.00000     0.00000     0.00000     0.00000
    -52.545         0.00000     0.00000     0.00000     0.00000
    -52.395         0.00000     0.00000     0.00000     0.00000
    -52.245         0.00000     0.00000     0.00000     0.00000
    -52.095         0.00000     0.00000     0.00000     0.00000
    -51.945         0.00000     0.00000     0.00000     0.00000
    -51.795         0.00000     0.00000     0.00000     0.00000
    -51.645         0.00000     0.00000     0.00000     0.00000
    -51.495         0.00000     0.00000     0.00000     0.00000
    -51.345         0.00000     0.00000     0.00000     0.00000
    -51.195         0.00000     0.00000     0.00000     0.00000
    -51.045         0.00000     0.00000     0.00000     0.00000
    -50.895         0.00000     0.00000     0.00000     0.00000
    -50.745         0.00000     0.00000     0.00000     0.00000
    -50.595         0.00000     0.00000     0.00000     0.00000
    -50.445         0.00000     0.00000     0.00000     0.00000
    -50.295         0.00000     0.00000     0.00000     0.00000
    -50.145         0.00000     0.00000     0.00000     0.00000
    -49.995         0.00000     0.00000     0.00000     0.00000
    -49.845         0.00000     0.00000     0.00000     0.00000
    -49.695         0.00000     0.00000     0.00000     0.00000
    -49.545         0.00000     0.00000     0.00000     0.00000
    -49.395         0.00000     0.00000     0.00000     0.00000
    -49.245         0.00000     0.00000     0.00000     0.00000
    -49.095         0.00000     0.00000     0.00000     0.00000
    -48.945         0.00000     0.00000     0.00000     0.00000
    -48.795         0.00000     0.00000     0.00000     0.00000
    -48.645         0.00000     0.00000     0.00000     0.00000
    -48.495         0.00000     0.00000     0.00000     0.00000
    -48.345         0.00000     0.00000     0.00000     0.00000
    -48.195         0.00000     0.00000     0.00000     0.00000
    -48.045         0.00000     0.00000     0.00000     0.00000
    -47.895         0.00000     0.00000     0.00000     0.00000
    -47.745         0.00000     0.00000     0.00000     0.00000
    -47.595         0.00000     0.00000     0.00000     0.00000
    -47.445         0.00000     0.00000     0.00000     0.00000
    -47.295         0.00000     0.00000     0.00000     0.00000
    -47.145         0.00000     0.00000     0.00000     0.00000
    -46.995         0.00000     0.00000     0.00000     0.00000
    -46.845         0.00000     0.00000     0.00000     0.00000
    -46.695         0.00000     0.00000     0.00000     0.00000
    -46.545         0.00000     0.00000     0.00000     0.00000
    -46.395         0.00000     0.00000     0.00000     0.00000
    -46.245         0.00000     0.00000     0.00000     0.00000
    -46.095         0.00000     0.00000     0.00000     0.00000
    -45.945         0.00000     0.00000     0.00000     0.00000
    -45.795         0.00000     0.00000     0.00000     0.00000
    -45.645         0.00000     0.00000     0.00000     0.00000
    -45.495         0.00000     0.00000     0.00000     0.00000
    -45.345         0.00000     0.00000     0.00000     0.00000
    -45.195         0.00000     0.00000     0.00000     0.00000
    -45.045         0.00000     0.00000     0.00000     0.00000
    -44.895         0.00000     0.00000     0.00000     0.00000
    -44.745         0.00000     0.00000     0.00000     0.00000
    -44.595         0.00000     0.00000     0.00000     0.00000
    -44.445         0.00000     0.00000     0.00000     0.00000
    -44.295         0.00000     0.00000     0.00000     0.00000
    -44.145         0.00000     0.00000     0.00000     0.00000
    -43.995         0.00000     0.00000     0.00000     0.00000
    -43.845         0.00000     0.00000     0.00000     0.00000
    -43.695         0.00000     0.00000     0.00000     0.00000
    -43.545         0.00000     0.00000     0.00000     0.00000
    -43.395         0.00000     0.00000     0.00000     0.00000
    -43.245         0.00000     0.00000     0.00000     0.00000
    -43.095         0.00000     0.00000     0.00000     0.00000
    -42.945         0.00000     0.00000     0.00000     0.00000
    -42.795         0.00000     0.00000     0.00000     0.00000
    -42.645         0.00000     0.00000     0.00000     0.00000
    -42.495         0.00000     0.00000     0.00000     0.00000
    -42.345         0.00000     0.00000     0.00000     0.00000
    -42.195         0.00000     0.00000     0.00000     0.00000
    -42.045         0.00000     0.00000     0.00000     0.00000
    -41.895         0.00000     0.00000     0.00000     0.00000
    -41.745         0.00000     0.00000     0.00000     0.00000
    -41.595         0.00000     0.00000     0.00000     0.00000
    -41.445         0.00000     0.00000     0.00000     0.00000
    -41.295         0.00000     0.00000     0.00000     0.00000
    -41.145         0.00000     0.00000     0.00000     0.00000
    -40.995         0.00000     0.00000     0.00000     0.00000
    -40.845         0.00000     0.00000     0.00000     0.00000
    -40.695         0.00000     0.00000     0.00000     0.00000
    -40.545         0.00000     0.00000     0.00000     0.00000
    -40.395         0.00000     0.00000     0.00000     0.00000
    -40.245         0.00000     0.00000     0.00000     0.00000
    -40.095         0.00000     0.00000     0.00000     0.00000
    -39.945         0.00000     0.00000     0.00000     0.00000
    -39.795         0.00000     0.00000     0.00000     0.00000
    -39.645         0.00000     0.00000     0.00000     0.00000
    -39.495         0.00000     0.00000     0.00000     0.00000
    -39.345         0.00000     0.00000     0.00000     0.00000
    -39.195         0.00000     0.00000     0.00000     0.00000
    -39.045         0.00000     0.00000     0.00000     0.00000
    -38.895         0.00000     0.00000     0.00000     0.00000
    -38.745         0.00000     0.00000     0.00000     0.00000
    -38.595         0.00000     0.00000     0.00000     0.00000
    -38.445         0.00000     0.00000     0.00000     0.00000
    -38.295         0.00000     0.00000     0.00000     0.00000
    -38.145         0.00000     0.00000     0.00000     0.00000
    -37.995         0.00000     0.00000     0.00000     0.00000
    -37.845         0.00000     0.00000     0.00000     0.00000
    -37.695         0.00000     0.00000     0.00000     0.00000
    -37.545         0.00000     0.00000     0.00000     0.00000
    -37.395         0.00000     0.00000     0.00000     0.00000
    -37.245         0.00000     0.00000     0.00000     0.00000
    -37.095         0.00000     0.00000     0.00000     0.00000
    -36.945         0.00000     0.00000     0.00000     0.00000
    -36.795         0.00000     0.00000     0.00000     0.00000
    -36.645         0.00000     0.00000     0.00000     0.00000
    -36.495         0.00000     0.00000     0.00000     0.00000
    -36.345         0.00000     0.00000     0.00000     0.00000
    -36.195         0.00000     0.00000     0.00000     0.00000
    -36.045         0.00000     0.00000     0.00000     0.00000
    -35.895         0.00000     0.00000     0.00000     0.00000
    -35.745         0.00000     0.00000     0.00000     0.00000
    -35.595         0.00000     0.00000     0.00000     0.00000
    -35.445         0.00000     0.00000     0.00000     0.00000
    -35.295         0.00000     0.00000     0.00000     0.00000
    -35.145         0.00000     0.00000     0.00000     0.00000
    -34.995         0.00000     0.00000     0.00000     0.00000
    -34.845         0.00000     0.00000     0.00000     0.00000
    -34.695         0.00000     0.00000     0.00000     0.00000
    -34.545         0.00000     0.00000     0.00000     0.00000
    -34.395         0.00000     0.00000     0.00000     0.00000
    -34.245         0.00000     0.00000     0.00000     0.00000
    -34.095         0.00000     0.00000     0.00000     0.00000
    -33.945         0.00000     0.00000     0.00000     0.00000
    -33.795         0.00000     0.00000     0.00000     0.00000
    -33.645         0.00000     0.00000     0.00000     0.00000
    -33.495         0.00000     0.00000     0.00000     0.00000
    -33.345         0.00000     0.00000     0.00000     0.00000
    -33.195         0.00000     0.00000     0.00000     0.00000
    -33.045         0.00000     0.00000     0.00000     0.00000
    -32.895         0.00000     0.00000     0.00000     0.00000
    -32.745         0.00000     0.00000     0.00000     0.00000
    -32.595         0.00000     0.00000     0.00000     0.00000
    -32.445         0.00000     0.00000     0.00000     0.00000
    -32.295         0.00000     0.00000     0.00000     0.00000
    -32.145         0.00000     0.00000     0.00000     0.00000
    -31.995         0.00000     0.00000     0.00000     0.00000
    -31.845         0.00000     0.00000     0.00000     0.00000
    -31.695         0.00000     0.00000     0.00000     0.00000
    -31.545         0.00000     0.00000     0.00000     0.00000
    -31.395         0.00000     0.00000     0.00000     0.00000
    -31.245         0.00000     0.00000     0.00000     0.00000
    -31.095         0.00000     0.00000     0.00000     0.00000
    -30.945         0.00000     0.00000     0.00000     0.00000
    -30.795         0.00000     0.00000     0.00000     0.00000
    -30.645         0.00000     0.00000     0.00000     0.00000
    -30.495         0.00000     0.00000     0.00000     0.00000
    -30.345         0.00000     0.00000     0.00000     0.00000
    -30.195         0.00000     0.00000     0.00000     0.00000
    -30.045         0.00000     0.00000     0.00000     0.00000
    -29.895         0.00000     0.00000     0.00000     0.00000
    -29.745         0.00000     0.00000     0.00000     0.00000
    -29.595         0.00000     0.00000     0.00000     0.00000
    -29.445         0.00000     0.00000     0.00000     0.00000
    -29.295         0.00000     0.00000     0.00000     0.00000
    -29.145         0.00000     0.00000     0.00000     0.00000
    -28.995         0.00000     0.00000     0.00000     0.00000
    -28.845         0.00000     0.00000     0.00000     0.00000
    -28.695         0.00000     0.00000     0.00000     0.00000
    -28.545         0.00000     0.00000     0.00000     0.00000
    -28.395         0.00000     0.00000     0.00000     0.00000
    -28.245         0.00000     0.00000     0.00000     0.00000
    -28.095         0.00000     0.00000     0.00000     0.00000
    -27.945         0.00000     0.00000     0.00000     0.00000
    -27.795         0.00000     0.00000     0.00000     0.00000
    -27.645         0.00000     0.00000     0.00000     0.00000
    -27.495         0.00000     0.00000     0.00000     0.00000
    -27.345         0.00000     0.00000     0.00000     0.00000
    -27.195         0.00000     0.00000     0.00000     0.00000
    -27.045         0.00000     0.00000     0.00000     0.00000
    -26.895         0.00000     0.00000     0.00000     0.00000
    -26.745         0.00000     0.00000     0.00000     0.00000
    -26.595         0.00000     0.00000     0.00000     0.00000
    -26.445         0.00000     0.00000     0.00000     0.00000
    -26.295         0.00000     0.00000     0.00000     0.00000
    -26.145         0.00000     0.00000     0.00000     0.00000
    -25.995         0.00000     0.00000     0.00000     0.00000
    -25.845         0.00000     0.00000     0.00000     0.00000
    -25.695         0.00000     0.00000     0.00000     0.00000
    -25.545         0.00000     0.00000     0.00000     0.00000
    -25.395         0.00000     0.00000     0.00000     0.00000
    -25.245         0.00000     0.00000     0.00000     0.00000
    -25.095         0.00000     0.00000     0.00000     0.00000
    -24.945         0.00000     0.00000     0.00000     0.00000
    -24.795         0.00000     0.00000     0.00000     0.00000
    -24.645         0.00000     0.00000     0.00000     0.00000
    -24.495         0.00000     0.00000     0.00000     0.00000
    -24.345         0.00000     0.00000     0.00000     0.00000
    -24.195         0.00000     0.00000     0.00000     0.00000
    -24.045         0.00000     0.00000     0.00000     0.00000
    -23.895         0.00000     0.00000     0.00000     0.00000
    -23.745         0.00000     0.00000     0.00000     0.00000
    -23.595         0.00000     0.00000     0.00000     0.00000
    -23.445         0.00000     0.00000     0.00000     0.00000
    -23.295         0.00000     0.00000     0.00000     0.00000
    -23.145         0.00000     0.00000     0.00000     0.00000
    -22.995         0.00000     0.00000     0.00000     0.00000
    -22.845         0.00000     0.00000     0.00000     0.00000
    -22.695         0.00000     0.00000     0.00000     0.00000
    -22.545         0.00000     0.00000     0.00000     0.00000
    -22.395         0.00000     0.00000     0.00000     0.00000
    -22.245         0.00000     0.00000     0.00000     0.00000
    -22.095         0.00000     0.00000     0.00000     0.00000
    -21.945         0.00000     0.00000     0.00000     0.00000
    -21.795         0.00000     0.00000     0.00000     0.00000
    -21.645         0.00000     0.00000     0.00000     0.00000
    -21.495         0.00000     0.00000     0.00000     0.00000
    -21.345         0.00000     0.00000     0.00000     0.00000
    -21.195         0.00000     0.00000     0.00000     0.00000
    -21.045         0.00000     0.00000     0.00000     0.00000
    -20.895         0.00000     0.00000     0.00000     0.00000
    -20.745         0.00000     0.00000     0.00000     0.00000
    -20.595         0.00000     0.00000     0.00000     0.00000
    -20.445         0.00000     0.00000     0.00000     0.00000
    -20.295         0.00000     0.00000     0.00000     0.00000
    -20.145         0.00000     0.00000     0.00000     0.00000
    -19.995         0.00000     0.00000     0.00000     0.00000
    -19.845         0.00000     0.00000     0.00000     0.00000
    -19.695         0.00000     0.00000     0.00000     0.00000
    -19.545         0.00000     0.00000     0.00000     0.00000
    -19.395         0.00000     0.00000     0.00000     0.00000
    -19.245         0.00000     0.00000     0.00000     0.00000
    -19.095         0.00000     0.00000     0.00000     0.00000
    -18.945         0.00000     0.00000     0.00000     0.00000
    -18.795         0.00000     0.00000     0.00000     0.00000
    -18.645         0.00000     0.00000     0.00000     0.00000
    -18.495         0.00000     0.00000     0.00000     0.00000
    -18.345         0.00000     0.00000     0.00000     0.00000
    -18.195         0.00000     0.00000     0.00000     0.00000
    -18.045         0.00000     0.00000     0.00000     0.00000
    -17.895         0.00000     0.00000     0.00000     0.00000
    -17.745         0.00000     0.00000     0.00000     0.00000
    -17.595         0.00000     0.00000     0.00000     0.00000
    -17.445         0.00000     0.00000     0.00000     0.00000
    -17.295         0.00000     0.00000     0.00000     0.00000
    -17.145         0.00000     0.00000     0.00000     0.00000
    -16.995         0.00000     0.00000     0.00000     0.00000
    -16.845         0.00000     0.00000     0.00000     0.00000
    -16.695         0.00000     0.00000     0.00000     0.00000
    -16.545         0.00000     0.00000     0.00000     0.00000
    -16.395         0.00000     0.00000     0.00000     0.00000
    -16.245         0.00000     0.00000     0.00000     0.00000
    -16.095         0.00000     0.00000     0.00000     0.00000
    -15.945         0.00000     0.00000     0.00000     0.00000
    -15.795         0.00000     0.00000     0.00000     0.00000
    -15.645         0.00000     0.00000     0.00000     0.00000
    -15.495         0.00000     0.00000     0.00000     0.00000
    -15.345         0.00000     0.00000     0.00000     0.00000
    -15.195         0.00000     0.00000     0.00000     0.00000
    -15.045         0.00000     0.00000     0.00000     0.00000
    -14.895         0.00000     0.00000     0.00000     0.00000
    -14.745         0.00000     0.00000     0.00000     0.00000
    -14.595         0.00000     0.00000     0.00000     0.00000
    -14.445         0.00000     0.00000     0.00000     0.00000
    -14.295         0.00000     0.00000     0.00000     0.00000
    -14.145         0.00000     0.00000     0.00000     0.00000
    -13.995         0.00000     0.00000     0.00000     0.00000
    -13.845         0.00000     0.00000     0.00000     0.00000
    -13.695         0.00000     0.00000     0.00000     0.00000
    -13.545         0.00000     0.00000     0.00000     0.00000
    -13.395         0.00000     0.00000     0.00000     0.00000
    -13.245         0.00000     0.00000     0.00000     0.00000
    -13.095         0.00000     0.00000     0.00000     0.00000
    -12.945         0.00000     0.00000     0.00000     0.00000
    -12.795         0.00000     0.00000     0.00000     0.00000
    -12.645         0.00000     0.00000     0.00000     0.00000
    -12.495         0.00000     0.00000     0.00000     0.00000
    -12.345         0.00000     0.00000     0.00000     0.00000
    -12.195         0.00000     0.00000     0.00000     0.00000
    -12.045         0.00000     0.00000     0.00000     0.00000
    -11.895         0.00000     0.00000     0.00000     0.00000
    -11.745         0.00000     0.00000     0.00000     0.00000
    -11.595         0.00000     0.00000     0.00000     0.00000
    -11.445         0.00000     0.00000     0.00000     0.00000
    -11.295         0.00000     0.00000     0.00000     0.00000
    -11.145         0.00000     0.00000     0.00000     0.00000
    -10.995         0.00000     0.00000     0.00000     0.00000
    -10.845         0.00000     0.00000     0.00000     0.00000
    -10.695         0.00000     0.00000     0.00000     0.00000
    -10.545         0.00000     0.00000     0.00000     0.00000
    -10.395         0.00000     0.00000     0.00000     0.00000
    -10.245         0.00000     0.00000     0.00000     0.00000
    -10.095         0.00000     0.00000     0.00000     0.00000
    -9.9450         0.00000     0.00000     0.00000     0.00000
    -9.7950         0.00000     0.00000     0.00000     0.00000
    -9.6450         0.00000     0.00000     0.00000     0.00000
    -9.4950         0.00000     0.00000     0.00000     0.00000
    -9.3450         0.00000     0.00000     0.00000     0.00000
    -9.1950         0.00000     0.00000     0.00000     0.00000
    -9.0450         0.00000     0.00000     0.00000     0.00000
    -8.8950         0.00000     0.00000     0.00000     0.00000
    -8.7450         0.00000     0.00000     0.00000     0.00000
    -8.5950         0.00000     0.00000     0.00000     0.00000
    -8.4450         0.00000     0.00000     0.00000     0.00000
    -8.2950         0.00000     0.00000     0.00000     0.00000
    -8.1450         0.00000     0.00000     0.00000     0.00000
    -7.9950         0.00000     0.00000     0.00000     0.00000
    -7.8450         0.00000     0.00000     0.00000     0.00000
    -7.6950         0.00000     0.00000     0.00000     0.00000
    -7.5450         0.00000     0.00000     0.00000     0.00000
    -7.3950         0.00000     0.00000     0.00000     0.00000
    -7.2450         0.00000     0.00000     0.00000     0.00000
    -7.0950         0.00000     0.00000     0.00000     0.00000
    -6.9450         0.00000     0.00000     0.00000     0.00000
    -6.7950         0.00000     0.00000     0.00000     0.00000
    -6.6450         0.00000     0.00000     0.00000     0.00000
    -6.4950         0.00000     0.00000     0.00000     0.00000
    -6.3450         0.00000     0.00000     0.00000     0.00000
    -6.1950         0.00000     0.00000     0.00000     0.00000
    -6.0450         0.00000     0.00000     0.00000     0.00000
    -5.8950         0.00000     0.00000     0.00000     0.00000
    -5.7450         0.00000     0.00000     0.00000     0.00000
    -5.5950         0.00000     0.00000     0.00000     0.00000
    -5.4450         0.00000     0.00000     0.00000     0.00000
    -5.2950         0.00000     0.00000     0.00000     0.00000
    -5.1450         0.00000     0.00000     0.00000     0.00000
    -4.9950         0.00000     0.00000     0.00000     0.00000
    -4.8450         0.00000     0.00000     0.00000     0.00000
    -4.6950         0.00000     0.00000     0.00000     0.00000
    -4.5450         0.00000     0.00000     0.00000     0.00000
    -4.3950         0.00000     0.00000     0.00000     0.00000
    -4.2450         0.00000     0.00000     0.00000     0.00000
    -4.0950         0.00000     0.00000     0.00000     0.00000
    -3.9450         0.00000     0.00000     0.00000     0.00000
    -3.7950         0.00000     0.00000     0.00000     0.00000
    -3.6450         0.00000     0.00000     0.00000     0.00000
    -3.4950         0.00000     0.00000     0.00000     0.00000
    -3.3450         0.00000     0.00000     0.00000     0.00000
    -3.1950         0.00000     0.00000     0.00000     0.00000
    -3.0450         0.00000     0.00000     0.00000     0.00000
    -2.8950         0.00000     0.00000     0.00000     0.00000
    -2.7450         0.00000     0.00000     0.00000     0.00000
    -2.5950         0.00000     0.00000     0.00000     0.00000
    -2.4450         0.00000     0.00000     0.00000     0.00000
    -2.2950         0.00000     0.00000     0.00000     0.00000
    -2.1450         0.00000     0.00000     0.00000     0.00000
    -1.9950         0.00000     0.00000     0.00000     0.00000
    -1.8450         0.00000     0.00000     0.00000     0.00000
    -1.6950         0.00000     0.00000     0.00000     0.00000
    -1.5450         0.00000     0.00000     0.00000     0.00000
    -1.3950         0.00000     0.00000     0.00000     0.00000
    -1.2450        -0.00000    -0.00000     0.00000     0.00000
    -1.0950         0.00000     0.00000     0.00000     0.00000
   -0.94500         0.00002     0.00002     0.00000     0.00000
   -0.79500         0.00031    -0.00030     0.00000     0.00061
   -0.64500        -0.01557    -0.00268     0.00000    -0.01289
   -0.49500        -0.19016    -0.00913    -0.00189    -0.17914
   -0.34500        -1.57131    -0.02165    -0.04089    -1.50877
   -0.22700        -2.27722    -0.02794    -0.06189    -2.18739
   -0.21300        -2.35403    -0.02886    -0.06426    -2.26091
   -0.20700        -2.42869    -0.02973    -0.06658    -2.33237
   -0.20100        -2.50334    -0.03050    -0.06883    -2.40400
   -0.19500        -2.57691    -0.03137    -0.07106    -2.47448
   -0.18900        -2.64720    -0.03243    -0.07322    -2.54155
   -0.18300        -2.71630    -0.03345    -0.07524    -2.60762
   -0.17700        -2.78373    -0.03445    -0.07735    -2.67193
   -0.17100        -2.85001    -0.03548    -0.07953    -2.73500
   -0.16500        -2.91534    -0.03654    -0.08156    -2.79724
   -0.15900        -2.97962    -0.03770    -0.08369    -2.85823
   -0.15300        -3.04296    -0.03878    -0.08575    -2.91844
   -0.14700        -3.10567    -0.03995    -0.08777    -2.97795
   -0.14100        -3.16844    -0.04113    -0.08984    -3.03747
   -0.13500        -3.23045    -0.04229    -0.09179    -3.09637
   -0.12900        -3.29112    -0.04347    -0.09386    -3.15379
   -0.12300        -3.35195    -0.04463    -0.09609    -3.21123
   -0.11700        -3.41309    -0.04588    -0.09823    -3.26899
   -0.11100        -3.47373    -0.04714    -0.10038    -3.32621
   -0.10500        -3.53532    -0.04850    -0.10254    -3.38429
   -0.99000E-01    -3.59787    -0.04995    -0.10483    -3.44308
   -0.93000E-01    -3.66055    -0.05153    -0.10713    -3.50189
   -0.87000E-01    -3.72525    -0.05313    -0.10962    -3.56250
   -0.81000E-01    -3.79100    -0.05490    -0.11223    -3.62387
   -0.75000E-01    -3.85831    -0.05665    -0.11487    -3.68679
   -0.69000E-01    -3.92847    -0.05854    -0.11778    -3.75215
   -0.63000E-01    -4.00123    -0.06064    -0.12087    -3.81971
   -0.57000E-01    -4.07779    -0.06288    -0.12427    -3.89064
   -0.51000E-01    -4.15974    -0.06534    -0.12813    -3.96627
   -0.45000E-01    -4.24812    -0.06807    -0.13228    -4.04777
   -0.39000E-01    -4.34562    -0.07123    -0.13675    -4.13763
   -0.33000E-01    -4.45550    -0.07498    -0.14192    -4.23861
   -0.27000E-01    -4.58122    -0.07947    -0.14794    -4.35381
   -0.21300E-01    -4.67822    -0.08334    -0.15276    -4.44212
   -0.19500E-01    -4.69335    -0.08399    -0.15352    -4.45584
   -0.18900E-01    -4.70861    -0.08463    -0.15433    -4.46965
   -0.18300E-01    -4.72431    -0.08532    -0.15514    -4.48385
   -0.17700E-01    -4.74018    -0.08604    -0.15600    -4.49814
   -0.17100E-01    -4.75621    -0.08676    -0.15689    -4.51255
   -0.16500E-01    -4.77264    -0.08752    -0.15786    -4.52727
   -0.15900E-01    -4.78926    -0.08832    -0.15884    -4.54210
   -0.15300E-01    -4.80636    -0.08915    -0.15986    -4.55735
   -0.14700E-01    -4.82392    -0.09002    -0.16094    -4.57296
   -0.14100E-01    -4.84189    -0.09093    -0.16211    -4.58885
   -0.13500E-01    -4.86026    -0.09188    -0.16332    -4.60506
   -0.12900E-01    -4.87920    -0.09290    -0.16463    -4.62167
   -0.12300E-01    -4.89848    -0.09397    -0.16602    -4.63848
   -0.11700E-01    -4.91853    -0.09509    -0.16748    -4.65596
   -0.11100E-01    -4.93913    -0.09626    -0.16905    -4.67382
   -0.10500E-01    -4.96061    -0.09754    -0.17078    -4.69229
   -0.99000E-02    -4.98266    -0.09890    -0.17264    -4.71113
   -0.93000E-02    -5.00559    -0.10033    -0.17467    -4.73058
   -0.87000E-02    -5.02955    -0.10191    -0.17692    -4.75072
   -0.81000E-02    -5.05462    -0.10362    -0.17942    -4.77158
   -0.75000E-02    -5.08092    -0.10546    -0.18221    -4.79325
   -0.69000E-02    -5.10856    -0.10745    -0.18537    -4.81574
   -0.63000E-02    -5.13770    -0.10963    -0.18897    -4.83909
   -0.57000E-02    -5.16882    -0.11204    -0.19315    -4.86363
   -0.51000E-02    -5.20203    -0.11471    -0.19806    -4.88927
   -0.45000E-02    -5.23783    -0.11770    -0.20394    -4.91619
   -0.39000E-02    -5.27654    -0.12105    -0.21118    -4.94431
   -0.33000E-02    -5.31886    -0.12484    -0.22040    -4.97362
   -0.27000E-02    -5.36568    -0.12915    -0.23291    -5.00363
   -0.21000E-02    -5.42012    -0.13404    -0.25204    -5.03405
   -0.15000E-02    -5.49168    -0.13954    -0.28623    -5.06591
   -0.90000E-03    -5.59168    -0.14546    -0.33649    -5.10973
   -0.30000E-03    -7.07266    -0.14988    -0.34853    -6.57426
    0.30000E-03    -5.59397    -0.13783    -0.34410    -5.11204
    0.90000E-03    -5.50913    -0.08752    -0.33830    -5.08331
    0.15000E-02    -5.46259    -0.05343    -0.33307    -5.07609
    0.21000E-02    -5.43701    -0.03433    -0.32848    -5.07420
    0.27000E-02    -5.41995    -0.02187    -0.32440    -5.07368
    0.33000E-02    -5.40708    -0.01277    -0.32077    -5.07354
    0.39000E-02    -5.39685    -0.00572    -0.31764    -5.07349
    0.45000E-02    -5.38833     0.00002    -0.31489    -5.07347
    0.51000E-02    -5.38104     0.00484    -0.31242    -5.07345
    0.57000E-02    -5.37481     0.00889    -0.31025    -5.07344
    0.63000E-02    -5.36922     0.01240    -0.30820    -5.07343
    0.69000E-02    -5.36440     0.01537    -0.30635    -5.07342
    0.75000E-02    -5.35998     0.01809    -0.30467    -5.07340
    0.81000E-02    -5.35597     0.02057    -0.30315    -5.07339
    0.87000E-02    -5.35239     0.02276    -0.30177    -5.07338
    0.93000E-02    -5.34907     0.02475    -0.30046    -5.07336
    0.99000E-02    -5.34608     0.02654    -0.29927    -5.07335
    0.10500E-01    -5.34332     0.02817    -0.29815    -5.07333
    0.11100E-01    -5.34078     0.02966    -0.29713    -5.07331
    0.11700E-01    -5.33844     0.03105    -0.29620    -5.07329
    0.12300E-01    -5.33620     0.03236    -0.29529    -5.07327
    0.12900E-01    -5.33416     0.03356    -0.29447    -5.07325
    0.13500E-01    -5.33234     0.03464    -0.29374    -5.07323
    0.14100E-01    -5.33061     0.03566    -0.29306    -5.07321
    0.14700E-01    -5.32892     0.03666    -0.29240    -5.07318
    0.15300E-01    -5.32736     0.03758    -0.29178    -5.07316
    0.15900E-01    -5.32593     0.03838    -0.29118    -5.07313
    0.16500E-01    -5.32461     0.03916    -0.29067    -5.07310
    0.17100E-01    -5.32335     0.03987    -0.29015    -5.07307
    0.17700E-01    -5.32215     0.04055    -0.28966    -5.07304
    0.18300E-01    -5.32103     0.04121    -0.28923    -5.07301
    0.18900E-01    -5.32002     0.04181    -0.28885    -5.07299
    0.19500E-01    -5.31906     0.04237    -0.28848    -5.07296
    0.21300E-01    -5.31374     0.04550    -0.28652    -5.07272
    0.27000E-01    -5.30871     0.04845    -0.28483    -5.07233
    0.33000E-01    -5.30556     0.05022    -0.28393    -5.07185
    0.39000E-01    -5.30344     0.05131    -0.28348    -5.07127
    0.45000E-01    -5.30183     0.05204    -0.28326    -5.07061
    0.51000E-01    -5.30045     0.05250    -0.28313    -5.06983
    0.57000E-01    -5.29921     0.05282    -0.28303    -5.06901
    0.63000E-01    -5.29814     0.05300    -0.28297    -5.06818
    0.69000E-01    -5.29708     0.05313    -0.28292    -5.06728
    0.75000E-01    -5.29600     0.05321    -0.28288    -5.06633
    0.81000E-01    -5.29479     0.05330    -0.28283    -5.06525
    0.87000E-01    -5.29358     0.05337    -0.28279    -5.06417
    0.93000E-01    -5.29232     0.05342    -0.28269    -5.06305
    0.99000E-01    -5.29066     0.05376    -0.28265    -5.06178
    0.10500        -5.28926     0.05382    -0.28256    -5.06052
    0.11100        -5.28785     0.05386    -0.28252    -5.05919
    0.11700        -5.28637     0.05390    -0.28248    -5.05779
    0.12300        -5.28468     0.05416    -0.28244    -5.05640
    0.12900        -5.28280     0.05441    -0.28236    -5.05485
    0.13500        -5.28097     0.05465    -0.28232    -5.05331
    0.14100        -5.27911     0.05489    -0.28226    -5.05174
    0.14700        -5.27732     0.05512    -0.28219    -5.05026
    0.15300        -5.27567     0.05517    -0.28214    -5.04870
    0.15900        -5.27342     0.05540    -0.28176    -5.04705
    0.16500        -5.27154     0.05545    -0.28171    -5.04528
    0.17100        -5.26988     0.05549    -0.28164    -5.04373
    0.17700        -5.26808     0.05553    -0.28157    -5.04204
    0.18300        -5.26623     0.05557    -0.28150    -5.04030
    0.18900        -5.26423     0.05578    -0.28143    -5.03859
    0.19500        -5.26221     0.05599    -0.28136    -5.03685
    0.20100        -5.26028     0.05603    -0.28129    -5.03501
    0.20700        -5.25833     0.05623    -0.28124    -5.03332
    0.21300        -5.25636     0.05627    -0.28117    -5.03147
    0.22700        -5.23838     0.05672    -0.28068    -5.01442
    0.34500        -5.17859     0.05799    -0.27849    -4.95808
    0.49500        -5.11554     0.05939    -0.27613    -4.89881
    0.64500        -5.04987     0.06102    -0.27315    -4.83774
    0.79500        -4.98521     0.06283    -0.27035    -4.77769
    0.94500        -4.92047     0.06426    -0.26661    -4.71812
     1.0950        -4.85740     0.06570    -0.26322    -4.65988
     1.2450        -4.79594     0.06704    -0.26016    -4.60281
     1.3950        -4.73561     0.06855    -0.25736    -4.54680
     1.5450        -4.67745     0.06997    -0.25478    -4.49263
     1.6950        -4.62128     0.07126    -0.25237    -4.44017
     1.8450        -4.56716     0.07247    -0.25014    -4.38949
     1.9950        -4.51527     0.07360    -0.24805    -4.34083
     2.1450        -4.46523     0.07467    -0.24607    -4.29383
     2.2950        -4.41752     0.07566    -0.24423    -4.24896
     2.4450        -4.37178     0.07662    -0.24247    -4.20593
     2.5950        -4.32783     0.07752    -0.24080    -4.16455
     2.7450        -4.28579     0.07836    -0.23921    -4.12494
     2.8950        -4.24502     0.07917    -0.23771    -4.08648
     3.0450        -4.20628     0.07995    -0.23628    -4.04995
     3.1950        -4.16892     0.08069    -0.23489    -4.01472
     3.3450        -4.13306     0.08140    -0.23358    -3.98088
     3.4950        -4.09855     0.08208    -0.23230    -3.94833
     3.6450        -4.06509     0.08274    -0.23108    -3.91675
     3.7950        -4.03288     0.08336    -0.22992    -3.88633
     3.9450        -4.00178     0.08397    -0.22878    -3.85698
     4.0950        -3.97174     0.08455    -0.22768    -3.82861
     4.2450        -3.94271     0.08512    -0.22663    -3.80120
     4.3950        -3.91465     0.08567    -0.22561    -3.77472
     4.5450        -3.88741     0.08621    -0.22461    -3.74901
     4.6950        -3.86102     0.08673    -0.22364    -3.72410
     4.8450        -3.83545     0.08723    -0.22271    -3.69996
     4.9950        -3.81059     0.08772    -0.22181    -3.67650
     5.1450        -3.78642     0.08819    -0.22092    -3.65369
     5.2950        -3.76288     0.08865    -0.22007    -3.63147
     5.4450        -3.73945     0.08910    -0.21924    -3.60931
     5.5950        -3.71720     0.08953    -0.21843    -3.58831
     5.7450        -3.69549     0.08996    -0.21764    -3.56781
     5.8950        -3.67432     0.09038    -0.21687    -3.54782
     6.0450        -3.65366     0.09078    -0.21613    -3.52831
     6.1950        -3.63347     0.09118    -0.21539    -3.50926
     6.3450        -3.61379     0.09156    -0.21467    -3.49068
     6.4950        -3.59460     0.09194    -0.21397    -3.47256
     6.6450        -3.57578     0.09231    -0.21329    -3.45479
     6.7950        -3.55741     0.09267    -0.21263    -3.43746
     6.9450        -3.53938     0.09303    -0.21197    -3.42045
     7.0950        -3.52177     0.09338    -0.21133    -3.40382
     7.2450        -3.50450     0.09372    -0.21071    -3.38752
     7.3950        -3.48760     0.09406    -0.21010    -3.37156
     7.5450        -3.47097     0.09439    -0.20950    -3.35586
     7.6950        -3.45477     0.09470    -0.20890    -3.34057
     7.8450        -3.43884     0.09501    -0.20833    -3.32553
     7.9950        -3.42323     0.09532    -0.20777    -3.31077
     8.1450        -3.40787     0.09562    -0.20722    -3.29627
     8.2950        -3.39281     0.09591    -0.20667    -3.28205
     8.4450        -3.37801     0.09620    -0.20614    -3.26807
     8.5950        -3.36348     0.09648    -0.20561    -3.25435
     8.7450        -3.34922     0.09676    -0.20509    -3.24090
     8.8950        -3.33521     0.09704    -0.20459    -3.22766
     9.0450        -3.32143     0.09731    -0.20409    -3.21465
     9.1950        -3.30788     0.09757    -0.20359    -3.20186
     9.3450        -3.29455     0.09783    -0.20311    -3.18928
     9.4950        -3.28143     0.09809    -0.20263    -3.17688
     9.6450        -3.26851     0.09834    -0.20216    -3.16468
     9.7950        -3.25580     0.09859    -0.20170    -3.15269
     9.9450        -3.24328     0.09884    -0.20125    -3.14087
     10.095        -3.23093     0.09908    -0.20080    -3.12921
     10.245        -3.21877     0.09931    -0.20036    -3.11772
     10.395        -3.20679     0.09954    -0.19992    -3.10641
     10.545        -3.19498     0.09978    -0.19950    -3.09525
     10.695        -3.18337     0.10001    -0.19908    -3.08430
     10.845        -3.17192     0.10023    -0.19867    -3.07348
     10.995        -3.16061     0.10045    -0.19826    -3.06281
     11.145        -3.14947     0.10067    -0.19785    -3.05229
     11.295        -3.13846     0.10089    -0.19746    -3.04189
     11.445        -3.12764     0.10110    -0.19707    -3.03167
     11.595        -3.11697     0.10131    -0.19668    -3.02159
     11.745        -3.10641     0.10151    -0.19630    -3.01162
     11.895        -3.09600     0.10171    -0.19593    -3.00178
     12.045        -3.08574     0.10191    -0.19556    -2.99208
     12.195        -3.07557     0.10211    -0.19520    -2.98248
     12.345        -3.06551     0.10230    -0.19483    -2.97298
     12.495        -3.05564     0.10250    -0.19448    -2.96366
     12.645        -3.04586     0.10269    -0.19412    -2.95442
     12.795        -3.03621     0.10287    -0.19378    -2.94531
     12.945        -3.02669     0.10306    -0.19343    -2.93632
     13.095        -3.01726     0.10324    -0.19309    -2.92742
     13.245        -3.00792     0.10343    -0.19275    -2.91860
     13.395        -2.99873     0.10361    -0.19243    -2.90991
     13.545        -2.98962     0.10379    -0.19209    -2.90132
     13.695        -2.98061     0.10397    -0.19177    -2.89281
     13.845        -2.97171     0.10414    -0.19144    -2.88441
     13.995        -2.96296     0.10431    -0.19112    -2.87614
     14.145        -2.95425     0.10448    -0.19081    -2.86792
     14.295        -2.94567     0.10465    -0.19050    -2.85982
     14.445        -2.93715     0.10481    -0.19019    -2.85178
     14.595        -2.92875     0.10498    -0.18988    -2.84384
     14.745        -2.92043     0.10514    -0.18958    -2.83598
     14.895        -2.91219     0.10530    -0.18929    -2.82820
     15.045        -2.90404     0.10546    -0.18900    -2.82050
     15.195        -2.89594     0.10562    -0.18870    -2.81286
     15.345        -2.88795     0.10577    -0.18841    -2.80530
     15.495        -2.88004     0.10592    -0.18813    -2.79783
     15.645        -2.87225     0.10607    -0.18785    -2.79047
     15.795        -2.86452     0.10623    -0.18757    -2.78317
     15.945        -2.85685     0.10637    -0.18729    -2.77593
     16.095        -2.84925     0.10652    -0.18703    -2.76875
     16.245        -2.84175     0.10667    -0.18676    -2.76166
     16.395        -2.83427     0.10681    -0.18649    -2.75460
     16.545        -2.82689     0.10696    -0.18622    -2.74763
     16.695        -2.81961     0.10710    -0.18596    -2.74075
     16.845        -2.81240     0.10724    -0.18570    -2.73394
     16.995        -2.80524     0.10738    -0.18543    -2.72719
     17.145        -2.79814     0.10752    -0.18518    -2.72048
     17.295        -2.79110     0.10766    -0.18493    -2.71383
     17.445        -2.78413     0.10779    -0.18468    -2.70724
     17.595        -2.77723     0.10792    -0.18443    -2.70072
     17.745        -2.77039     0.10806    -0.18419    -2.69426
     17.895        -2.76360     0.10819    -0.18394    -2.68785
     18.045        -2.75686     0.10832    -0.18369    -2.68149
     18.195        -2.75019     0.10846    -0.18345    -2.67520
     18.345        -2.74358     0.10859    -0.18321    -2.66895
     18.495        -2.73701     0.10872    -0.18298    -2.66275
     18.645        -2.73053     0.10884    -0.18274    -2.65663
     18.795        -2.72410     0.10897    -0.18252    -2.65055
     18.945        -2.71772     0.10909    -0.18229    -2.64452
     19.095        -2.71136     0.10922    -0.18207    -2.63851
     19.245        -2.70510     0.10934    -0.18184    -2.63259
     19.395        -2.69889     0.10946    -0.18162    -2.62673
     19.545        -2.69273     0.10957    -0.18140    -2.62090
     19.695        -2.68663     0.10970    -0.18118    -2.61514
     19.845        -2.68053     0.10981    -0.18096    -2.60938
     19.995        -2.67450     0.10993    -0.18074    -2.60369
     20.145        -2.66851     0.11004    -0.18052    -2.59803
     20.295        -2.66257     0.11016    -0.18031    -2.59241
     20.445        -2.65669     0.11027    -0.18010    -2.58686
     20.595        -2.65087     0.11039    -0.17989    -2.58136
     20.745        -2.64504     0.11050    -0.17969    -2.57586
     20.895        -2.63928     0.11062    -0.17948    -2.57042
     21.045        -2.63359     0.11072    -0.17928    -2.56504
     21.195        -2.62795     0.11083    -0.17907    -2.55970
     21.345        -2.62231     0.11095    -0.17887    -2.55438
     21.495        -2.61673     0.11106    -0.17867    -2.54912
     21.645        -2.61117     0.11116    -0.17847    -2.54386
     21.795        -2.60567     0.11127    -0.17827    -2.53866
     21.945        -2.60023     0.11137    -0.17808    -2.53353
     22.095        -2.59481     0.11148    -0.17788    -2.52841
     22.245        -2.58944     0.11159    -0.17769    -2.52334
     22.395        -2.58409     0.11170    -0.17749    -2.51829
     22.545        -2.57880     0.11180    -0.17730    -2.51329
     22.695        -2.57355     0.11190    -0.17711    -2.50833
     22.845        -2.56835     0.11200    -0.17693    -2.50342
     22.995        -2.56315     0.11210    -0.17675    -2.49851
     23.145        -2.55798     0.11220    -0.17657    -2.49362
     23.295        -2.55287     0.11231    -0.17638    -2.48879
     23.445        -2.54782     0.11241    -0.17620    -2.48402
     23.595        -2.54278     0.11250    -0.17602    -2.47926
     23.745        -2.53777     0.11260    -0.17585    -2.47452
     23.895        -2.53279     0.11270    -0.17567    -2.46983
     24.045        -2.52785     0.11280    -0.17549    -2.46516
     24.195        -2.52297     0.11289    -0.17531    -2.46055
     24.345        -2.51807     0.11299    -0.17514    -2.45592
     24.495        -2.51318     0.11308    -0.17496    -2.45130
     24.645        -2.50837     0.11318    -0.17479    -2.44676
     24.795        -2.50359     0.11327    -0.17462    -2.44225
     24.945        -2.49885     0.11336    -0.17445    -2.43777
     25.095        -2.49412     0.11345    -0.17427    -2.43330
     25.245        -2.48942     0.11355    -0.17411    -2.42886
     25.395        -2.48476     0.11364    -0.17394    -2.42446
     25.545        -2.48012     0.11373    -0.17378    -2.42008
     25.695        -2.47550     0.11382    -0.17361    -2.41572
     25.845        -2.47093     0.11391    -0.17344    -2.41139
     25.995        -2.46639     0.11399    -0.17328    -2.40710
     26.145        -2.46188     0.11408    -0.17312    -2.40284
     26.295        -2.45738     0.11417    -0.17296    -2.39859
     26.445        -2.45293     0.11426    -0.17280    -2.39439
     26.595        -2.44849     0.11435    -0.17264    -2.39020
     26.745        -2.44409     0.11443    -0.17248    -2.38605
     26.895        -2.43972     0.11452    -0.17232    -2.38192
     27.045        -2.43537     0.11460    -0.17217    -2.37781
     27.195        -2.43103     0.11469    -0.17202    -2.37370
     27.345        -2.42674     0.11477    -0.17186    -2.36965
     27.495        -2.42248     0.11485    -0.17171    -2.36562
     27.645        -2.41822     0.11494    -0.17156    -2.36160
     27.795        -2.41399     0.11502    -0.17141    -2.35761
     27.945        -2.40978     0.11511    -0.17126    -2.35364
     28.095        -2.40563     0.11519    -0.17111    -2.34970
     28.245        -2.40149     0.11527    -0.17096    -2.34579
     28.395        -2.39736     0.11535    -0.17082    -2.34189
     28.545        -2.39324     0.11543    -0.17067    -2.33800
     28.695        -2.38915     0.11551    -0.17052    -2.33414
     28.845        -2.38509     0.11559    -0.17038    -2.33030
     28.995        -2.38105     0.11567    -0.17024    -2.32649
     29.145        -2.37703     0.11575    -0.17009    -2.32270
     29.295        -2.37303     0.11583    -0.16994    -2.31892
     29.445        -2.36904     0.11591    -0.16980    -2.31515
     29.595        -2.36508     0.11598    -0.16966    -2.31140
     29.745        -2.36114     0.11606    -0.16952    -2.30768
     29.895        -2.35723     0.11613    -0.16937    -2.30399
     30.045        -2.35335     0.11621    -0.16924    -2.30032
     30.195        -2.34948     0.11628    -0.16910    -2.29667
     30.345        -2.34561     0.11636    -0.16896    -2.29301
     30.495        -2.34180     0.11643    -0.16882    -2.28941
     30.645        -2.33799     0.11651    -0.16869    -2.28581
     30.795        -2.33420     0.11658    -0.16855    -2.28222
     30.945        -2.33044     0.11665    -0.16841    -2.27867
     31.095        -2.32668     0.11673    -0.16827    -2.27513
     31.245        -2.32297     0.11680    -0.16814    -2.27162
     31.395        -2.31928     0.11687    -0.16801    -2.26814
     31.545        -2.31559     0.11694    -0.16787    -2.26466
     31.695        -2.31191     0.11701    -0.16774    -2.26118
     31.845        -2.30826     0.11708    -0.16761    -2.25773
     31.995        -2.30463     0.11715    -0.16748    -2.25431
     32.145        -2.30102     0.11722    -0.16735    -2.25089
     32.295        -2.29742     0.11729    -0.16722    -2.24749
     32.445        -2.29386     0.11736    -0.16709    -2.24412
     32.595        -2.29030     0.11743    -0.16696    -2.24077
     32.745        -2.28675     0.11750    -0.16684    -2.23742
     32.895        -2.28324     0.11757    -0.16671    -2.23411
     33.045        -2.27972     0.11764    -0.16658    -2.23078
     33.195        -2.27623     0.11771    -0.16646    -2.22748
     33.345        -2.27275     0.11778    -0.16633    -2.22420
     33.495        -2.26929     0.11784    -0.16620    -2.22093
     33.645        -2.26585     0.11791    -0.16608    -2.21768
     33.795        -2.26242     0.11798    -0.16595    -2.21445
     33.945        -2.25901     0.11805    -0.16583    -2.21122
     34.095        -2.25562     0.11811    -0.16571    -2.20802
     34.245        -2.25227     0.11818    -0.16560    -2.20485
     34.395        -2.24890     0.11824    -0.16547    -2.20167
     34.545        -2.24555     0.11831    -0.16535    -2.19850
     34.695        -2.24223     0.11837    -0.16524    -2.19536
     34.845        -2.23891     0.11844    -0.16512    -2.19223
     34.995        -2.23562     0.11850    -0.16500    -2.18912
     35.145        -2.23237     0.11856    -0.16489    -2.18605
     35.295        -2.22910     0.11863    -0.16477    -2.18296
     35.445        -2.22585     0.11869    -0.16466    -2.17989
     35.595        -2.22263     0.11875    -0.16454    -2.17684
     35.745        -2.21941     0.11882    -0.16443    -2.17380
     35.895        -2.21622     0.11888    -0.16431    -2.17078
     36.045        -2.21304     0.11894    -0.16420    -2.16779
     36.195        -2.20986     0.11900    -0.16408    -2.16478
     36.345        -2.20671     0.11906    -0.16397    -2.16180
     36.495        -2.20358     0.11912    -0.16386    -2.15885
     36.645        -2.20045     0.11918    -0.16374    -2.15589
     36.795        -2.19734     0.11924    -0.16363    -2.15295
     36.945        -2.19424     0.11931    -0.16352    -2.15003
     37.095        -2.19115     0.11937    -0.16341    -2.14711
     37.245        -2.18808     0.11943    -0.16330    -2.14421
     37.395        -2.18502     0.11948    -0.16319    -2.14131
     37.545        -2.18195     0.11955    -0.16308    -2.13841
     37.695        -2.17892     0.11960    -0.16297    -2.13555
     37.845        -2.17589     0.11967    -0.16287    -2.13269
     37.995        -2.17288     0.11972    -0.16276    -2.12985
     38.145        -2.16990     0.11978    -0.16265    -2.12703
     38.295        -2.16689     0.11984    -0.16255    -2.12419
     38.445        -2.16391     0.11990    -0.16244    -2.12137
     38.595        -2.16095     0.11996    -0.16233    -2.11857
     38.745        -2.15799     0.12002    -0.16223    -2.11578
     38.895        -2.15506     0.12007    -0.16212    -2.11301
     39.045        -2.15212     0.12013    -0.16201    -2.11023
     39.195        -2.14922     0.12019    -0.16191    -2.10750
     39.345        -2.14631     0.12024    -0.16181    -2.10475
     39.495        -2.14344     0.12030    -0.16170    -2.10204
     39.645        -2.14057     0.12035    -0.16160    -2.09933
     39.795        -2.13770     0.12041    -0.16150    -2.09661
     39.945        -2.13485     0.12047    -0.16140    -2.09392
     40.095        -2.13201     0.12052    -0.16129    -2.09124
     40.245        -2.12920     0.12058    -0.16119    -2.08859
     40.395        -2.12639     0.12063    -0.16109    -2.08593
     40.545        -2.12357     0.12069    -0.16099    -2.08327
     40.695        -2.12077     0.12074    -0.16089    -2.08062
     40.845        -2.11798     0.12080    -0.16079    -2.07798
     40.995        -2.11521     0.12085    -0.16069    -2.07537
     41.145        -2.11247     0.12090    -0.16059    -2.07278
     41.295        -2.10971     0.12095    -0.16050    -2.07017
     41.445        -2.10697     0.12101    -0.16040    -2.06759
     41.595        -2.10425     0.12106    -0.16030    -2.06501
     41.745        -2.10153     0.12111    -0.16021    -2.06244
     41.895        -2.09882     0.12117    -0.16011    -2.05988
     42.045        -2.09613     0.12122    -0.16002    -2.05734
     42.195        -2.09347     0.12127    -0.15992    -2.05481
     42.345        -2.09080     0.12133    -0.15983    -2.05229
     42.495        -2.08813     0.12138    -0.15973    -2.04977
     42.645        -2.08549     0.12143    -0.15964    -2.04728
     42.795        -2.08285     0.12148    -0.15954    -2.04479
     42.945        -2.08022     0.12153    -0.15945    -2.04230
     43.095        -2.07760     0.12158    -0.15936    -2.03983
     43.245        -2.07499     0.12163    -0.15926    -2.03736
     43.395        -2.07239     0.12168    -0.15917    -2.03490
     43.545        -2.06980     0.12173    -0.15908    -2.03245
     43.695        -2.06723     0.12178    -0.15899    -2.03002
     43.845        -2.06464     0.12184    -0.15890    -2.02758
     43.995        -2.06208     0.12189    -0.15881    -2.02516
     44.145        -2.05953     0.12194    -0.15872    -2.02274
     44.295        -2.05697     0.12199    -0.15863    -2.02033
     44.445        -2.05443     0.12204    -0.15853    -2.01793
     44.595        -2.05191     0.12208    -0.15845    -2.01555
     44.745        -2.04938     0.12214    -0.15836    -2.01316
     44.895        -2.04688     0.12219    -0.15827    -2.01080
     45.045        -2.04437     0.12223    -0.15818    -2.00842
     45.195        -2.04187     0.12228    -0.15809    -2.00606
     45.345        -2.03939     0.12233    -0.15800    -2.00371
     45.495        -2.03692     0.12237    -0.15791    -2.00138
     45.645        -2.03445     0.12242    -0.15782    -1.99905
     45.795        -2.03199     0.12247    -0.15773    -1.99673
     45.945        -2.02955     0.12252    -0.15765    -1.99442
     46.095        -2.02712     0.12256    -0.15756    -1.99212
     46.245        -2.02469     0.12261    -0.15747    -1.98983
     46.395        -2.02229     0.12266    -0.15738    -1.98756
     46.545        -2.01989     0.12270    -0.15730    -1.98529
     46.695        -2.01750     0.12275    -0.15721    -1.98304
     46.845        -2.01511     0.12280    -0.15713    -1.98077
     46.995        -2.01273     0.12284    -0.15704    -1.97853
     47.145        -2.01035     0.12289    -0.15696    -1.97628
     47.295        -2.00800     0.12293    -0.15687    -1.97406
     47.445        -2.00562     0.12298    -0.15679    -1.97182
     47.595        -2.00327     0.12302    -0.15670    -1.96959
     47.745        -2.00092     0.12307    -0.15662    -1.96737
     47.895        -1.99859     0.12312    -0.15654    -1.96517
     48.045        -1.99627     0.12316    -0.15646    -1.96298
     48.195        -1.99397     0.12321    -0.15637    -1.96081
     48.345        -1.99164     0.12325    -0.15629    -1.95861
     48.495        -1.98935     0.12330    -0.15621    -1.95644
     48.645        -1.98704     0.12335    -0.15613    -1.95426
     48.795        -1.98475     0.12339    -0.15604    -1.95210
     48.945        -1.98249     0.12343    -0.15597    -1.94996
     49.095        -1.98022     0.12348    -0.15589    -1.94781
     49.245        -1.97795     0.12352    -0.15580    -1.94567
     49.395        -1.97570     0.12357    -0.15572    -1.94354
     49.545        -1.97345     0.12361    -0.15564    -1.94142
     49.695        -1.97121     0.12365    -0.15556    -1.93930
     49.845        -1.96897     0.12370    -0.15548    -1.93719
     49.995        -1.96674     0.12374    -0.15540    -1.93508
     50.145        -1.96453     0.12378    -0.15533    -1.93299
     50.295        -1.96231     0.12383    -0.15525    -1.93089
     50.445        -1.96010     0.12387    -0.15517    -1.92880
     50.595        -1.95791     0.12392    -0.15510    -1.92673
     50.745        -1.95572     0.12396    -0.15502    -1.92466
     50.895        -1.95353     0.12400    -0.15494    -1.92260
     51.045        -1.95136     0.12404    -0.15486    -1.92055
     51.195        -1.94920     0.12409    -0.15478    -1.91850
     51.345        -1.94703     0.12413    -0.15471    -1.91645
     51.495        -1.94488     0.12417    -0.15463    -1.91442
     51.645        -1.94274     0.12421    -0.15455    -1.91240
     51.795        -1.94060     0.12425    -0.15448    -1.91037
     51.945        -1.93845     0.12430    -0.15440    -1.90834
     52.095        -1.93633     0.12434    -0.15432    -1.90634
     52.245        -1.93420     0.12438    -0.15425    -1.90433
     52.395        -1.93209     0.12442    -0.15417    -1.90234
     52.545        -1.92998     0.12446    -0.15410    -1.90034
     52.695        -1.92787     0.12450    -0.15402    -1.89834
     52.845        -1.92577     0.12454    -0.15394    -1.89637
     52.995        -1.92368     0.12458    -0.15387    -1.89439
     53.145        -1.92160     0.12462    -0.15380    -1.89242
     53.295        -1.91952     0.12466    -0.15373    -1.89045
     53.445        -1.91745     0.12470    -0.15365    -1.88850
     53.595        -1.91539     0.12474    -0.15358    -1.88655
     53.745        -1.91333     0.12478    -0.15351    -1.88460
     53.895        -1.91129     0.12482    -0.15343    -1.88268
     54.045        -1.90926     0.12486    -0.15336    -1.88076
     54.195        -1.90721     0.12490    -0.15329    -1.87882
     54.345        -1.90517     0.12494    -0.15322    -1.87690
     54.495        -1.90315     0.12498    -0.15314    -1.87499
     54.645        -1.90112     0.12502    -0.15307    -1.87307
     54.795        -1.89911     0.12506    -0.15300    -1.87117
     54.945        -1.89712     0.12510    -0.15293    -1.86929
     55.095        -1.89511     0.12514    -0.15286    -1.86739
     59.433        -1.73885     0.12820    -0.14730    -1.71974
     80.646        -1.51241     0.13263    -0.13929    -1.50575
     111.21        -1.29454     0.13688    -0.13162    -1.29980
     153.36        -1.08508     0.14101    -0.12432    -1.10177
     211.49        -0.88439     0.14493    -0.11731    -0.91201
     291.64        -0.69208     0.14871    -0.11063    -0.73016
     402.18        -0.50810     0.15231    -0.10427    -0.55615
     554.60        -0.33208     0.15577    -0.09819    -0.38966
     764.80        -0.16400     0.15906    -0.09242    -0.23063
     1054.7        -0.00343     0.16221    -0.08694    -0.07870
     1454.4         0.14985     0.16522    -0.08174     0.06637
     2005.6         0.29602     0.16809    -0.07678     0.20471
     2765.8         0.43552     0.17081    -0.07207     0.33678
     3814.0         0.56866     0.17343    -0.06758     0.46281
     5259.5         0.69575     0.17591    -0.06332     0.58315
     7252.9         0.81679     0.17828    -0.05928     0.69779
     10002.         0.93225     0.18053    -0.05547     0.80719
     13793.         1.04233     0.18270    -0.05184     0.91146
     19020.         1.14722     0.18476    -0.04839     1.01086
     26229.         1.24718     0.18672    -0.04509     1.10555
     36170.         1.34251     0.18860    -0.04196     1.19587
     49878.         1.43337     0.19038    -0.03897     1.28195
     68782.         1.51981     0.19211    -0.03614     1.36384
     94851.         1.60214     0.19372    -0.03344     1.44185
    0.13080E+06     1.68040     0.19526    -0.03086     1.51600
    0.18038E+06     1.75473     0.19672    -0.02843     1.58643
    0.24874E+06     1.82547     0.19811    -0.02609     1.65345
    0.34301E+06     1.89268     0.19943    -0.02387     1.71711
    0.47302E+06     1.95654     0.20070    -0.02176     1.77760
    0.65229E+06     2.01725     0.20191    -0.01975     1.83509
    0.89952E+06     2.07477     0.20306    -0.01784     1.88956
    0.12404E+07     2.12943     0.20412    -0.01602     1.94133
    0.17106E+07     2.18132     0.20515    -0.01430     1.99047
    0.23589E+07     2.23050     0.20613    -0.01267     2.03704
    0.32529E+07     2.27725     0.20706    -0.01111     2.08130
    0.44858E+07     2.32163     0.20793    -0.00963     2.12333
    0.61860E+07     2.36374     0.20877    -0.00823     2.16320
    0.85305E+07     2.40368     0.20956    -0.00690     2.20102
    0.11764E+08     2.44165     0.21032    -0.00564     2.23697
    0.16222E+08     2.47765     0.21103    -0.00444     2.27105
    0.22370E+08     2.51174     0.21171    -0.00331     2.30334
    0.30849E+08     2.54406     0.21236    -0.00223     2.33393
    0.42541E+08     2.57445     0.21296    -0.00120     2.36268
    0.58664E+08     2.60309     0.21354    -0.00022     2.38977
    0.80898E+08     2.63006     0.21409     0.00071     2.41526
    0.11156E+09     2.65545     0.21460     0.00159     2.43925
    0.15384E+09     2.67943     0.21508     0.00243     2.46192
    0.21215E+09     2.70209     0.21554     0.00323     2.48332
    0.29255E+09     2.72350     0.21598     0.00398     2.50354
    0.40343E+09     2.74363     0.21638     0.00469     2.52256
    0.55633E+09     2.76262     0.21676     0.00536     2.54050
    0.76719E+09     2.78002     0.21712     0.00599     2.55691
    0.10580E+10     2.79581     0.21747     0.00658     2.57176
    0.14589E+10     2.81030     0.21779     0.00715     2.58536
    0.20119E+10     2.82360     0.21809     0.00768     2.59784
    0.27744E+10     2.83594     0.21835     0.00818     2.60940
    0.38259E+10     2.84726     0.21860     0.00864     2.62001
    0.52760E+10     2.85772     0.21882     0.00909     2.62981
    0.72756E+10     2.86740     0.21903     0.00950     2.63887
    0.10033E+11     2.87635     0.21922     0.00989     2.64724
    0.13836E+11     2.88458     0.21940     0.01024     2.65495
    0.19079E+11     2.89217     0.21956     0.01056     2.66205
    0.26311E+11     2.89919     0.21971     0.01086     2.66862
    0.36283E+11     2.90565     0.21984     0.01113     2.67468
    0.50034E+11     2.91163     0.21997     0.01138     2.68028
    0.68997E+11     2.91714     0.22009     0.01161     2.68544
    0.10000E+12     2.98319     0.22147     0.01438     2.74734
