    -99.945         0.00000     0.00000     0.00000     0.00000
    -99.795         0.00000     0.00000     0.00000     0.00000
    -99.645         0.00000     0.00000     0.00000     0.00000
    -99.495         0.00000     0.00000     0.00000     0.00000
    -99.345         0.00000     0.00000     0.00000     0.00000
    -99.195         0.00000     0.00000     0.00000     0.00000
    -99.045         0.00000     0.00000     0.00000     0.00000
    -98.895         0.00000     0.00000     0.00000     0.00000
    -98.745         0.00000     0.00000     0.00000     0.00000
    -98.595         0.00000     0.00000     0.00000     0.00000
    -98.445         0.00000     0.00000     0.00000     0.00000
    -98.295         0.00000     0.00000     0.00000     0.00000
    -98.145         0.00000     0.00000     0.00000     0.00000
    -97.995         0.00000     0.00000     0.00000     0.00000
    -97.845         0.00000     0.00000     0.00000     0.00000
    -97.695         0.00000     0.00000     0.00000     0.00000
    -97.545         0.00000     0.00000     0.00000     0.00000
    -97.395         0.00000     0.00000     0.00000     0.00000
    -97.245         0.00000     0.00000     0.00000     0.00000
    -97.095         0.00000     0.00000     0.00000     0.00000
    -96.945         0.00000     0.00000     0.00000     0.00000
    -96.795         0.00000     0.00000     0.00000     0.00000
    -96.645         0.00000     0.00000     0.00000     0.00000
    -96.495         0.00000     0.00000     0.00000     0.00000
    -96.345         0.00000     0.00000     0.00000     0.00000
    -96.195         0.00000     0.00000     0.00000     0.00000
    -96.045         0.00000     0.00000     0.00000     0.00000
    -95.895         0.00000     0.00000     0.00000     0.00000
    -95.745         0.00000     0.00000     0.00000     0.00000
    -95.595         0.00000     0.00000     0.00000     0.00000
    -95.445         0.00000     0.00000     0.00000     0.00000
    -95.295         0.00000     0.00000     0.00000     0.00000
    -95.145         0.00000     0.00000     0.00000     0.00000
    -94.995         0.00000     0.00000     0.00000     0.00000
    -94.845         0.00000     0.00000     0.00000     0.00000
    -94.695         0.00000     0.00000     0.00000     0.00000
    -94.545         0.00000     0.00000     0.00000     0.00000
    -94.395         0.00000     0.00000     0.00000     0.00000
    -94.245         0.00000     0.00000     0.00000     0.00000
    -94.095         0.00000     0.00000     0.00000     0.00000
    -93.945         0.00000     0.00000     0.00000     0.00000
    -93.795         0.00000     0.00000     0.00000     0.00000
    -93.645         0.00000     0.00000     0.00000     0.00000
    -93.495         0.00000     0.00000     0.00000     0.00000
    -93.345         0.00000     0.00000     0.00000     0.00000
    -93.195         0.00000     0.00000     0.00000     0.00000
    -93.045         0.00000     0.00000     0.00000     0.00000
    -92.895         0.00000     0.00000     0.00000     0.00000
    -92.745         0.00000     0.00000     0.00000     0.00000
    -92.595         0.00000     0.00000     0.00000     0.00000
    -92.445         0.00000     0.00000     0.00000     0.00000
    -92.295         0.00000     0.00000     0.00000     0.00000
    -92.145         0.00000     0.00000     0.00000     0.00000
    -91.995         0.00000     0.00000     0.00000     0.00000
    -91.845         0.00000     0.00000     0.00000     0.00000
    -91.695         0.00000     0.00000     0.00000     0.00000
    -91.545         0.00000     0.00000     0.00000     0.00000
    -91.395         0.00000     0.00000     0.00000     0.00000
    -91.245         0.00000     0.00000     0.00000     0.00000
    -91.095         0.00000     0.00000     0.00000     0.00000
    -90.945         0.00000     0.00000     0.00000     0.00000
    -90.795         0.00000     0.00000     0.00000     0.00000
    -90.645         0.00000     0.00000     0.00000     0.00000
    -90.495         0.00000     0.00000     0.00000     0.00000
    -90.345         0.00000     0.00000     0.00000     0.00000
    -90.195         0.00000     0.00000     0.00000     0.00000
    -90.045         0.00000     0.00000     0.00000     0.00000
    -89.895         0.00000     0.00000     0.00000     0.00000
    -89.745         0.00000     0.00000     0.00000     0.00000
    -89.595         0.00000     0.00000     0.00000     0.00000
    -89.445         0.00000     0.00000     0.00000     0.00000
    -89.295         0.00000     0.00000     0.00000     0.00000
    -89.145         0.00000     0.00000     0.00000     0.00000
    -88.995         0.00000     0.00000     0.00000     0.00000
    -88.845         0.00000     0.00000     0.00000     0.00000
    -88.695         0.00000     0.00000     0.00000     0.00000
    -88.545         0.00000     0.00000     0.00000     0.00000
    -88.395         0.00000     0.00000     0.00000     0.00000
    -88.245         0.00000     0.00000     0.00000     0.00000
    -88.095         0.00000     0.00000     0.00000     0.00000
    -87.945         0.00000     0.00000     0.00000     0.00000
    -87.795         0.00000     0.00000     0.00000     0.00000
    -87.645         0.00000     0.00000     0.00000     0.00000
    -87.495         0.00000     0.00000     0.00000     0.00000
    -87.345         0.00000     0.00000     0.00000     0.00000
    -87.195         0.00000     0.00000     0.00000     0.00000
    -87.045         0.00000     0.00000     0.00000     0.00000
    -86.895         0.00000     0.00000     0.00000     0.00000
    -86.745         0.00000     0.00000     0.00000     0.00000
    -86.595         0.00000     0.00000     0.00000     0.00000
    -86.445         0.00000     0.00000     0.00000     0.00000
    -86.295         0.00000     0.00000     0.00000     0.00000
    -86.145         0.00000     0.00000     0.00000     0.00000
    -85.995         0.00000     0.00000     0.00000     0.00000
    -85.845         0.00000     0.00000     0.00000     0.00000
    -85.695         0.00000     0.00000     0.00000     0.00000
    -85.545         0.00000     0.00000     0.00000     0.00000
    -85.395         0.00000     0.00000     0.00000     0.00000
    -85.245         0.00000     0.00000     0.00000     0.00000
    -85.095         0.00000     0.00000     0.00000     0.00000
    -84.945         0.00000     0.00000     0.00000     0.00000
    -84.795         0.00000     0.00000     0.00000     0.00000
    -84.645         0.00000     0.00000     0.00000     0.00000
    -84.495         0.00000     0.00000     0.00000     0.00000
    -84.345         0.00000     0.00000     0.00000     0.00000
    -84.195         0.00000     0.00000     0.00000     0.00000
    -84.045         0.00000     0.00000     0.00000     0.00000
    -83.895         0.00000     0.00000     0.00000     0.00000
    -83.745         0.00000     0.00000     0.00000     0.00000
    -83.595         0.00000     0.00000     0.00000     0.00000
    -83.445         0.00000     0.00000     0.00000     0.00000
    -83.295         0.00000     0.00000     0.00000     0.00000
    -83.145         0.00000     0.00000     0.00000     0.00000
    -82.995         0.00000     0.00000     0.00000     0.00000
    -82.845         0.00000     0.00000     0.00000     0.00000
    -82.695         0.00000     0.00000     0.00000     0.00000
    -82.545         0.00000     0.00000     0.00000     0.00000
    -82.395         0.00000     0.00000     0.00000     0.00000
    -82.245         0.00000     0.00000     0.00000     0.00000
    -82.095         0.00000     0.00000     0.00000     0.00000
    -81.945         0.00000     0.00000     0.00000     0.00000
    -81.795         0.00000     0.00000     0.00000     0.00000
    -81.645         0.00000     0.00000     0.00000     0.00000
    -81.495         0.00000     0.00000     0.00000     0.00000
    -81.345         0.00000     0.00000     0.00000     0.00000
    -81.195         0.00000     0.00000     0.00000     0.00000
    -81.045         0.00000     0.00000     0.00000     0.00000
    -80.895         0.00000     0.00000     0.00000     0.00000
    -80.745         0.00000     0.00000     0.00000     0.00000
    -80.595         0.00000     0.00000     0.00000     0.00000
    -80.445         0.00000     0.00000     0.00000     0.00000
    -80.295         0.00000     0.00000     0.00000     0.00000
    -80.145         0.00000     0.00000     0.00000     0.00000
    -79.995         0.00000     0.00000     0.00000     0.00000
    -79.845         0.00000     0.00000     0.00000     0.00000
    -79.695         0.00000     0.00000     0.00000     0.00000
    -79.545         0.00000     0.00000     0.00000     0.00000
    -79.395         0.00000     0.00000     0.00000     0.00000
    -79.245         0.00000     0.00000     0.00000     0.00000
    -79.095         0.00000     0.00000     0.00000     0.00000
    -78.945         0.00000     0.00000     0.00000     0.00000
    -78.795         0.00000     0.00000     0.00000     0.00000
    -78.645         0.00000     0.00000     0.00000     0.00000
    -78.495         0.00000     0.00000     0.00000     0.00000
    -78.345         0.00000     0.00000     0.00000     0.00000
    -78.195         0.00000     0.00000     0.00000     0.00000
    -78.045         0.00000     0.00000     0.00000     0.00000
    -77.895         0.00000     0.00000     0.00000     0.00000
    -77.745         0.00000     0.00000     0.00000     0.00000
    -77.595         0.00000     0.00000     0.00000     0.00000
    -77.445         0.00000     0.00000     0.00000     0.00000
    -77.295         0.00000     0.00000     0.00000     0.00000
    -77.145         0.00000     0.00000     0.00000     0.00000
    -76.995         0.00000     0.00000     0.00000     0.00000
    -76.845         0.00000     0.00000     0.00000     0.00000
    -76.695         0.00000     0.00000     0.00000     0.00000
    -76.545         0.00000     0.00000     0.00000     0.00000
    -76.395         0.00000     0.00000     0.00000     0.00000
    -76.245         0.00000     0.00000     0.00000     0.00000
    -76.095         0.00000     0.00000     0.00000     0.00000
    -75.945         0.00000     0.00000     0.00000     0.00000
    -75.795         0.00000     0.00000     0.00000     0.00000
    -75.645         0.00000     0.00000     0.00000     0.00000
    -75.495         0.00000     0.00000     0.00000     0.00000
    -75.345         0.00000     0.00000     0.00000     0.00000
    -75.195         0.00000     0.00000     0.00000     0.00000
    -75.045         0.00000     0.00000     0.00000     0.00000
    -74.895         0.00000     0.00000     0.00000     0.00000
    -74.745         0.00000     0.00000     0.00000     0.00000
    -74.595         0.00000     0.00000     0.00000     0.00000
    -74.445         0.00000     0.00000     0.00000     0.00000
    -74.295         0.00000     0.00000     0.00000     0.00000
    -74.145         0.00000     0.00000     0.00000     0.00000
    -73.995         0.00000     0.00000     0.00000     0.00000
    -73.845         0.00000     0.00000     0.00000     0.00000
    -73.695         0.00000     0.00000     0.00000     0.00000
    -73.545         0.00000     0.00000     0.00000     0.00000
    -73.395         0.00000     0.00000     0.00000     0.00000
    -73.245         0.00000     0.00000     0.00000     0.00000
    -73.095         0.00000     0.00000     0.00000     0.00000
    -72.945         0.00000     0.00000     0.00000     0.00000
    -72.795         0.00000     0.00000     0.00000     0.00000
    -72.645         0.00000     0.00000     0.00000     0.00000
    -72.495         0.00000     0.00000     0.00000     0.00000
    -72.345         0.00000     0.00000     0.00000     0.00000
    -72.195         0.00000     0.00000     0.00000     0.00000
    -72.045         0.00000     0.00000     0.00000     0.00000
    -71.895         0.00000     0.00000     0.00000     0.00000
    -71.745         0.00000     0.00000     0.00000     0.00000
    -71.595         0.00000     0.00000     0.00000     0.00000
    -71.445         0.00000     0.00000     0.00000     0.00000
    -71.295         0.00000     0.00000     0.00000     0.00000
    -71.145         0.00000     0.00000     0.00000     0.00000
    -70.995         0.00000     0.00000     0.00000     0.00000
    -70.845         0.00000     0.00000     0.00000     0.00000
    -70.695         0.00000     0.00000     0.00000     0.00000
    -70.545         0.00000     0.00000     0.00000     0.00000
    -70.395         0.00000     0.00000     0.00000     0.00000
    -70.245         0.00000     0.00000     0.00000     0.00000
    -70.095         0.00000     0.00000     0.00000     0.00000
    -69.945         0.00000     0.00000     0.00000     0.00000
    -69.795         0.00000     0.00000     0.00000     0.00000
    -69.645         0.00000     0.00000     0.00000     0.00000
    -69.495         0.00000     0.00000     0.00000     0.00000
    -69.345         0.00000     0.00000     0.00000     0.00000
    -69.195         0.00000     0.00000     0.00000     0.00000
    -69.045         0.00000     0.00000     0.00000     0.00000
    -68.895         0.00000     0.00000     0.00000     0.00000
    -68.745         0.00000     0.00000     0.00000     0.00000
    -68.595         0.00000     0.00000     0.00000     0.00000
    -68.445         0.00000     0.00000     0.00000     0.00000
    -68.295         0.00000     0.00000     0.00000     0.00000
    -68.145         0.00000     0.00000     0.00000     0.00000
    -67.995         0.00000     0.00000     0.00000     0.00000
    -67.845         0.00000     0.00000     0.00000     0.00000
    -67.695         0.00000     0.00000     0.00000     0.00000
    -67.545         0.00000     0.00000     0.00000     0.00000
    -67.395         0.00000     0.00000     0.00000     0.00000
    -67.245         0.00000     0.00000     0.00000     0.00000
    -67.095         0.00000     0.00000     0.00000     0.00000
    -66.945         0.00000     0.00000     0.00000     0.00000
    -66.795         0.00000     0.00000     0.00000     0.00000
    -66.645         0.00000     0.00000     0.00000     0.00000
    -66.495         0.00000     0.00000     0.00000     0.00000
    -66.345         0.00000     0.00000     0.00000     0.00000
    -66.195         0.00000     0.00000     0.00000     0.00000
    -66.045         0.00000     0.00000     0.00000     0.00000
    -65.895         0.00000     0.00000     0.00000     0.00000
    -65.745         0.00000     0.00000     0.00000     0.00000
    -65.595         0.00000     0.00000     0.00000     0.00000
    -65.445         0.00000     0.00000     0.00000     0.00000
    -65.295         0.00000     0.00000     0.00000     0.00000
    -65.145         0.00000     0.00000     0.00000     0.00000
    -64.995         0.00000     0.00000     0.00000     0.00000
    -64.845         0.00000     0.00000     0.00000     0.00000
    -64.695         0.00000     0.00000     0.00000     0.00000
    -64.545         0.00000     0.00000     0.00000     0.00000
    -64.395         0.00000     0.00000     0.00000     0.00000
    -64.245         0.00000     0.00000     0.00000     0.00000
    -64.095         0.00000     0.00000     0.00000     0.00000
    -63.945         0.00000     0.00000     0.00000     0.00000
    -63.795         0.00000     0.00000     0.00000     0.00000
    -63.645         0.00000     0.00000     0.00000     0.00000
    -63.495         0.00000     0.00000     0.00000     0.00000
    -63.345         0.00000     0.00000     0.00000     0.00000
    -63.195         0.00000     0.00000     0.00000     0.00000
    -63.045         0.00000     0.00000     0.00000     0.00000
    -62.895         0.00000     0.00000     0.00000     0.00000
    -62.745         0.00000     0.00000     0.00000     0.00000
    -62.595         0.00000     0.00000     0.00000     0.00000
    -62.445         0.00000     0.00000     0.00000     0.00000
    -62.295         0.00000     0.00000     0.00000     0.00000
    -62.145         0.00000     0.00000     0.00000     0.00000
    -61.995         0.00000     0.00000     0.00000     0.00000
    -61.845         0.00000     0.00000     0.00000     0.00000
    -61.695         0.00000     0.00000     0.00000     0.00000
    -61.545         0.00000     0.00000     0.00000     0.00000
    -61.395         0.00000     0.00000     0.00000     0.00000
    -61.245         0.00000     0.00000     0.00000     0.00000
    -61.095         0.00000     0.00000     0.00000     0.00000
    -60.945         0.00000     0.00000     0.00000     0.00000
    -60.795         0.00000     0.00000     0.00000     0.00000
    -60.645         0.00000     0.00000     0.00000     0.00000
    -60.495         0.00000     0.00000     0.00000     0.00000
    -60.345         0.00000     0.00000     0.00000     0.00000
    -60.195         0.00000     0.00000     0.00000     0.00000
    -60.045         0.00000     0.00000     0.00000     0.00000
    -59.895         0.00000     0.00000     0.00000     0.00000
    -59.745         0.00000     0.00000     0.00000     0.00000
    -59.595         0.00000     0.00000     0.00000     0.00000
    -59.445         0.00000     0.00000     0.00000     0.00000
    -59.295         0.00000     0.00000     0.00000     0.00000
    -59.145         0.00000     0.00000     0.00000     0.00000
    -58.995         0.00000     0.00000     0.00000     0.00000
    -58.845         0.00000     0.00000     0.00000     0.00000
    -58.695         0.00000     0.00000     0.00000     0.00000
    -58.545         0.00000     0.00000     0.00000     0.00000
    -58.395         0.00000     0.00000     0.00000     0.00000
    -58.245         0.00000     0.00000     0.00000     0.00000
    -58.095         0.00000     0.00000     0.00000     0.00000
    -57.945         0.00000     0.00000     0.00000     0.00000
    -57.795         0.00000     0.00000     0.00000     0.00000
    -57.645         0.00000     0.00000     0.00000     0.00000
    -57.495         0.00000     0.00000     0.00000     0.00000
    -57.345         0.00000     0.00000     0.00000     0.00000
    -57.195         0.00000     0.00000     0.00000     0.00000
    -57.045         0.00000     0.00000     0.00000     0.00000
    -56.895         0.00000     0.00000     0.00000     0.00000
    -56.745         0.00000     0.00000     0.00000     0.00000
    -56.595         0.00000     0.00000     0.00000     0.00000
    -56.445         0.00000     0.00000     0.00000     0.00000
    -56.295         0.00000     0.00000     0.00000     0.00000
    -56.145         0.00000     0.00000     0.00000     0.00000
    -55.995         0.00000     0.00000     0.00000     0.00000
    -55.845         0.00000     0.00000     0.00000     0.00000
    -55.695         0.00000     0.00000     0.00000     0.00000
    -55.545         0.00000     0.00000     0.00000     0.00000
    -55.395         0.00000     0.00000     0.00000     0.00000
    -55.245         0.00000     0.00000     0.00000     0.00000
    -55.095         0.00000     0.00000     0.00000     0.00000
    -54.945         0.00000     0.00000     0.00000     0.00000
    -54.795         0.00000     0.00000     0.00000     0.00000
    -54.645         0.00000     0.00000     0.00000     0.00000
    -54.495         0.00000     0.00000     0.00000     0.00000
    -54.345         0.00000     0.00000     0.00000     0.00000
    -54.195         0.00000     0.00000     0.00000     0.00000
    -54.045         0.00000     0.00000     0.00000     0.00000
    -53.895         0.00000     0.00000     0.00000     0.00000
    -53.745         0.00000     0.00000     0.00000     0.00000
    -53.595         0.00000     0.00000     0.00000     0.00000
    -53.445         0.00000     0.00000     0.00000     0.00000
    -53.295         0.00000     0.00000     0.00000     0.00000
    -53.145         0.00000     0.00000     0.00000     0.00000
    -52.995         0.00000     0.00000     0.00000     0.00000
    -52.845         0.00000     0.00000     0.00000     0.00000
    -52.695         0.00000     0.00000     0.00000     0.00000
    -52.545         0.00000     0.00000     0.00000     0.00000
    -52.395         0.00000     0.00000     0.00000     0.00000
    -52.245         0.00000     0.00000     0.00000     0.00000
    -52.095         0.00000     0.00000     0.00000     0.00000
    -51.945         0.00000     0.00000     0.00000     0.00000
    -51.795         0.00000     0.00000     0.00000     0.00000
    -51.645         0.00000     0.00000     0.00000     0.00000
    -51.495         0.00000     0.00000     0.00000     0.00000
    -51.345         0.00000     0.00000     0.00000     0.00000
    -51.195         0.00000     0.00000     0.00000     0.00000
    -51.045         0.00000     0.00000     0.00000     0.00000
    -50.895         0.00000     0.00000     0.00000     0.00000
    -50.745         0.00000     0.00000     0.00000     0.00000
    -50.595         0.00000     0.00000     0.00000     0.00000
    -50.445         0.00000     0.00000     0.00000     0.00000
    -50.295         0.00000     0.00000     0.00000     0.00000
    -50.145         0.00000     0.00000     0.00000     0.00000
    -49.995         0.00000     0.00000     0.00000     0.00000
    -49.845         0.00000     0.00000     0.00000     0.00000
    -49.695         0.00000     0.00000     0.00000     0.00000
    -49.545         0.00000     0.00000     0.00000     0.00000
    -49.395         0.00000     0.00000     0.00000     0.00000
    -49.245         0.00000     0.00000     0.00000     0.00000
    -49.095         0.00000     0.00000     0.00000     0.00000
    -48.945         0.00000     0.00000     0.00000     0.00000
    -48.795         0.00000     0.00000     0.00000     0.00000
    -48.645         0.00000     0.00000     0.00000     0.00000
    -48.495         0.00000     0.00000     0.00000     0.00000
    -48.345         0.00000     0.00000     0.00000     0.00000
    -48.195         0.00000     0.00000     0.00000     0.00000
    -48.045         0.00000     0.00000     0.00000     0.00000
    -47.895         0.00000     0.00000     0.00000     0.00000
    -47.745         0.00000     0.00000     0.00000     0.00000
    -47.595         0.00000     0.00000     0.00000     0.00000
    -47.445         0.00000     0.00000     0.00000     0.00000
    -47.295         0.00000     0.00000     0.00000     0.00000
    -47.145         0.00000     0.00000     0.00000     0.00000
    -46.995         0.00000     0.00000     0.00000     0.00000
    -46.845         0.00000     0.00000     0.00000     0.00000
    -46.695         0.00000     0.00000     0.00000     0.00000
    -46.545         0.00000     0.00000     0.00000     0.00000
    -46.395         0.00000     0.00000     0.00000     0.00000
    -46.245         0.00000     0.00000     0.00000     0.00000
    -46.095         0.00000     0.00000     0.00000     0.00000
    -45.945         0.00000     0.00000     0.00000     0.00000
    -45.795         0.00000     0.00000     0.00000     0.00000
    -45.645         0.00000     0.00000     0.00000     0.00000
    -45.495         0.00000     0.00000     0.00000     0.00000
    -45.345         0.00000     0.00000     0.00000     0.00000
    -45.195         0.00000     0.00000     0.00000     0.00000
    -45.045         0.00000     0.00000     0.00000     0.00000
    -44.895         0.00000     0.00000     0.00000     0.00000
    -44.745         0.00000     0.00000     0.00000     0.00000
    -44.595         0.00000     0.00000     0.00000     0.00000
    -44.445         0.00000     0.00000     0.00000     0.00000
    -44.295         0.00000     0.00000     0.00000     0.00000
    -44.145         0.00000     0.00000     0.00000     0.00000
    -43.995         0.00000     0.00000     0.00000     0.00000
    -43.845         0.00000     0.00000     0.00000     0.00000
    -43.695         0.00000     0.00000     0.00000     0.00000
    -43.545         0.00000     0.00000     0.00000     0.00000
    -43.395         0.00000     0.00000     0.00000     0.00000
    -43.245         0.00000     0.00000     0.00000     0.00000
    -43.095         0.00000     0.00000     0.00000     0.00000
    -42.945         0.00000     0.00000     0.00000     0.00000
    -42.795         0.00000     0.00000     0.00000     0.00000
    -42.645         0.00000     0.00000     0.00000     0.00000
    -42.495         0.00000     0.00000     0.00000     0.00000
    -42.345         0.00000     0.00000     0.00000     0.00000
    -42.195         0.00000     0.00000     0.00000     0.00000
    -42.045         0.00000     0.00000     0.00000     0.00000
    -41.895         0.00000     0.00000     0.00000     0.00000
    -41.745         0.00000     0.00000     0.00000     0.00000
    -41.595         0.00000     0.00000     0.00000     0.00000
    -41.445         0.00000     0.00000     0.00000     0.00000
    -41.295         0.00000     0.00000     0.00000     0.00000
    -41.145         0.00000     0.00000     0.00000     0.00000
    -40.995         0.00000     0.00000     0.00000     0.00000
    -40.845         0.00000     0.00000     0.00000     0.00000
    -40.695         0.00000     0.00000     0.00000     0.00000
    -40.545         0.00000     0.00000     0.00000     0.00000
    -40.395         0.00000     0.00000     0.00000     0.00000
    -40.245         0.00000     0.00000     0.00000     0.00000
    -40.095         0.00000     0.00000     0.00000     0.00000
    -39.945         0.00000     0.00000     0.00000     0.00000
    -39.795         0.00000     0.00000     0.00000     0.00000
    -39.645         0.00000     0.00000     0.00000     0.00000
    -39.495         0.00000     0.00000     0.00000     0.00000
    -39.345         0.00000     0.00000     0.00000     0.00000
    -39.195         0.00000     0.00000     0.00000     0.00000
    -39.045         0.00000     0.00000     0.00000     0.00000
    -38.895         0.00000     0.00000     0.00000     0.00000
    -38.745         0.00000     0.00000     0.00000     0.00000
    -38.595         0.00000     0.00000     0.00000     0.00000
    -38.445         0.00000     0.00000     0.00000     0.00000
    -38.295         0.00000     0.00000     0.00000     0.00000
    -38.145         0.00000     0.00000     0.00000     0.00000
    -37.995         0.00000     0.00000     0.00000     0.00000
    -37.845         0.00000     0.00000     0.00000     0.00000
    -37.695         0.00000     0.00000     0.00000     0.00000
    -37.545         0.00000     0.00000     0.00000     0.00000
    -37.395         0.00000     0.00000     0.00000     0.00000
    -37.245         0.00000     0.00000     0.00000     0.00000
    -37.095         0.00000     0.00000     0.00000     0.00000
    -36.945         0.00000     0.00000     0.00000     0.00000
    -36.795         0.00000     0.00000     0.00000     0.00000
    -36.645         0.00000     0.00000     0.00000     0.00000
    -36.495         0.00000     0.00000     0.00000     0.00000
    -36.345         0.00000     0.00000     0.00000     0.00000
    -36.195         0.00000     0.00000     0.00000     0.00000
    -36.045         0.00000     0.00000     0.00000     0.00000
    -35.895         0.00000     0.00000     0.00000     0.00000
    -35.745         0.00000     0.00000     0.00000     0.00000
    -35.595         0.00000     0.00000     0.00000     0.00000
    -35.445         0.00000     0.00000     0.00000     0.00000
    -35.295         0.00000     0.00000     0.00000     0.00000
    -35.145         0.00000     0.00000     0.00000     0.00000
    -34.995         0.00000     0.00000     0.00000     0.00000
    -34.845         0.00000     0.00000     0.00000     0.00000
    -34.695         0.00000     0.00000     0.00000     0.00000
    -34.545         0.00000     0.00000     0.00000     0.00000
    -34.395         0.00000     0.00000     0.00000     0.00000
    -34.245         0.00000     0.00000     0.00000     0.00000
    -34.095         0.00000     0.00000     0.00000     0.00000
    -33.945         0.00000     0.00000     0.00000     0.00000
    -33.795         0.00000     0.00000     0.00000     0.00000
    -33.645         0.00000     0.00000     0.00000     0.00000
    -33.495         0.00000     0.00000     0.00000     0.00000
    -33.345         0.00000     0.00000     0.00000     0.00000
    -33.195         0.00000     0.00000     0.00000     0.00000
    -33.045         0.00000     0.00000     0.00000     0.00000
    -32.895         0.00000     0.00000     0.00000     0.00000
    -32.745         0.00000     0.00000     0.00000     0.00000
    -32.595         0.00000     0.00000     0.00000     0.00000
    -32.445         0.00000     0.00000     0.00000     0.00000
    -32.295         0.00000     0.00000     0.00000     0.00000
    -32.145         0.00000     0.00000     0.00000     0.00000
    -31.995         0.00000     0.00000     0.00000     0.00000
    -31.845         0.00000     0.00000     0.00000     0.00000
    -31.695         0.00000     0.00000     0.00000     0.00000
    -31.545         0.00000     0.00000     0.00000     0.00000
    -31.395         0.00000     0.00000     0.00000     0.00000
    -31.245         0.00000     0.00000     0.00000     0.00000
    -31.095         0.00000     0.00000     0.00000     0.00000
    -30.945         0.00000     0.00000     0.00000     0.00000
    -30.795         0.00000     0.00000     0.00000     0.00000
    -30.645         0.00000     0.00000     0.00000     0.00000
    -30.495         0.00000     0.00000     0.00000     0.00000
    -30.345         0.00000     0.00000     0.00000     0.00000
    -30.195         0.00000     0.00000     0.00000     0.00000
    -30.045         0.00000     0.00000     0.00000     0.00000
    -29.895         0.00000     0.00000     0.00000     0.00000
    -29.745         0.00000     0.00000     0.00000     0.00000
    -29.595         0.00000     0.00000     0.00000     0.00000
    -29.445         0.00000     0.00000     0.00000     0.00000
    -29.295         0.00000     0.00000     0.00000     0.00000
    -29.145         0.00000     0.00000     0.00000     0.00000
    -28.995         0.00000     0.00000     0.00000     0.00000
    -28.845         0.00000     0.00000     0.00000     0.00000
    -28.695         0.00000     0.00000     0.00000     0.00000
    -28.545         0.00000     0.00000     0.00000     0.00000
    -28.395         0.00000     0.00000     0.00000     0.00000
    -28.245         0.00000     0.00000     0.00000     0.00000
    -28.095         0.00000     0.00000     0.00000     0.00000
    -27.945         0.00000     0.00000     0.00000     0.00000
    -27.795         0.00000     0.00000     0.00000     0.00000
    -27.645         0.00000     0.00000     0.00000     0.00000
    -27.495         0.00000     0.00000     0.00000     0.00000
    -27.345         0.00000     0.00000     0.00000     0.00000
    -27.195         0.00000     0.00000     0.00000     0.00000
    -27.045         0.00000     0.00000     0.00000     0.00000
    -26.895         0.00000     0.00000     0.00000     0.00000
    -26.745         0.00000     0.00000     0.00000     0.00000
    -26.595         0.00000     0.00000     0.00000     0.00000
    -26.445         0.00000     0.00000     0.00000     0.00000
    -26.295         0.00000     0.00000     0.00000     0.00000
    -26.145         0.00000     0.00000     0.00000     0.00000
    -25.995         0.00000     0.00000     0.00000     0.00000
    -25.845         0.00000     0.00000     0.00000     0.00000
    -25.695         0.00000     0.00000     0.00000     0.00000
    -25.545         0.00000     0.00000     0.00000     0.00000
    -25.395         0.00000     0.00000     0.00000     0.00000
    -25.245         0.00000     0.00000     0.00000     0.00000
    -25.095         0.00000     0.00000     0.00000     0.00000
    -24.945         0.00000     0.00000     0.00000     0.00000
    -24.795         0.00000     0.00000     0.00000     0.00000
    -24.645         0.00000     0.00000     0.00000     0.00000
    -24.495         0.00000     0.00000     0.00000     0.00000
    -24.345         0.00000     0.00000     0.00000     0.00000
    -24.195         0.00000     0.00000     0.00000     0.00000
    -24.045         0.00000     0.00000     0.00000     0.00000
    -23.895         0.00000     0.00000     0.00000     0.00000
    -23.745         0.00000     0.00000     0.00000     0.00000
    -23.595         0.00000     0.00000     0.00000     0.00000
    -23.445         0.00000     0.00000     0.00000     0.00000
    -23.295         0.00000     0.00000     0.00000     0.00000
    -23.145         0.00000     0.00000     0.00000     0.00000
    -22.995         0.00000     0.00000     0.00000     0.00000
    -22.845         0.00000     0.00000     0.00000     0.00000
    -22.695         0.00000     0.00000     0.00000     0.00000
    -22.545         0.00000     0.00000     0.00000     0.00000
    -22.395         0.00000     0.00000     0.00000     0.00000
    -22.245         0.00000     0.00000     0.00000     0.00000
    -22.095        -0.00000    -0.00000     0.00000     0.00000
    -21.945        -0.00000    -0.00000     0.00000     0.00000
    -21.795        -0.00000    -0.00000     0.00000     0.00000
    -21.645        -0.00000    -0.00000     0.00000     0.00000
    -21.495        -0.00000    -0.00000     0.00000     0.00000
    -21.345        -0.00000    -0.00000     0.00000     0.00000
    -21.195        -0.00000    -0.00000     0.00000     0.00000
    -21.045        -0.00000    -0.00000     0.00000     0.00000
    -20.895        -0.00001    -0.00001     0.00000     0.00000
    -20.745        -0.00001    -0.00001     0.00000     0.00000
    -20.595        -0.00002    -0.00002     0.00000     0.00000
    -20.445        -0.00003    -0.00003     0.00000     0.00000
    -20.295        -0.00003    -0.00003     0.00000     0.00000
    -20.145        -0.00005    -0.00005     0.00000     0.00000
    -19.995        -0.00007    -0.00007     0.00000     0.00000
    -19.845        -0.00009    -0.00009     0.00000     0.00000
    -19.695        -0.00013    -0.00013     0.00000     0.00000
    -19.545        -0.00017    -0.00017     0.00000     0.00000
    -19.395        -0.00021    -0.00021     0.00000     0.00000
    -19.245        -0.00026    -0.00026     0.00000     0.00000
    -19.095        -0.00033    -0.00033     0.00000     0.00000
    -18.945        -0.00039    -0.00039     0.00000     0.00000
    -18.795        -0.00046    -0.00046     0.00000     0.00000
    -18.645        -0.00053    -0.00053     0.00000     0.00000
    -18.495        -0.00062    -0.00062     0.00000     0.00000
    -18.345        -0.00071    -0.00071     0.00000     0.00000
    -18.195        -0.00080    -0.00080     0.00000     0.00000
    -18.045        -0.00089    -0.00089     0.00000     0.00000
    -17.895        -0.00099    -0.00099     0.00000     0.00000
    -17.745        -0.00110    -0.00110     0.00000     0.00000
    -17.595        -0.00121    -0.00121     0.00000     0.00000
    -17.445        -0.00133    -0.00133     0.00000     0.00000
    -17.295        -0.00144    -0.00144     0.00000     0.00000
    -17.145        -0.00156    -0.00156     0.00000     0.00000
    -16.995        -0.00168    -0.00168     0.00000     0.00000
    -16.845        -0.00360    -0.00360     0.00000     0.00000
    -16.695        -0.00374    -0.00374     0.00000     0.00000
    -16.545        -0.00387    -0.00387     0.00000     0.00000
    -16.395        -0.00586    -0.00586     0.00000     0.00000
    -16.245        -0.00599    -0.00599     0.00000     0.00000
    -16.095        -0.00613    -0.00613     0.00000     0.00000
    -15.945        -0.00628    -0.00628     0.00000     0.00000
    -15.795        -0.00916    -0.00916     0.00000     0.00000
    -15.645        -0.00931    -0.00931     0.00000     0.00000
    -15.495        -0.01141    -0.01141     0.00000     0.00000
    -15.345        -0.01350    -0.01350     0.00000     0.00000
    -15.195        -0.01366    -0.01366     0.00000     0.00000
    -15.045        -0.01383    -0.01383     0.00000     0.00000
    -14.895        -0.01400    -0.01400     0.00000     0.00000
    -14.745        -0.01417    -0.01417     0.00000     0.00000
    -14.595        -0.01435    -0.01435     0.00000     0.00000
    -14.445        -0.01652    -0.01652     0.00000     0.00000
    -14.295        -0.01872    -0.01872     0.00000     0.00000
    -14.145        -0.01892    -0.01892     0.00000     0.00000
    -13.995        -0.01910    -0.01910     0.00000     0.00000
    -13.845        -0.01930    -0.01930     0.00000     0.00000
    -13.695        -0.01950    -0.01950     0.00000     0.00000
    -13.545        -0.02177    -0.02177     0.00000     0.00000
    -13.395        -0.02198    -0.02198     0.00000     0.00000
    -13.245        -0.02219    -0.02219     0.00000     0.00000
    -13.095        -0.02240    -0.02240     0.00000     0.00000
    -12.945        -0.02261    -0.02261     0.00000     0.00000
    -12.795        -0.02284    -0.02284     0.00000     0.00000
    -12.645        -0.02306    -0.02306     0.00000     0.00000
    -12.495        -0.02330    -0.02330     0.00000     0.00000
    -12.345        -0.02356    -0.02356     0.00000     0.00000
    -12.195        -0.02381    -0.02381     0.00000     0.00000
    -12.045        -0.02407    -0.02407     0.00000     0.00000
    -11.895        -0.02643    -0.02643     0.00000     0.00000
    -11.745        -0.02670    -0.02670     0.00000     0.00000
    -11.595        -0.02908    -0.02908     0.00000     0.00000
    -11.445        -0.03146    -0.03146     0.00000     0.00000
    -11.295        -0.03173    -0.03173     0.00000     0.00000
    -11.145        -0.03201    -0.03201     0.00000     0.00000
    -10.995        -0.03229    -0.03229     0.00000     0.00000
    -10.845        -0.03468    -0.03468     0.00000     0.00000
    -10.695        -0.03499    -0.03499     0.00000     0.00000
    -10.545        -0.03781    -0.03739    -0.00042     0.00000
    -10.395        -0.03858    -0.03770    -0.00088     0.00000
    -10.245        -0.04229    -0.04010    -0.00219     0.00000
    -10.095        -0.04564    -0.04251    -0.00313     0.00000
    -9.9450        -0.04859    -0.04281    -0.00577     0.00000
    -9.7950        -0.05036    -0.04315    -0.00721     0.00000
    -9.6450        -0.05341    -0.04346    -0.00995     0.00000
    -9.4950        -0.05690    -0.04378    -0.01312     0.00000
    -9.3450        -0.06370    -0.04618    -0.01751     0.00000
    -9.1950        -0.06849    -0.04859    -0.01990     0.00000
    -9.0450        -0.07728    -0.05217    -0.02511     0.00000
    -8.8950        -0.08359    -0.05251    -0.03107     0.00000
    -8.7450        -0.08963    -0.05492    -0.03471     0.00000
    -8.5950        -0.09361    -0.05524    -0.03837     0.00000
    -8.4450        -0.10079    -0.05762    -0.04317     0.00000
    -8.2950        -0.10477    -0.05794    -0.04683     0.00000
    -8.1450        -0.10915    -0.05826    -0.05089     0.00000
    -7.9950        -0.11937    -0.06189    -0.05748     0.00000
    -7.8450        -0.12686    -0.06422    -0.06263     0.00000
    -7.6950        -0.13575    -0.06655    -0.06920     0.00000
    -7.5450        -0.14390    -0.06886    -0.07504     0.00000
    -7.3950        -0.15535    -0.07245    -0.08289     0.00000
    -7.2450        -0.16371    -0.07705    -0.08666     0.00000
    -7.0950        -0.16738    -0.07722    -0.09015     0.00000
    -6.9450        -0.17310    -0.07737    -0.09533    -0.00040
    -6.7950        -0.18068    -0.07945    -0.09923    -0.00199
    -6.6450        -0.19451    -0.08148    -0.10347    -0.00956
    -6.4950        -0.21596    -0.08599    -0.10781    -0.02215
    -6.3450        -0.25122    -0.09046    -0.11407    -0.04670
    -6.1950        -0.30025    -0.09228    -0.11852    -0.08945
    -6.0450        -0.38316    -0.10071    -0.12369    -0.15876
    -5.8950        -0.49138    -0.10816    -0.13291    -0.25031
    -5.7450        -0.62914    -0.11616    -0.13970    -0.37329
    -5.5950        -0.79300    -0.12567    -0.14436    -0.52297
    -5.4450        -0.98334    -0.13565    -0.14972    -0.69796
    -5.2950        -1.19662    -0.14479    -0.15712    -0.89472
    -5.1450        -1.41940    -0.15611    -0.16416    -1.09913
    -4.9950        -1.66514    -0.16751    -0.17239    -1.32525
    -4.8450        -1.90063    -0.17976    -0.18180    -1.53907
    -4.6950        -2.14682    -0.19344    -0.19308    -1.76030
    -4.5450        -2.37830    -0.20587    -0.20347    -1.96896
    -4.3950        -2.60310    -0.21752    -0.21661    -2.16897
    -4.2450        -2.83503    -0.23314    -0.23027    -2.37162
    -4.0950        -3.06266    -0.24895    -0.24474    -2.56897
    -3.9450        -3.28345    -0.26322    -0.26029    -2.75993
    -3.7950        -3.50105    -0.27995    -0.27757    -2.94352
    -3.6450        -3.71434    -0.29880    -0.29848    -3.11706
    -3.4950        -3.93428    -0.32097    -0.31910    -3.29421
    -3.3450        -4.13895    -0.34134    -0.34587    -3.45175
    -3.1950        -4.35192    -0.36779    -0.37348    -3.61065
    -3.0450        -4.56740    -0.39529    -0.40255    -3.76956
    -2.8950        -4.78104    -0.42687    -0.43599    -3.91817
    -2.7450        -4.99711    -0.45958    -0.46819    -4.06934
    -2.5950        -5.22794    -0.49370    -0.50864    -4.22560
    -2.4450        -5.46865    -0.53203    -0.54691    -4.38971
    -2.2950        -5.73433    -0.57586    -0.59297    -4.56550
    -2.1450        -6.02046    -0.62743    -0.64362    -4.74942
    -1.9950        -6.34875    -0.68446    -0.70322    -4.96108
    -1.8450        -6.71905    -0.75091    -0.76907    -5.19906
    -1.6950        -7.14342    -0.82790    -0.84081    -5.47471
    -1.5450        -7.66013    -0.91436    -0.92999    -5.81578
    -1.3950        -8.29418    -1.01807    -1.03635    -6.23976
    -1.2450        -9.07887    -1.13909    -1.16023    -6.77955
    -1.0950       -10.05911    -1.29127    -1.31638    -7.45146
   -0.94500       -11.27406    -1.47786    -1.51203    -8.28417
   -0.79500       -12.81837    -1.72573    -1.76820    -9.32444
   -0.64500       -14.80918    -2.06863    -2.12241   -10.61814
   -0.49500       -17.40395    -2.56467    -2.64765   -12.19163
   -0.34500       -21.13502    -3.37824    -3.51633   -14.24046
   -0.22700       -22.81107    -3.76867    -3.93545   -15.10695
   -0.21300       -23.03346    -3.82125    -3.99198   -15.22023
   -0.20700       -23.26173    -3.87466    -4.05077   -15.33630
   -0.20100       -23.49635    -3.93013    -4.11127   -15.45495
   -0.19500       -23.73806    -3.98766    -4.17344   -15.57696
   -0.18900       -23.98621    -4.04647    -4.23878   -15.70096
   -0.18300       -24.24304    -4.10819    -4.30567   -15.82918
   -0.17700       -24.50607    -4.17105    -4.37496   -15.96007
   -0.17100       -24.77665    -4.23565    -4.44615   -16.09486
   -0.16500       -25.05879    -4.30270    -4.52099   -16.23511
   -0.15900       -25.34786    -4.37210    -4.59858   -16.37718
   -0.15300       -25.64752    -4.44311    -4.67798   -16.52643
   -0.14700       -25.95845    -4.51710    -4.76162   -16.67973
   -0.14100       -26.27891    -4.59455    -4.84688   -16.83749
   -0.13500       -26.61058    -4.67374    -4.93505   -17.00179
   -0.12900       -26.95866    -4.75647    -5.02746   -17.17473
   -0.12300       -27.32150    -4.84252    -5.12320   -17.35578
   -0.11700       -27.69809    -4.93187    -5.22327   -17.54295
   -0.11100       -28.09087    -5.02539    -5.32789   -17.73759
   -0.10500       -28.50104    -5.12084    -5.43694   -17.94326
   -0.99000E-01   -28.93211    -5.22039    -5.55169   -18.16003
   -0.93000E-01   -29.38195    -5.32507    -5.67029   -18.38659
   -0.87000E-01   -29.85925    -5.43436    -5.79612   -18.62877
   -0.81000E-01   -30.36099    -5.54673    -5.92766   -18.88661
   -0.75000E-01   -30.89563    -5.66504    -6.06829   -19.16230
   -0.69000E-01   -31.46457    -5.78850    -6.21761   -19.45847
   -0.63000E-01   -32.07638    -5.91875    -6.37771   -19.77992
   -0.57000E-01   -32.74391    -6.05636    -6.55475   -20.13280
   -0.51000E-01   -33.48031    -6.20624    -6.75055   -20.52352
   -0.45000E-01   -34.29599    -6.37181    -6.96099   -20.96319
   -0.39000E-01   -35.19228    -6.54889    -7.17594   -21.46745
   -0.33000E-01   -36.17591    -6.72537    -7.38680   -22.06374
   -0.27000E-01   -37.27175    -6.89226    -7.58636   -22.79313
   -0.21300E-01   -38.10854    -6.99689    -7.70841   -23.40324
   -0.19500E-01   -38.23895    -7.01132    -7.72479   -23.50284
   -0.18900E-01   -38.37195    -7.02553    -7.74077   -23.60564
   -0.18300E-01   -38.50743    -7.03944    -7.75622   -23.71176
   -0.17700E-01   -38.64588    -7.05309    -7.77145   -23.82134
   -0.17100E-01   -38.78795    -7.06651    -7.78611   -23.93533
   -0.16500E-01   -38.93383    -7.07972    -7.80035   -24.05376
   -0.15900E-01   -39.08281    -7.09225    -7.81418   -24.17637
   -0.15300E-01   -39.23629    -7.10463    -7.82758   -24.30408
   -0.14700E-01   -39.39339    -7.11658    -7.84049   -24.43632
   -0.14100E-01   -39.55552    -7.12810    -7.85284   -24.57458
   -0.13500E-01   -39.72259    -7.13921    -7.86474   -24.71863
   -0.12900E-01   -39.89609    -7.14992    -7.87632   -24.86985
   -0.12300E-01   -40.07618    -7.16020    -7.88729   -25.02869
   -0.11700E-01   -40.26349    -7.17019    -7.89771   -25.19559
   -0.11100E-01   -40.45918    -7.17956    -7.90772   -25.37190
   -0.10500E-01   -40.66459    -7.18848    -7.91719   -25.55893
   -0.99000E-02   -40.88108    -7.19700    -7.92602   -25.75806
   -0.93000E-02   -41.10989    -7.20502    -7.93440   -25.97047
   -0.87000E-02   -41.35316    -7.21263    -7.94229   -26.19825
   -0.81000E-02   -41.61378    -7.21973    -7.94965   -26.44440
   -0.75000E-02   -41.89543    -7.22632    -7.95643   -26.71268
   -0.69000E-02   -42.20336    -7.23241    -7.96273   -27.00822
   -0.63000E-02   -42.54400    -7.23802    -7.96846   -27.33752
   -0.57000E-02   -42.92337    -7.24311    -7.97368   -27.70659
   -0.51000E-02   -43.35015    -7.24772    -7.97832   -28.12411
   -0.45000E-02   -43.83230    -7.25174    -7.98245   -28.59811
   -0.39000E-02   -44.37875    -7.25526    -7.98600   -29.13749
   -0.33000E-02   -45.00128    -7.25823    -7.98905   -29.75399
   -0.27000E-02   -45.71307    -7.26068    -7.99152   -30.46087
   -0.21000E-02   -46.53639    -7.26261    -7.99342   -31.28036
   -0.15000E-02   -47.51181    -7.26398    -7.99480   -32.25303
   -0.90000E-03   -48.51616    -7.26480    -7.99562   -33.25574
   -0.30000E-03   -48.95507    -7.26507    -7.99590   -33.69411
    0.30000E-03   -48.51677    -7.26479    -7.99562   -33.25635
    0.90000E-03   -47.51349    -7.26397    -7.99480   -32.25472
    0.15000E-02   -46.53721    -7.26259    -7.99344   -31.28118
    0.21000E-02   -45.71396    -7.26067    -7.99153   -30.46175
    0.27000E-02   -45.00162    -7.25817    -7.98909   -29.75435
    0.33000E-02   -44.37945    -7.25514    -7.98612   -29.13819
    0.39000E-02   -43.83367    -7.25156    -7.98262   -28.59949
    0.45000E-02   -43.35293    -7.24745    -7.97861   -28.12687
    0.51000E-02   -42.92740    -7.24277    -7.97404   -27.71059
    0.57000E-02   -42.54898    -7.23751    -7.96894   -27.34253
    0.63000E-02   -42.20988    -7.23176    -7.96335   -27.01476
    0.69000E-02   -41.90259    -7.22540    -7.95725   -26.71994
    0.75000E-02   -41.62125    -7.21858    -7.95070   -26.45197
    0.81000E-02   -41.36115    -7.21115    -7.94369   -26.20631
    0.87000E-02   -41.11876    -7.20324    -7.93615   -25.97937
    0.93000E-02   -40.89031    -7.19478    -7.92817   -25.76737
    0.99000E-02   -40.67472    -7.18589    -7.91967   -25.56915
    0.10500E-01   -40.46941    -7.17648    -7.91060   -25.38234
    0.11100E-01   -40.27361    -7.16653    -7.90118   -25.20590
    0.11700E-01   -40.08625    -7.15605    -7.89123   -25.03896
    0.12300E-01   -39.90666    -7.14508    -7.88093   -24.88065
    0.12900E-01   -39.73329    -7.13364    -7.87023   -24.72942
    0.13500E-01   -39.56592    -7.12173    -7.85901   -24.58518
    0.14100E-01   -39.40351    -7.10938    -7.84740   -24.44673
    0.14700E-01   -39.24627    -7.09639    -7.83547   -24.31441
    0.15300E-01   -39.09310    -7.08295    -7.82315   -24.18700
    0.15900E-01   -38.94427    -7.06919    -7.81023   -24.06486
    0.16500E-01   -38.79924    -7.05492    -7.79714   -23.94719
    0.17100E-01   -38.65767    -7.04018    -7.78381   -23.83369
    0.17700E-01   -38.51931    -7.02504    -7.77004   -23.72422
    0.18300E-01   -38.38356    -7.00956    -7.75603   -23.61797
    0.18900E-01   -38.25065    -6.99356    -7.74183   -23.51527
    0.19500E-01   -38.12047    -6.97724    -7.72736   -23.41587
    0.21300E-01   -37.28729    -6.85691    -7.62280   -22.80758
    0.27000E-01   -36.19609    -6.65824    -7.45612   -22.08173
    0.33000E-01   -35.21887    -6.44708    -7.27918   -21.49260
    0.39000E-01   -34.33260    -6.23235    -7.10293   -20.99732
    0.45000E-01   -33.53007    -6.02113    -6.93700   -20.57194
    0.51000E-01   -32.80889    -5.82373    -6.78630   -20.19885
    0.57000E-01   -32.16533    -5.64702    -6.64816   -19.87016
    0.63000E-01   -31.58269    -5.48784    -6.51913   -19.57572
    0.69000E-01   -31.04400    -5.33838    -6.39576   -19.30986
    0.75000E-01   -30.54235    -5.19702    -6.27781   -19.06751
    0.81000E-01   -30.07673    -5.06584    -6.16517   -18.84572
    0.87000E-01   -29.64076    -4.94043    -6.05811   -18.64222
    0.93000E-01   -29.22939    -4.82114    -5.95444   -18.45381
    0.99000E-01   -28.84117    -4.70675    -5.85517   -18.27924
    0.10500       -28.47496    -4.59834    -5.75958   -18.11704
    0.11100       -28.12753    -4.49442    -5.66779   -17.96533
    0.11700       -27.79868    -4.39437    -5.58007   -17.82425
    0.12300       -27.48266    -4.29758    -5.49447   -17.69061
    0.12900       -27.18215    -4.20550    -5.41201   -17.56463
    0.13500       -26.89474    -4.11659    -5.33248   -17.44568
    0.14100       -26.62108    -4.03103    -5.25572   -17.33434
    0.14700       -26.35949    -3.94920    -5.18140   -17.22890
    0.15300       -26.10934    -3.86963    -5.11072   -17.12899
    0.15900       -25.86596    -3.79230    -5.04036   -17.03330
    0.16500       -25.63430    -3.71902    -4.97307   -16.94222
    0.17100       -25.41153    -3.64810    -4.90759   -16.85584
    0.17700       -25.19594    -3.57865    -4.84367   -16.77362
    0.18300       -24.99041    -3.51198    -4.78324   -16.69518
    0.18900       -24.79063    -3.44667    -4.72402   -16.61994
    0.19500       -24.59784    -3.38333    -4.66671   -16.54781
    0.20100       -24.41051    -3.32273    -4.61050   -16.47728
    0.20700       -24.23097    -3.26243    -4.55713   -16.41140
    0.21300       -24.05779    -3.20578    -4.50428   -16.34773
    0.22700       -22.78414    -2.78404    -4.11146   -15.88864
    0.34500       -20.21602    -1.93025    -3.30355   -14.98222
    0.49500       -18.64560    -1.41518    -2.81072   -14.41969
    0.64500       -17.53078    -1.06217    -2.47509   -13.99353
    0.79500       -16.67402    -0.80310    -2.22848   -13.64244
    0.94500       -16.00400    -0.61058    -2.04813   -13.34529
     1.0950       -15.45687    -0.45864    -1.90412   -13.09411
     1.2450       -14.99645    -0.33300    -1.78382   -12.87964
     1.3950       -14.60156    -0.23008    -1.68202   -12.68946
     1.5450       -14.25906    -0.14074    -1.59409   -12.52423
     1.6950       -13.96094    -0.06434    -1.51835   -12.37826
     1.8450       -13.70283    -0.00256    -1.45144   -12.24883
     1.9950       -13.47551     0.05245    -1.39345   -12.13451
     2.1450       -13.26363     0.09948    -1.34046   -12.02265
     2.2950       -13.07717     0.14077    -1.29270   -11.92524
     2.4450       -12.90443     0.17507    -1.24958   -11.82992
     2.5950       -12.75474     0.20483    -1.21181   -11.74776
     2.7450       -12.61421     0.23241    -1.17751   -11.66911
     2.8950       -12.49109     0.25578    -1.14571   -11.60116
     3.0450       -12.37739     0.27950    -1.11531   -11.54157
     3.1950       -12.26703     0.30112    -1.08841   -11.47975
     3.3450       -12.17347     0.31700    -1.06265   -11.42782
     3.4950       -12.08496     0.32931    -1.03749   -11.37678
     3.6450       -12.00432     0.33922    -1.01476   -11.32878
     3.7950       -11.92424     0.35401    -0.99273   -11.28551
     3.9450       -11.84974     0.36701    -0.97227   -11.24448
     4.0950       -11.78198     0.37617    -0.95296   -11.20519
     4.2450       -11.71609     0.38650    -0.93560   -11.16700
     4.3950       -11.65368     0.39491    -0.91816   -11.13044
     4.5450       -11.59896     0.39884    -0.90236   -11.09544
     4.6950       -11.54129     0.40828    -0.88681   -11.06276
     4.8450       -11.49009     0.41427    -0.87333   -11.03104
     4.9950       -11.43804     0.42183    -0.86038   -10.99949
     5.1450       -11.39133     0.42932    -0.85077   -10.96988
     5.2950       -11.35154     0.43322    -0.84354   -10.94123
     5.4450       -11.31393     0.43577    -0.83632   -10.91338
     5.5950       -11.27561     0.43831    -0.82827   -10.88566
     5.7450       -11.24069     0.44085    -0.82212   -10.85941
     5.8950       -11.20145     0.44739    -0.81501   -10.83383
     6.0450       -11.16713     0.45326    -0.81151   -10.80888
     6.1950       -11.13545     0.45580    -0.80661   -10.78464
     6.3450       -11.10603     0.45664    -0.80170   -10.76097
     6.4950       -11.07729     0.45741    -0.79683   -10.73787
     6.6450       -11.04490     0.46237    -0.79195   -10.71532
     6.7950       -11.01454     0.46730    -0.78860   -10.69323
     6.9450       -10.98707     0.46988    -0.78525   -10.67169
     7.0950       -10.96386     0.47051    -0.78374   -10.65064
     7.2450       -10.93732     0.47312    -0.78043   -10.63001
     7.3950       -10.91120     0.47573    -0.77713   -10.60980
     7.5450       -10.88960     0.47630    -0.77583   -10.59007
     7.6950       -10.86840     0.47683    -0.77456   -10.57067
     7.8450       -10.84762     0.47733    -0.77334   -10.55161
     7.9950       -10.82737     0.47781    -0.77217   -10.53302
     8.1450       -10.80751     0.47828    -0.77104   -10.51475
     8.2950       -10.78804     0.47873    -0.76996   -10.49681
     8.4450       -10.76900     0.47915    -0.76890   -10.47924
     8.5950       -10.75029     0.47954    -0.76787   -10.46196
     8.7450       -10.73202     0.47993    -0.76688   -10.44507
     8.8950       -10.71398     0.48034    -0.76591   -10.42840
     9.0450       -10.69630     0.48071    -0.76498   -10.41203
     9.1950       -10.67895     0.48107    -0.76407   -10.39596
     9.3450       -10.66188     0.48142    -0.76319   -10.38010
     9.4950       -10.64273     0.48415    -0.76236   -10.36453
     9.6450       -10.62633     0.48446    -0.76153   -10.34926
     9.7950       -10.61020     0.48475    -0.76073   -10.33422
     9.9450       -10.59429     0.48504    -0.75995   -10.31938
     10.095       -10.57862     0.48533    -0.75919   -10.30477
     10.245       -10.56323     0.48561    -0.75843   -10.29040
     10.395       -10.54810     0.48587    -0.75769   -10.27628
     10.545       -10.53319     0.48611    -0.75698   -10.26231
     10.695       -10.51854     0.48635    -0.75630   -10.24860
     10.845       -10.50405     0.48659    -0.75561   -10.23503
     10.995       -10.48983     0.48682    -0.75496   -10.22170
     11.145       -10.47579     0.48704    -0.75431   -10.20853
     11.295       -10.46205     0.48725    -0.75368   -10.19561
     11.445       -10.44842     0.48747    -0.75307   -10.18282
     11.595       -10.43495     0.48767    -0.75245   -10.17017
     11.745       -10.42169     0.48787    -0.75186   -10.15770
     11.895       -10.40860     0.48807    -0.75128   -10.14540
     12.045       -10.39569     0.48826    -0.75069   -10.13326
     12.195       -10.38295     0.48844    -0.75013   -10.12127
     12.345       -10.37039     0.48863    -0.74957   -10.10945
     12.495       -10.35801     0.48879    -0.74903   -10.09777
     12.645       -10.34582     0.48896    -0.74849   -10.08628
     12.795       -10.33377     0.48912    -0.74797   -10.07491
     12.945       -10.32182     0.48928    -0.74747   -10.06364
     13.095       -10.31005     0.48942    -0.74695   -10.05252
     13.245       -10.29841     0.48957    -0.74645   -10.04152
     13.395       -10.28691     0.48972    -0.74596   -10.03067
     13.545       -10.27558     0.48986    -0.74547   -10.01997
     13.695       -10.26438     0.49001    -0.74500   -10.00939
     13.845       -10.25329     0.49014    -0.74453    -9.99891
     13.995       -10.24231     0.49029    -0.74406    -9.98853
     14.145       -10.23149     0.49041    -0.74361    -9.97830
     14.295       -10.22079     0.49055    -0.74316    -9.96819
     14.445       -10.21020     0.49069    -0.74272    -9.95817
     14.595       -10.19975     0.49082    -0.74228    -9.94828
     14.745       -10.18937     0.49095    -0.74185    -9.93847
     14.895       -10.17912     0.49108    -0.74143    -9.92877
     15.045       -10.16894     0.49120    -0.74101    -9.91913
     15.195       -10.15892     0.49132    -0.74061    -9.90963
     15.345       -10.14905     0.49143    -0.74021    -9.90027
     15.495       -10.13924     0.49155    -0.73982    -9.89098
     15.645       -10.12948     0.49167    -0.73942    -9.88174
     15.795       -10.11985     0.49178    -0.73903    -9.87261
     15.945       -10.11031     0.49189    -0.73863    -9.86357
     16.095       -10.10085     0.49201    -0.73825    -9.85461
     16.245       -10.09153     0.49211    -0.73787    -9.84577
     16.395       -10.08228     0.49222    -0.73749    -9.83700
     16.545       -10.07314     0.49232    -0.73712    -9.82834
     16.695       -10.06413     0.49241    -0.73676    -9.81978
     16.845       -10.05517     0.49252    -0.73640    -9.81129
     16.995       -10.04626     0.49262    -0.73604    -9.80284
     17.145       -10.03749     0.49269    -0.73569    -9.79450
     17.295       -10.02872     0.49280    -0.73534    -9.78618
     17.445       -10.02009     0.49289    -0.73500    -9.77798
     17.595       -10.01153     0.49298    -0.73467    -9.76984
     17.745       -10.00304     0.49307    -0.73433    -9.76178
     17.895        -9.99462     0.49316    -0.73400    -9.75378
     18.045        -9.98627     0.49324    -0.73366    -9.74585
     18.195        -9.97803     0.49333    -0.73334    -9.73802
     18.345        -9.96984     0.49342    -0.73302    -9.73025
     18.495        -9.96173     0.49350    -0.73270    -9.72253
     18.645        -9.95366     0.49359    -0.73238    -9.71487
     18.795        -9.94568     0.49367    -0.73206    -9.70729
     18.945        -9.93774     0.49376    -0.73176    -9.69974
     19.095        -9.92989     0.49383    -0.73145    -9.69227
     19.245        -9.92213     0.49391    -0.73114    -9.68489
     19.395        -9.91441     0.49399    -0.73084    -9.67756
     19.545        -9.90676     0.49406    -0.73054    -9.67027
     19.695        -9.89918     0.49413    -0.73025    -9.66306
     19.845        -9.89168     0.49419    -0.72995    -9.65592
     19.995        -9.88420     0.49426    -0.72966    -9.64881
     20.145        -9.87679     0.49433    -0.72936    -9.64177
     20.295        -9.86945     0.49440    -0.72908    -9.63478
     20.445        -9.86216     0.49448    -0.72880    -9.62783
     20.595        -9.85495     0.49454    -0.72852    -9.62097
     20.745        -9.84778     0.49461    -0.72824    -9.61414
     20.895        -9.84067     0.49467    -0.72797    -9.60737
     21.045        -9.83360     0.49474    -0.72769    -9.60065
     21.195        -9.82659     0.49480    -0.72743    -9.59396
     21.345        -9.81961     0.49487    -0.72715    -9.58732
     21.495        -9.81271     0.49494    -0.72689    -9.58076
     21.645        -9.80586     0.49500    -0.72663    -9.57423
     21.795        -9.79905     0.49506    -0.72637    -9.56774
     21.945        -9.79229     0.49512    -0.72611    -9.56130
     22.095        -9.78560     0.49519    -0.72586    -9.55493
     22.245        -9.77894     0.49525    -0.72560    -9.54859
     22.395        -9.77230     0.49531    -0.72535    -9.54226
     22.545        -9.76576     0.49537    -0.72510    -9.53603
     22.695        -9.75925     0.49543    -0.72485    -9.52983
     22.845        -9.75280     0.49548    -0.72460    -9.52368
     22.995        -9.74639     0.49554    -0.72435    -9.51758
     23.145        -9.74002     0.49560    -0.72411    -9.51151
     23.295        -9.73368     0.49566    -0.72387    -9.50548
     23.445        -9.72738     0.49572    -0.72363    -9.49947
     23.595        -9.72115     0.49578    -0.72340    -9.49353
     23.745        -9.71497     0.49584    -0.72316    -9.48765
     23.895        -9.70881     0.49589    -0.72292    -9.48178
     24.045        -9.70264     0.49595    -0.72269    -9.47590
     24.195        -9.69655     0.49600    -0.72246    -9.47009
     24.345        -9.69054     0.49606    -0.72223    -9.46437
     24.495        -9.68453     0.49612    -0.72200    -9.45865
     24.645        -9.67857     0.49617    -0.72178    -9.45295
     24.795        -9.67264     0.49623    -0.72156    -9.44731
     24.945        -9.66676     0.49628    -0.72134    -9.44170
     25.095        -9.66092     0.49634    -0.72112    -9.43614
     25.245        -9.65509     0.49639    -0.72090    -9.43059
     25.395        -9.64933     0.49644    -0.72068    -9.42508
     25.545        -9.64362     0.49649    -0.72046    -9.41964
     25.695        -9.63793     0.49653    -0.72025    -9.41421
     25.845        -9.63226     0.49658    -0.72003    -9.40880
     25.995        -9.62663     0.49663    -0.71982    -9.40344
     26.145        -9.62104     0.49667    -0.71961    -9.39811
     26.295        -9.61547     0.49671    -0.71940    -9.39278
     26.445        -9.60993     0.49676    -0.71919    -9.38750
     26.595        -9.60443     0.49680    -0.71898    -9.38225
     26.745        -9.59896     0.49685    -0.71878    -9.37704
     26.895        -9.59356     0.49690    -0.71857    -9.37189
     27.045        -9.58814     0.49695    -0.71837    -9.36672
     27.195        -9.58279     0.49699    -0.71817    -9.36162
     27.345        -9.57746     0.49704    -0.71797    -9.35653
     27.495        -9.57213     0.49709    -0.71777    -9.35146
     27.645        -9.56686     0.49713    -0.71756    -9.34642
     27.795        -9.56164     0.49717    -0.71736    -9.34144
     27.945        -9.55643     0.49721    -0.71717    -9.33647
     28.095        -9.55125     0.49725    -0.71697    -9.33153
     28.245        -9.54609     0.49730    -0.71678    -9.32661
     28.395        -9.54098     0.49733    -0.71658    -9.32173
     28.545        -9.53589     0.49737    -0.71640    -9.31687
     28.695        -9.53083     0.49741    -0.71620    -9.31204
     28.845        -9.52581     0.49746    -0.71602    -9.30725
     28.995        -9.52081     0.49750    -0.71583    -9.30249
     29.145        -9.51583     0.49755    -0.71564    -9.29773
     29.295        -9.51089     0.49758    -0.71545    -9.29302
     29.445        -9.50597     0.49762    -0.71527    -9.28832
     29.595        -9.50105     0.49766    -0.71509    -9.28362
     29.745        -9.49618     0.49770    -0.71490    -9.27897
     29.895        -9.49133     0.49774    -0.71472    -9.27435
     30.045        -9.48653     0.49778    -0.71454    -9.26977
     30.195        -9.48175     0.49782    -0.71437    -9.26520
     30.345        -9.47701     0.49786    -0.71419    -9.26068
     30.495        -9.47226     0.49790    -0.71401    -9.25615
     30.645        -9.46753     0.49794    -0.71383    -9.25164
     30.795        -9.46283     0.49798    -0.71365    -9.24716
     30.945        -9.45816     0.49802    -0.71348    -9.24270
     31.095        -9.45351     0.49806    -0.71330    -9.23827
     31.245        -9.44888     0.49809    -0.71313    -9.23384
     31.395        -9.44427     0.49813    -0.71296    -9.22944
     31.545        -9.43972     0.49816    -0.71279    -9.22510
     31.695        -9.43519     0.49820    -0.71262    -9.22076
     31.845        -9.43065     0.49823    -0.71246    -9.21643
     31.995        -9.42614     0.49827    -0.71229    -9.21212
     32.145        -9.42169     0.49830    -0.71213    -9.20786
     32.295        -9.41723     0.49834    -0.71196    -9.20360
     32.445        -9.41278     0.49838    -0.71179    -9.19937
     32.595        -9.40840     0.49841    -0.71163    -9.19518
     32.745        -9.40401     0.49844    -0.71147    -9.19098
     32.895        -9.39965     0.49848    -0.71131    -9.18682
     33.045        -9.39530     0.49850    -0.71115    -9.18266
     33.195        -9.39098     0.49854    -0.71099    -9.17853
     33.345        -9.38667     0.49857    -0.71083    -9.17441
     33.495        -9.38240     0.49860    -0.71067    -9.17033
     33.645        -9.37816     0.49863    -0.71052    -9.16628
     33.795        -9.37390     0.49866    -0.71036    -9.16220
     33.945        -9.36965     0.49870    -0.71020    -9.15814
     34.095        -9.36545     0.49874    -0.71004    -9.15415
     34.245        -9.36128     0.49876    -0.70989    -9.15015
     34.395        -9.35714     0.49880    -0.70974    -9.14620
     34.545        -9.35301     0.49883    -0.70958    -9.14226
     34.695        -9.34890     0.49885    -0.70943    -9.13832
     34.845        -9.34479     0.49889    -0.70929    -9.13439
     34.995        -9.34071     0.49892    -0.70914    -9.13049
     35.145        -9.33666     0.49894    -0.70898    -9.12662
     35.295        -9.33262     0.49898    -0.70883    -9.12276
     35.445        -9.32859     0.49901    -0.70868    -9.11893
     35.595        -9.32460     0.49904    -0.70853    -9.11511
     35.745        -9.32059     0.49907    -0.70838    -9.11127
     35.895        -9.31661     0.49910    -0.70824    -9.10747
     36.045        -9.31267     0.49913    -0.70809    -9.10370
     36.195        -9.30874     0.49916    -0.70795    -9.09995
     36.345        -9.30482     0.49919    -0.70780    -9.09620
     36.495        -9.30091     0.49921    -0.70766    -9.09246
     36.645        -9.29701     0.49924    -0.70752    -9.08874
     36.795        -9.29314     0.49927    -0.70737    -9.08504
     36.945        -9.28927     0.49930    -0.70723    -9.08134
     37.095        -9.28543     0.49933    -0.70709    -9.07767
     37.245        -9.28163     0.49936    -0.70695    -9.07404
     37.395        -9.27781     0.49939    -0.70681    -9.07039
     37.545        -9.27400     0.49943    -0.70667    -9.06675
     37.695        -9.27024     0.49946    -0.70653    -9.06317
     37.845        -9.26651     0.49948    -0.70640    -9.05960
     37.995        -9.26275     0.49951    -0.70626    -9.05600
     38.145        -9.25902     0.49954    -0.70612    -9.05243
     38.295        -9.25532     0.49957    -0.70599    -9.04890
     38.445        -9.25162     0.49960    -0.70585    -9.04537
     38.595        -9.24796     0.49963    -0.70572    -9.04187
     38.745        -9.24430     0.49966    -0.70559    -9.03837
     38.895        -9.24070     0.49967    -0.70546    -9.03491
     39.045        -9.23709     0.49970    -0.70533    -9.03146
     39.195        -9.23348     0.49973    -0.70519    -9.02801
     39.345        -9.22990     0.49976    -0.70506    -9.02459
     39.495        -9.22633     0.49979    -0.70493    -9.02118
     39.645        -9.22276     0.49981    -0.70480    -9.01777
     39.795        -9.21919     0.49983    -0.70467    -9.01436
     39.945        -9.21566     0.49986    -0.70454    -9.01097
     40.095        -9.21213     0.49989    -0.70441    -9.00761
     40.245        -9.20862     0.49991    -0.70428    -9.00425
     40.395        -9.20512     0.49994    -0.70416    -9.00090
     40.545        -9.20164     0.49996    -0.70403    -8.99758
     40.695        -9.19816     0.49999    -0.70390    -8.99425
     40.845        -9.19471     0.50001    -0.70378    -8.99094
     40.995        -9.19129     0.50004    -0.70365    -8.98768
     41.145        -9.18785     0.50006    -0.70353    -8.98438
     41.295        -9.18444     0.50009    -0.70340    -8.98114
     41.445        -9.18104     0.50012    -0.70327    -8.97788
     41.595        -9.17768     0.50014    -0.70315    -8.97467
     41.745        -9.17431     0.50016    -0.70303    -8.97144
     41.895        -9.17095     0.50019    -0.70290    -8.96823
     42.045        -9.16762     0.50021    -0.70279    -8.96505
     42.195        -9.16432     0.50023    -0.70267    -8.96189
     42.345        -9.16101     0.50025    -0.70255    -8.95872
     42.495        -9.15769     0.50028    -0.70242    -8.95555
     42.645        -9.15440     0.50030    -0.70230    -8.95240
     42.795        -9.15111     0.50032    -0.70218    -8.94925
     42.945        -9.14783     0.50035    -0.70206    -8.94611
     43.095        -9.14456     0.50037    -0.70194    -8.94299
     43.245        -9.14130     0.50039    -0.70182    -8.93987
     43.395        -9.13806     0.50042    -0.70170    -8.93678
     43.545        -9.13484     0.50044    -0.70159    -8.93369
     43.695        -9.13161     0.50046    -0.70147    -8.93061
     43.845        -9.12841     0.50049    -0.70135    -8.92755
     43.995        -9.12522     0.50051    -0.70123    -8.92450
     44.145        -9.12207     0.50053    -0.70112    -8.92148
     44.295        -9.11891     0.50055    -0.70101    -8.91845
     44.445        -9.11576     0.50057    -0.70089    -8.91544
     44.595        -9.11262     0.50060    -0.70077    -8.91245
     44.745        -9.10952     0.50062    -0.70066    -8.90948
     44.895        -9.10641     0.50064    -0.70055    -8.90650
     45.045        -9.10330     0.50066    -0.70043    -8.90353
     45.195        -9.10021     0.50069    -0.70032    -8.90058
     45.345        -9.09711     0.50071    -0.70021    -8.89761
     45.495        -9.09404     0.50074    -0.70010    -8.89468
     45.645        -9.09098     0.50076    -0.69999    -8.89176
     45.795        -9.08795     0.50078    -0.69988    -8.88885
     45.945        -9.08492     0.50080    -0.69977    -8.88595
     46.095        -9.08189     0.50082    -0.69965    -8.88305
     46.245        -9.07889     0.50084    -0.69954    -8.88019
     46.395        -9.07589     0.50086    -0.69944    -8.87732
     46.545        -9.07290     0.50089    -0.69933    -8.87446
     46.695        -9.06993     0.50091    -0.69922    -8.87162
     46.845        -9.06697     0.50092    -0.69911    -8.86878
     46.995        -9.06402     0.50094    -0.69901    -8.86596
     47.145        -9.06109     0.50096    -0.69890    -8.86315
     47.295        -9.05813     0.50099    -0.69879    -8.86033
     47.445        -9.05520     0.50101    -0.69869    -8.85753
     47.595        -9.05228     0.50103    -0.69858    -8.85473
     47.745        -9.04938     0.50106    -0.69848    -8.85196
     47.895        -9.04647     0.50108    -0.69837    -8.84917
     48.045        -9.04358     0.50109    -0.69826    -8.84641
     48.195        -9.04068     0.50112    -0.69816    -8.84364
     48.345        -9.03781     0.50113    -0.69805    -8.84089
     48.495        -9.03495     0.50116    -0.69795    -8.83816
     48.645        -9.03209     0.50118    -0.69785    -8.83542
     48.795        -9.02924     0.50120    -0.69774    -8.83271
     48.945        -9.02642     0.50122    -0.69764    -8.83000
     49.095        -9.02359     0.50125    -0.69754    -8.82730
     49.245        -9.02077     0.50126    -0.69744    -8.82460
     49.395        -9.01796     0.50128    -0.69733    -8.82191
     49.545        -9.01517     0.50131    -0.69723    -8.81924
     49.695        -9.01238     0.50132    -0.69713    -8.81657
     49.845        -9.00959     0.50134    -0.69703    -8.81390
     49.995        -9.00679     0.50136    -0.69694    -8.81122
     50.145        -9.00404     0.50138    -0.69683    -8.80859
     50.295        -9.00127     0.50140    -0.69673    -8.80594
     50.445        -8.99854     0.50142    -0.69663    -8.80333
     50.595        -8.99578     0.50144    -0.69653    -8.80069
     50.745        -8.99307     0.50146    -0.69643    -8.79809
     50.895        -8.99035     0.50148    -0.69634    -8.79549
     51.045        -8.98766     0.50150    -0.69624    -8.79291
     51.195        -8.98496     0.50152    -0.69614    -8.79034
     51.345        -8.98227     0.50153    -0.69605    -8.78776
     51.495        -8.97960     0.50155    -0.69595    -8.78520
     51.645        -8.97693     0.50157    -0.69585    -8.78265
     51.795        -8.97427     0.50159    -0.69576    -8.78011
     51.945        -8.97162     0.50161    -0.69566    -8.77757
     52.095        -8.96897     0.50163    -0.69557    -8.77503
     52.245        -8.96632     0.50164    -0.69547    -8.77249
     52.395        -8.96367     0.50166    -0.69537    -8.76996
     52.545        -8.96106     0.50167    -0.69528    -8.76746
     52.695        -8.95846     0.50170    -0.69518    -8.76498
     52.845        -8.95586     0.50171    -0.69509    -8.76248
     52.995        -8.95324     0.50174    -0.69499    -8.75998
     53.145        -8.95066     0.50176    -0.69490    -8.75752
     53.295        -8.94809     0.50178    -0.69481    -8.75506
     53.445        -8.94550     0.50180    -0.69472    -8.75258
     53.595        -8.94291     0.50181    -0.69462    -8.75010
     53.745        -8.94034     0.50183    -0.69453    -8.74765
     53.895        -8.93781     0.50185    -0.69443    -8.74522
     54.045        -8.93526     0.50187    -0.69434    -8.74279
     54.195        -8.93271     0.50189    -0.69425    -8.74035
     54.345        -8.93020     0.50191    -0.69416    -8.73794
     54.495        -8.92768     0.50192    -0.69407    -8.73553
     54.645        -8.92517     0.50194    -0.69398    -8.73313
     54.795        -8.92266     0.50196    -0.69389    -8.73073
     54.945        -8.92019     0.50197    -0.69380    -8.72836
     55.095        -8.91771     0.50199    -0.69371    -8.72599
     59.433        -8.72260     0.50333    -0.68670    -8.53923
     80.646        -8.43911     0.50523    -0.67659    -8.26774
     111.21        -8.16459     0.50708    -0.66685    -8.00482
     153.36        -7.89931     0.50881    -0.65754    -7.75058
     211.49        -7.64341     0.51050    -0.64859    -7.50532
     291.64        -7.39667     0.51208    -0.64001    -7.26874
     402.18        -7.15940     0.51365    -0.63183    -7.04122
     554.60        -6.93078     0.51520    -0.62395    -6.82202
     764.80        -6.71082     0.51669    -0.61650    -6.61101
     1054.7        -6.49941     0.51815    -0.60935    -6.40821
     1454.4        -6.29613     0.51957    -0.60253    -6.21317
     2005.6        -6.10062     0.52094    -0.59601    -6.02556
     2765.8        -5.91261     0.52228    -0.58974    -5.84515
     3814.0        -5.73183     0.52353    -0.58377    -5.67159
     5259.5        -5.55796     0.52474    -0.57809    -5.50460
     7252.9        -5.39075     0.52591    -0.57266    -5.34399
     10002.        -5.23008     0.52701    -0.56747    -5.18963
     13793.        -5.07577     0.52809    -0.56250    -5.04136
     19020.        -4.92783     0.52910    -0.55774    -4.89919
     26229.        -4.78602     0.53004    -0.55316    -4.76290
     36170.        -4.65056     0.53091    -0.54880    -4.63268
     49878.        -4.52115     0.53175    -0.54463    -4.50828
     68782.        -4.39765     0.53256    -0.54061    -4.38961
     94851.        -4.27974     0.53333    -0.53675    -4.27631
    0.13080E+06    -4.16738     0.53403    -0.53306    -4.16835
    0.18038E+06    -4.06037     0.53470    -0.52952    -4.06555
    0.24874E+06    -3.95844     0.53533    -0.52611    -3.96766
    0.34301E+06    -3.86141     0.53588    -0.52287    -3.87442
    0.47302E+06    -3.76906     0.53643    -0.51976    -3.78573
    0.65229E+06    -3.68136     0.53692    -0.51680    -3.70148
    0.89952E+06    -3.59784     0.53739    -0.51396    -3.62127
    0.12404E+07    -3.51840     0.53786    -0.51128    -3.54498
    0.17106E+07    -3.44284     0.53828    -0.50871    -3.47241
    0.23589E+07    -3.37104     0.53867    -0.50626    -3.40345
    0.32529E+07    -3.30273     0.53901    -0.50393    -3.33782
    0.44858E+07    -3.23786     0.53935    -0.50173    -3.27548
    0.61860E+07    -3.17612     0.53964    -0.49963    -3.21613
    0.85305E+07    -3.11746     0.53990    -0.49763    -3.15973
    0.11764E+08    -3.06163     0.54016    -0.49573    -3.10607
    0.16222E+08    -3.00862     0.54038    -0.49393    -3.05506
    0.22370E+08    -2.95824     0.54060    -0.49222    -3.00662
    0.30849E+08    -2.91060     0.54078    -0.49060    -2.96078
    0.42541E+08    -2.86578     0.54096    -0.48906    -2.91768
    0.58664E+08    -2.82378     0.54113    -0.48759    -2.87731
    0.80898E+08    -2.78438     0.54128    -0.48620    -2.83946
    0.11156E+09    -2.74752     0.54143    -0.48487    -2.80407
    0.15384E+09    -2.71292     0.54156    -0.48360    -2.77088
    0.21215E+09    -2.68047     0.54168    -0.48238    -2.73977
    0.29255E+09    -2.65001     0.54179    -0.48124    -2.71056
    0.40343E+09    -2.62134     0.54188    -0.48016    -2.68306
    0.55633E+09    -2.59449     0.54196    -0.47915    -2.65730
    0.76719E+09    -2.56998     0.54204    -0.47819    -2.63383
    0.10580E+10    -2.54761     0.54213    -0.47730    -2.61243
    0.14589E+10    -2.52702     0.54219    -0.47647    -2.59274
    0.20119E+10    -2.50810     0.54225    -0.47569    -2.57466
    0.27744E+10    -2.49063     0.54231    -0.47496    -2.55798
    0.38259E+10    -2.47449     0.54236    -0.47427    -2.54258
    0.52760E+10    -2.45955     0.54241    -0.47363    -2.52834
    0.72756E+10    -2.44576     0.54246    -0.47303    -2.51519
    0.10033E+11    -2.43303     0.54250    -0.47246    -2.50307
    0.13836E+11    -2.42127     0.54254    -0.47196    -2.49185
    0.19079E+11    -2.41038     0.54260    -0.47149    -2.48148
    0.26311E+11    -2.40034     0.54263    -0.47106    -2.47191
    0.36283E+11    -2.39107     0.54266    -0.47066    -2.46308
    0.50034E+11    -2.38256     0.54269    -0.47030    -2.45495
    0.68997E+11    -2.37466     0.54272    -0.46996    -2.44742
    0.10000E+12    -2.28007     0.54303    -0.46595    -2.35715
