    -99.945         0.00000     0.00000     0.00000     0.00000
    -99.795         0.00000     0.00000     0.00000     0.00000
    -99.645         0.00000     0.00000     0.00000     0.00000
    -99.495         0.00000     0.00000     0.00000     0.00000
    -99.345         0.00000     0.00000     0.00000     0.00000
    -99.195         0.00000     0.00000     0.00000     0.00000
    -99.045         0.00000     0.00000     0.00000     0.00000
    -98.895         0.00000     0.00000     0.00000     0.00000
    -98.745         0.00000     0.00000     0.00000     0.00000
    -98.595         0.00000     0.00000     0.00000     0.00000
    -98.445         0.00000     0.00000     0.00000     0.00000
    -98.295         0.00000     0.00000     0.00000     0.00000
    -98.145         0.00000     0.00000     0.00000     0.00000
    -97.995         0.00000     0.00000     0.00000     0.00000
    -97.845         0.00000     0.00000     0.00000     0.00000
    -97.695         0.00000     0.00000     0.00000     0.00000
    -97.545         0.00000     0.00000     0.00000     0.00000
    -97.395         0.00000     0.00000     0.00000     0.00000
    -97.245         0.00000     0.00000     0.00000     0.00000
    -97.095         0.00000     0.00000     0.00000     0.00000
    -96.945         0.00000     0.00000     0.00000     0.00000
    -96.795         0.00000     0.00000     0.00000     0.00000
    -96.645         0.00000     0.00000     0.00000     0.00000
    -96.495         0.00000     0.00000     0.00000     0.00000
    -96.345         0.00000     0.00000     0.00000     0.00000
    -96.195         0.00000     0.00000     0.00000     0.00000
    -96.045         0.00000     0.00000     0.00000     0.00000
    -95.895         0.00000     0.00000     0.00000     0.00000
    -95.745         0.00000     0.00000     0.00000     0.00000
    -95.595         0.00000     0.00000     0.00000     0.00000
    -95.445         0.00000     0.00000     0.00000     0.00000
    -95.295         0.00000     0.00000     0.00000     0.00000
    -95.145         0.00000     0.00000     0.00000     0.00000
    -94.995         0.00000     0.00000     0.00000     0.00000
    -94.845         0.00000     0.00000     0.00000     0.00000
    -94.695         0.00000     0.00000     0.00000     0.00000
    -94.545         0.00000     0.00000     0.00000     0.00000
    -94.395         0.00000     0.00000     0.00000     0.00000
    -94.245         0.00000     0.00000     0.00000     0.00000
    -94.095         0.00000     0.00000     0.00000     0.00000
    -93.945         0.00000     0.00000     0.00000     0.00000
    -93.795         0.00000     0.00000     0.00000     0.00000
    -93.645         0.00000     0.00000     0.00000     0.00000
    -93.495         0.00000     0.00000     0.00000     0.00000
    -93.345         0.00000     0.00000     0.00000     0.00000
    -93.195         0.00000     0.00000     0.00000     0.00000
    -93.045         0.00000     0.00000     0.00000     0.00000
    -92.895         0.00000     0.00000     0.00000     0.00000
    -92.745         0.00000     0.00000     0.00000     0.00000
    -92.595         0.00000     0.00000     0.00000     0.00000
    -92.445         0.00000     0.00000     0.00000     0.00000
    -92.295         0.00000     0.00000     0.00000     0.00000
    -92.145         0.00000     0.00000     0.00000     0.00000
    -91.995         0.00000     0.00000     0.00000     0.00000
    -91.845         0.00000     0.00000     0.00000     0.00000
    -91.695         0.00000     0.00000     0.00000     0.00000
    -91.545         0.00000     0.00000     0.00000     0.00000
    -91.395         0.00000     0.00000     0.00000     0.00000
    -91.245         0.00000     0.00000     0.00000     0.00000
    -91.095         0.00000     0.00000     0.00000     0.00000
    -90.945         0.00000     0.00000     0.00000     0.00000
    -90.795         0.00000     0.00000     0.00000     0.00000
    -90.645         0.00000     0.00000     0.00000     0.00000
    -90.495         0.00000     0.00000     0.00000     0.00000
    -90.345         0.00000     0.00000     0.00000     0.00000
    -90.195         0.00000     0.00000     0.00000     0.00000
    -90.045         0.00000     0.00000     0.00000     0.00000
    -89.895         0.00000     0.00000     0.00000     0.00000
    -89.745         0.00000     0.00000     0.00000     0.00000
    -89.595         0.00000     0.00000     0.00000     0.00000
    -89.445         0.00000     0.00000     0.00000     0.00000
    -89.295         0.00000     0.00000     0.00000     0.00000
    -89.145         0.00000     0.00000     0.00000     0.00000
    -88.995         0.00000     0.00000     0.00000     0.00000
    -88.845         0.00000     0.00000     0.00000     0.00000
    -88.695         0.00000     0.00000     0.00000     0.00000
    -88.545         0.00000     0.00000     0.00000     0.00000
    -88.395         0.00000     0.00000     0.00000     0.00000
    -88.245         0.00000     0.00000     0.00000     0.00000
    -88.095         0.00000     0.00000     0.00000     0.00000
    -87.945         0.00000     0.00000     0.00000     0.00000
    -87.795         0.00000     0.00000     0.00000     0.00000
    -87.645         0.00000     0.00000     0.00000     0.00000
    -87.495         0.00000     0.00000     0.00000     0.00000
    -87.345         0.00000     0.00000     0.00000     0.00000
    -87.195         0.00000     0.00000     0.00000     0.00000
    -87.045         0.00000     0.00000     0.00000     0.00000
    -86.895         0.00000     0.00000     0.00000     0.00000
    -86.745         0.00000     0.00000     0.00000     0.00000
    -86.595         0.00000     0.00000     0.00000     0.00000
    -86.445         0.00000     0.00000     0.00000     0.00000
    -86.295         0.00000     0.00000     0.00000     0.00000
    -86.145         0.00000     0.00000     0.00000     0.00000
    -85.995         0.00000     0.00000     0.00000     0.00000
    -85.845         0.00000     0.00000     0.00000     0.00000
    -85.695         0.00000     0.00000     0.00000     0.00000
    -85.545         0.00000     0.00000     0.00000     0.00000
    -85.395         0.00000     0.00000     0.00000     0.00000
    -85.245         0.00000     0.00000     0.00000     0.00000
    -85.095         0.00000     0.00000     0.00000     0.00000
    -84.945         0.00000     0.00000     0.00000     0.00000
    -84.795         0.00000     0.00000     0.00000     0.00000
    -84.645         0.00000     0.00000     0.00000     0.00000
    -84.495         0.00000     0.00000     0.00000     0.00000
    -84.345         0.00000     0.00000     0.00000     0.00000
    -84.195         0.00000     0.00000     0.00000     0.00000
    -84.045         0.00000     0.00000     0.00000     0.00000
    -83.895         0.00000     0.00000     0.00000     0.00000
    -83.745         0.00000     0.00000     0.00000     0.00000
    -83.595         0.00000     0.00000     0.00000     0.00000
    -83.445         0.00000     0.00000     0.00000     0.00000
    -83.295         0.00000     0.00000     0.00000     0.00000
    -83.145         0.00000     0.00000     0.00000     0.00000
    -82.995         0.00000     0.00000     0.00000     0.00000
    -82.845         0.00000     0.00000     0.00000     0.00000
    -82.695         0.00000     0.00000     0.00000     0.00000
    -82.545         0.00000     0.00000     0.00000     0.00000
    -82.395         0.00000     0.00000     0.00000     0.00000
    -82.245         0.00000     0.00000     0.00000     0.00000
    -82.095         0.00000     0.00000     0.00000     0.00000
    -81.945         0.00000     0.00000     0.00000     0.00000
    -81.795         0.00000     0.00000     0.00000     0.00000
    -81.645         0.00000     0.00000     0.00000     0.00000
    -81.495         0.00000     0.00000     0.00000     0.00000
    -81.345         0.00000     0.00000     0.00000     0.00000
    -81.195         0.00000     0.00000     0.00000     0.00000
    -81.045         0.00000     0.00000     0.00000     0.00000
    -80.895         0.00000     0.00000     0.00000     0.00000
    -80.745         0.00000     0.00000     0.00000     0.00000
    -80.595         0.00000     0.00000     0.00000     0.00000
    -80.445         0.00000     0.00000     0.00000     0.00000
    -80.295         0.00000     0.00000     0.00000     0.00000
    -80.145         0.00000     0.00000     0.00000     0.00000
    -79.995         0.00000     0.00000     0.00000     0.00000
    -79.845         0.00000     0.00000     0.00000     0.00000
    -79.695         0.00000     0.00000     0.00000     0.00000
    -79.545         0.00000     0.00000     0.00000     0.00000
    -79.395         0.00000     0.00000     0.00000     0.00000
    -79.245         0.00000     0.00000     0.00000     0.00000
    -79.095         0.00000     0.00000     0.00000     0.00000
    -78.945         0.00000     0.00000     0.00000     0.00000
    -78.795         0.00000     0.00000     0.00000     0.00000
    -78.645         0.00000     0.00000     0.00000     0.00000
    -78.495         0.00000     0.00000     0.00000     0.00000
    -78.345         0.00000     0.00000     0.00000     0.00000
    -78.195         0.00000     0.00000     0.00000     0.00000
    -78.045         0.00000     0.00000     0.00000     0.00000
    -77.895         0.00000     0.00000     0.00000     0.00000
    -77.745         0.00000     0.00000     0.00000     0.00000
    -77.595         0.00000     0.00000     0.00000     0.00000
    -77.445         0.00000     0.00000     0.00000     0.00000
    -77.295         0.00000     0.00000     0.00000     0.00000
    -77.145         0.00000     0.00000     0.00000     0.00000
    -76.995         0.00000     0.00000     0.00000     0.00000
    -76.845         0.00000     0.00000     0.00000     0.00000
    -76.695         0.00000     0.00000     0.00000     0.00000
    -76.545         0.00000     0.00000     0.00000     0.00000
    -76.395         0.00000     0.00000     0.00000     0.00000
    -76.245         0.00000     0.00000     0.00000     0.00000
    -76.095         0.00000     0.00000     0.00000     0.00000
    -75.945         0.00000     0.00000     0.00000     0.00000
    -75.795         0.00000     0.00000     0.00000     0.00000
    -75.645         0.00000     0.00000     0.00000     0.00000
    -75.495         0.00000     0.00000     0.00000     0.00000
    -75.345         0.00000     0.00000     0.00000     0.00000
    -75.195         0.00000     0.00000     0.00000     0.00000
    -75.045         0.00000     0.00000     0.00000     0.00000
    -74.895         0.00000     0.00000     0.00000     0.00000
    -74.745         0.00000     0.00000     0.00000     0.00000
    -74.595         0.00000     0.00000     0.00000     0.00000
    -74.445         0.00000     0.00000     0.00000     0.00000
    -74.295         0.00000     0.00000     0.00000     0.00000
    -74.145         0.00000     0.00000     0.00000     0.00000
    -73.995         0.00000     0.00000     0.00000     0.00000
    -73.845         0.00000     0.00000     0.00000     0.00000
    -73.695         0.00000     0.00000     0.00000     0.00000
    -73.545         0.00000     0.00000     0.00000     0.00000
    -73.395         0.00000     0.00000     0.00000     0.00000
    -73.245         0.00000     0.00000     0.00000     0.00000
    -73.095         0.00000     0.00000     0.00000     0.00000
    -72.945         0.00000     0.00000     0.00000     0.00000
    -72.795         0.00000     0.00000     0.00000     0.00000
    -72.645         0.00000     0.00000     0.00000     0.00000
    -72.495         0.00000     0.00000     0.00000     0.00000
    -72.345         0.00000     0.00000     0.00000     0.00000
    -72.195         0.00000     0.00000     0.00000     0.00000
    -72.045         0.00000     0.00000     0.00000     0.00000
    -71.895         0.00000     0.00000     0.00000     0.00000
    -71.745         0.00000     0.00000     0.00000     0.00000
    -71.595         0.00000     0.00000     0.00000     0.00000
    -71.445         0.00000     0.00000     0.00000     0.00000
    -71.295         0.00000     0.00000     0.00000     0.00000
    -71.145         0.00000     0.00000     0.00000     0.00000
    -70.995         0.00000     0.00000     0.00000     0.00000
    -70.845         0.00000     0.00000     0.00000     0.00000
    -70.695         0.00000     0.00000     0.00000     0.00000
    -70.545         0.00000     0.00000     0.00000     0.00000
    -70.395         0.00000     0.00000     0.00000     0.00000
    -70.245         0.00000     0.00000     0.00000     0.00000
    -70.095         0.00000     0.00000     0.00000     0.00000
    -69.945         0.00000     0.00000     0.00000     0.00000
    -69.795         0.00000     0.00000     0.00000     0.00000
    -69.645         0.00000     0.00000     0.00000     0.00000
    -69.495         0.00000     0.00000     0.00000     0.00000
    -69.345         0.00000     0.00000     0.00000     0.00000
    -69.195         0.00000     0.00000     0.00000     0.00000
    -69.045         0.00000     0.00000     0.00000     0.00000
    -68.895         0.00000     0.00000     0.00000     0.00000
    -68.745         0.00000     0.00000     0.00000     0.00000
    -68.595         0.00000     0.00000     0.00000     0.00000
    -68.445         0.00000     0.00000     0.00000     0.00000
    -68.295         0.00000     0.00000     0.00000     0.00000
    -68.145         0.00000     0.00000     0.00000     0.00000
    -67.995         0.00000     0.00000     0.00000     0.00000
    -67.845         0.00000     0.00000     0.00000     0.00000
    -67.695         0.00000     0.00000     0.00000     0.00000
    -67.545         0.00000     0.00000     0.00000     0.00000
    -67.395         0.00000     0.00000     0.00000     0.00000
    -67.245         0.00000     0.00000     0.00000     0.00000
    -67.095         0.00000     0.00000     0.00000     0.00000
    -66.945         0.00000     0.00000     0.00000     0.00000
    -66.795         0.00000     0.00000     0.00000     0.00000
    -66.645         0.00000     0.00000     0.00000     0.00000
    -66.495         0.00000     0.00000     0.00000     0.00000
    -66.345         0.00000     0.00000     0.00000     0.00000
    -66.195         0.00000     0.00000     0.00000     0.00000
    -66.045         0.00000     0.00000     0.00000     0.00000
    -65.895         0.00000     0.00000     0.00000     0.00000
    -65.745         0.00000     0.00000     0.00000     0.00000
    -65.595         0.00000     0.00000     0.00000     0.00000
    -65.445         0.00000     0.00000     0.00000     0.00000
    -65.295         0.00000     0.00000     0.00000     0.00000
    -65.145         0.00000     0.00000     0.00000     0.00000
    -64.995         0.00000     0.00000     0.00000     0.00000
    -64.845         0.00000     0.00000     0.00000     0.00000
    -64.695         0.00000     0.00000     0.00000     0.00000
    -64.545         0.00000     0.00000     0.00000     0.00000
    -64.395         0.00000     0.00000     0.00000     0.00000
    -64.245         0.00000     0.00000     0.00000     0.00000
    -64.095         0.00000     0.00000     0.00000     0.00000
    -63.945         0.00000     0.00000     0.00000     0.00000
    -63.795         0.00000     0.00000     0.00000     0.00000
    -63.645         0.00000     0.00000     0.00000     0.00000
    -63.495         0.00000     0.00000     0.00000     0.00000
    -63.345         0.00000     0.00000     0.00000     0.00000
    -63.195         0.00000     0.00000     0.00000     0.00000
    -63.045         0.00000     0.00000     0.00000     0.00000
    -62.895         0.00000     0.00000     0.00000     0.00000
    -62.745         0.00000     0.00000     0.00000     0.00000
    -62.595         0.00000     0.00000     0.00000     0.00000
    -62.445         0.00000     0.00000     0.00000     0.00000
    -62.295         0.00000     0.00000     0.00000     0.00000
    -62.145         0.00000     0.00000     0.00000     0.00000
    -61.995         0.00000     0.00000     0.00000     0.00000
    -61.845         0.00000     0.00000     0.00000     0.00000
    -61.695         0.00000     0.00000     0.00000     0.00000
    -61.545         0.00000     0.00000     0.00000     0.00000
    -61.395         0.00000     0.00000     0.00000     0.00000
    -61.245         0.00000     0.00000     0.00000     0.00000
    -61.095         0.00000     0.00000     0.00000     0.00000
    -60.945         0.00000     0.00000     0.00000     0.00000
    -60.795         0.00000     0.00000     0.00000     0.00000
    -60.645         0.00000     0.00000     0.00000     0.00000
    -60.495         0.00000     0.00000     0.00000     0.00000
    -60.345         0.00000     0.00000     0.00000     0.00000
    -60.195         0.00000     0.00000     0.00000     0.00000
    -60.045         0.00000     0.00000     0.00000     0.00000
    -59.895         0.00000     0.00000     0.00000     0.00000
    -59.745         0.00000     0.00000     0.00000     0.00000
    -59.595         0.00000     0.00000     0.00000     0.00000
    -59.445         0.00000     0.00000     0.00000     0.00000
    -59.295         0.00000     0.00000     0.00000     0.00000
    -59.145         0.00000     0.00000     0.00000     0.00000
    -58.995         0.00000     0.00000     0.00000     0.00000
    -58.845         0.00000     0.00000     0.00000     0.00000
    -58.695         0.00000     0.00000     0.00000     0.00000
    -58.545         0.00000     0.00000     0.00000     0.00000
    -58.395         0.00000     0.00000     0.00000     0.00000
    -58.245         0.00000     0.00000     0.00000     0.00000
    -58.095         0.00000     0.00000     0.00000     0.00000
    -57.945         0.00000     0.00000     0.00000     0.00000
    -57.795         0.00000     0.00000     0.00000     0.00000
    -57.645         0.00000     0.00000     0.00000     0.00000
    -57.495         0.00000     0.00000     0.00000     0.00000
    -57.345         0.00000     0.00000     0.00000     0.00000
    -57.195         0.00000     0.00000     0.00000     0.00000
    -57.045         0.00000     0.00000     0.00000     0.00000
    -56.895         0.00000     0.00000     0.00000     0.00000
    -56.745         0.00000     0.00000     0.00000     0.00000
    -56.595         0.00000     0.00000     0.00000     0.00000
    -56.445         0.00000     0.00000     0.00000     0.00000
    -56.295         0.00000     0.00000     0.00000     0.00000
    -56.145         0.00000     0.00000     0.00000     0.00000
    -55.995         0.00000     0.00000     0.00000     0.00000
    -55.845         0.00000     0.00000     0.00000     0.00000
    -55.695         0.00000     0.00000     0.00000     0.00000
    -55.545         0.00000     0.00000     0.00000     0.00000
    -55.395         0.00000     0.00000     0.00000     0.00000
    -55.245         0.00000     0.00000     0.00000     0.00000
    -55.095         0.00000     0.00000     0.00000     0.00000
    -54.945         0.00000     0.00000     0.00000     0.00000
    -54.795         0.00000     0.00000     0.00000     0.00000
    -54.645         0.00000     0.00000     0.00000     0.00000
    -54.495         0.00000     0.00000     0.00000     0.00000
    -54.345         0.00000     0.00000     0.00000     0.00000
    -54.195         0.00000     0.00000     0.00000     0.00000
    -54.045         0.00000     0.00000     0.00000     0.00000
    -53.895         0.00000     0.00000     0.00000     0.00000
    -53.745         0.00000     0.00000     0.00000     0.00000
    -53.595         0.00000     0.00000     0.00000     0.00000
    -53.445         0.00000     0.00000     0.00000     0.00000
    -53.295         0.00000     0.00000     0.00000     0.00000
    -53.145         0.00000     0.00000     0.00000     0.00000
    -52.995         0.00000     0.00000     0.00000     0.00000
    -52.845         0.00000     0.00000     0.00000     0.00000
    -52.695         0.00000     0.00000     0.00000     0.00000
    -52.545         0.00000     0.00000     0.00000     0.00000
    -52.395         0.00000     0.00000     0.00000     0.00000
    -52.245         0.00000     0.00000     0.00000     0.00000
    -52.095         0.00000     0.00000     0.00000     0.00000
    -51.945         0.00000     0.00000     0.00000     0.00000
    -51.795         0.00000     0.00000     0.00000     0.00000
    -51.645         0.00000     0.00000     0.00000     0.00000
    -51.495         0.00000     0.00000     0.00000     0.00000
    -51.345         0.00000     0.00000     0.00000     0.00000
    -51.195         0.00000     0.00000     0.00000     0.00000
    -51.045         0.00000     0.00000     0.00000     0.00000
    -50.895         0.00000     0.00000     0.00000     0.00000
    -50.745         0.00000     0.00000     0.00000     0.00000
    -50.595         0.00000     0.00000     0.00000     0.00000
    -50.445         0.00000     0.00000     0.00000     0.00000
    -50.295         0.00000     0.00000     0.00000     0.00000
    -50.145         0.00000     0.00000     0.00000     0.00000
    -49.995         0.00000     0.00000     0.00000     0.00000
    -49.845         0.00000     0.00000     0.00000     0.00000
    -49.695         0.00000     0.00000     0.00000     0.00000
    -49.545         0.00000     0.00000     0.00000     0.00000
    -49.395         0.00000     0.00000     0.00000     0.00000
    -49.245         0.00000     0.00000     0.00000     0.00000
    -49.095         0.00000     0.00000     0.00000     0.00000
    -48.945         0.00000     0.00000     0.00000     0.00000
    -48.795         0.00000     0.00000     0.00000     0.00000
    -48.645         0.00000     0.00000     0.00000     0.00000
    -48.495         0.00000     0.00000     0.00000     0.00000
    -48.345         0.00000     0.00000     0.00000     0.00000
    -48.195         0.00000     0.00000     0.00000     0.00000
    -48.045         0.00000     0.00000     0.00000     0.00000
    -47.895         0.00000     0.00000     0.00000     0.00000
    -47.745         0.00000     0.00000     0.00000     0.00000
    -47.595         0.00000     0.00000     0.00000     0.00000
    -47.445         0.00000     0.00000     0.00000     0.00000
    -47.295         0.00000     0.00000     0.00000     0.00000
    -47.145         0.00000     0.00000     0.00000     0.00000
    -46.995         0.00000     0.00000     0.00000     0.00000
    -46.845         0.00000     0.00000     0.00000     0.00000
    -46.695         0.00000     0.00000     0.00000     0.00000
    -46.545         0.00000     0.00000     0.00000     0.00000
    -46.395         0.00000     0.00000     0.00000     0.00000
    -46.245         0.00000     0.00000     0.00000     0.00000
    -46.095         0.00000     0.00000     0.00000     0.00000
    -45.945         0.00000     0.00000     0.00000     0.00000
    -45.795         0.00000     0.00000     0.00000     0.00000
    -45.645         0.00000     0.00000     0.00000     0.00000
    -45.495         0.00000     0.00000     0.00000     0.00000
    -45.345         0.00000     0.00000     0.00000     0.00000
    -45.195         0.00000     0.00000     0.00000     0.00000
    -45.045         0.00000     0.00000     0.00000     0.00000
    -44.895         0.00000     0.00000     0.00000     0.00000
    -44.745         0.00000     0.00000     0.00000     0.00000
    -44.595         0.00000     0.00000     0.00000     0.00000
    -44.445         0.00000     0.00000     0.00000     0.00000
    -44.295         0.00000     0.00000     0.00000     0.00000
    -44.145         0.00000     0.00000     0.00000     0.00000
    -43.995         0.00000     0.00000     0.00000     0.00000
    -43.845         0.00000     0.00000     0.00000     0.00000
    -43.695         0.00000     0.00000     0.00000     0.00000
    -43.545         0.00000     0.00000     0.00000     0.00000
    -43.395         0.00000     0.00000     0.00000     0.00000
    -43.245         0.00000     0.00000     0.00000     0.00000
    -43.095         0.00000     0.00000     0.00000     0.00000
    -42.945         0.00000     0.00000     0.00000     0.00000
    -42.795         0.00000     0.00000     0.00000     0.00000
    -42.645         0.00000     0.00000     0.00000     0.00000
    -42.495         0.00000     0.00000     0.00000     0.00000
    -42.345         0.00000     0.00000     0.00000     0.00000
    -42.195         0.00000     0.00000     0.00000     0.00000
    -42.045         0.00000     0.00000     0.00000     0.00000
    -41.895         0.00000     0.00000     0.00000     0.00000
    -41.745         0.00000     0.00000     0.00000     0.00000
    -41.595         0.00000     0.00000     0.00000     0.00000
    -41.445         0.00000     0.00000     0.00000     0.00000
    -41.295         0.00000     0.00000     0.00000     0.00000
    -41.145         0.00000     0.00000     0.00000     0.00000
    -40.995         0.00000     0.00000     0.00000     0.00000
    -40.845         0.00000     0.00000     0.00000     0.00000
    -40.695         0.00000     0.00000     0.00000     0.00000
    -40.545         0.00000     0.00000     0.00000     0.00000
    -40.395         0.00000     0.00000     0.00000     0.00000
    -40.245         0.00000     0.00000     0.00000     0.00000
    -40.095         0.00000     0.00000     0.00000     0.00000
    -39.945         0.00000     0.00000     0.00000     0.00000
    -39.795         0.00000     0.00000     0.00000     0.00000
    -39.645         0.00000     0.00000     0.00000     0.00000
    -39.495         0.00000     0.00000     0.00000     0.00000
    -39.345         0.00000     0.00000     0.00000     0.00000
    -39.195         0.00000     0.00000     0.00000     0.00000
    -39.045         0.00000     0.00000     0.00000     0.00000
    -38.895         0.00000     0.00000     0.00000     0.00000
    -38.745         0.00000     0.00000     0.00000     0.00000
    -38.595         0.00000     0.00000     0.00000     0.00000
    -38.445         0.00000     0.00000     0.00000     0.00000
    -38.295         0.00000     0.00000     0.00000     0.00000
    -38.145         0.00000     0.00000     0.00000     0.00000
    -37.995         0.00000     0.00000     0.00000     0.00000
    -37.845         0.00000     0.00000     0.00000     0.00000
    -37.695         0.00000     0.00000     0.00000     0.00000
    -37.545         0.00000     0.00000     0.00000     0.00000
    -37.395         0.00000     0.00000     0.00000     0.00000
    -37.245         0.00000     0.00000     0.00000     0.00000
    -37.095         0.00000     0.00000     0.00000     0.00000
    -36.945         0.00000     0.00000     0.00000     0.00000
    -36.795         0.00000     0.00000     0.00000     0.00000
    -36.645         0.00000     0.00000     0.00000     0.00000
    -36.495         0.00000     0.00000     0.00000     0.00000
    -36.345         0.00000     0.00000     0.00000     0.00000
    -36.195         0.00000     0.00000     0.00000     0.00000
    -36.045         0.00000     0.00000     0.00000     0.00000
    -35.895         0.00000     0.00000     0.00000     0.00000
    -35.745         0.00000     0.00000     0.00000     0.00000
    -35.595         0.00000     0.00000     0.00000     0.00000
    -35.445         0.00000     0.00000     0.00000     0.00000
    -35.295         0.00000     0.00000     0.00000     0.00000
    -35.145         0.00000     0.00000     0.00000     0.00000
    -34.995         0.00000     0.00000     0.00000     0.00000
    -34.845         0.00000     0.00000     0.00000     0.00000
    -34.695         0.00000     0.00000     0.00000     0.00000
    -34.545         0.00000     0.00000     0.00000     0.00000
    -34.395         0.00000     0.00000     0.00000     0.00000
    -34.245         0.00000     0.00000     0.00000     0.00000
    -34.095         0.00000     0.00000     0.00000     0.00000
    -33.945         0.00000     0.00000     0.00000     0.00000
    -33.795         0.00000     0.00000     0.00000     0.00000
    -33.645         0.00000     0.00000     0.00000     0.00000
    -33.495         0.00000     0.00000     0.00000     0.00000
    -33.345         0.00000     0.00000     0.00000     0.00000
    -33.195         0.00000     0.00000     0.00000     0.00000
    -33.045         0.00000     0.00000     0.00000     0.00000
    -32.895         0.00000     0.00000     0.00000     0.00000
    -32.745         0.00000     0.00000     0.00000     0.00000
    -32.595         0.00000     0.00000     0.00000     0.00000
    -32.445         0.00000     0.00000     0.00000     0.00000
    -32.295         0.00000     0.00000     0.00000     0.00000
    -32.145         0.00000     0.00000     0.00000     0.00000
    -31.995         0.00000     0.00000     0.00000     0.00000
    -31.845         0.00000     0.00000     0.00000     0.00000
    -31.695         0.00000     0.00000     0.00000     0.00000
    -31.545         0.00000     0.00000     0.00000     0.00000
    -31.395         0.00000     0.00000     0.00000     0.00000
    -31.245         0.00000     0.00000     0.00000     0.00000
    -31.095         0.00000     0.00000     0.00000     0.00000
    -30.945         0.00000     0.00000     0.00000     0.00000
    -30.795         0.00000     0.00000     0.00000     0.00000
    -30.645         0.00000     0.00000     0.00000     0.00000
    -30.495         0.00000     0.00000     0.00000     0.00000
    -30.345         0.00000     0.00000     0.00000     0.00000
    -30.195         0.00000     0.00000     0.00000     0.00000
    -30.045         0.00000     0.00000     0.00000     0.00000
    -29.895         0.00000     0.00000     0.00000     0.00000
    -29.745         0.00000     0.00000     0.00000     0.00000
    -29.595         0.00000     0.00000     0.00000     0.00000
    -29.445         0.00000     0.00000     0.00000     0.00000
    -29.295         0.00000     0.00000     0.00000     0.00000
    -29.145         0.00000     0.00000     0.00000     0.00000
    -28.995         0.00000     0.00000     0.00000     0.00000
    -28.845         0.00000     0.00000     0.00000     0.00000
    -28.695         0.00000     0.00000     0.00000     0.00000
    -28.545         0.00000     0.00000     0.00000     0.00000
    -28.395         0.00000     0.00000     0.00000     0.00000
    -28.245         0.00000     0.00000     0.00000     0.00000
    -28.095         0.00000     0.00000     0.00000     0.00000
    -27.945         0.00000     0.00000     0.00000     0.00000
    -27.795         0.00000     0.00000     0.00000     0.00000
    -27.645         0.00000     0.00000     0.00000     0.00000
    -27.495         0.00000     0.00000     0.00000     0.00000
    -27.345         0.00000     0.00000     0.00000     0.00000
    -27.195         0.00000     0.00000     0.00000     0.00000
    -27.045         0.00000     0.00000     0.00000     0.00000
    -26.895         0.00000     0.00000     0.00000     0.00000
    -26.745         0.00000     0.00000     0.00000     0.00000
    -26.595         0.00000     0.00000     0.00000     0.00000
    -26.445         0.00000     0.00000     0.00000     0.00000
    -26.295         0.00000     0.00000     0.00000     0.00000
    -26.145         0.00000     0.00000     0.00000     0.00000
    -25.995         0.00000     0.00000     0.00000     0.00000
    -25.845         0.00000     0.00000     0.00000     0.00000
    -25.695         0.00000     0.00000     0.00000     0.00000
    -25.545         0.00000     0.00000     0.00000     0.00000
    -25.395         0.00000     0.00000     0.00000     0.00000
    -25.245         0.00000     0.00000     0.00000     0.00000
    -25.095         0.00000     0.00000     0.00000     0.00000
    -24.945         0.00000     0.00000     0.00000     0.00000
    -24.795         0.00000     0.00000     0.00000     0.00000
    -24.645         0.00000     0.00000     0.00000     0.00000
    -24.495         0.00000     0.00000     0.00000     0.00000
    -24.345         0.00000     0.00000     0.00000     0.00000
    -24.195         0.00000     0.00000     0.00000     0.00000
    -24.045         0.00000     0.00000     0.00000     0.00000
    -23.895         0.00000     0.00000     0.00000     0.00000
    -23.745         0.00000     0.00000     0.00000     0.00000
    -23.595         0.00000     0.00000     0.00000     0.00000
    -23.445         0.00000     0.00000     0.00000     0.00000
    -23.295         0.00000     0.00000     0.00000     0.00000
    -23.145         0.00000     0.00000     0.00000     0.00000
    -22.995         0.00000     0.00000     0.00000     0.00000
    -22.845         0.00000     0.00000     0.00000     0.00000
    -22.695         0.00000     0.00000     0.00000     0.00000
    -22.545         0.00000     0.00000     0.00000     0.00000
    -22.395         0.00000     0.00000     0.00000     0.00000
    -22.245         0.00000     0.00000     0.00000     0.00000
    -22.095         0.00000     0.00000     0.00000     0.00000
    -21.945         0.00000     0.00000     0.00000     0.00000
    -21.795         0.00000     0.00000     0.00000     0.00000
    -21.645         0.00000     0.00000     0.00000     0.00000
    -21.495         0.00000     0.00000     0.00000     0.00000
    -21.345         0.00000     0.00000     0.00000     0.00000
    -21.195         0.00000     0.00000     0.00000     0.00000
    -21.045         0.00000     0.00000     0.00000     0.00000
    -20.895         0.00000     0.00000     0.00000     0.00000
    -20.745         0.00000     0.00000     0.00000     0.00000
    -20.595         0.00000     0.00000     0.00000     0.00000
    -20.445         0.00000     0.00000     0.00000     0.00000
    -20.295         0.00000     0.00000     0.00000     0.00000
    -20.145         0.00000     0.00000     0.00000     0.00000
    -19.995         0.00000     0.00000     0.00000     0.00000
    -19.845         0.00000     0.00000     0.00000     0.00000
    -19.695         0.00000     0.00000     0.00000     0.00000
    -19.545         0.00000     0.00000     0.00000     0.00000
    -19.395         0.00000     0.00000     0.00000     0.00000
    -19.245         0.00000     0.00000     0.00000     0.00000
    -19.095         0.00000     0.00000     0.00000     0.00000
    -18.945         0.00000     0.00000     0.00000     0.00000
    -18.795         0.00000     0.00000     0.00000     0.00000
    -18.645         0.00000     0.00000     0.00000     0.00000
    -18.495         0.00000     0.00000     0.00000     0.00000
    -18.345         0.00000     0.00000     0.00000     0.00000
    -18.195         0.00000     0.00000     0.00000     0.00000
    -18.045         0.00000     0.00000     0.00000     0.00000
    -17.895         0.00000     0.00000     0.00000     0.00000
    -17.745         0.00000     0.00000     0.00000     0.00000
    -17.595         0.00000     0.00000     0.00000     0.00000
    -17.445         0.00000     0.00000     0.00000     0.00000
    -17.295         0.00000     0.00000     0.00000     0.00000
    -17.145         0.00000     0.00000     0.00000     0.00000
    -16.995         0.00000     0.00000     0.00000     0.00000
    -16.845         0.00000     0.00000     0.00000     0.00000
    -16.695         0.00000     0.00000     0.00000     0.00000
    -16.545         0.00000     0.00000     0.00000     0.00000
    -16.395         0.00000     0.00000     0.00000     0.00000
    -16.245         0.00000     0.00000     0.00000     0.00000
    -16.095         0.00000     0.00000     0.00000     0.00000
    -15.945         0.00000     0.00000     0.00000     0.00000
    -15.795         0.00000     0.00000     0.00000     0.00000
    -15.645         0.00000     0.00000     0.00000     0.00000
    -15.495         0.00000     0.00000     0.00000     0.00000
    -15.345         0.00000     0.00000     0.00000     0.00000
    -15.195         0.00000     0.00000     0.00000     0.00000
    -15.045         0.00000     0.00000     0.00000     0.00000
    -14.895         0.00000     0.00000     0.00000     0.00000
    -14.745         0.00000     0.00000     0.00000     0.00000
    -14.595         0.00000     0.00000     0.00000     0.00000
    -14.445         0.00000     0.00000     0.00000     0.00000
    -14.295         0.00000     0.00000     0.00000     0.00000
    -14.145         0.00000     0.00000     0.00000     0.00000
    -13.995         0.00000     0.00000     0.00000     0.00000
    -13.845         0.00000     0.00000     0.00000     0.00000
    -13.695         0.00000     0.00000     0.00000     0.00000
    -13.545         0.00000     0.00000     0.00000     0.00000
    -13.395         0.00000     0.00000     0.00000     0.00000
    -13.245         0.00000     0.00000     0.00000     0.00000
    -13.095         0.00000     0.00000     0.00000     0.00000
    -12.945         0.00000     0.00000     0.00000     0.00000
    -12.795         0.00000     0.00000     0.00000     0.00000
    -12.645         0.00000     0.00000     0.00000     0.00000
    -12.495         0.00000     0.00000     0.00000     0.00000
    -12.345         0.00000     0.00000     0.00000     0.00000
    -12.195         0.00000     0.00000     0.00000     0.00000
    -12.045         0.00000     0.00000     0.00000     0.00000
    -11.895         0.00000     0.00000     0.00000     0.00000
    -11.745         0.00000     0.00000     0.00000     0.00000
    -11.595         0.00000     0.00000     0.00000     0.00000
    -11.445         0.00000     0.00000     0.00000     0.00000
    -11.295         0.00000     0.00000     0.00000     0.00000
    -11.145         0.00000     0.00000     0.00000     0.00000
    -10.995         0.00000     0.00000     0.00000     0.00000
    -10.845         0.00000     0.00000     0.00000     0.00000
    -10.695         0.00000     0.00000     0.00000     0.00000
    -10.545         0.00000     0.00000     0.00000     0.00000
    -10.395         0.00000     0.00000     0.00000     0.00000
    -10.245         0.00000     0.00000     0.00000     0.00000
    -10.095         0.00000     0.00000     0.00000     0.00000
    -9.9450         0.00000     0.00000     0.00000     0.00000
    -9.7950         0.00000     0.00000     0.00000     0.00000
    -9.6450         0.00000     0.00000     0.00000     0.00000
    -9.4950         0.00000     0.00000     0.00000     0.00000
    -9.3450         0.00000     0.00000     0.00000     0.00000
    -9.1950         0.00000     0.00000     0.00000     0.00000
    -9.0450         0.00000     0.00000     0.00000     0.00000
    -8.8950         0.00000     0.00000     0.00000     0.00000
    -8.7450         0.00000     0.00000     0.00000     0.00000
    -8.5950         0.00000     0.00000     0.00000     0.00000
    -8.4450         0.00000     0.00000     0.00000     0.00000
    -8.2950         0.00000     0.00000     0.00000     0.00000
    -8.1450         0.00000     0.00000     0.00000     0.00000
    -7.9950         0.00000     0.00000     0.00000     0.00000
    -7.8450         0.00000     0.00000     0.00000     0.00000
    -7.6950         0.00000     0.00000     0.00000     0.00000
    -7.5450         0.00000     0.00000     0.00000     0.00000
    -7.3950         0.00000     0.00000     0.00000     0.00000
    -7.2450         0.00000     0.00000     0.00000     0.00000
    -7.0950         0.00000     0.00000     0.00000     0.00000
    -6.9450         0.00000     0.00000     0.00000     0.00000
    -6.7950         0.00000     0.00000     0.00000     0.00000
    -6.6450         0.00000     0.00000     0.00000     0.00000
    -6.4950         0.00000     0.00000     0.00000     0.00000
    -6.3450         0.00000     0.00000     0.00000     0.00000
    -6.1950         0.00000     0.00000     0.00000     0.00000
    -6.0450         0.00000     0.00000     0.00000     0.00000
    -5.8950         0.00000     0.00000     0.00000     0.00000
    -5.7450         0.00000     0.00000     0.00000     0.00000
    -5.5950         0.00000     0.00000     0.00000     0.00000
    -5.4450         0.00000     0.00000     0.00000     0.00000
    -5.2950         0.00000     0.00000     0.00000     0.00000
    -5.1450         0.00000     0.00000     0.00000     0.00000
    -4.9950         0.00000     0.00000     0.00000     0.00000
    -4.8450         0.00000     0.00000     0.00000     0.00000
    -4.6950         0.00000     0.00000     0.00000     0.00000
    -4.5450         0.00000     0.00000     0.00000     0.00000
    -4.3950         0.00000     0.00000     0.00000     0.00000
    -4.2450         0.00000     0.00000     0.00000     0.00000
    -4.0950         0.00000     0.00000     0.00000     0.00000
    -3.9450         0.00000     0.00000     0.00000     0.00000
    -3.7950         0.00000     0.00000     0.00000     0.00000
    -3.6450         0.00000     0.00000     0.00000     0.00000
    -3.4950         0.00000     0.00000     0.00000     0.00000
    -3.3450         0.00000     0.00000     0.00000     0.00000
    -3.1950         0.00000     0.00000     0.00000     0.00000
    -3.0450         0.00000     0.00000     0.00000     0.00000
    -2.8950         0.00000     0.00000     0.00000     0.00000
    -2.7450         0.00000     0.00000     0.00000     0.00000
    -2.5950         0.00000     0.00000     0.00000     0.00000
    -2.4450         0.00000     0.00000     0.00000     0.00000
    -2.2950         0.00000     0.00000     0.00000     0.00000
    -2.1450         0.00000     0.00000     0.00000     0.00000
    -1.9950         0.00000     0.00000     0.00000     0.00000
    -1.8450        -0.00000    -0.00000     0.00000     0.00000
    -1.6950        -0.00000    -0.00000     0.00000     0.00000
    -1.5450         0.00000     0.00000     0.00000     0.00000
    -1.3950         0.00003     0.00003     0.00000     0.00001
    -1.2450        -0.00009     0.00012     0.00000    -0.00021
    -1.0950        -0.00224    -0.00039     0.00000    -0.00185
   -0.94500        -0.01238    -0.00186     0.00000    -0.01053
   -0.79500        -0.05558    -0.00508    -0.00012    -0.05037
   -0.64500        -0.27004    -0.01137    -0.00391    -0.25477
   -0.49500        -1.41404    -0.02311    -0.03811    -1.35282
   -0.34500        -3.95479    -0.04204    -0.11557    -3.79717
   -0.22700        -4.73483    -0.05093    -0.13732    -4.54657
   -0.21300        -4.81929    -0.05218    -0.13972    -4.62740
   -0.20700        -4.90207    -0.05318    -0.14217    -4.70672
   -0.20100        -4.98480    -0.05450    -0.14450    -4.78581
   -0.19500        -5.06525    -0.05585    -0.14700    -4.86240
   -0.18900        -5.14536    -0.05716    -0.14932    -4.93888
   -0.18300        -5.22515    -0.05854    -0.15161    -5.01501
   -0.17700        -5.30456    -0.05995    -0.15413    -5.09047
   -0.17100        -5.38302    -0.06149    -0.15656    -5.16497
   -0.16500        -5.46138    -0.06310    -0.15900    -5.23928
   -0.15900        -5.53911    -0.06464    -0.16142    -5.31305
   -0.15300        -5.61587    -0.06608    -0.16391    -5.38589
   -0.14700        -5.69289    -0.06792    -0.16633    -5.45864
   -0.14100        -5.77050    -0.06966    -0.16889    -5.53194
   -0.13500        -5.84734    -0.07155    -0.17138    -5.60441
   -0.12900        -5.92603    -0.07358    -0.17415    -5.67830
   -0.12300        -6.00439    -0.07548    -0.17696    -5.75195
   -0.11700        -6.08357    -0.07760    -0.17976    -5.82621
   -0.11100        -6.16421    -0.07973    -0.18261    -5.90186
   -0.10500        -6.24616    -0.08200    -0.18560    -5.97856
   -0.99000E-01    -6.33020    -0.08443    -0.18887    -6.05689
   -0.93000E-01    -6.41540    -0.08697    -0.19210    -6.13633
   -0.87000E-01    -6.50342    -0.08966    -0.19566    -6.21810
   -0.81000E-01    -6.59479    -0.09249    -0.19946    -6.30283
   -0.75000E-01    -6.68931    -0.09544    -0.20342    -6.39045
   -0.69000E-01    -6.78849    -0.09860    -0.20757    -6.48233
   -0.63000E-01    -6.89370    -0.10204    -0.21199    -6.57966
   -0.57000E-01    -7.00602    -0.10581    -0.21683    -6.68339
   -0.51000E-01    -7.12788    -0.11008    -0.22213    -6.79568
   -0.45000E-01    -7.26098    -0.11477    -0.22801    -6.91820
   -0.39000E-01    -7.40733    -0.12017    -0.23451    -7.05265
   -0.33000E-01    -7.57000    -0.12638    -0.24244    -7.20118
   -0.27000E-01    -7.75210    -0.13414    -0.25245    -7.36551
   -0.21300E-01    -7.89075    -0.14064    -0.26140    -7.48872
   -0.19500E-01    -7.91223    -0.14174    -0.26293    -7.50756
   -0.18900E-01    -7.93421    -0.14284    -0.26454    -7.52683
   -0.18300E-01    -7.95641    -0.14395    -0.26625    -7.54621
   -0.17700E-01    -7.97901    -0.14518    -0.26803    -7.56581
   -0.17100E-01    -8.00210    -0.14640    -0.26987    -7.58582
   -0.16500E-01    -8.02569    -0.14769    -0.27187    -7.60614
   -0.15900E-01    -8.04981    -0.14901    -0.27398    -7.62683
   -0.15300E-01    -8.07438    -0.15042    -0.27617    -7.64779
   -0.14700E-01    -8.09965    -0.15188    -0.27860    -7.66916
   -0.14100E-01    -8.12551    -0.15341    -0.28110    -7.69100
   -0.13500E-01    -8.15203    -0.15497    -0.28381    -7.71324
   -0.12900E-01    -8.17916    -0.15661    -0.28672    -7.73582
   -0.12300E-01    -8.20700    -0.15834    -0.28987    -7.75879
   -0.11700E-01    -8.23586    -0.16013    -0.29332    -7.78242
   -0.11100E-01    -8.26561    -0.16206    -0.29704    -7.80651
   -0.10500E-01    -8.29638    -0.16404    -0.30108    -7.83126
   -0.99000E-02    -8.32810    -0.16612    -0.30552    -7.85646
   -0.93000E-02    -8.36085    -0.16833    -0.31043    -7.88209
   -0.87000E-02    -8.39503    -0.17066    -0.31597    -7.90840
   -0.81000E-02    -8.43043    -0.17312    -0.32209    -7.93522
   -0.75000E-02    -8.46754    -0.17577    -0.32904    -7.96272
   -0.69000E-02    -8.50636    -0.17859    -0.33700    -7.99077
   -0.63000E-02    -8.54726    -0.18156    -0.34617    -8.01953
   -0.57000E-02    -8.59063    -0.18471    -0.35700    -8.04892
   -0.51000E-02    -8.63712    -0.18808    -0.37018    -8.07885
   -0.45000E-02    -8.68781    -0.19166    -0.38685    -8.10930
   -0.39000E-02    -8.74498    -0.19544    -0.40936    -8.14018
   -0.33000E-02    -8.81300    -0.19944    -0.44197    -8.17160
   -0.27000E-02    -8.89877    -0.20359    -0.49141    -8.20377
   -0.21000E-02    -9.00740    -0.20786    -0.56152    -8.23802
   -0.15000E-02    -9.10646    -0.21202    -0.61576    -8.27868
   -0.90000E-03    -9.19539    -0.21563    -0.63448    -8.34528
   -0.30000E-03   -10.64734    -0.21754    -0.63779    -9.79201
    0.30000E-03    -9.19636    -0.21423    -0.63590    -8.34623
    0.90000E-03    -9.11725    -0.19559    -0.63232    -8.28934
    0.15000E-02    -9.03788    -0.14151    -0.62821    -8.26815
    0.21000E-02    -8.95541    -0.07166    -0.62400    -8.25975
    0.27000E-02    -8.89860    -0.02233    -0.61986    -8.25641
    0.33000E-02    -8.86055     0.01036    -0.61589    -8.25502
    0.39000E-02    -8.83370     0.03291    -0.61216    -8.25446
    0.45000E-02    -8.81314     0.04974    -0.60866    -8.25421
    0.51000E-02    -8.79645     0.06301    -0.60536    -8.25410
    0.57000E-02    -8.78232     0.07401    -0.60228    -8.25405
    0.63000E-02    -8.77016     0.08327    -0.59941    -8.25403
    0.69000E-02    -8.75948     0.09118    -0.59666    -8.25400
    0.75000E-02    -8.74990     0.09819    -0.59411    -8.25399
    0.81000E-02    -8.74129     0.10440    -0.59172    -8.25397
    0.87000E-02    -8.73353     0.10994    -0.58952    -8.25395
    0.93000E-02    -8.72645     0.11489    -0.58741    -8.25393
    0.99000E-02    -8.71991     0.11939    -0.58539    -8.25392
    0.10500E-01    -8.71397     0.12347    -0.58354    -8.25390
    0.11100E-01    -8.70839     0.12724    -0.58176    -8.25388
    0.11700E-01    -8.70328     0.13069    -0.58011    -8.25386
    0.12300E-01    -8.69856     0.13383    -0.57854    -8.25384
    0.12900E-01    -8.69409     0.13678    -0.57704    -8.25382
    0.13500E-01    -8.68991     0.13953    -0.57564    -8.25380
    0.14100E-01    -8.68601     0.14209    -0.57433    -8.25377
    0.14700E-01    -8.68230     0.14451    -0.57306    -8.25375
    0.15300E-01    -8.67885     0.14672    -0.57184    -8.25372
    0.15900E-01    -8.67565     0.14879    -0.57074    -8.25370
    0.16500E-01    -8.67265     0.15072    -0.56971    -8.25367
    0.17100E-01    -8.66975     0.15256    -0.56867    -8.25364
    0.17700E-01    -8.66703     0.15428    -0.56771    -8.25361
    0.18300E-01    -8.66452     0.15588    -0.56682    -8.25358
    0.18900E-01    -8.66210     0.15740    -0.56595    -8.25355
    0.19500E-01    -8.65983     0.15882    -0.56513    -8.25352
    0.21300E-01    -8.64662     0.16696    -0.56028    -8.25330
    0.27000E-01    -8.63313     0.17534    -0.55561    -8.25286
    0.33000E-01    -8.62415     0.18090    -0.55271    -8.25234
    0.39000E-01    -8.61808     0.18465    -0.55094    -8.25179
    0.45000E-01    -8.61353     0.18731    -0.54975    -8.25109
    0.51000E-01    -8.61022     0.18922    -0.54911    -8.25032
    0.57000E-01    -8.60758     0.19059    -0.54869    -8.24948
    0.63000E-01    -8.60559     0.19150    -0.54844    -8.24866
    0.69000E-01    -8.60372     0.19220    -0.54826    -8.24766
    0.75000E-01    -8.60209     0.19271    -0.54814    -8.24666
    0.81000E-01    -8.60044     0.19309    -0.54805    -8.24548
    0.87000E-01    -8.59891     0.19337    -0.54797    -8.24431
    0.93000E-01    -8.59745     0.19357    -0.54791    -8.24311
    0.99000E-01    -8.59601     0.19372    -0.54786    -8.24187
    0.10500        -8.59441     0.19384    -0.54772    -8.24053
    0.11100        -8.59293     0.19392    -0.54768    -8.23916
    0.11700        -8.59135     0.19399    -0.54764    -8.23771
    0.12300        -8.58967     0.19411    -0.54759    -8.23618
    0.12900        -8.58800     0.19420    -0.54755    -8.23465
    0.13500        -8.58606     0.19453    -0.54750    -8.23309
    0.14100        -8.58443     0.19458    -0.54745    -8.23156
    0.14700        -8.58271     0.19463    -0.54741    -8.22994
    0.15300        -8.58080     0.19469    -0.54732    -8.22816
    0.15900        -8.57891     0.19473    -0.54728    -8.22637
    0.16500        -8.57704     0.19478    -0.54722    -8.22460
    0.17100        -8.57514     0.19482    -0.54714    -8.22283
    0.17700        -8.57286     0.19506    -0.54709    -8.22084
    0.18300        -8.57056     0.19529    -0.54701    -8.21885
    0.18900        -8.56833     0.19553    -0.54696    -8.21690
    0.19500        -8.56605     0.19576    -0.54688    -8.21493
    0.20100        -8.56349     0.19580    -0.54651    -8.21279
    0.20700        -8.56089     0.19602    -0.54615    -8.21076
    0.21300        -8.55842     0.19625    -0.54609    -8.20858
    0.22700        -8.53834     0.19720    -0.54518    -8.19037
    0.34500        -8.47183     0.19934    -0.54285    -8.12832
    0.49500        -8.39671     0.20144    -0.53868    -8.05947
    0.64500        -8.32024     0.20341    -0.53509    -7.98855
    0.79500        -8.24096     0.20557    -0.53167    -7.91486
    0.94500        -8.16167     0.20721    -0.52718    -7.84169
     1.0950        -8.08308     0.20942    -0.52374    -7.76876
     1.2450        -8.00533     0.21106    -0.52001    -7.69638
     1.3950        -7.92924     0.21260    -0.51658    -7.62526
     1.5450        -7.85481     0.21429    -0.51339    -7.55571
     1.6950        -7.78212     0.21590    -0.51043    -7.48758
     1.8450        -7.71190     0.21738    -0.50766    -7.42163
     1.9950        -7.64441     0.21878    -0.50505    -7.35814
     2.1450        -7.57941     0.22011    -0.50259    -7.29693
     2.2950        -7.51702     0.22135    -0.50026    -7.23811
     2.4450        -7.45673     0.22254    -0.49804    -7.18124
     2.5950        -7.39900     0.22367    -0.49592    -7.12675
     2.7450        -7.34306     0.22474    -0.49392    -7.07389
     2.8950        -7.28974     0.22578    -0.49200    -7.02352
     3.0450        -7.23798     0.22675    -0.49015    -6.97458
     3.1950        -7.18854     0.22770    -0.48839    -6.92785
     3.3450        -7.14045     0.22861    -0.48669    -6.88237
     3.4950        -7.09443     0.22948    -0.48506    -6.83885
     3.6450        -7.04998     0.23032    -0.48349    -6.79681
     3.7950        -7.00682     0.23113    -0.48198    -6.75597
     3.9450        -6.96519     0.23191    -0.48052    -6.71658
     4.0950        -6.92489     0.23267    -0.47910    -6.67846
     4.2450        -6.88591     0.23340    -0.47771    -6.64159
     4.3950        -6.84815     0.23411    -0.47639    -6.60587
     4.5450        -6.81156     0.23480    -0.47510    -6.57125
     4.6950        -6.77597     0.23547    -0.47384    -6.53760
     4.8450        -6.74147     0.23612    -0.47264    -6.50495
     4.9950        -6.70785     0.23675    -0.47146    -6.47314
     5.1450        -6.67518     0.23737    -0.47031    -6.44224
     5.2950        -6.64337     0.23797    -0.46919    -6.41215
     5.4450        -6.61240     0.23855    -0.46810    -6.38285
     5.5950        -6.58215     0.23911    -0.46704    -6.35422
     5.7450        -6.55271     0.23966    -0.46601    -6.32636
     5.8950        -6.52395     0.24020    -0.46500    -6.29915
     6.0450        -6.49585     0.24072    -0.46401    -6.27257
     6.1950        -6.46844     0.24123    -0.46305    -6.24662
     6.3450        -6.44160     0.24174    -0.46212    -6.22122
     6.4950        -6.41539     0.24222    -0.46120    -6.19642
     6.6450        -6.38970     0.24271    -0.46030    -6.17211
     6.7950        -6.36457     0.24318    -0.45942    -6.14833
     6.9450        -6.33997     0.24364    -0.45857    -6.12504
     7.0950        -6.31585     0.24410    -0.45772    -6.10222
     7.2450        -6.29226     0.24454    -0.45690    -6.07990
     7.3950        -6.26918     0.24498    -0.45610    -6.05806
     7.5450        -6.24651     0.24540    -0.45530    -6.03661
     7.6950        -6.22423     0.24583    -0.45452    -6.01554
     7.8450        -6.20239     0.24625    -0.45376    -5.99488
     7.9950        -6.18087     0.24666    -0.45300    -5.97453
     8.1450        -6.15977     0.24705    -0.45226    -5.95456
     8.2950        -6.13903     0.24744    -0.45153    -5.93493
     8.4450        -6.11863     0.24782    -0.45082    -5.91562
     8.5950        -6.09860     0.24819    -0.45011    -5.89668
     8.7450        -6.07900     0.24856    -0.44942    -5.87813
     8.8950        -6.05962     0.24893    -0.44875    -5.85980
     9.0450        -6.04062     0.24928    -0.44808    -5.84183
     9.1950        -6.02187     0.24963    -0.44741    -5.82409
     9.3450        -6.00349     0.24997    -0.44678    -5.80669
     9.4950        -5.98535     0.25032    -0.44614    -5.78953
     9.6450        -5.96748     0.25065    -0.44552    -5.77261
     9.7950        -5.94987     0.25098    -0.44490    -5.75595
     9.9450        -5.93254     0.25131    -0.44429    -5.73955
     10.095        -5.91549     0.25164    -0.44370    -5.72343
     10.245        -5.89867     0.25195    -0.44311    -5.70751
     10.395        -5.88211     0.25227    -0.44253    -5.69185
     10.545        -5.86580     0.25258    -0.44197    -5.67642
     10.695        -5.84968     0.25288    -0.44141    -5.66115
     10.845        -5.83382     0.25318    -0.44086    -5.64615
     10.995        -5.81815     0.25348    -0.44031    -5.63132
     11.145        -5.80271     0.25377    -0.43977    -5.61671
     11.295        -5.78743     0.25406    -0.43924    -5.60225
     11.445        -5.77235     0.25435    -0.43871    -5.58799
     11.595        -5.75750     0.25463    -0.43819    -5.57393
     11.745        -5.74282     0.25491    -0.43769    -5.56004
     11.895        -5.72834     0.25517    -0.43717    -5.54634
     12.045        -5.71407     0.25544    -0.43667    -5.53284
     12.195        -5.69997     0.25571    -0.43618    -5.51950
     12.345        -5.68600     0.25597    -0.43569    -5.50628
     12.495        -5.67224     0.25623    -0.43521    -5.49325
     12.645        -5.65863     0.25648    -0.43473    -5.48038
     12.795        -5.64515     0.25674    -0.43426    -5.46763
     12.945        -5.63184     0.25699    -0.43380    -5.45503
     13.095        -5.61869     0.25723    -0.43334    -5.44259
     13.245        -5.60572     0.25748    -0.43288    -5.43032
     13.395        -5.59286     0.25772    -0.43243    -5.41814
     13.545        -5.58015     0.25796    -0.43198    -5.40613
     13.695        -5.56759     0.25819    -0.43155    -5.39424
     13.845        -5.55517     0.25843    -0.43112    -5.38248
     13.995        -5.54289     0.25866    -0.43069    -5.37086
     14.145        -5.53070     0.25889    -0.43026    -5.35933
     14.295        -5.51871     0.25911    -0.42985    -5.34796
     14.445        -5.50683     0.25934    -0.42944    -5.33673
     14.595        -5.49508     0.25956    -0.42903    -5.32561
     14.745        -5.48346     0.25978    -0.42862    -5.31462
     14.895        -5.47195     0.25999    -0.42822    -5.30372
     15.045        -5.46056     0.26020    -0.42782    -5.29294
     15.195        -5.44923     0.26041    -0.42742    -5.28222
     15.345        -5.43804     0.26062    -0.42703    -5.27162
     15.495        -5.42698     0.26082    -0.42664    -5.26116
     15.645        -5.41602     0.26103    -0.42626    -5.25078
     15.795        -5.40518     0.26123    -0.42589    -5.24053
     15.945        -5.39444     0.26144    -0.42551    -5.23037
     16.095        -5.38381     0.26164    -0.42514    -5.22032
     16.245        -5.37329     0.26183    -0.42477    -5.21036
     16.395        -5.36283     0.26204    -0.42441    -5.20046
     16.545        -5.35249     0.26223    -0.42405    -5.19068
     16.695        -5.34227     0.26243    -0.42369    -5.18101
     16.845        -5.33211     0.26262    -0.42334    -5.17139
     16.995        -5.32205     0.26281    -0.42299    -5.16187
     17.145        -5.31207     0.26300    -0.42265    -5.15242
     17.295        -5.30218     0.26319    -0.42229    -5.14307
     17.445        -5.29238     0.26337    -0.42195    -5.13380
     17.595        -5.28267     0.26356    -0.42161    -5.12461
     17.745        -5.27302     0.26374    -0.42128    -5.11548
     17.895        -5.26348     0.26392    -0.42094    -5.10645
     18.045        -5.25399     0.26410    -0.42061    -5.09748
     18.195        -5.24463     0.26428    -0.42029    -5.08861
     18.345        -5.23534     0.26445    -0.41997    -5.07982
     18.495        -5.22610     0.26462    -0.41965    -5.07107
     18.645        -5.21695     0.26480    -0.41933    -5.06241
     18.795        -5.20786     0.26497    -0.41902    -5.05381
     18.945        -5.19887     0.26514    -0.41870    -5.04531
     19.095        -5.18995     0.26531    -0.41839    -5.03686
     19.245        -5.18113     0.26547    -0.41809    -5.02851
     19.395        -5.17237     0.26564    -0.41779    -5.02022
     19.545        -5.16368     0.26580    -0.41748    -5.01200
     19.695        -5.15504     0.26597    -0.41718    -5.00382
     19.845        -5.14648     0.26613    -0.41688    -4.99573
     19.995        -5.13797     0.26629    -0.41658    -4.98768
     20.145        -5.12949     0.26645    -0.41629    -4.97965
     20.295        -5.12109     0.26661    -0.41601    -4.97170
     20.445        -5.11277     0.26676    -0.41572    -4.96382
     20.595        -5.10455     0.26692    -0.41543    -4.95603
     20.745        -5.09635     0.26707    -0.41515    -4.94827
     20.895        -5.08822     0.26722    -0.41486    -4.94058
     21.045        -5.08016     0.26737    -0.41458    -4.93295
     21.195        -5.07217     0.26752    -0.41431    -4.92538
     21.345        -5.06424     0.26767    -0.41403    -4.91788
     21.495        -5.05634     0.26782    -0.41376    -4.91040
     21.645        -5.04851     0.26796    -0.41349    -4.90298
     21.795        -5.04072     0.26811    -0.41322    -4.89561
     21.945        -5.03296     0.26826    -0.41296    -4.88827
     22.095        -5.02530     0.26840    -0.41269    -4.88101
     22.245        -5.01773     0.26854    -0.41243    -4.87384
     22.395        -5.01018     0.26869    -0.41217    -4.86669
     22.545        -5.00264     0.26883    -0.41191    -4.85956
     22.695        -4.99518     0.26897    -0.41165    -4.85250
     22.845        -4.98777     0.26911    -0.41139    -4.84549
     22.995        -4.98042     0.26925    -0.41113    -4.83854
     23.145        -4.97309     0.26938    -0.41088    -4.83159
     23.295        -4.96584     0.26952    -0.41063    -4.82473
     23.445        -4.95862     0.26966    -0.41038    -4.81790
     23.595        -4.95150     0.26979    -0.41013    -4.81116
     23.745        -4.94442     0.26992    -0.40989    -4.80445
     23.895        -4.93735     0.27005    -0.40964    -4.79776
     24.045        -4.93034     0.27018    -0.40940    -4.79112
     24.195        -4.92337     0.27031    -0.40916    -4.78453
     24.345        -4.91646     0.27045    -0.40892    -4.77799
     24.495        -4.90957     0.27058    -0.40868    -4.77147
     24.645        -4.90277     0.27070    -0.40845    -4.76503
     24.795        -4.89597     0.27083    -0.40821    -4.75860
     24.945        -4.88922     0.27096    -0.40798    -4.75221
     25.095        -4.88252     0.27109    -0.40774    -4.74587
     25.245        -4.87585     0.27122    -0.40751    -4.73955
     25.395        -4.86921     0.27134    -0.40728    -4.73327
     25.545        -4.86263     0.27146    -0.40705    -4.72704
     25.695        -4.85611     0.27158    -0.40683    -4.72086
     25.845        -4.84962     0.27171    -0.40661    -4.71472
     25.995        -4.84314     0.27183    -0.40639    -4.70859
     26.145        -4.83671     0.27195    -0.40617    -4.70249
     26.295        -4.83031     0.27207    -0.40595    -4.69643
     26.445        -4.82395     0.27219    -0.40573    -4.69041
     26.595        -4.81767     0.27231    -0.40551    -4.68447
     26.745        -4.81139     0.27243    -0.40529    -4.67852
     26.895        -4.80515     0.27255    -0.40508    -4.67262
     27.045        -4.79895     0.27267    -0.40487    -4.66675
     27.195        -4.79280     0.27278    -0.40465    -4.66092
     27.345        -4.78667     0.27290    -0.40444    -4.65513
     27.495        -4.78058     0.27301    -0.40422    -4.64937
     27.645        -4.77453     0.27312    -0.40401    -4.64364
     27.795        -4.76850     0.27324    -0.40381    -4.63793
     27.945        -4.76253     0.27335    -0.40361    -4.63228
     28.095        -4.75657     0.27346    -0.40340    -4.62664
     28.245        -4.75067     0.27357    -0.40320    -4.62104
     28.395        -4.74478     0.27369    -0.40299    -4.61547
     28.545        -4.73893     0.27380    -0.40279    -4.60993
     28.695        -4.73310     0.27391    -0.40259    -4.60441
     28.845        -4.72729     0.27402    -0.40239    -4.59891
     28.995        -4.72149     0.27413    -0.40219    -4.59343
     29.145        -4.71577     0.27423    -0.40199    -4.58801
     29.295        -4.71008     0.27434    -0.40179    -4.58263
     29.445        -4.70439     0.27445    -0.40159    -4.57724
     29.595        -4.69875     0.27455    -0.40141    -4.57190
     29.745        -4.69314     0.27466    -0.40121    -4.56658
     29.895        -4.68757     0.27476    -0.40102    -4.56131
     30.045        -4.68202     0.27487    -0.40083    -4.55606
     30.195        -4.67652     0.27497    -0.40064    -4.55085
     30.345        -4.67104     0.27507    -0.40045    -4.54566
     30.495        -4.66558     0.27517    -0.40026    -4.54050
     30.645        -4.66014     0.27528    -0.40007    -4.53535
     30.795        -4.65475     0.27539    -0.39989    -4.53025
     30.945        -4.64937     0.27549    -0.39970    -4.52517
     31.095        -4.64402     0.27560    -0.39951    -4.52010
     31.245        -4.63872     0.27570    -0.39933    -4.51509
     31.395        -4.63339     0.27579    -0.39914    -4.51005
     31.545        -4.62814     0.27589    -0.39896    -4.50507
     31.695        -4.62290     0.27600    -0.39878    -4.50012
     31.845        -4.61768     0.27609    -0.39860    -4.49517
     31.995        -4.61249     0.27619    -0.39842    -4.49026
     32.145        -4.60731     0.27629    -0.39823    -4.48537
     32.295        -4.60218     0.27638    -0.39806    -4.48050
     32.445        -4.59708     0.27648    -0.39788    -4.47567
     32.595        -4.59202     0.27657    -0.39771    -4.47088
     32.745        -4.58698     0.27667    -0.39753    -4.46611
     32.895        -4.58193     0.27676    -0.39736    -4.46133
     33.045        -4.57692     0.27686    -0.39719    -4.45659
     33.195        -4.57191     0.27695    -0.39701    -4.45185
     33.345        -4.56693     0.27705    -0.39684    -4.44713
     33.495        -4.56198     0.27714    -0.39667    -4.44245
     33.645        -4.55708     0.27723    -0.39650    -4.43782
     33.795        -4.55219     0.27733    -0.39633    -4.43318
     33.945        -4.54733     0.27742    -0.39616    -4.42859
     34.095        -4.54247     0.27751    -0.39600    -4.42398
     34.245        -4.53764     0.27760    -0.39583    -4.41941
     34.395        -4.53284     0.27768    -0.39566    -4.41487
     34.545        -4.52807     0.27777    -0.39549    -4.41035
     34.695        -4.52331     0.27787    -0.39533    -4.40585
     34.845        -4.51855     0.27796    -0.39516    -4.40135
     34.995        -4.51383     0.27805    -0.39500    -4.39688
     35.145        -4.50912     0.27814    -0.39484    -4.39242
     35.295        -4.50446     0.27823    -0.39468    -4.38800
     35.445        -4.49981     0.27832    -0.39452    -4.38361
     35.595        -4.49518     0.27840    -0.39437    -4.37921
     35.745        -4.49056     0.27849    -0.39421    -4.37485
     35.895        -4.48597     0.27858    -0.39405    -4.37050
     36.045        -4.48142     0.27866    -0.39389    -4.36619
     36.195        -4.47688     0.27875    -0.39373    -4.36189
     36.345        -4.47235     0.27884    -0.39358    -4.35761
     36.495        -4.46786     0.27892    -0.39342    -4.35335
     36.645        -4.46335     0.27901    -0.39327    -4.34909
     36.795        -4.45888     0.27909    -0.39312    -4.34486
     36.945        -4.45445     0.27918    -0.39297    -4.34066
     37.095        -4.45001     0.27926    -0.39281    -4.33645
     37.245        -4.44560     0.27934    -0.39266    -4.33228
     37.395        -4.44121     0.27943    -0.39251    -4.32813
     37.545        -4.43682     0.27951    -0.39235    -4.32397
     37.695        -4.43247     0.27959    -0.39220    -4.31986
     37.845        -4.42814     0.27967    -0.39206    -4.31576
     37.995        -4.42382     0.27975    -0.39191    -4.31166
     38.145        -4.41952     0.27983    -0.39176    -4.30759
     38.295        -4.41522     0.27992    -0.39161    -4.30353
     38.445        -4.41096     0.28000    -0.39147    -4.29949
     38.595        -4.40673     0.28008    -0.39132    -4.29549
     38.745        -4.40248     0.28016    -0.39117    -4.29147
     38.895        -4.39829     0.28024    -0.39103    -4.28749
     39.045        -4.39409     0.28032    -0.39089    -4.28352
     39.195        -4.38991     0.28040    -0.39074    -4.27956
     39.345        -4.38575     0.28047    -0.39060    -4.27563
     39.495        -4.38160     0.28055    -0.39046    -4.27170
     39.645        -4.37747     0.28063    -0.39032    -4.26779
     39.795        -4.37337     0.28071    -0.39018    -4.26391
     39.945        -4.36928     0.28079    -0.39004    -4.26003
     40.095        -4.36521     0.28086    -0.38990    -4.25618
     40.245        -4.36116     0.28094    -0.38976    -4.25234
     40.395        -4.35713     0.28101    -0.38962    -4.24852
     40.545        -4.35311     0.28109    -0.38949    -4.24472
     40.695        -4.34909     0.28117    -0.38935    -4.24091
     40.845        -4.34509     0.28124    -0.38921    -4.23713
     40.995        -4.34113     0.28131    -0.38907    -4.23338
     41.145        -4.33716     0.28139    -0.38893    -4.22961
     41.295        -4.33322     0.28146    -0.38880    -4.22589
     41.445        -4.32930     0.28154    -0.38866    -4.22218
     41.595        -4.32538     0.28161    -0.38852    -4.21847
     41.745        -4.32148     0.28169    -0.38839    -4.21478
     41.895        -4.31759     0.28176    -0.38826    -4.21109
     42.045        -4.31371     0.28183    -0.38813    -4.20742
     42.195        -4.30986     0.28190    -0.38799    -4.20376
     42.345        -4.30601     0.28198    -0.38786    -4.20012
     42.495        -4.30218     0.28205    -0.38773    -4.19650
     42.645        -4.29838     0.28213    -0.38760    -4.19291
     42.795        -4.29459     0.28220    -0.38747    -4.18931
     42.945        -4.29080     0.28227    -0.38734    -4.18573
     43.095        -4.28701     0.28234    -0.38721    -4.18214
     43.245        -4.28326     0.28241    -0.38708    -4.17859
     43.395        -4.27951     0.28248    -0.38695    -4.17504
     43.545        -4.27578     0.28255    -0.38682    -4.17150
     43.695        -4.27206     0.28262    -0.38669    -4.16799
     43.845        -4.26837     0.28269    -0.38657    -4.16449
     43.995        -4.26470     0.28276    -0.38644    -4.16102
     44.145        -4.26104     0.28283    -0.38631    -4.15756
     44.295        -4.25738     0.28290    -0.38619    -4.15410
     44.445        -4.25376     0.28297    -0.38606    -4.15067
     44.595        -4.25012     0.28304    -0.38594    -4.14722
     44.745        -4.24651     0.28311    -0.38581    -4.14381
     44.895        -4.24291     0.28318    -0.38569    -4.14041
     45.045        -4.23932     0.28325    -0.38556    -4.13700
     45.195        -4.23572     0.28332    -0.38544    -4.13360
     45.345        -4.23214     0.28338    -0.38531    -4.13021
     45.495        -4.22858     0.28345    -0.38519    -4.12684
     45.645        -4.22502     0.28352    -0.38507    -4.12347
     45.795        -4.22150     0.28358    -0.38494    -4.12014
     45.945        -4.21797     0.28365    -0.38482    -4.11680
     46.095        -4.21444     0.28372    -0.38470    -4.11346
     46.245        -4.21096     0.28378    -0.38458    -4.11016
     46.395        -4.20747     0.28385    -0.38446    -4.10686
     46.545        -4.20400     0.28391    -0.38434    -4.10356
     46.695        -4.20054     0.28398    -0.38422    -4.10029
     46.845        -4.19707     0.28404    -0.38410    -4.09701
     46.995        -4.19363     0.28410    -0.38399    -4.09375
     47.145        -4.19020     0.28417    -0.38387    -4.09050
     47.295        -4.18680     0.28423    -0.38376    -4.08727
     47.445        -4.18339     0.28430    -0.38364    -4.08405
     47.595        -4.18000     0.28436    -0.38352    -4.08084
     47.745        -4.17661     0.28443    -0.38341    -4.07762
     47.895        -4.17322     0.28449    -0.38329    -4.07442
     48.045        -4.16987     0.28456    -0.38318    -4.07125
     48.195        -4.16652     0.28462    -0.38306    -4.06807
     48.345        -4.16319     0.28468    -0.38295    -4.06492
     48.495        -4.15986     0.28474    -0.38283    -4.06177
     48.645        -4.15654     0.28480    -0.38272    -4.05863
     48.795        -4.15324     0.28487    -0.38260    -4.05551
     48.945        -4.14996     0.28493    -0.38249    -4.05240
     49.095        -4.14668     0.28499    -0.38238    -4.04929
     49.245        -4.14341     0.28506    -0.38227    -4.04620
     49.395        -4.14017     0.28512    -0.38215    -4.04314
     49.545        -4.13692     0.28518    -0.38204    -4.04006
     49.695        -4.13368     0.28524    -0.38193    -4.03699
     49.845        -4.13047     0.28530    -0.38182    -4.03395
     49.995        -4.12725     0.28536    -0.38171    -4.03090
     50.145        -4.12405     0.28542    -0.38160    -4.02787
     50.295        -4.12084     0.28548    -0.38149    -4.02483
     50.445        -4.11765     0.28554    -0.38138    -4.02181
     50.595        -4.11448     0.28560    -0.38127    -4.01880
     50.745        -4.11131     0.28566    -0.38116    -4.01580
     50.895        -4.10815     0.28572    -0.38105    -4.01282
     51.045        -4.10501     0.28578    -0.38094    -4.00985
     51.195        -4.10187     0.28584    -0.38083    -4.00687
     51.345        -4.09874     0.28590    -0.38073    -4.00391
     51.495        -4.09563     0.28596    -0.38062    -4.00097
     51.645        -4.09253     0.28602    -0.38052    -3.99803
     51.795        -4.08943     0.28607    -0.38041    -3.99510
     51.945        -4.08636     0.28613    -0.38030    -3.99219
     52.095        -4.08327     0.28619    -0.38019    -3.98927
     52.245        -4.08021     0.28624    -0.38009    -3.98637
     52.395        -4.07714     0.28630    -0.37998    -3.98346
     52.545        -4.07409     0.28636    -0.37988    -3.98057
     52.695        -4.07104     0.28642    -0.37977    -3.97769
     52.845        -4.06802     0.28647    -0.37967    -3.97482
     52.995        -4.06500     0.28653    -0.37957    -3.97196
     53.145        -4.06200     0.28658    -0.37946    -3.96912
     53.295        -4.05900     0.28664    -0.37936    -3.96627
     53.445        -4.05600     0.28670    -0.37926    -3.96343
     53.595        -4.05302     0.28675    -0.37916    -3.96061
     53.745        -4.05004     0.28681    -0.37905    -3.95780
     53.895        -4.04707     0.28687    -0.37895    -3.95498
     54.045        -4.04411     0.28692    -0.37885    -3.95218
     54.195        -4.04116     0.28698    -0.37875    -3.94939
     54.345        -4.03823     0.28703    -0.37865    -3.94661
     54.495        -4.03531     0.28709    -0.37855    -3.94385
     54.645        -4.03239     0.28714    -0.37845    -3.94108
     54.795        -4.02948     0.28719    -0.37835    -3.93832
     54.945        -4.02657     0.28725    -0.37825    -3.93557
     55.095        -4.02370     0.28730    -0.37815    -3.93285
     59.433        -3.79691     0.29160    -0.37039    -3.71813
     80.646        -3.46601     0.29787    -0.35912    -3.40476
     111.21        -3.14518     0.30394    -0.34828    -3.10085
     153.36        -2.83447     0.30983    -0.33781    -2.80650
     211.49        -2.53433     0.31551    -0.32778    -2.52206
     291.64        -2.24450     0.32100    -0.31814    -2.24737
     402.18        -1.96476     0.32629    -0.30889    -1.98216
     554.60        -1.69531     0.33139    -0.30002    -1.72667
     764.80        -1.43556     0.33630    -0.29157    -1.48029
     1054.7        -1.18497     0.34104    -0.28347    -1.24255
     1454.4        -0.94340     0.34560    -0.27568    -1.01331
     2005.6        -0.71074     0.34998    -0.26826    -0.79247
     2765.8        -0.48618     0.35422    -0.26114    -0.57926
     3814.0        -0.26960     0.35828    -0.25434    -0.37354
     5259.5        -0.06063     0.36222    -0.24779    -0.17506
     7252.9         0.14096     0.36602    -0.24153     0.01647
     10002.         0.33535     0.36969    -0.23555     0.20122
     13793.         0.52262     0.37321    -0.22979     0.37921
     19020.         0.70271     0.37662    -0.22425     0.55034
     26229.         0.87550     0.37990    -0.21895     0.71455
     36170.         1.04082     0.38306    -0.21385     0.87162
     49878.         1.19876     0.38607    -0.20894     1.02162
     68782.         1.34974     0.38897    -0.20420     1.16498
     94851.         1.49385     0.39175    -0.19963     1.30173
    0.13080E+06     1.63124     0.39441    -0.19526     1.43210
    0.18038E+06     1.76216     0.39696    -0.19104     1.55624
    0.24874E+06     1.88700     0.39938    -0.18696     1.67459
    0.34301E+06     2.00589     0.40168    -0.18304     1.78725
    0.47302E+06     2.11908     0.40387    -0.17934     1.89455
    0.65229E+06     2.22686     0.40597    -0.17578     1.99667
    0.89952E+06     2.32936     0.40796    -0.17235     2.09375
    0.12404E+07     2.42695     0.40985    -0.16909     2.18619
    0.17106E+07     2.51975     0.41165    -0.16601     2.27411
    0.23589E+07     2.60805     0.41338    -0.16306     2.35774
    0.32529E+07     2.69213     0.41501    -0.16024     2.43736
    0.44858E+07     2.77200     0.41656    -0.15756     2.51300
    0.61860E+07     2.84791     0.41803    -0.15499     2.58486
    0.85305E+07     2.92014     0.41944    -0.15256     2.65326
    0.11764E+08     2.98885     0.42079    -0.15023     2.71830
    0.16222E+08     3.05418     0.42206    -0.14805     2.78017
    0.22370E+08     3.11616     0.42326    -0.14596     2.83885
    0.30849E+08     3.17473     0.42441    -0.14396     2.89428
    0.42541E+08     3.22972     0.42550    -0.14207     2.94629
    0.58664E+08     3.28117     0.42654    -0.14028     2.99491
    0.80898E+08     3.32955     0.42752    -0.13856     3.04060
    0.11156E+09     3.37505     0.42842    -0.13693     3.08356
    0.15384E+09     3.41795     0.42929    -0.13537     3.12403
    0.21215E+09     3.45830     0.43009    -0.13392     3.16213
    0.29255E+09     3.49633     0.43085    -0.13252     3.19800
    0.40343E+09     3.53215     0.43156    -0.13119     3.23178
    0.55633E+09     3.56588     0.43224    -0.12995     3.26359
    0.76719E+09     3.59678     0.43286    -0.12877     3.29268
    0.10580E+10     3.62482     0.43345    -0.12768     3.31905
    0.14589E+10     3.65062     0.43402    -0.12665     3.34326
    0.20119E+10     3.67430     0.43452    -0.12569     3.36547
    0.27744E+10     3.69619     0.43499    -0.12477     3.38597
    0.38259E+10     3.71636     0.43542    -0.12391     3.40485
    0.52760E+10     3.73504     0.43581    -0.12310     3.42233
    0.72756E+10     3.75222     0.43616    -0.12235     3.43840
    0.10033E+11     3.76812     0.43650    -0.12164     3.45326
    0.13836E+11     3.78279     0.43680    -0.12100     3.46699
    0.19079E+11     3.79630     0.43709    -0.12041     3.47963
    0.26311E+11     3.80874     0.43734    -0.11988     3.49127
    0.36283E+11     3.82027     0.43758    -0.11938     3.50207
    0.50034E+11     3.83088     0.43780    -0.11893     3.51200
    0.68997E+11     3.84069     0.43801    -0.11851     3.52119
    0.10000E+12     3.95819     0.44046    -0.11345     3.63119
