    -99.945         0.00000     0.00000     0.00000     0.00000
    -99.795         0.00000     0.00000     0.00000     0.00000
    -99.645         0.00000     0.00000     0.00000     0.00000
    -99.495         0.00000     0.00000     0.00000     0.00000
    -99.345         0.00000     0.00000     0.00000     0.00000
    -99.195         0.00000     0.00000     0.00000     0.00000
    -99.045         0.00000     0.00000     0.00000     0.00000
    -98.895         0.00000     0.00000     0.00000     0.00000
    -98.745         0.00000     0.00000     0.00000     0.00000
    -98.595         0.00000     0.00000     0.00000     0.00000
    -98.445         0.00000     0.00000     0.00000     0.00000
    -98.295         0.00000     0.00000     0.00000     0.00000
    -98.145         0.00000     0.00000     0.00000     0.00000
    -97.995         0.00000     0.00000     0.00000     0.00000
    -97.845         0.00000     0.00000     0.00000     0.00000
    -97.695         0.00000     0.00000     0.00000     0.00000
    -97.545         0.00000     0.00000     0.00000     0.00000
    -97.395         0.00000     0.00000     0.00000     0.00000
    -97.245         0.00000     0.00000     0.00000     0.00000
    -97.095         0.00000     0.00000     0.00000     0.00000
    -96.945         0.00000     0.00000     0.00000     0.00000
    -96.795         0.00000     0.00000     0.00000     0.00000
    -96.645         0.00000     0.00000     0.00000     0.00000
    -96.495         0.00000     0.00000     0.00000     0.00000
    -96.345         0.00000     0.00000     0.00000     0.00000
    -96.195         0.00000     0.00000     0.00000     0.00000
    -96.045         0.00000     0.00000     0.00000     0.00000
    -95.895         0.00000     0.00000     0.00000     0.00000
    -95.745         0.00000     0.00000     0.00000     0.00000
    -95.595         0.00000     0.00000     0.00000     0.00000
    -95.445         0.00000     0.00000     0.00000     0.00000
    -95.295         0.00000     0.00000     0.00000     0.00000
    -95.145         0.00000     0.00000     0.00000     0.00000
    -94.995         0.00000     0.00000     0.00000     0.00000
    -94.845         0.00000     0.00000     0.00000     0.00000
    -94.695         0.00000     0.00000     0.00000     0.00000
    -94.545         0.00000     0.00000     0.00000     0.00000
    -94.395         0.00000     0.00000     0.00000     0.00000
    -94.245         0.00000     0.00000     0.00000     0.00000
    -94.095         0.00000     0.00000     0.00000     0.00000
    -93.945         0.00000     0.00000     0.00000     0.00000
    -93.795         0.00000     0.00000     0.00000     0.00000
    -93.645         0.00000     0.00000     0.00000     0.00000
    -93.495         0.00000     0.00000     0.00000     0.00000
    -93.345         0.00000     0.00000     0.00000     0.00000
    -93.195         0.00000     0.00000     0.00000     0.00000
    -93.045         0.00000     0.00000     0.00000     0.00000
    -92.895         0.00000     0.00000     0.00000     0.00000
    -92.745         0.00000     0.00000     0.00000     0.00000
    -92.595         0.00000     0.00000     0.00000     0.00000
    -92.445         0.00000     0.00000     0.00000     0.00000
    -92.295         0.00000     0.00000     0.00000     0.00000
    -92.145         0.00000     0.00000     0.00000     0.00000
    -91.995         0.00000     0.00000     0.00000     0.00000
    -91.845         0.00000     0.00000     0.00000     0.00000
    -91.695         0.00000     0.00000     0.00000     0.00000
    -91.545         0.00000     0.00000     0.00000     0.00000
    -91.395         0.00000     0.00000     0.00000     0.00000
    -91.245         0.00000     0.00000     0.00000     0.00000
    -91.095         0.00000     0.00000     0.00000     0.00000
    -90.945         0.00000     0.00000     0.00000     0.00000
    -90.795         0.00000     0.00000     0.00000     0.00000
    -90.645         0.00000     0.00000     0.00000     0.00000
    -90.495         0.00000     0.00000     0.00000     0.00000
    -90.345         0.00000     0.00000     0.00000     0.00000
    -90.195         0.00000     0.00000     0.00000     0.00000
    -90.045         0.00000     0.00000     0.00000     0.00000
    -89.895         0.00000     0.00000     0.00000     0.00000
    -89.745         0.00000     0.00000     0.00000     0.00000
    -89.595         0.00000     0.00000     0.00000     0.00000
    -89.445         0.00000     0.00000     0.00000     0.00000
    -89.295         0.00000     0.00000     0.00000     0.00000
    -89.145         0.00000     0.00000     0.00000     0.00000
    -88.995         0.00000     0.00000     0.00000     0.00000
    -88.845         0.00000     0.00000     0.00000     0.00000
    -88.695         0.00000     0.00000     0.00000     0.00000
    -88.545         0.00000     0.00000     0.00000     0.00000
    -88.395         0.00000     0.00000     0.00000     0.00000
    -88.245         0.00000     0.00000     0.00000     0.00000
    -88.095         0.00000     0.00000     0.00000     0.00000
    -87.945         0.00000     0.00000     0.00000     0.00000
    -87.795         0.00000     0.00000     0.00000     0.00000
    -87.645         0.00000     0.00000     0.00000     0.00000
    -87.495         0.00000     0.00000     0.00000     0.00000
    -87.345         0.00000     0.00000     0.00000     0.00000
    -87.195         0.00000     0.00000     0.00000     0.00000
    -87.045         0.00000     0.00000     0.00000     0.00000
    -86.895         0.00000     0.00000     0.00000     0.00000
    -86.745         0.00000     0.00000     0.00000     0.00000
    -86.595         0.00000     0.00000     0.00000     0.00000
    -86.445         0.00000     0.00000     0.00000     0.00000
    -86.295         0.00000     0.00000     0.00000     0.00000
    -86.145         0.00000     0.00000     0.00000     0.00000
    -85.995         0.00000     0.00000     0.00000     0.00000
    -85.845         0.00000     0.00000     0.00000     0.00000
    -85.695         0.00000     0.00000     0.00000     0.00000
    -85.545         0.00000     0.00000     0.00000     0.00000
    -85.395         0.00000     0.00000     0.00000     0.00000
    -85.245         0.00000     0.00000     0.00000     0.00000
    -85.095         0.00000     0.00000     0.00000     0.00000
    -84.945         0.00000     0.00000     0.00000     0.00000
    -84.795         0.00000     0.00000     0.00000     0.00000
    -84.645         0.00000     0.00000     0.00000     0.00000
    -84.495         0.00000     0.00000     0.00000     0.00000
    -84.345         0.00000     0.00000     0.00000     0.00000
    -84.195         0.00000     0.00000     0.00000     0.00000
    -84.045         0.00000     0.00000     0.00000     0.00000
    -83.895         0.00000     0.00000     0.00000     0.00000
    -83.745         0.00000     0.00000     0.00000     0.00000
    -83.595         0.00000     0.00000     0.00000     0.00000
    -83.445         0.00000     0.00000     0.00000     0.00000
    -83.295         0.00000     0.00000     0.00000     0.00000
    -83.145         0.00000     0.00000     0.00000     0.00000
    -82.995         0.00000     0.00000     0.00000     0.00000
    -82.845         0.00000     0.00000     0.00000     0.00000
    -82.695         0.00000     0.00000     0.00000     0.00000
    -82.545         0.00000     0.00000     0.00000     0.00000
    -82.395         0.00000     0.00000     0.00000     0.00000
    -82.245         0.00000     0.00000     0.00000     0.00000
    -82.095         0.00000     0.00000     0.00000     0.00000
    -81.945         0.00000     0.00000     0.00000     0.00000
    -81.795         0.00000     0.00000     0.00000     0.00000
    -81.645         0.00000     0.00000     0.00000     0.00000
    -81.495         0.00000     0.00000     0.00000     0.00000
    -81.345         0.00000     0.00000     0.00000     0.00000
    -81.195         0.00000     0.00000     0.00000     0.00000
    -81.045         0.00000     0.00000     0.00000     0.00000
    -80.895         0.00000     0.00000     0.00000     0.00000
    -80.745         0.00000     0.00000     0.00000     0.00000
    -80.595         0.00000     0.00000     0.00000     0.00000
    -80.445         0.00000     0.00000     0.00000     0.00000
    -80.295         0.00000     0.00000     0.00000     0.00000
    -80.145         0.00000     0.00000     0.00000     0.00000
    -79.995         0.00000     0.00000     0.00000     0.00000
    -79.845         0.00000     0.00000     0.00000     0.00000
    -79.695         0.00000     0.00000     0.00000     0.00000
    -79.545         0.00000     0.00000     0.00000     0.00000
    -79.395         0.00000     0.00000     0.00000     0.00000
    -79.245         0.00000     0.00000     0.00000     0.00000
    -79.095         0.00000     0.00000     0.00000     0.00000
    -78.945         0.00000     0.00000     0.00000     0.00000
    -78.795         0.00000     0.00000     0.00000     0.00000
    -78.645         0.00000     0.00000     0.00000     0.00000
    -78.495         0.00000     0.00000     0.00000     0.00000
    -78.345         0.00000     0.00000     0.00000     0.00000
    -78.195         0.00000     0.00000     0.00000     0.00000
    -78.045         0.00000     0.00000     0.00000     0.00000
    -77.895         0.00000     0.00000     0.00000     0.00000
    -77.745         0.00000     0.00000     0.00000     0.00000
    -77.595         0.00000     0.00000     0.00000     0.00000
    -77.445         0.00000     0.00000     0.00000     0.00000
    -77.295         0.00000     0.00000     0.00000     0.00000
    -77.145         0.00000     0.00000     0.00000     0.00000
    -76.995         0.00000     0.00000     0.00000     0.00000
    -76.845         0.00000     0.00000     0.00000     0.00000
    -76.695         0.00000     0.00000     0.00000     0.00000
    -76.545         0.00000     0.00000     0.00000     0.00000
    -76.395         0.00000     0.00000     0.00000     0.00000
    -76.245         0.00000     0.00000     0.00000     0.00000
    -76.095         0.00000     0.00000     0.00000     0.00000
    -75.945         0.00000     0.00000     0.00000     0.00000
    -75.795         0.00000     0.00000     0.00000     0.00000
    -75.645         0.00000     0.00000     0.00000     0.00000
    -75.495         0.00000     0.00000     0.00000     0.00000
    -75.345         0.00000     0.00000     0.00000     0.00000
    -75.195         0.00000     0.00000     0.00000     0.00000
    -75.045         0.00000     0.00000     0.00000     0.00000
    -74.895         0.00000     0.00000     0.00000     0.00000
    -74.745         0.00000     0.00000     0.00000     0.00000
    -74.595         0.00000     0.00000     0.00000     0.00000
    -74.445         0.00000     0.00000     0.00000     0.00000
    -74.295         0.00000     0.00000     0.00000     0.00000
    -74.145         0.00000     0.00000     0.00000     0.00000
    -73.995         0.00000     0.00000     0.00000     0.00000
    -73.845         0.00000     0.00000     0.00000     0.00000
    -73.695         0.00000     0.00000     0.00000     0.00000
    -73.545         0.00000     0.00000     0.00000     0.00000
    -73.395         0.00000     0.00000     0.00000     0.00000
    -73.245         0.00000     0.00000     0.00000     0.00000
    -73.095         0.00000     0.00000     0.00000     0.00000
    -72.945         0.00000     0.00000     0.00000     0.00000
    -72.795         0.00000     0.00000     0.00000     0.00000
    -72.645         0.00000     0.00000     0.00000     0.00000
    -72.495         0.00000     0.00000     0.00000     0.00000
    -72.345         0.00000     0.00000     0.00000     0.00000
    -72.195         0.00000     0.00000     0.00000     0.00000
    -72.045         0.00000     0.00000     0.00000     0.00000
    -71.895         0.00000     0.00000     0.00000     0.00000
    -71.745         0.00000     0.00000     0.00000     0.00000
    -71.595         0.00000     0.00000     0.00000     0.00000
    -71.445         0.00000     0.00000     0.00000     0.00000
    -71.295         0.00000     0.00000     0.00000     0.00000
    -71.145         0.00000     0.00000     0.00000     0.00000
    -70.995         0.00000     0.00000     0.00000     0.00000
    -70.845         0.00000     0.00000     0.00000     0.00000
    -70.695         0.00000     0.00000     0.00000     0.00000
    -70.545         0.00000     0.00000     0.00000     0.00000
    -70.395         0.00000     0.00000     0.00000     0.00000
    -70.245         0.00000     0.00000     0.00000     0.00000
    -70.095         0.00000     0.00000     0.00000     0.00000
    -69.945         0.00000     0.00000     0.00000     0.00000
    -69.795         0.00000     0.00000     0.00000     0.00000
    -69.645         0.00000     0.00000     0.00000     0.00000
    -69.495         0.00000     0.00000     0.00000     0.00000
    -69.345         0.00000     0.00000     0.00000     0.00000
    -69.195         0.00000     0.00000     0.00000     0.00000
    -69.045         0.00000     0.00000     0.00000     0.00000
    -68.895         0.00000     0.00000     0.00000     0.00000
    -68.745         0.00000     0.00000     0.00000     0.00000
    -68.595         0.00000     0.00000     0.00000     0.00000
    -68.445         0.00000     0.00000     0.00000     0.00000
    -68.295         0.00000     0.00000     0.00000     0.00000
    -68.145         0.00000     0.00000     0.00000     0.00000
    -67.995         0.00000     0.00000     0.00000     0.00000
    -67.845         0.00000     0.00000     0.00000     0.00000
    -67.695         0.00000     0.00000     0.00000     0.00000
    -67.545         0.00000     0.00000     0.00000     0.00000
    -67.395         0.00000     0.00000     0.00000     0.00000
    -67.245         0.00000     0.00000     0.00000     0.00000
    -67.095         0.00000     0.00000     0.00000     0.00000
    -66.945         0.00000     0.00000     0.00000     0.00000
    -66.795         0.00000     0.00000     0.00000     0.00000
    -66.645         0.00000     0.00000     0.00000     0.00000
    -66.495         0.00000     0.00000     0.00000     0.00000
    -66.345         0.00000     0.00000     0.00000     0.00000
    -66.195         0.00000     0.00000     0.00000     0.00000
    -66.045         0.00000     0.00000     0.00000     0.00000
    -65.895         0.00000     0.00000     0.00000     0.00000
    -65.745         0.00000     0.00000     0.00000     0.00000
    -65.595         0.00000     0.00000     0.00000     0.00000
    -65.445         0.00000     0.00000     0.00000     0.00000
    -65.295         0.00000     0.00000     0.00000     0.00000
    -65.145         0.00000     0.00000     0.00000     0.00000
    -64.995         0.00000     0.00000     0.00000     0.00000
    -64.845         0.00000     0.00000     0.00000     0.00000
    -64.695         0.00000     0.00000     0.00000     0.00000
    -64.545         0.00000     0.00000     0.00000     0.00000
    -64.395         0.00000     0.00000     0.00000     0.00000
    -64.245         0.00000     0.00000     0.00000     0.00000
    -64.095         0.00000     0.00000     0.00000     0.00000
    -63.945         0.00000     0.00000     0.00000     0.00000
    -63.795         0.00000     0.00000     0.00000     0.00000
    -63.645         0.00000     0.00000     0.00000     0.00000
    -63.495         0.00000     0.00000     0.00000     0.00000
    -63.345         0.00000     0.00000     0.00000     0.00000
    -63.195         0.00000     0.00000     0.00000     0.00000
    -63.045         0.00000     0.00000     0.00000     0.00000
    -62.895         0.00000     0.00000     0.00000     0.00000
    -62.745         0.00000     0.00000     0.00000     0.00000
    -62.595         0.00000     0.00000     0.00000     0.00000
    -62.445         0.00000     0.00000     0.00000     0.00000
    -62.295         0.00000     0.00000     0.00000     0.00000
    -62.145         0.00000     0.00000     0.00000     0.00000
    -61.995         0.00000     0.00000     0.00000     0.00000
    -61.845         0.00000     0.00000     0.00000     0.00000
    -61.695         0.00000     0.00000     0.00000     0.00000
    -61.545         0.00000     0.00000     0.00000     0.00000
    -61.395         0.00000     0.00000     0.00000     0.00000
    -61.245         0.00000     0.00000     0.00000     0.00000
    -61.095         0.00000     0.00000     0.00000     0.00000
    -60.945         0.00000     0.00000     0.00000     0.00000
    -60.795         0.00000     0.00000     0.00000     0.00000
    -60.645         0.00000     0.00000     0.00000     0.00000
    -60.495         0.00000     0.00000     0.00000     0.00000
    -60.345         0.00000     0.00000     0.00000     0.00000
    -60.195         0.00000     0.00000     0.00000     0.00000
    -60.045         0.00000     0.00000     0.00000     0.00000
    -59.895         0.00000     0.00000     0.00000     0.00000
    -59.745         0.00000     0.00000     0.00000     0.00000
    -59.595         0.00000     0.00000     0.00000     0.00000
    -59.445         0.00000     0.00000     0.00000     0.00000
    -59.295         0.00000     0.00000     0.00000     0.00000
    -59.145         0.00000     0.00000     0.00000     0.00000
    -58.995         0.00000     0.00000     0.00000     0.00000
    -58.845         0.00000     0.00000     0.00000     0.00000
    -58.695         0.00000     0.00000     0.00000     0.00000
    -58.545         0.00000     0.00000     0.00000     0.00000
    -58.395         0.00000     0.00000     0.00000     0.00000
    -58.245         0.00000     0.00000     0.00000     0.00000
    -58.095         0.00000     0.00000     0.00000     0.00000
    -57.945         0.00000     0.00000     0.00000     0.00000
    -57.795         0.00000     0.00000     0.00000     0.00000
    -57.645         0.00000     0.00000     0.00000     0.00000
    -57.495         0.00000     0.00000     0.00000     0.00000
    -57.345         0.00000     0.00000     0.00000     0.00000
    -57.195         0.00000     0.00000     0.00000     0.00000
    -57.045         0.00000     0.00000     0.00000     0.00000
    -56.895         0.00000     0.00000     0.00000     0.00000
    -56.745         0.00000     0.00000     0.00000     0.00000
    -56.595         0.00000     0.00000     0.00000     0.00000
    -56.445         0.00000     0.00000     0.00000     0.00000
    -56.295         0.00000     0.00000     0.00000     0.00000
    -56.145         0.00000     0.00000     0.00000     0.00000
    -55.995         0.00000     0.00000     0.00000     0.00000
    -55.845         0.00000     0.00000     0.00000     0.00000
    -55.695         0.00000     0.00000     0.00000     0.00000
    -55.545         0.00000     0.00000     0.00000     0.00000
    -55.395         0.00000     0.00000     0.00000     0.00000
    -55.245         0.00000     0.00000     0.00000     0.00000
    -55.095         0.00000     0.00000     0.00000     0.00000
    -54.945         0.00000     0.00000     0.00000     0.00000
    -54.795         0.00000     0.00000     0.00000     0.00000
    -54.645         0.00000     0.00000     0.00000     0.00000
    -54.495         0.00000     0.00000     0.00000     0.00000
    -54.345         0.00000     0.00000     0.00000     0.00000
    -54.195         0.00000     0.00000     0.00000     0.00000
    -54.045         0.00000     0.00000     0.00000     0.00000
    -53.895         0.00000     0.00000     0.00000     0.00000
    -53.745         0.00000     0.00000     0.00000     0.00000
    -53.595         0.00000     0.00000     0.00000     0.00000
    -53.445         0.00000     0.00000     0.00000     0.00000
    -53.295         0.00000     0.00000     0.00000     0.00000
    -53.145         0.00000     0.00000     0.00000     0.00000
    -52.995         0.00000     0.00000     0.00000     0.00000
    -52.845         0.00000     0.00000     0.00000     0.00000
    -52.695         0.00000     0.00000     0.00000     0.00000
    -52.545         0.00000     0.00000     0.00000     0.00000
    -52.395         0.00000     0.00000     0.00000     0.00000
    -52.245         0.00000     0.00000     0.00000     0.00000
    -52.095         0.00000     0.00000     0.00000     0.00000
    -51.945         0.00000     0.00000     0.00000     0.00000
    -51.795         0.00000     0.00000     0.00000     0.00000
    -51.645         0.00000     0.00000     0.00000     0.00000
    -51.495         0.00000     0.00000     0.00000     0.00000
    -51.345         0.00000     0.00000     0.00000     0.00000
    -51.195         0.00000     0.00000     0.00000     0.00000
    -51.045         0.00000     0.00000     0.00000     0.00000
    -50.895         0.00000     0.00000     0.00000     0.00000
    -50.745         0.00000     0.00000     0.00000     0.00000
    -50.595         0.00000     0.00000     0.00000     0.00000
    -50.445         0.00000     0.00000     0.00000     0.00000
    -50.295         0.00000     0.00000     0.00000     0.00000
    -50.145         0.00000     0.00000     0.00000     0.00000
    -49.995         0.00000     0.00000     0.00000     0.00000
    -49.845         0.00000     0.00000     0.00000     0.00000
    -49.695         0.00000     0.00000     0.00000     0.00000
    -49.545         0.00000     0.00000     0.00000     0.00000
    -49.395         0.00000     0.00000     0.00000     0.00000
    -49.245         0.00000     0.00000     0.00000     0.00000
    -49.095         0.00000     0.00000     0.00000     0.00000
    -48.945         0.00000     0.00000     0.00000     0.00000
    -48.795         0.00000     0.00000     0.00000     0.00000
    -48.645         0.00000     0.00000     0.00000     0.00000
    -48.495         0.00000     0.00000     0.00000     0.00000
    -48.345         0.00000     0.00000     0.00000     0.00000
    -48.195         0.00000     0.00000     0.00000     0.00000
    -48.045         0.00000     0.00000     0.00000     0.00000
    -47.895         0.00000     0.00000     0.00000     0.00000
    -47.745         0.00000     0.00000     0.00000     0.00000
    -47.595         0.00000     0.00000     0.00000     0.00000
    -47.445         0.00000     0.00000     0.00000     0.00000
    -47.295         0.00000     0.00000     0.00000     0.00000
    -47.145         0.00000     0.00000     0.00000     0.00000
    -46.995         0.00000     0.00000     0.00000     0.00000
    -46.845         0.00000     0.00000     0.00000     0.00000
    -46.695         0.00000     0.00000     0.00000     0.00000
    -46.545         0.00000     0.00000     0.00000     0.00000
    -46.395         0.00000     0.00000     0.00000     0.00000
    -46.245         0.00000     0.00000     0.00000     0.00000
    -46.095         0.00000     0.00000     0.00000     0.00000
    -45.945         0.00000     0.00000     0.00000     0.00000
    -45.795         0.00000     0.00000     0.00000     0.00000
    -45.645         0.00000     0.00000     0.00000     0.00000
    -45.495         0.00000     0.00000     0.00000     0.00000
    -45.345         0.00000     0.00000     0.00000     0.00000
    -45.195         0.00000     0.00000     0.00000     0.00000
    -45.045         0.00000     0.00000     0.00000     0.00000
    -44.895         0.00000     0.00000     0.00000     0.00000
    -44.745         0.00000     0.00000     0.00000     0.00000
    -44.595         0.00000     0.00000     0.00000     0.00000
    -44.445         0.00000     0.00000     0.00000     0.00000
    -44.295         0.00000     0.00000     0.00000     0.00000
    -44.145         0.00000     0.00000     0.00000     0.00000
    -43.995         0.00000     0.00000     0.00000     0.00000
    -43.845         0.00000     0.00000     0.00000     0.00000
    -43.695         0.00000     0.00000     0.00000     0.00000
    -43.545         0.00000     0.00000     0.00000     0.00000
    -43.395         0.00000     0.00000     0.00000     0.00000
    -43.245         0.00000     0.00000     0.00000     0.00000
    -43.095         0.00000     0.00000     0.00000     0.00000
    -42.945         0.00000     0.00000     0.00000     0.00000
    -42.795         0.00000     0.00000     0.00000     0.00000
    -42.645         0.00000     0.00000     0.00000     0.00000
    -42.495         0.00000     0.00000     0.00000     0.00000
    -42.345         0.00000     0.00000     0.00000     0.00000
    -42.195         0.00000     0.00000     0.00000     0.00000
    -42.045         0.00000     0.00000     0.00000     0.00000
    -41.895         0.00000     0.00000     0.00000     0.00000
    -41.745         0.00000     0.00000     0.00000     0.00000
    -41.595         0.00000     0.00000     0.00000     0.00000
    -41.445         0.00000     0.00000     0.00000     0.00000
    -41.295         0.00000     0.00000     0.00000     0.00000
    -41.145         0.00000     0.00000     0.00000     0.00000
    -40.995         0.00000     0.00000     0.00000     0.00000
    -40.845         0.00000     0.00000     0.00000     0.00000
    -40.695         0.00000     0.00000     0.00000     0.00000
    -40.545         0.00000     0.00000     0.00000     0.00000
    -40.395         0.00000     0.00000     0.00000     0.00000
    -40.245         0.00000     0.00000     0.00000     0.00000
    -40.095         0.00000     0.00000     0.00000     0.00000
    -39.945         0.00000     0.00000     0.00000     0.00000
    -39.795         0.00000     0.00000     0.00000     0.00000
    -39.645         0.00000     0.00000     0.00000     0.00000
    -39.495         0.00000     0.00000     0.00000     0.00000
    -39.345         0.00000     0.00000     0.00000     0.00000
    -39.195         0.00000     0.00000     0.00000     0.00000
    -39.045         0.00000     0.00000     0.00000     0.00000
    -38.895         0.00000     0.00000     0.00000     0.00000
    -38.745         0.00000     0.00000     0.00000     0.00000
    -38.595         0.00000     0.00000     0.00000     0.00000
    -38.445         0.00000     0.00000     0.00000     0.00000
    -38.295         0.00000     0.00000     0.00000     0.00000
    -38.145         0.00000     0.00000     0.00000     0.00000
    -37.995         0.00000     0.00000     0.00000     0.00000
    -37.845         0.00000     0.00000     0.00000     0.00000
    -37.695         0.00000     0.00000     0.00000     0.00000
    -37.545         0.00000     0.00000     0.00000     0.00000
    -37.395         0.00000     0.00000     0.00000     0.00000
    -37.245         0.00000     0.00000     0.00000     0.00000
    -37.095         0.00000     0.00000     0.00000     0.00000
    -36.945         0.00000     0.00000     0.00000     0.00000
    -36.795         0.00000     0.00000     0.00000     0.00000
    -36.645         0.00000     0.00000     0.00000     0.00000
    -36.495         0.00000     0.00000     0.00000     0.00000
    -36.345         0.00000     0.00000     0.00000     0.00000
    -36.195         0.00000     0.00000     0.00000     0.00000
    -36.045         0.00000     0.00000     0.00000     0.00000
    -35.895         0.00000     0.00000     0.00000     0.00000
    -35.745         0.00000     0.00000     0.00000     0.00000
    -35.595         0.00000     0.00000     0.00000     0.00000
    -35.445         0.00000     0.00000     0.00000     0.00000
    -35.295         0.00000     0.00000     0.00000     0.00000
    -35.145         0.00000     0.00000     0.00000     0.00000
    -34.995         0.00000     0.00000     0.00000     0.00000
    -34.845         0.00000     0.00000     0.00000     0.00000
    -34.695         0.00000     0.00000     0.00000     0.00000
    -34.545         0.00000     0.00000     0.00000     0.00000
    -34.395         0.00000     0.00000     0.00000     0.00000
    -34.245         0.00000     0.00000     0.00000     0.00000
    -34.095         0.00000     0.00000     0.00000     0.00000
    -33.945         0.00000     0.00000     0.00000     0.00000
    -33.795         0.00000     0.00000     0.00000     0.00000
    -33.645         0.00000     0.00000     0.00000     0.00000
    -33.495         0.00000     0.00000     0.00000     0.00000
    -33.345         0.00000     0.00000     0.00000     0.00000
    -33.195         0.00000     0.00000     0.00000     0.00000
    -33.045         0.00000     0.00000     0.00000     0.00000
    -32.895         0.00000     0.00000     0.00000     0.00000
    -32.745         0.00000     0.00000     0.00000     0.00000
    -32.595         0.00000     0.00000     0.00000     0.00000
    -32.445         0.00000     0.00000     0.00000     0.00000
    -32.295         0.00000     0.00000     0.00000     0.00000
    -32.145         0.00000     0.00000     0.00000     0.00000
    -31.995         0.00000     0.00000     0.00000     0.00000
    -31.845         0.00000     0.00000     0.00000     0.00000
    -31.695         0.00000     0.00000     0.00000     0.00000
    -31.545         0.00000     0.00000     0.00000     0.00000
    -31.395         0.00000     0.00000     0.00000     0.00000
    -31.245         0.00000     0.00000     0.00000     0.00000
    -31.095         0.00000     0.00000     0.00000     0.00000
    -30.945         0.00000     0.00000     0.00000     0.00000
    -30.795         0.00000     0.00000     0.00000     0.00000
    -30.645         0.00000     0.00000     0.00000     0.00000
    -30.495         0.00000     0.00000     0.00000     0.00000
    -30.345         0.00000     0.00000     0.00000     0.00000
    -30.195         0.00000     0.00000     0.00000     0.00000
    -30.045         0.00000     0.00000     0.00000     0.00000
    -29.895         0.00000     0.00000     0.00000     0.00000
    -29.745         0.00000     0.00000     0.00000     0.00000
    -29.595         0.00000     0.00000     0.00000     0.00000
    -29.445         0.00000     0.00000     0.00000     0.00000
    -29.295         0.00000     0.00000     0.00000     0.00000
    -29.145         0.00000     0.00000     0.00000     0.00000
    -28.995         0.00000     0.00000     0.00000     0.00000
    -28.845         0.00000     0.00000     0.00000     0.00000
    -28.695         0.00000     0.00000     0.00000     0.00000
    -28.545         0.00000     0.00000     0.00000     0.00000
    -28.395         0.00000     0.00000     0.00000     0.00000
    -28.245         0.00000     0.00000     0.00000     0.00000
    -28.095         0.00000     0.00000     0.00000     0.00000
    -27.945         0.00000     0.00000     0.00000     0.00000
    -27.795         0.00000     0.00000     0.00000     0.00000
    -27.645         0.00000     0.00000     0.00000     0.00000
    -27.495         0.00000     0.00000     0.00000     0.00000
    -27.345         0.00000     0.00000     0.00000     0.00000
    -27.195         0.00000     0.00000     0.00000     0.00000
    -27.045         0.00000     0.00000     0.00000     0.00000
    -26.895         0.00000     0.00000     0.00000     0.00000
    -26.745         0.00000     0.00000     0.00000     0.00000
    -26.595         0.00000     0.00000     0.00000     0.00000
    -26.445         0.00000     0.00000     0.00000     0.00000
    -26.295         0.00000     0.00000     0.00000     0.00000
    -26.145         0.00000     0.00000     0.00000     0.00000
    -25.995         0.00000     0.00000     0.00000     0.00000
    -25.845         0.00000     0.00000     0.00000     0.00000
    -25.695         0.00000     0.00000     0.00000     0.00000
    -25.545         0.00000     0.00000     0.00000     0.00000
    -25.395         0.00000     0.00000     0.00000     0.00000
    -25.245         0.00000     0.00000     0.00000     0.00000
    -25.095         0.00000     0.00000     0.00000     0.00000
    -24.945         0.00000     0.00000     0.00000     0.00000
    -24.795         0.00000     0.00000     0.00000     0.00000
    -24.645         0.00000     0.00000     0.00000     0.00000
    -24.495         0.00000     0.00000     0.00000     0.00000
    -24.345         0.00000     0.00000     0.00000     0.00000
    -24.195         0.00000     0.00000     0.00000     0.00000
    -24.045         0.00000     0.00000     0.00000     0.00000
    -23.895         0.00000     0.00000     0.00000     0.00000
    -23.745         0.00000     0.00000     0.00000     0.00000
    -23.595         0.00000     0.00000     0.00000     0.00000
    -23.445         0.00000     0.00000     0.00000     0.00000
    -23.295         0.00000     0.00000     0.00000     0.00000
    -23.145         0.00000     0.00000     0.00000     0.00000
    -22.995         0.00000     0.00000     0.00000     0.00000
    -22.845         0.00000     0.00000     0.00000     0.00000
    -22.695         0.00000     0.00000     0.00000     0.00000
    -22.545         0.00000     0.00000     0.00000     0.00000
    -22.395         0.00000     0.00000     0.00000     0.00000
    -22.245         0.00000     0.00000     0.00000     0.00000
    -22.095         0.00000     0.00000     0.00000     0.00000
    -21.945         0.00000     0.00000     0.00000     0.00000
    -21.795         0.00000     0.00000     0.00000     0.00000
    -21.645         0.00000     0.00000     0.00000     0.00000
    -21.495         0.00000     0.00000     0.00000     0.00000
    -21.345         0.00000     0.00000     0.00000     0.00000
    -21.195         0.00000     0.00000     0.00000     0.00000
    -21.045         0.00000     0.00000     0.00000     0.00000
    -20.895         0.00000     0.00000     0.00000     0.00000
    -20.745         0.00000     0.00000     0.00000     0.00000
    -20.595         0.00000     0.00000     0.00000     0.00000
    -20.445         0.00000     0.00000     0.00000     0.00000
    -20.295         0.00000     0.00000     0.00000     0.00000
    -20.145         0.00000     0.00000     0.00000     0.00000
    -19.995         0.00000     0.00000     0.00000     0.00000
    -19.845         0.00000     0.00000     0.00000     0.00000
    -19.695         0.00000     0.00000     0.00000     0.00000
    -19.545         0.00000     0.00000     0.00000     0.00000
    -19.395         0.00000     0.00000     0.00000     0.00000
    -19.245         0.00000     0.00000     0.00000     0.00000
    -19.095         0.00000     0.00000     0.00000     0.00000
    -18.945         0.00000     0.00000     0.00000     0.00000
    -18.795         0.00000     0.00000     0.00000     0.00000
    -18.645         0.00000     0.00000     0.00000     0.00000
    -18.495         0.00000     0.00000     0.00000     0.00000
    -18.345         0.00000     0.00000     0.00000     0.00000
    -18.195         0.00000     0.00000     0.00000     0.00000
    -18.045         0.00000     0.00000     0.00000     0.00000
    -17.895         0.00000     0.00000     0.00000     0.00000
    -17.745         0.00000     0.00000     0.00000     0.00000
    -17.595         0.00000     0.00000     0.00000     0.00000
    -17.445         0.00000     0.00000     0.00000     0.00000
    -17.295         0.00000     0.00000     0.00000     0.00000
    -17.145         0.00000     0.00000     0.00000     0.00000
    -16.995         0.00000     0.00000     0.00000     0.00000
    -16.845         0.00000     0.00000     0.00000     0.00000
    -16.695         0.00000     0.00000     0.00000     0.00000
    -16.545         0.00000     0.00000     0.00000     0.00000
    -16.395         0.00000     0.00000     0.00000     0.00000
    -16.245         0.00000     0.00000     0.00000     0.00000
    -16.095         0.00000     0.00000     0.00000     0.00000
    -15.945         0.00000     0.00000     0.00000     0.00000
    -15.795         0.00000     0.00000     0.00000     0.00000
    -15.645         0.00000     0.00000     0.00000     0.00000
    -15.495         0.00000     0.00000     0.00000     0.00000
    -15.345         0.00000     0.00000     0.00000     0.00000
    -15.195         0.00000     0.00000     0.00000     0.00000
    -15.045         0.00000     0.00000     0.00000     0.00000
    -14.895         0.00000     0.00000     0.00000     0.00000
    -14.745         0.00000     0.00000     0.00000     0.00000
    -14.595         0.00000     0.00000     0.00000     0.00000
    -14.445         0.00000     0.00000     0.00000     0.00000
    -14.295         0.00000     0.00000     0.00000     0.00000
    -14.145         0.00000     0.00000     0.00000     0.00000
    -13.995         0.00000     0.00000     0.00000     0.00000
    -13.845         0.00000     0.00000     0.00000     0.00000
    -13.695         0.00000     0.00000     0.00000     0.00000
    -13.545         0.00000     0.00000     0.00000     0.00000
    -13.395         0.00000     0.00000     0.00000     0.00000
    -13.245         0.00000     0.00000     0.00000     0.00000
    -13.095         0.00000     0.00000     0.00000     0.00000
    -12.945         0.00000     0.00000     0.00000     0.00000
    -12.795         0.00000     0.00000     0.00000     0.00000
    -12.645         0.00000     0.00000     0.00000     0.00000
    -12.495         0.00000     0.00000     0.00000     0.00000
    -12.345         0.00000     0.00000     0.00000     0.00000
    -12.195         0.00000     0.00000     0.00000     0.00000
    -12.045         0.00000     0.00000     0.00000     0.00000
    -11.895         0.00000     0.00000     0.00000     0.00000
    -11.745         0.00000     0.00000     0.00000     0.00000
    -11.595         0.00000     0.00000     0.00000     0.00000
    -11.445         0.00000     0.00000     0.00000     0.00000
    -11.295         0.00000     0.00000     0.00000     0.00000
    -11.145         0.00000     0.00000     0.00000     0.00000
    -10.995         0.00000     0.00000     0.00000     0.00000
    -10.845         0.00000     0.00000     0.00000     0.00000
    -10.695         0.00000     0.00000     0.00000     0.00000
    -10.545         0.00000     0.00000     0.00000     0.00000
    -10.395         0.00000     0.00000     0.00000     0.00000
    -10.245         0.00000     0.00000     0.00000     0.00000
    -10.095         0.00000     0.00000     0.00000     0.00000
    -9.9450         0.00000     0.00000     0.00000     0.00000
    -9.7950         0.00000     0.00000     0.00000     0.00000
    -9.6450         0.00000     0.00000     0.00000     0.00000
    -9.4950         0.00000     0.00000     0.00000     0.00000
    -9.3450         0.00000     0.00000     0.00000     0.00000
    -9.1950         0.00000     0.00000     0.00000     0.00000
    -9.0450         0.00000     0.00000     0.00000     0.00000
    -8.8950         0.00000     0.00000     0.00000     0.00000
    -8.7450         0.00000     0.00000     0.00000     0.00000
    -8.5950         0.00000     0.00000     0.00000     0.00000
    -8.4450         0.00000     0.00000     0.00000     0.00000
    -8.2950         0.00000     0.00000     0.00000     0.00000
    -8.1450         0.00000     0.00000     0.00000     0.00000
    -7.9950         0.00000     0.00000     0.00000     0.00000
    -7.8450         0.00000     0.00000     0.00000     0.00000
    -7.6950         0.00000     0.00000     0.00000     0.00000
    -7.5450         0.00000     0.00000     0.00000     0.00000
    -7.3950         0.00000     0.00000     0.00000     0.00000
    -7.2450         0.00000     0.00000     0.00000     0.00000
    -7.0950         0.00000     0.00000     0.00000     0.00000
    -6.9450         0.00000     0.00000     0.00000     0.00000
    -6.7950         0.00000     0.00000     0.00000     0.00000
    -6.6450         0.00000     0.00000     0.00000     0.00000
    -6.4950         0.00000     0.00000     0.00000     0.00000
    -6.3450         0.00000     0.00000     0.00000     0.00000
    -6.1950         0.00000     0.00000     0.00000     0.00000
    -6.0450         0.00000     0.00000     0.00000     0.00000
    -5.8950         0.00000     0.00000     0.00000     0.00000
    -5.7450         0.00000     0.00000     0.00000     0.00000
    -5.5950         0.00000     0.00000     0.00000     0.00000
    -5.4450         0.00000     0.00000     0.00000     0.00000
    -5.2950         0.00000     0.00000     0.00000     0.00000
    -5.1450         0.00000     0.00000     0.00000     0.00000
    -4.9950         0.00000     0.00000     0.00000     0.00000
    -4.8450         0.00000     0.00000     0.00000     0.00000
    -4.6950         0.00000     0.00000     0.00000     0.00000
    -4.5450         0.00000     0.00000     0.00000     0.00000
    -4.3950         0.00000     0.00000     0.00000     0.00000
    -4.2450         0.00000     0.00000     0.00000     0.00000
    -4.0950         0.00000     0.00000     0.00000     0.00000
    -3.9450         0.00000     0.00000     0.00000     0.00000
    -3.7950         0.00000     0.00000     0.00000     0.00000
    -3.6450         0.00000     0.00000     0.00000     0.00000
    -3.4950         0.00000     0.00000     0.00000     0.00000
    -3.3450         0.00000     0.00000     0.00000     0.00000
    -3.1950        -0.00000    -0.00000     0.00000     0.00000
    -3.0450        -0.00000    -0.00000     0.00000     0.00000
    -2.8950        -0.00000    -0.00000     0.00000     0.00000
    -2.7450        -0.00000    -0.00000     0.00000     0.00000
    -2.5950        -0.00000    -0.00000     0.00000     0.00000
    -2.4450        -0.00000    -0.00000     0.00000     0.00000
    -2.2950        -0.00000    -0.00000     0.00000     0.00000
    -2.1450        -0.00001    -0.00001     0.00000     0.00000
    -1.9950        -0.00001    -0.00001     0.00000     0.00000
    -1.8450        -0.00003    -0.00003     0.00000     0.00000
    -1.6950        -0.00004    -0.00004     0.00000     0.00000
    -1.5450        -0.00005    -0.00005     0.00000     0.00001
    -1.3950        -0.00040    -0.00007     0.00000    -0.00033
    -1.2450        -0.00213    -0.00046     0.00000    -0.00167
    -1.0950        -0.00924    -0.00109     0.00000    -0.00815
   -0.94500        -0.03465    -0.00203     0.00001    -0.03263
   -0.79500        -0.13245    -0.00344     0.00019    -0.12920
   -0.64500        -0.60187    -0.00599    -0.00118    -0.59470
   -0.49500        -2.29360    -0.01062    -0.00938    -2.27360
   -0.34500        -5.14454    -0.01866    -0.02840    -5.09748
   -0.22700        -5.99901    -0.02246    -0.03483    -5.94172
   -0.21300        -6.09187    -0.02297    -0.03511    -6.03379
   -0.20700        -6.18476    -0.02350    -0.03583    -6.12542
   -0.20100        -6.27599    -0.02401    -0.03673    -6.21525
   -0.19500        -6.36688    -0.02452    -0.03763    -6.30473
   -0.18900        -6.45662    -0.02511    -0.03820    -6.39330
   -0.18300        -6.54561    -0.02571    -0.03916    -6.48074
   -0.17700        -6.63376    -0.02621    -0.03990    -6.56764
   -0.17100        -6.72225    -0.02687    -0.04074    -6.65464
   -0.16500        -6.81023    -0.02756    -0.04185    -6.74083
   -0.15900        -6.89763    -0.02823    -0.04285    -6.82655
   -0.15300        -6.98456    -0.02892    -0.04377    -6.91187
   -0.14700        -7.07249    -0.02971    -0.04469    -6.99809
   -0.14100        -7.16028    -0.03047    -0.04570    -7.08411
   -0.13500        -7.24869    -0.03130    -0.04671    -7.17068
   -0.12900        -7.33760    -0.03211    -0.04791    -7.25758
   -0.12300        -7.42698    -0.03302    -0.04926    -7.34470
   -0.11700        -7.51778    -0.03393    -0.05050    -7.43336
   -0.11100        -7.60965    -0.03499    -0.05185    -7.52281
   -0.10500        -7.70405    -0.03599    -0.05325    -7.61480
   -0.99000E-01    -7.79994    -0.03710    -0.05472    -7.70812
   -0.93000E-01    -7.89868    -0.03832    -0.05638    -7.80397
   -0.87000E-01    -7.99990    -0.03955    -0.05811    -7.90225
   -0.81000E-01    -8.10492    -0.04099    -0.05992    -8.00400
   -0.75000E-01    -8.21530    -0.04243    -0.06195    -8.11092
   -0.69000E-01    -8.33025    -0.04413    -0.06404    -8.22208
   -0.63000E-01    -8.45254    -0.04592    -0.06633    -8.34029
   -0.57000E-01    -8.58379    -0.04782    -0.06893    -8.46705
   -0.51000E-01    -8.72605    -0.04995    -0.07178    -8.60432
   -0.45000E-01    -8.88102    -0.05227    -0.07500    -8.75375
   -0.39000E-01    -9.05107    -0.05507    -0.07885    -8.91715
   -0.33000E-01    -9.23787    -0.05834    -0.08351    -9.09602
   -0.27000E-01    -9.44450    -0.06243    -0.08961    -9.29246
   -0.21300E-01    -9.59973    -0.06594    -0.09527    -9.43852
   -0.19500E-01    -9.62366    -0.06652    -0.09627    -9.46087
   -0.18900E-01    -9.64790    -0.06710    -0.09732    -9.48348
   -0.18300E-01    -9.67268    -0.06772    -0.09841    -9.50655
   -0.17700E-01    -9.69777    -0.06835    -0.09953    -9.52989
   -0.17100E-01    -9.72325    -0.06902    -0.10072    -9.55351
   -0.16500E-01    -9.74918    -0.06971    -0.10202    -9.57746
   -0.15900E-01    -9.77562    -0.07044    -0.10337    -9.60181
   -0.15300E-01    -9.80250    -0.07117    -0.10480    -9.62654
   -0.14700E-01    -9.82998    -0.07194    -0.10635    -9.65169
   -0.14100E-01    -9.85796    -0.07273    -0.10802    -9.67721
   -0.13500E-01    -9.88640    -0.07356    -0.10984    -9.70300
   -0.12900E-01    -9.91554    -0.07444    -0.11176    -9.72935
   -0.12300E-01    -9.94516    -0.07533    -0.11390    -9.75593
   -0.11700E-01    -9.97562    -0.07627    -0.11619    -9.78316
   -0.11100E-01   -10.00700    -0.07727    -0.11872    -9.81101
   -0.10500E-01   -10.03906    -0.07831    -0.12153    -9.83921
   -0.99000E-02   -10.07209    -0.07941    -0.12464    -9.86805
   -0.93000E-02   -10.10610    -0.08058    -0.12806    -9.89746
   -0.87000E-02   -10.14121    -0.08178    -0.13196    -9.92747
   -0.81000E-02   -10.17752    -0.08304    -0.13636    -9.95812
   -0.75000E-02   -10.21499    -0.08435    -0.14141    -9.98923
   -0.69000E-02   -10.25408    -0.08575    -0.14744   -10.02089
   -0.63000E-02   -10.29503    -0.08723    -0.15467   -10.05313
   -0.57000E-02   -10.33841    -0.08877    -0.16368   -10.08596
   -0.51000E-02   -10.38498    -0.09039    -0.17530   -10.11928
   -0.45000E-02   -10.43642    -0.09209    -0.19111   -10.15323
   -0.39000E-02   -10.49510    -0.09385    -0.21348   -10.18778
   -0.33000E-02   -10.56433    -0.09568    -0.24561   -10.22305
   -0.27000E-02   -10.64395    -0.09754    -0.28668   -10.25972
   -0.21000E-02   -10.71735    -0.09938    -0.31818   -10.29980
   -0.15000E-02   -10.78277    -0.10107    -0.33242   -10.34928
   -0.90000E-03   -10.87262    -0.10245    -0.33747   -10.43270
   -0.30000E-03   -12.30838    -0.10311    -0.33849   -11.86677
    0.30000E-03   -10.87346    -0.10209    -0.33783   -10.43354
    0.90000E-03   -10.79238    -0.09709    -0.33644   -10.35885
    0.15000E-02   -10.74558    -0.08286    -0.33476   -10.32796
    0.21000E-02   -10.69842    -0.05134    -0.33294   -10.31414
    0.27000E-02   -10.64918    -0.01011    -0.33110   -10.30796
    0.33000E-02   -10.61252     0.02193    -0.32930   -10.30515
    0.39000E-02   -10.58723     0.04419    -0.32757   -10.30385
    0.45000E-02   -10.56934     0.05981    -0.32590   -10.30325
    0.51000E-02   -10.55596     0.07129    -0.32430   -10.30295
    0.57000E-02   -10.54537     0.08023    -0.32278   -10.30282
    0.63000E-02   -10.53667     0.08741    -0.32134   -10.30274
    0.69000E-02   -10.52918     0.09351    -0.31999   -10.30269
    0.75000E-02   -10.52271     0.09866    -0.31870   -10.30267
    0.81000E-02   -10.51696     0.10317    -0.31749   -10.30264
    0.87000E-02   -10.51179     0.10716    -0.31633   -10.30262
    0.93000E-02   -10.50712     0.11069    -0.31521   -10.30260
    0.99000E-02   -10.50299     0.11378    -0.31418   -10.30259
    0.10500E-01   -10.49923     0.11658    -0.31325   -10.30256
    0.11100E-01   -10.49566     0.11917    -0.31229   -10.30254
    0.11700E-01   -10.49243     0.12152    -0.31144   -10.30252
    0.12300E-01   -10.48944     0.12364    -0.31059   -10.30249
    0.12900E-01   -10.48658     0.12565    -0.30977   -10.30247
    0.13500E-01   -10.48403     0.12745    -0.30904   -10.30245
    0.14100E-01   -10.48159     0.12912    -0.30829   -10.30242
    0.14700E-01   -10.47928     0.13069    -0.30758   -10.30239
    0.15300E-01   -10.47714     0.13216    -0.30694   -10.30237
    0.15900E-01   -10.47511     0.13355    -0.30633   -10.30234
    0.16500E-01   -10.47320     0.13483    -0.30572   -10.30230
    0.17100E-01   -10.47135     0.13606    -0.30513   -10.30228
    0.17700E-01   -10.46966     0.13717    -0.30459   -10.30224
    0.18300E-01   -10.46806     0.13824    -0.30409   -10.30221
    0.18900E-01   -10.46652     0.13925    -0.30360   -10.30217
    0.19500E-01   -10.46501     0.14022    -0.30310   -10.30213
    0.21300E-01   -10.45640     0.14566    -0.30019   -10.30187
    0.27000E-01   -10.44737     0.15114    -0.29710   -10.30141
    0.33000E-01   -10.44082     0.15485    -0.29481   -10.30086
    0.39000E-01   -10.43571     0.15757    -0.29311   -10.30017
    0.45000E-01   -10.43162     0.15965    -0.29187   -10.29941
    0.51000E-01   -10.42810     0.16146    -0.29102   -10.29853
    0.57000E-01   -10.42512     0.16282    -0.29032   -10.29762
    0.63000E-01   -10.42265     0.16387    -0.28988   -10.29664
    0.69000E-01   -10.42031     0.16484    -0.28958   -10.29557
    0.75000E-01   -10.41812     0.16557    -0.28929   -10.29440
    0.81000E-01   -10.41610     0.16620    -0.28909   -10.29322
    0.87000E-01   -10.41419     0.16678    -0.28896   -10.29202
    0.93000E-01   -10.41218     0.16727    -0.28885   -10.29059
    0.99000E-01   -10.41026     0.16768    -0.28877   -10.28918
    0.10500       -10.40832     0.16802    -0.28868   -10.28766
    0.11100       -10.40640     0.16835    -0.28862   -10.28613
    0.11700       -10.40450     0.16860    -0.28857   -10.28452
    0.12300       -10.40254     0.16878    -0.28853   -10.28278
    0.12900       -10.40050     0.16894    -0.28848   -10.28097
    0.13500       -10.39870     0.16907    -0.28843   -10.27934
    0.14100       -10.39667     0.16917    -0.28820   -10.27764
    0.14700       -10.39449     0.16924    -0.28798   -10.27575
    0.15300       -10.39226     0.16933    -0.28777   -10.27381
    0.15900       -10.39011     0.16941    -0.28758   -10.27194
    0.16500       -10.38782     0.16951    -0.28740   -10.26994
    0.17100       -10.38570     0.16956    -0.28722   -10.26804
    0.17700       -10.38350     0.16960    -0.28705   -10.26606
    0.18300       -10.38111     0.16965    -0.28687   -10.26389
    0.18900       -10.37883     0.16970    -0.28685   -10.26168
    0.19500       -10.37641     0.16975    -0.28668   -10.25948
    0.20100       -10.37407     0.16980    -0.28652   -10.25736
    0.20700       -10.37191     0.16983    -0.28649   -10.25525
    0.21300       -10.36970     0.16993    -0.28646   -10.25317
    0.22700       -10.34828     0.17043    -0.28568   -10.23303
    0.34500       -10.27564     0.17089    -0.28388   -10.16264
    0.49500       -10.19415     0.17151    -0.28110   -10.08457
    0.64500       -10.10951     0.17180    -0.27868   -10.00263
    0.79500       -10.02244     0.17223    -0.27654    -9.91813
    0.94500        -9.93422     0.17261    -0.27460    -9.83222
     1.0950        -9.84583     0.17294    -0.27288    -9.74589
     1.2450        -9.75756     0.17323    -0.27128    -9.65951
     1.3950        -9.66946     0.17351    -0.26981    -9.57316
     1.5450        -9.58477     0.17374    -0.26842    -9.49009
     1.6950        -9.50134     0.17396    -0.26715    -9.40815
     1.8450        -9.42095     0.17416    -0.26595    -9.32916
     1.9950        -9.34280     0.17437    -0.26481    -9.25236
     2.1450        -9.26713     0.17454    -0.26375    -9.17792
     2.2950        -9.19432     0.17471    -0.26274    -9.10628
     2.4450        -9.12460     0.17487    -0.26179    -9.03767
     2.5950        -9.05727     0.17502    -0.26089    -8.97141
     2.7450        -8.99219     0.17517    -0.26002    -8.90734
     2.8950        -8.93018     0.17531    -0.25918    -8.84631
     3.0450        -8.87020     0.17546    -0.25839    -8.78727
     3.1950        -8.81182     0.17559    -0.25763    -8.72978
     3.3450        -8.75623     0.17571    -0.25689    -8.67504
     3.4950        -8.70225     0.17583    -0.25618    -8.62190
     3.6450        -8.65016     0.17595    -0.25550    -8.57061
     3.7950        -8.60018     0.17605    -0.25484    -8.52139
     3.9450        -8.55180     0.17617    -0.25420    -8.47376
     4.0950        -8.50483     0.17628    -0.25359    -8.42753
     4.2450        -8.45935     0.17638    -0.25300    -8.38273
     4.3950        -8.41518     0.17647    -0.25243    -8.33922
     4.5450        -8.37233     0.17657    -0.25186    -8.29704
     4.6950        -8.33073     0.17666    -0.25132    -8.25608
     4.8450        -8.29035     0.17676    -0.25079    -8.21631
     4.9950        -8.25080     0.17685    -0.25028    -8.17737
     5.1450        -8.21256     0.17693    -0.24978    -8.13971
     5.2950        -8.17539     0.17701    -0.24929    -8.10311
     5.4450        -8.13907     0.17709    -0.24882    -8.06734
     5.5950        -8.10366     0.17717    -0.24835    -8.03248
     5.7450        -8.06910     0.17725    -0.24791    -7.99845
     5.8950        -8.03548     0.17733    -0.24747    -7.96534
     6.0450        -8.00258     0.17740    -0.24704    -7.93294
     6.1950        -7.96950     0.17747    -0.24662    -7.90035
     6.3450        -7.93804     0.17753    -0.24620    -7.86937
     6.4950        -7.90725     0.17760    -0.24580    -7.83905
     6.6450        -7.87710     0.17766    -0.24541    -7.80935
     6.7950        -7.84766     0.17773    -0.24502    -7.78036
     6.9450        -7.81882     0.17779    -0.24464    -7.75197
     7.0950        -7.79055     0.17785    -0.24428    -7.72412
     7.2450        -7.76285     0.17791    -0.24392    -7.69685
     7.3950        -7.73567     0.17798    -0.24357    -7.67008
     7.5450        -7.70901     0.17803    -0.24322    -7.64382
     7.6950        -7.68285     0.17809    -0.24288    -7.61806
     7.8450        -7.65712     0.17814    -0.24255    -7.59271
     7.9950        -7.63186     0.17820    -0.24221    -7.56785
     8.1450        -7.60708     0.17826    -0.24189    -7.54344
     8.2950        -7.58273     0.17831    -0.24157    -7.51947
     8.4450        -7.55878     0.17836    -0.24125    -7.49589
     8.5950        -7.53526     0.17842    -0.24095    -7.47273
     8.7450        -7.51211     0.17847    -0.24065    -7.44993
     8.8950        -7.48930     0.17852    -0.24035    -7.42747
     9.0450        -7.46693     0.17857    -0.24006    -7.40544
     9.1950        -7.44487     0.17863    -0.23977    -7.38373
     9.3450        -7.42322     0.17867    -0.23948    -7.36240
     9.4950        -7.40189     0.17870    -0.23920    -7.34139
     9.6450        -7.38087     0.17875    -0.23893    -7.32069
     9.7950        -7.36015     0.17880    -0.23866    -7.30029
     9.9450        -7.33973     0.17884    -0.23839    -7.28018
     10.095        -7.31963     0.17889    -0.23813    -7.26039
     10.245        -7.29980     0.17893    -0.23787    -7.24086
     10.395        -7.28028     0.17897    -0.23762    -7.22164
     10.545        -7.26102     0.17901    -0.23736    -7.20267
     10.695        -7.24201     0.17906    -0.23712    -7.18395
     10.845        -7.22331     0.17910    -0.23687    -7.16554
     10.995        -7.20483     0.17915    -0.23663    -7.14734
     11.145        -7.18659     0.17919    -0.23639    -7.12938
     11.295        -7.16859     0.17923    -0.23616    -7.11166
     11.445        -7.15083     0.17927    -0.23593    -7.09417
     11.595        -7.13329     0.17931    -0.23571    -7.07688
     11.745        -7.11597     0.17935    -0.23548    -7.05984
     11.895        -7.09886     0.17939    -0.23526    -7.04299
     12.045        -7.08199     0.17943    -0.23504    -7.02637
     12.195        -7.06531     0.17946    -0.23483    -7.00994
     12.345        -7.04883     0.17950    -0.23461    -6.99371
     12.495        -7.03257     0.17954    -0.23440    -6.97770
     12.645        -7.01649     0.17957    -0.23419    -6.96187
     12.795        -7.00063     0.17960    -0.23399    -6.94624
     12.945        -6.98491     0.17963    -0.23378    -6.93076
     13.095        -6.96939     0.17967    -0.23358    -6.91549
     13.245        -6.95408     0.17970    -0.23338    -6.90041
     13.395        -6.93891     0.17973    -0.23318    -6.88547
     13.545        -6.92390     0.17977    -0.23298    -6.87069
     13.695        -6.90908     0.17981    -0.23279    -6.85610
     13.845        -6.89439     0.17984    -0.23260    -6.84163
     13.995        -6.87989     0.17987    -0.23241    -6.82735
     14.145        -6.86552     0.17990    -0.23222    -6.81320
     14.295        -6.85128     0.17994    -0.23203    -6.79918
     14.445        -6.83723     0.17997    -0.23185    -6.78535
     14.595        -6.82330     0.18000    -0.23167    -6.77163
     14.745        -6.80953     0.18003    -0.23149    -6.75807
     14.895        -6.79591     0.18006    -0.23132    -6.74466
     15.045        -6.78241     0.18010    -0.23114    -6.73136
     15.195        -6.76908     0.18013    -0.23097    -6.71825
     15.345        -6.75585     0.18016    -0.23080    -6.70521
     15.495        -6.74275     0.18018    -0.23062    -6.69230
     15.645        -6.72979     0.18021    -0.23046    -6.67954
     15.795        -6.71691     0.18024    -0.23029    -6.66687
     15.945        -6.70423     0.18028    -0.23013    -6.65438
     16.095        -6.69160     0.18031    -0.22996    -6.64194
     16.245        -6.67911     0.18034    -0.22980    -6.62965
     16.395        -6.66676     0.18037    -0.22964    -6.61749
     16.545        -6.65452     0.18040    -0.22948    -6.60543
     16.695        -6.64240     0.18042    -0.22933    -6.59349
     16.845        -6.63039     0.18045    -0.22917    -6.58167
     16.995        -6.61848     0.18047    -0.22902    -6.56993
     17.145        -6.60671     0.18050    -0.22887    -6.55834
     17.295        -6.59500     0.18053    -0.22871    -6.54681
     17.445        -6.58336     0.18056    -0.22856    -6.53536
     17.595        -6.57187     0.18059    -0.22842    -6.52404
     17.745        -6.56050     0.18062    -0.22827    -6.51285
     17.895        -6.54920     0.18064    -0.22812    -6.50172
     18.045        -6.53800     0.18067    -0.22797    -6.49070
     18.195        -6.52690     0.18069    -0.22782    -6.47978
     18.345        -6.51589     0.18072    -0.22768    -6.46893
     18.495        -6.50496     0.18074    -0.22753    -6.45817
     18.645        -6.49415     0.18076    -0.22739    -6.44752
     18.795        -6.48341     0.18079    -0.22725    -6.43695
     18.945        -6.47272     0.18082    -0.22712    -6.42642
     19.095        -6.46213     0.18084    -0.22698    -6.41599
     19.245        -6.45164     0.18086    -0.22684    -6.40566
     19.395        -6.44120     0.18088    -0.22671    -6.39538
     19.545        -6.43087     0.18091    -0.22657    -6.38521
     19.695        -6.42061     0.18094    -0.22644    -6.37511
     19.845        -6.41043     0.18096    -0.22631    -6.36509
     19.995        -6.40035     0.18099    -0.22618    -6.35515
     20.145        -6.39034     0.18102    -0.22605    -6.34530
     20.295        -6.38039     0.18104    -0.22592    -6.33551
     20.445        -6.37054     0.18106    -0.22579    -6.32580
     20.595        -6.36074     0.18108    -0.22566    -6.31616
     20.745        -6.35106     0.18110    -0.22554    -6.30663
     20.895        -6.34144     0.18112    -0.22541    -6.29715
     21.045        -6.33188     0.18114    -0.22529    -6.28774
     21.195        -6.32239     0.18117    -0.22516    -6.27840
     21.345        -6.31297     0.18119    -0.22504    -6.26912
     21.495        -6.30360     0.18121    -0.22492    -6.25989
     21.645        -6.29433     0.18123    -0.22480    -6.25076
     21.795        -6.28510     0.18126    -0.22468    -6.24168
     21.945        -6.27595     0.18128    -0.22457    -6.23267
     22.095        -6.26686     0.18129    -0.22445    -6.22371
     22.245        -6.25784     0.18131    -0.22433    -6.21482
     22.395        -6.24890     0.18133    -0.22422    -6.20602
     22.545        -6.23998     0.18135    -0.22410    -6.19723
     22.695        -6.23116     0.18138    -0.22398    -6.18856
     22.845        -6.22237     0.18140    -0.22387    -6.17990
     22.995        -6.21364     0.18142    -0.22376    -6.17130
     23.145        -6.20499     0.18144    -0.22365    -6.16278
     23.295        -6.19641     0.18146    -0.22354    -6.15433
     23.445        -6.18787     0.18148    -0.22343    -6.14592
     23.595        -6.17935     0.18150    -0.22332    -6.13754
     23.745        -6.17091     0.18152    -0.22321    -6.12923
     23.895        -6.16253     0.18154    -0.22310    -6.12097
     24.045        -6.15419     0.18156    -0.22299    -6.11276
     24.195        -6.14591     0.18158    -0.22288    -6.10461
     24.345        -6.13769     0.18160    -0.22277    -6.09651
     24.495        -6.12951     0.18162    -0.22267    -6.08846
     24.645        -6.12139     0.18164    -0.22256    -6.08046
     24.795        -6.11337     0.18165    -0.22245    -6.07257
     24.945        -6.10533     0.18168    -0.22235    -6.06466
     25.095        -6.09737     0.18170    -0.22225    -6.05682
     25.245        -6.08948     0.18172    -0.22214    -6.04905
     25.395        -6.08160     0.18174    -0.22204    -6.04130
     25.545        -6.07378     0.18176    -0.22194    -6.03360
     25.695        -6.06600     0.18178    -0.22184    -6.02594
     25.845        -6.05829     0.18180    -0.22174    -6.01834
     25.995        -6.05060     0.18181    -0.22164    -6.01077
     26.145        -6.04299     0.18182    -0.22154    -6.00328
     26.295        -6.03544     0.18184    -0.22144    -5.99585
     26.445        -6.02793     0.18186    -0.22134    -5.98844
     26.595        -6.02040     0.18188    -0.22125    -5.98103
     26.745        -6.01294     0.18189    -0.22115    -5.97368
     26.895        -6.00554     0.18191    -0.22106    -5.96639
     27.045        -5.99819     0.18192    -0.22096    -5.95915
     27.195        -5.99087     0.18194    -0.22087    -5.95194
     27.345        -5.98359     0.18195    -0.22077    -5.94478
     27.495        -5.97636     0.18197    -0.22068    -5.93765
     27.645        -5.96914     0.18199    -0.22059    -5.93055
     27.795        -5.96199     0.18201    -0.22050    -5.92350
     27.945        -5.95488     0.18203    -0.22040    -5.91651
     28.095        -5.94783     0.18205    -0.22031    -5.90956
     28.245        -5.94077     0.18207    -0.22022    -5.90261
     28.395        -5.93376     0.18208    -0.22013    -5.89572
     28.545        -5.92680     0.18210    -0.22004    -5.88886
     28.695        -5.91990     0.18212    -0.21995    -5.88206
     28.845        -5.91299     0.18213    -0.21986    -5.87526
     28.995        -5.90612     0.18215    -0.21977    -5.86850
     29.145        -5.89930     0.18217    -0.21968    -5.86179
     29.295        -5.89255     0.18218    -0.21959    -5.85514
     29.445        -5.88581     0.18219    -0.21951    -5.84850
     29.595        -5.87912     0.18221    -0.21942    -5.84191
     29.745        -5.87245     0.18223    -0.21933    -5.83535
     29.895        -5.86582     0.18224    -0.21925    -5.82881
     30.045        -5.85921     0.18226    -0.21916    -5.82230
     30.195        -5.85263     0.18228    -0.21908    -5.81583
     30.345        -5.84609     0.18229    -0.21900    -5.80939
     30.495        -5.83959     0.18231    -0.21891    -5.80299
     30.645        -5.83315     0.18233    -0.21883    -5.79665
     30.795        -5.82673     0.18234    -0.21874    -5.79033
     30.945        -5.82034     0.18236    -0.21866    -5.78404
     31.095        -5.81399     0.18237    -0.21858    -5.77778
     31.245        -5.80765     0.18239    -0.21850    -5.77154
     31.395        -5.80133     0.18240    -0.21841    -5.76532
     31.545        -5.79505     0.18242    -0.21833    -5.75914
     31.695        -5.78882     0.18244    -0.21825    -5.75301
     31.845        -5.78264     0.18245    -0.21817    -5.74691
     31.995        -5.77644     0.18247    -0.21809    -5.74082
     32.145        -5.77029     0.18248    -0.21801    -5.73476
     32.295        -5.76419     0.18249    -0.21793    -5.72875
     32.445        -5.75810     0.18251    -0.21785    -5.72275
     32.595        -5.75204     0.18253    -0.21778    -5.71678
     32.745        -5.74602     0.18254    -0.21770    -5.71086
     32.895        -5.74003     0.18256    -0.21762    -5.70497
     33.045        -5.73408     0.18258    -0.21754    -5.69911
     33.195        -5.72812     0.18259    -0.21746    -5.69326
     33.345        -5.72221     0.18261    -0.21739    -5.68743
     33.495        -5.71634     0.18262    -0.21731    -5.68165
     33.645        -5.71049     0.18264    -0.21723    -5.67589
     33.795        -5.70468     0.18265    -0.21716    -5.67017
     33.945        -5.69887     0.18267    -0.21709    -5.66445
     34.095        -5.69309     0.18268    -0.21701    -5.65875
     34.245        -5.68734     0.18269    -0.21694    -5.65309
     34.395        -5.68160     0.18270    -0.21687    -5.64743
     34.545        -5.67590     0.18272    -0.21679    -5.64182
     34.695        -5.67023     0.18273    -0.21672    -5.63625
     34.845        -5.66460     0.18274    -0.21665    -5.63070
     34.995        -5.65898     0.18275    -0.21657    -5.62517
     35.145        -5.65339     0.18277    -0.21650    -5.61967
     35.295        -5.64786     0.18278    -0.21642    -5.61421
     35.445        -5.64232     0.18279    -0.21635    -5.60876
     35.595        -5.63680     0.18281    -0.21628    -5.60333
     35.745        -5.63134     0.18282    -0.21621    -5.59795
     35.895        -5.62589     0.18283    -0.21614    -5.59258
     36.045        -5.62043     0.18284    -0.21606    -5.58721
     36.195        -5.61503     0.18286    -0.21600    -5.58189
     36.345        -5.60965     0.18287    -0.21592    -5.57659
     36.495        -5.60427     0.18288    -0.21585    -5.57130
     36.645        -5.59894     0.18289    -0.21578    -5.56604
     36.795        -5.59359     0.18290    -0.21572    -5.56078
     36.945        -5.58831     0.18292    -0.21565    -5.55557
     37.095        -5.58302     0.18293    -0.21558    -5.55036
     37.245        -5.57776     0.18294    -0.21552    -5.54518
     37.395        -5.57252     0.18295    -0.21545    -5.54002
     37.545        -5.56731     0.18296    -0.21538    -5.53488
     37.695        -5.56212     0.18297    -0.21532    -5.52978
     37.845        -5.55696     0.18299    -0.21525    -5.52470
     37.995        -5.55183     0.18300    -0.21519    -5.51965
     38.145        -5.54668     0.18302    -0.21512    -5.51458
     38.295        -5.54158     0.18303    -0.21506    -5.50956
     38.445        -5.53650     0.18304    -0.21499    -5.50455
     38.595        -5.53143     0.18306    -0.21493    -5.49956
     38.745        -5.52640     0.18307    -0.21486    -5.49461
     38.895        -5.52140     0.18308    -0.21480    -5.48968
     39.045        -5.51639     0.18309    -0.21473    -5.48475
     39.195        -5.51142     0.18310    -0.21467    -5.47985
     39.345        -5.50647     0.18311    -0.21461    -5.47497
     39.495        -5.50153     0.18312    -0.21455    -5.47011
     39.645        -5.49661     0.18314    -0.21448    -5.46527
     39.795        -5.49170     0.18315    -0.21442    -5.46044
     39.945        -5.48680     0.18316    -0.21435    -5.45560
     40.095        -5.48192     0.18317    -0.21429    -5.45081
     40.245        -5.47709     0.18318    -0.21423    -5.44605
     40.395        -5.47226     0.18319    -0.21416    -5.44130
     40.545        -5.46745     0.18321    -0.21410    -5.43656
     40.695        -5.46268     0.18322    -0.21404    -5.43186
     40.845        -5.45790     0.18323    -0.21397    -5.42715
     40.995        -5.45314     0.18324    -0.21391    -5.42246
     41.145        -5.44842     0.18325    -0.21386    -5.41781
     41.295        -5.44371     0.18326    -0.21379    -5.41317
     41.445        -5.43902     0.18327    -0.21373    -5.40856
     41.595        -5.43434     0.18328    -0.21367    -5.40395
     41.745        -5.42970     0.18330    -0.21361    -5.39939
     41.895        -5.42504     0.18331    -0.21355    -5.39480
     42.045        -5.42044     0.18332    -0.21349    -5.39027
     42.195        -5.41586     0.18333    -0.21344    -5.38575
     42.345        -5.41124     0.18334    -0.21338    -5.38121
     42.495        -5.40669     0.18335    -0.21332    -5.37672
     42.645        -5.40217     0.18336    -0.21326    -5.37227
     42.795        -5.39763     0.18337    -0.21320    -5.36780
     42.945        -5.39313     0.18338    -0.21315    -5.36336
     43.095        -5.38865     0.18340    -0.21309    -5.35895
     43.245        -5.38416     0.18341    -0.21303    -5.35453
     43.395        -5.37970     0.18341    -0.21297    -5.35014
     43.545        -5.37526     0.18343    -0.21291    -5.34577
     43.695        -5.37083     0.18344    -0.21286    -5.34141
     43.845        -5.36642     0.18344    -0.21280    -5.33707
     43.995        -5.36203     0.18346    -0.21274    -5.33274
     44.145        -5.35764     0.18346    -0.21268    -5.32842
     44.295        -5.35329     0.18347    -0.21263    -5.32413
     44.445        -5.34893     0.18348    -0.21257    -5.31984
     44.595        -5.34459     0.18350    -0.21251    -5.31557
     44.745        -5.34025     0.18351    -0.21246    -5.31130
     44.895        -5.33595     0.18352    -0.21240    -5.30706
     45.045        -5.33165     0.18353    -0.21235    -5.30283
     45.195        -5.32738     0.18354    -0.21229    -5.29863
     45.345        -5.32313     0.18354    -0.21223    -5.29444
     45.495        -5.31884     0.18355    -0.21218    -5.29022
     45.645        -5.31462     0.18356    -0.21212    -5.28606
     45.795        -5.31040     0.18357    -0.21207    -5.28191
     45.945        -5.30621     0.18358    -0.21201    -5.27777
     46.095        -5.30203     0.18359    -0.21196    -5.27366
     46.245        -5.29785     0.18360    -0.21191    -5.26954
     46.395        -5.29369     0.18361    -0.21185    -5.26544
     46.545        -5.28955     0.18362    -0.21180    -5.26137
     46.695        -5.28542     0.18363    -0.21175    -5.25730
     46.845        -5.28129     0.18364    -0.21169    -5.25324
     46.995        -5.27720     0.18365    -0.21164    -5.24921
     47.145        -5.27310     0.18366    -0.21159    -5.24518
     47.295        -5.26901     0.18367    -0.21153    -5.24115
     47.445        -5.26497     0.18368    -0.21148    -5.23717
     47.595        -5.26091     0.18369    -0.21143    -5.23317
     47.745        -5.25687     0.18370    -0.21138    -5.22920
     47.895        -5.25285     0.18371    -0.21132    -5.22524
     48.045        -5.24885     0.18372    -0.21127    -5.22129
     48.195        -5.24484     0.18373    -0.21122    -5.21734
     48.345        -5.24086     0.18374    -0.21117    -5.21343
     48.495        -5.23690     0.18375    -0.21112    -5.20953
     48.645        -5.23295     0.18376    -0.21107    -5.20564
     48.795        -5.22903     0.18377    -0.21101    -5.20178
     48.945        -5.22511     0.18377    -0.21097    -5.19791
     49.095        -5.22121     0.18378    -0.21092    -5.19407
     49.245        -5.21729     0.18379    -0.21087    -5.19022
     49.395        -5.21341     0.18380    -0.21082    -5.18639
     49.545        -5.20951     0.18381    -0.21076    -5.18255
     49.695        -5.20564     0.18382    -0.21071    -5.17875
     49.845        -5.20178     0.18383    -0.21066    -5.17495
     49.995        -5.19793     0.18384    -0.21061    -5.17116
     50.145        -5.19410     0.18384    -0.21056    -5.16738
     50.295        -5.19028     0.18385    -0.21051    -5.16361
     50.445        -5.18647     0.18386    -0.21047    -5.15986
     50.595        -5.18267     0.18387    -0.21042    -5.15612
     50.745        -5.17892     0.18388    -0.21037    -5.15242
     50.895        -5.17515     0.18389    -0.21032    -5.14872
     51.045        -5.17138     0.18390    -0.21027    -5.14501
     51.195        -5.16764     0.18391    -0.21022    -5.14133
     51.345        -5.16390     0.18392    -0.21017    -5.13765
     51.495        -5.16016     0.18393    -0.21013    -5.13397
     51.645        -5.15646     0.18394    -0.21008    -5.13032
     51.795        -5.15276     0.18395    -0.21003    -5.12667
     51.945        -5.14908     0.18395    -0.20998    -5.12305
     52.095        -5.14540     0.18396    -0.20994    -5.11942
     52.245        -5.14173     0.18397    -0.20989    -5.11582
     52.395        -5.13807     0.18398    -0.20984    -5.11221
     52.545        -5.13442     0.18399    -0.20980    -5.10861
     52.695        -5.13079     0.18399    -0.20975    -5.10503
     52.845        -5.12717     0.18400    -0.20970    -5.10146
     52.995        -5.12357     0.18401    -0.20966    -5.09792
     53.145        -5.11998     0.18401    -0.20961    -5.09438
     53.295        -5.11639     0.18402    -0.20957    -5.09085
     53.445        -5.11283     0.18403    -0.20952    -5.08734
     53.595        -5.10926     0.18404    -0.20948    -5.08382
     53.745        -5.10572     0.18405    -0.20943    -5.08033
     53.895        -5.10217     0.18406    -0.20939    -5.07684
     54.045        -5.09863     0.18406    -0.20934    -5.07335
     54.195        -5.09513     0.18407    -0.20930    -5.06990
     54.345        -5.09162     0.18408    -0.20925    -5.06645
     54.495        -5.08811     0.18409    -0.20921    -5.06299
     54.645        -5.08464     0.18410    -0.20916    -5.05957
     54.795        -5.08118     0.18410    -0.20912    -5.05617
     54.945        -5.07770     0.18411    -0.20907    -5.05274
     55.095        -5.07424     0.18412    -0.20903    -5.04933
     59.433        -4.80331     0.18478    -0.20554    -4.78255
     80.646        -4.40703     0.18574    -0.20044    -4.39233
     111.21        -4.02195     0.18668    -0.19549    -4.01315
     153.36        -3.64827     0.18759    -0.19071    -3.64514
     211.49        -3.28605     0.18852    -0.18610    -3.28846
     291.64        -2.93563     0.18938    -0.18166    -2.94335
     402.18        -2.59668     0.19022    -0.17738    -2.60952
     554.60        -2.26909     0.19105    -0.17323    -2.28691
     764.80        -1.95239     0.19184    -0.16924    -1.97499
     1054.7        -1.64624     0.19262    -0.16541    -1.67345
     1454.4        -1.35031     0.19335    -0.16174    -1.38192
     2005.6        -1.06436     0.19405    -0.15820    -1.10021
     2765.8        -0.78763     0.19470    -0.15477    -0.82756
     3814.0        -0.51989     0.19533    -0.15147    -0.56374
     5259.5        -0.26062     0.19588    -0.14832    -0.30819
     7252.9        -0.00941     0.19641    -0.14527    -0.06055
     10002.         0.23369     0.19690    -0.14231     0.17910
     13793.         0.46854     0.19740    -0.13945     0.41059
     19020.         0.69492     0.19784    -0.13668     0.63376
     26229.         0.91215     0.19827    -0.13403     0.84791
     36170.         1.12034     0.19867    -0.13145     1.05312
     49878.         1.31950     0.19904    -0.12895     1.24941
     68782.         1.50987     0.19937    -0.12653     1.43703
     94851.         1.69158     0.19969    -0.12420     1.61610
    0.13080E+06     1.86503     0.19997    -0.12198     1.78703
    0.18038E+06     2.03030     0.20024    -0.11984     1.94990
    0.24874E+06     2.18803     0.20049    -0.11779     2.10533
    0.34301E+06     2.33821     0.20071    -0.11581     2.25331
    0.47302E+06     2.48126     0.20090    -0.11394     2.39430
    0.65229E+06     2.61735     0.20108    -0.11215     2.52842
    0.89952E+06     2.74686     0.20125    -0.11043     2.65604
    0.12404E+07     2.87019     0.20140    -0.10880     2.77759
    0.17106E+07     2.98754     0.20152    -0.10725     2.89327
    0.23589E+07     3.09926     0.20164    -0.10578     3.00339
    0.32529E+07     3.20549     0.20175    -0.10436     3.10810
    0.44858E+07     3.30662     0.20185    -0.10302     3.20778
    0.61860E+07     3.40286     0.20194    -0.10173     3.30265
    0.85305E+07     3.49427     0.20202    -0.10051     3.39276
    0.11764E+08     3.58131     0.20211    -0.09936     3.47856
    0.16222E+08     3.66397     0.20217    -0.09826     3.56006
    0.22370E+08     3.74247     0.20223    -0.09721     3.63745
    0.30849E+08     3.81667     0.20227    -0.09621     3.71061
    0.42541E+08     3.88610     0.20233    -0.09527     3.77905
    0.58664E+08     3.95113     0.20237    -0.09438     3.84314
    0.80898E+08     4.01212     0.20241    -0.09352     3.90323
    0.11156E+09     4.06948     0.20244    -0.09271     3.95975
    0.15384E+09     4.12348     0.20247    -0.09193     4.01295
    0.21215E+09     4.17423     0.20251    -0.09121     4.06293
    0.29255E+09     4.22207     0.20253    -0.09053     4.11007
    0.40343E+09     4.26709     0.20256    -0.08990     4.15444
    0.55633E+09     4.30950     0.20258    -0.08930     4.19622
    0.76719E+09     4.34825     0.20259    -0.08873     4.23439
    0.10580E+10     4.38337     0.20261    -0.08820     4.26896
    0.14589E+10     4.41563     0.20261    -0.08771     4.30072
    0.20119E+10     4.44534     0.20263    -0.08724     4.32994
    0.27744E+10     4.47269     0.20264    -0.08680     4.35685
    0.38259E+10     4.49799     0.20265    -0.08639     4.38172
    0.52760E+10     4.52126     0.20266    -0.08601     4.40461
    0.72756E+10     4.54273     0.20268    -0.08567     4.42572
    0.10033E+11     4.56256     0.20269    -0.08535     4.44523
    0.13836E+11     4.58090     0.20270    -0.08506     4.46327
    0.19079E+11     4.59777     0.20270    -0.08480     4.47987
    0.26311E+11     4.61336     0.20271    -0.08456     4.49522
    0.36283E+11     4.62775     0.20272    -0.08433     4.50937
    0.50034E+11     4.64106     0.20273    -0.08412     4.52245
    0.68997E+11     4.65332     0.20273    -0.08392     4.53451
    0.10000E+12     4.79997     0.20279    -0.08163     4.67881
