    -99.945         0.00000     0.00000     0.00000     0.00000
    -99.795         0.00000     0.00000     0.00000     0.00000
    -99.645         0.00000     0.00000     0.00000     0.00000
    -99.495         0.00000     0.00000     0.00000     0.00000
    -99.345         0.00000     0.00000     0.00000     0.00000
    -99.195         0.00000     0.00000     0.00000     0.00000
    -99.045         0.00000     0.00000     0.00000     0.00000
    -98.895         0.00000     0.00000     0.00000     0.00000
    -98.745         0.00000     0.00000     0.00000     0.00000
    -98.595         0.00000     0.00000     0.00000     0.00000
    -98.445         0.00000     0.00000     0.00000     0.00000
    -98.295         0.00000     0.00000     0.00000     0.00000
    -98.145         0.00000     0.00000     0.00000     0.00000
    -97.995         0.00000     0.00000     0.00000     0.00000
    -97.845         0.00000     0.00000     0.00000     0.00000
    -97.695         0.00000     0.00000     0.00000     0.00000
    -97.545         0.00000     0.00000     0.00000     0.00000
    -97.395         0.00000     0.00000     0.00000     0.00000
    -97.245         0.00000     0.00000     0.00000     0.00000
    -97.095         0.00000     0.00000     0.00000     0.00000
    -96.945         0.00000     0.00000     0.00000     0.00000
    -96.795         0.00000     0.00000     0.00000     0.00000
    -96.645         0.00000     0.00000     0.00000     0.00000
    -96.495         0.00000     0.00000     0.00000     0.00000
    -96.345         0.00000     0.00000     0.00000     0.00000
    -96.195         0.00000     0.00000     0.00000     0.00000
    -96.045         0.00000     0.00000     0.00000     0.00000
    -95.895         0.00000     0.00000     0.00000     0.00000
    -95.745         0.00000     0.00000     0.00000     0.00000
    -95.595         0.00000     0.00000     0.00000     0.00000
    -95.445         0.00000     0.00000     0.00000     0.00000
    -95.295         0.00000     0.00000     0.00000     0.00000
    -95.145         0.00000     0.00000     0.00000     0.00000
    -94.995         0.00000     0.00000     0.00000     0.00000
    -94.845         0.00000     0.00000     0.00000     0.00000
    -94.695         0.00000     0.00000     0.00000     0.00000
    -94.545         0.00000     0.00000     0.00000     0.00000
    -94.395         0.00000     0.00000     0.00000     0.00000
    -94.245         0.00000     0.00000     0.00000     0.00000
    -94.095         0.00000     0.00000     0.00000     0.00000
    -93.945         0.00000     0.00000     0.00000     0.00000
    -93.795         0.00000     0.00000     0.00000     0.00000
    -93.645         0.00000     0.00000     0.00000     0.00000
    -93.495         0.00000     0.00000     0.00000     0.00000
    -93.345         0.00000     0.00000     0.00000     0.00000
    -93.195         0.00000     0.00000     0.00000     0.00000
    -93.045         0.00000     0.00000     0.00000     0.00000
    -92.895         0.00000     0.00000     0.00000     0.00000
    -92.745         0.00000     0.00000     0.00000     0.00000
    -92.595         0.00000     0.00000     0.00000     0.00000
    -92.445         0.00000     0.00000     0.00000     0.00000
    -92.295         0.00000     0.00000     0.00000     0.00000
    -92.145         0.00000     0.00000     0.00000     0.00000
    -91.995         0.00000     0.00000     0.00000     0.00000
    -91.845         0.00000     0.00000     0.00000     0.00000
    -91.695         0.00000     0.00000     0.00000     0.00000
    -91.545         0.00000     0.00000     0.00000     0.00000
    -91.395         0.00000     0.00000     0.00000     0.00000
    -91.245         0.00000     0.00000     0.00000     0.00000
    -91.095         0.00000     0.00000     0.00000     0.00000
    -90.945         0.00000     0.00000     0.00000     0.00000
    -90.795         0.00000     0.00000     0.00000     0.00000
    -90.645         0.00000     0.00000     0.00000     0.00000
    -90.495         0.00000     0.00000     0.00000     0.00000
    -90.345         0.00000     0.00000     0.00000     0.00000
    -90.195         0.00000     0.00000     0.00000     0.00000
    -90.045         0.00000     0.00000     0.00000     0.00000
    -89.895         0.00000     0.00000     0.00000     0.00000
    -89.745         0.00000     0.00000     0.00000     0.00000
    -89.595         0.00000     0.00000     0.00000     0.00000
    -89.445         0.00000     0.00000     0.00000     0.00000
    -89.295         0.00000     0.00000     0.00000     0.00000
    -89.145         0.00000     0.00000     0.00000     0.00000
    -88.995         0.00000     0.00000     0.00000     0.00000
    -88.845         0.00000     0.00000     0.00000     0.00000
    -88.695         0.00000     0.00000     0.00000     0.00000
    -88.545         0.00000     0.00000     0.00000     0.00000
    -88.395         0.00000     0.00000     0.00000     0.00000
    -88.245         0.00000     0.00000     0.00000     0.00000
    -88.095         0.00000     0.00000     0.00000     0.00000
    -87.945         0.00000     0.00000     0.00000     0.00000
    -87.795         0.00000     0.00000     0.00000     0.00000
    -87.645         0.00000     0.00000     0.00000     0.00000
    -87.495         0.00000     0.00000     0.00000     0.00000
    -87.345         0.00000     0.00000     0.00000     0.00000
    -87.195         0.00000     0.00000     0.00000     0.00000
    -87.045         0.00000     0.00000     0.00000     0.00000
    -86.895         0.00000     0.00000     0.00000     0.00000
    -86.745         0.00000     0.00000     0.00000     0.00000
    -86.595         0.00000     0.00000     0.00000     0.00000
    -86.445         0.00000     0.00000     0.00000     0.00000
    -86.295         0.00000     0.00000     0.00000     0.00000
    -86.145         0.00000     0.00000     0.00000     0.00000
    -85.995         0.00000     0.00000     0.00000     0.00000
    -85.845         0.00000     0.00000     0.00000     0.00000
    -85.695         0.00000     0.00000     0.00000     0.00000
    -85.545         0.00000     0.00000     0.00000     0.00000
    -85.395         0.00000     0.00000     0.00000     0.00000
    -85.245         0.00000     0.00000     0.00000     0.00000
    -85.095         0.00000     0.00000     0.00000     0.00000
    -84.945         0.00000     0.00000     0.00000     0.00000
    -84.795         0.00000     0.00000     0.00000     0.00000
    -84.645         0.00000     0.00000     0.00000     0.00000
    -84.495         0.00000     0.00000     0.00000     0.00000
    -84.345         0.00000     0.00000     0.00000     0.00000
    -84.195         0.00000     0.00000     0.00000     0.00000
    -84.045         0.00000     0.00000     0.00000     0.00000
    -83.895         0.00000     0.00000     0.00000     0.00000
    -83.745         0.00000     0.00000     0.00000     0.00000
    -83.595         0.00000     0.00000     0.00000     0.00000
    -83.445         0.00000     0.00000     0.00000     0.00000
    -83.295         0.00000     0.00000     0.00000     0.00000
    -83.145         0.00000     0.00000     0.00000     0.00000
    -82.995         0.00000     0.00000     0.00000     0.00000
    -82.845         0.00000     0.00000     0.00000     0.00000
    -82.695         0.00000     0.00000     0.00000     0.00000
    -82.545         0.00000     0.00000     0.00000     0.00000
    -82.395         0.00000     0.00000     0.00000     0.00000
    -82.245         0.00000     0.00000     0.00000     0.00000
    -82.095         0.00000     0.00000     0.00000     0.00000
    -81.945         0.00000     0.00000     0.00000     0.00000
    -81.795         0.00000     0.00000     0.00000     0.00000
    -81.645         0.00000     0.00000     0.00000     0.00000
    -81.495         0.00000     0.00000     0.00000     0.00000
    -81.345         0.00000     0.00000     0.00000     0.00000
    -81.195         0.00000     0.00000     0.00000     0.00000
    -81.045         0.00000     0.00000     0.00000     0.00000
    -80.895         0.00000     0.00000     0.00000     0.00000
    -80.745         0.00000     0.00000     0.00000     0.00000
    -80.595         0.00000     0.00000     0.00000     0.00000
    -80.445         0.00000     0.00000     0.00000     0.00000
    -80.295         0.00000     0.00000     0.00000     0.00000
    -80.145         0.00000     0.00000     0.00000     0.00000
    -79.995         0.00000     0.00000     0.00000     0.00000
    -79.845         0.00000     0.00000     0.00000     0.00000
    -79.695         0.00000     0.00000     0.00000     0.00000
    -79.545         0.00000     0.00000     0.00000     0.00000
    -79.395         0.00000     0.00000     0.00000     0.00000
    -79.245         0.00000     0.00000     0.00000     0.00000
    -79.095         0.00000     0.00000     0.00000     0.00000
    -78.945         0.00000     0.00000     0.00000     0.00000
    -78.795         0.00000     0.00000     0.00000     0.00000
    -78.645         0.00000     0.00000     0.00000     0.00000
    -78.495         0.00000     0.00000     0.00000     0.00000
    -78.345         0.00000     0.00000     0.00000     0.00000
    -78.195         0.00000     0.00000     0.00000     0.00000
    -78.045         0.00000     0.00000     0.00000     0.00000
    -77.895         0.00000     0.00000     0.00000     0.00000
    -77.745         0.00000     0.00000     0.00000     0.00000
    -77.595         0.00000     0.00000     0.00000     0.00000
    -77.445         0.00000     0.00000     0.00000     0.00000
    -77.295         0.00000     0.00000     0.00000     0.00000
    -77.145         0.00000     0.00000     0.00000     0.00000
    -76.995         0.00000     0.00000     0.00000     0.00000
    -76.845         0.00000     0.00000     0.00000     0.00000
    -76.695         0.00000     0.00000     0.00000     0.00000
    -76.545         0.00000     0.00000     0.00000     0.00000
    -76.395         0.00000     0.00000     0.00000     0.00000
    -76.245         0.00000     0.00000     0.00000     0.00000
    -76.095         0.00000     0.00000     0.00000     0.00000
    -75.945         0.00000     0.00000     0.00000     0.00000
    -75.795         0.00000     0.00000     0.00000     0.00000
    -75.645         0.00000     0.00000     0.00000     0.00000
    -75.495         0.00000     0.00000     0.00000     0.00000
    -75.345         0.00000     0.00000     0.00000     0.00000
    -75.195         0.00000     0.00000     0.00000     0.00000
    -75.045         0.00000     0.00000     0.00000     0.00000
    -74.895         0.00000     0.00000     0.00000     0.00000
    -74.745         0.00000     0.00000     0.00000     0.00000
    -74.595         0.00000     0.00000     0.00000     0.00000
    -74.445         0.00000     0.00000     0.00000     0.00000
    -74.295         0.00000     0.00000     0.00000     0.00000
    -74.145         0.00000     0.00000     0.00000     0.00000
    -73.995         0.00000     0.00000     0.00000     0.00000
    -73.845         0.00000     0.00000     0.00000     0.00000
    -73.695         0.00000     0.00000     0.00000     0.00000
    -73.545         0.00000     0.00000     0.00000     0.00000
    -73.395         0.00000     0.00000     0.00000     0.00000
    -73.245         0.00000     0.00000     0.00000     0.00000
    -73.095         0.00000     0.00000     0.00000     0.00000
    -72.945         0.00000     0.00000     0.00000     0.00000
    -72.795         0.00000     0.00000     0.00000     0.00000
    -72.645         0.00000     0.00000     0.00000     0.00000
    -72.495         0.00000     0.00000     0.00000     0.00000
    -72.345         0.00000     0.00000     0.00000     0.00000
    -72.195         0.00000     0.00000     0.00000     0.00000
    -72.045         0.00000     0.00000     0.00000     0.00000
    -71.895         0.00000     0.00000     0.00000     0.00000
    -71.745         0.00000     0.00000     0.00000     0.00000
    -71.595         0.00000     0.00000     0.00000     0.00000
    -71.445         0.00000     0.00000     0.00000     0.00000
    -71.295         0.00000     0.00000     0.00000     0.00000
    -71.145         0.00000     0.00000     0.00000     0.00000
    -70.995         0.00000     0.00000     0.00000     0.00000
    -70.845         0.00000     0.00000     0.00000     0.00000
    -70.695         0.00000     0.00000     0.00000     0.00000
    -70.545         0.00000     0.00000     0.00000     0.00000
    -70.395         0.00000     0.00000     0.00000     0.00000
    -70.245         0.00000     0.00000     0.00000     0.00000
    -70.095         0.00000     0.00000     0.00000     0.00000
    -69.945         0.00000     0.00000     0.00000     0.00000
    -69.795         0.00000     0.00000     0.00000     0.00000
    -69.645         0.00000     0.00000     0.00000     0.00000
    -69.495         0.00000     0.00000     0.00000     0.00000
    -69.345         0.00000     0.00000     0.00000     0.00000
    -69.195         0.00000     0.00000     0.00000     0.00000
    -69.045         0.00000     0.00000     0.00000     0.00000
    -68.895         0.00000     0.00000     0.00000     0.00000
    -68.745         0.00000     0.00000     0.00000     0.00000
    -68.595         0.00000     0.00000     0.00000     0.00000
    -68.445         0.00000     0.00000     0.00000     0.00000
    -68.295         0.00000     0.00000     0.00000     0.00000
    -68.145         0.00000     0.00000     0.00000     0.00000
    -67.995         0.00000     0.00000     0.00000     0.00000
    -67.845         0.00000     0.00000     0.00000     0.00000
    -67.695         0.00000     0.00000     0.00000     0.00000
    -67.545         0.00000     0.00000     0.00000     0.00000
    -67.395         0.00000     0.00000     0.00000     0.00000
    -67.245         0.00000     0.00000     0.00000     0.00000
    -67.095         0.00000     0.00000     0.00000     0.00000
    -66.945         0.00000     0.00000     0.00000     0.00000
    -66.795         0.00000     0.00000     0.00000     0.00000
    -66.645         0.00000     0.00000     0.00000     0.00000
    -66.495         0.00000     0.00000     0.00000     0.00000
    -66.345         0.00000     0.00000     0.00000     0.00000
    -66.195         0.00000     0.00000     0.00000     0.00000
    -66.045         0.00000     0.00000     0.00000     0.00000
    -65.895         0.00000     0.00000     0.00000     0.00000
    -65.745         0.00000     0.00000     0.00000     0.00000
    -65.595         0.00000     0.00000     0.00000     0.00000
    -65.445         0.00000     0.00000     0.00000     0.00000
    -65.295         0.00000     0.00000     0.00000     0.00000
    -65.145         0.00000     0.00000     0.00000     0.00000
    -64.995         0.00000     0.00000     0.00000     0.00000
    -64.845         0.00000     0.00000     0.00000     0.00000
    -64.695         0.00000     0.00000     0.00000     0.00000
    -64.545         0.00000     0.00000     0.00000     0.00000
    -64.395         0.00000     0.00000     0.00000     0.00000
    -64.245         0.00000     0.00000     0.00000     0.00000
    -64.095         0.00000     0.00000     0.00000     0.00000
    -63.945         0.00000     0.00000     0.00000     0.00000
    -63.795         0.00000     0.00000     0.00000     0.00000
    -63.645         0.00000     0.00000     0.00000     0.00000
    -63.495         0.00000     0.00000     0.00000     0.00000
    -63.345         0.00000     0.00000     0.00000     0.00000
    -63.195         0.00000     0.00000     0.00000     0.00000
    -63.045         0.00000     0.00000     0.00000     0.00000
    -62.895         0.00000     0.00000     0.00000     0.00000
    -62.745         0.00000     0.00000     0.00000     0.00000
    -62.595         0.00000     0.00000     0.00000     0.00000
    -62.445         0.00000     0.00000     0.00000     0.00000
    -62.295         0.00000     0.00000     0.00000     0.00000
    -62.145         0.00000     0.00000     0.00000     0.00000
    -61.995         0.00000     0.00000     0.00000     0.00000
    -61.845         0.00000     0.00000     0.00000     0.00000
    -61.695         0.00000     0.00000     0.00000     0.00000
    -61.545         0.00000     0.00000     0.00000     0.00000
    -61.395         0.00000     0.00000     0.00000     0.00000
    -61.245         0.00000     0.00000     0.00000     0.00000
    -61.095         0.00000     0.00000     0.00000     0.00000
    -60.945         0.00000     0.00000     0.00000     0.00000
    -60.795         0.00000     0.00000     0.00000     0.00000
    -60.645         0.00000     0.00000     0.00000     0.00000
    -60.495         0.00000     0.00000     0.00000     0.00000
    -60.345         0.00000     0.00000     0.00000     0.00000
    -60.195         0.00000     0.00000     0.00000     0.00000
    -60.045         0.00000     0.00000     0.00000     0.00000
    -59.895         0.00000     0.00000     0.00000     0.00000
    -59.745         0.00000     0.00000     0.00000     0.00000
    -59.595         0.00000     0.00000     0.00000     0.00000
    -59.445         0.00000     0.00000     0.00000     0.00000
    -59.295         0.00000     0.00000     0.00000     0.00000
    -59.145         0.00000     0.00000     0.00000     0.00000
    -58.995         0.00000     0.00000     0.00000     0.00000
    -58.845         0.00000     0.00000     0.00000     0.00000
    -58.695         0.00000     0.00000     0.00000     0.00000
    -58.545         0.00000     0.00000     0.00000     0.00000
    -58.395         0.00000     0.00000     0.00000     0.00000
    -58.245         0.00000     0.00000     0.00000     0.00000
    -58.095         0.00000     0.00000     0.00000     0.00000
    -57.945         0.00000     0.00000     0.00000     0.00000
    -57.795         0.00000     0.00000     0.00000     0.00000
    -57.645         0.00000     0.00000     0.00000     0.00000
    -57.495         0.00000     0.00000     0.00000     0.00000
    -57.345         0.00000     0.00000     0.00000     0.00000
    -57.195         0.00000     0.00000     0.00000     0.00000
    -57.045         0.00000     0.00000     0.00000     0.00000
    -56.895         0.00000     0.00000     0.00000     0.00000
    -56.745         0.00000     0.00000     0.00000     0.00000
    -56.595         0.00000     0.00000     0.00000     0.00000
    -56.445         0.00000     0.00000     0.00000     0.00000
    -56.295         0.00000     0.00000     0.00000     0.00000
    -56.145         0.00000     0.00000     0.00000     0.00000
    -55.995         0.00000     0.00000     0.00000     0.00000
    -55.845         0.00000     0.00000     0.00000     0.00000
    -55.695         0.00000     0.00000     0.00000     0.00000
    -55.545         0.00000     0.00000     0.00000     0.00000
    -55.395         0.00000     0.00000     0.00000     0.00000
    -55.245         0.00000     0.00000     0.00000     0.00000
    -55.095         0.00000     0.00000     0.00000     0.00000
    -54.945         0.00000     0.00000     0.00000     0.00000
    -54.795         0.00000     0.00000     0.00000     0.00000
    -54.645         0.00000     0.00000     0.00000     0.00000
    -54.495         0.00000     0.00000     0.00000     0.00000
    -54.345         0.00000     0.00000     0.00000     0.00000
    -54.195         0.00000     0.00000     0.00000     0.00000
    -54.045         0.00000     0.00000     0.00000     0.00000
    -53.895         0.00000     0.00000     0.00000     0.00000
    -53.745         0.00000     0.00000     0.00000     0.00000
    -53.595         0.00000     0.00000     0.00000     0.00000
    -53.445         0.00000     0.00000     0.00000     0.00000
    -53.295         0.00000     0.00000     0.00000     0.00000
    -53.145         0.00000     0.00000     0.00000     0.00000
    -52.995         0.00000     0.00000     0.00000     0.00000
    -52.845         0.00000     0.00000     0.00000     0.00000
    -52.695         0.00000     0.00000     0.00000     0.00000
    -52.545         0.00000     0.00000     0.00000     0.00000
    -52.395         0.00000     0.00000     0.00000     0.00000
    -52.245         0.00000     0.00000     0.00000     0.00000
    -52.095         0.00000     0.00000     0.00000     0.00000
    -51.945         0.00000     0.00000     0.00000     0.00000
    -51.795         0.00000     0.00000     0.00000     0.00000
    -51.645         0.00000     0.00000     0.00000     0.00000
    -51.495         0.00000     0.00000     0.00000     0.00000
    -51.345         0.00000     0.00000     0.00000     0.00000
    -51.195         0.00000     0.00000     0.00000     0.00000
    -51.045         0.00000     0.00000     0.00000     0.00000
    -50.895         0.00000     0.00000     0.00000     0.00000
    -50.745         0.00000     0.00000     0.00000     0.00000
    -50.595         0.00000     0.00000     0.00000     0.00000
    -50.445         0.00000     0.00000     0.00000     0.00000
    -50.295         0.00000     0.00000     0.00000     0.00000
    -50.145         0.00000     0.00000     0.00000     0.00000
    -49.995         0.00000     0.00000     0.00000     0.00000
    -49.845         0.00000     0.00000     0.00000     0.00000
    -49.695         0.00000     0.00000     0.00000     0.00000
    -49.545         0.00000     0.00000     0.00000     0.00000
    -49.395         0.00000     0.00000     0.00000     0.00000
    -49.245         0.00000     0.00000     0.00000     0.00000
    -49.095         0.00000     0.00000     0.00000     0.00000
    -48.945         0.00000     0.00000     0.00000     0.00000
    -48.795         0.00000     0.00000     0.00000     0.00000
    -48.645         0.00000     0.00000     0.00000     0.00000
    -48.495         0.00000     0.00000     0.00000     0.00000
    -48.345         0.00000     0.00000     0.00000     0.00000
    -48.195         0.00000     0.00000     0.00000     0.00000
    -48.045         0.00000     0.00000     0.00000     0.00000
    -47.895         0.00000     0.00000     0.00000     0.00000
    -47.745         0.00000     0.00000     0.00000     0.00000
    -47.595         0.00000     0.00000     0.00000     0.00000
    -47.445         0.00000     0.00000     0.00000     0.00000
    -47.295         0.00000     0.00000     0.00000     0.00000
    -47.145         0.00000     0.00000     0.00000     0.00000
    -46.995         0.00000     0.00000     0.00000     0.00000
    -46.845         0.00000     0.00000     0.00000     0.00000
    -46.695         0.00000     0.00000     0.00000     0.00000
    -46.545         0.00000     0.00000     0.00000     0.00000
    -46.395         0.00000     0.00000     0.00000     0.00000
    -46.245         0.00000     0.00000     0.00000     0.00000
    -46.095         0.00000     0.00000     0.00000     0.00000
    -45.945         0.00000     0.00000     0.00000     0.00000
    -45.795         0.00000     0.00000     0.00000     0.00000
    -45.645         0.00000     0.00000     0.00000     0.00000
    -45.495         0.00000     0.00000     0.00000     0.00000
    -45.345         0.00000     0.00000     0.00000     0.00000
    -45.195         0.00000     0.00000     0.00000     0.00000
    -45.045         0.00000     0.00000     0.00000     0.00000
    -44.895         0.00000     0.00000     0.00000     0.00000
    -44.745         0.00000     0.00000     0.00000     0.00000
    -44.595         0.00000     0.00000     0.00000     0.00000
    -44.445         0.00000     0.00000     0.00000     0.00000
    -44.295         0.00000     0.00000     0.00000     0.00000
    -44.145         0.00000     0.00000     0.00000     0.00000
    -43.995         0.00000     0.00000     0.00000     0.00000
    -43.845         0.00000     0.00000     0.00000     0.00000
    -43.695         0.00000     0.00000     0.00000     0.00000
    -43.545         0.00000     0.00000     0.00000     0.00000
    -43.395         0.00000     0.00000     0.00000     0.00000
    -43.245         0.00000     0.00000     0.00000     0.00000
    -43.095         0.00000     0.00000     0.00000     0.00000
    -42.945         0.00000     0.00000     0.00000     0.00000
    -42.795         0.00000     0.00000     0.00000     0.00000
    -42.645         0.00000     0.00000     0.00000     0.00000
    -42.495         0.00000     0.00000     0.00000     0.00000
    -42.345         0.00000     0.00000     0.00000     0.00000
    -42.195         0.00000     0.00000     0.00000     0.00000
    -42.045         0.00000     0.00000     0.00000     0.00000
    -41.895         0.00000     0.00000     0.00000     0.00000
    -41.745         0.00000     0.00000     0.00000     0.00000
    -41.595         0.00000     0.00000     0.00000     0.00000
    -41.445         0.00000     0.00000     0.00000     0.00000
    -41.295         0.00000     0.00000     0.00000     0.00000
    -41.145         0.00000     0.00000     0.00000     0.00000
    -40.995         0.00000     0.00000     0.00000     0.00000
    -40.845         0.00000     0.00000     0.00000     0.00000
    -40.695         0.00000     0.00000     0.00000     0.00000
    -40.545         0.00000     0.00000     0.00000     0.00000
    -40.395         0.00000     0.00000     0.00000     0.00000
    -40.245         0.00000     0.00000     0.00000     0.00000
    -40.095         0.00000     0.00000     0.00000     0.00000
    -39.945         0.00000     0.00000     0.00000     0.00000
    -39.795         0.00000     0.00000     0.00000     0.00000
    -39.645         0.00000     0.00000     0.00000     0.00000
    -39.495         0.00000     0.00000     0.00000     0.00000
    -39.345         0.00000     0.00000     0.00000     0.00000
    -39.195         0.00000     0.00000     0.00000     0.00000
    -39.045         0.00000     0.00000     0.00000     0.00000
    -38.895         0.00000     0.00000     0.00000     0.00000
    -38.745         0.00000     0.00000     0.00000     0.00000
    -38.595         0.00000     0.00000     0.00000     0.00000
    -38.445         0.00000     0.00000     0.00000     0.00000
    -38.295         0.00000     0.00000     0.00000     0.00000
    -38.145         0.00000     0.00000     0.00000     0.00000
    -37.995         0.00000     0.00000     0.00000     0.00000
    -37.845         0.00000     0.00000     0.00000     0.00000
    -37.695         0.00000     0.00000     0.00000     0.00000
    -37.545         0.00000     0.00000     0.00000     0.00000
    -37.395         0.00000     0.00000     0.00000     0.00000
    -37.245         0.00000     0.00000     0.00000     0.00000
    -37.095         0.00000     0.00000     0.00000     0.00000
    -36.945         0.00000     0.00000     0.00000     0.00000
    -36.795         0.00000     0.00000     0.00000     0.00000
    -36.645         0.00000     0.00000     0.00000     0.00000
    -36.495         0.00000     0.00000     0.00000     0.00000
    -36.345         0.00000     0.00000     0.00000     0.00000
    -36.195         0.00000     0.00000     0.00000     0.00000
    -36.045         0.00000     0.00000     0.00000     0.00000
    -35.895         0.00000     0.00000     0.00000     0.00000
    -35.745         0.00000     0.00000     0.00000     0.00000
    -35.595         0.00000     0.00000     0.00000     0.00000
    -35.445         0.00000     0.00000     0.00000     0.00000
    -35.295         0.00000     0.00000     0.00000     0.00000
    -35.145         0.00000     0.00000     0.00000     0.00000
    -34.995         0.00000     0.00000     0.00000     0.00000
    -34.845         0.00000     0.00000     0.00000     0.00000
    -34.695         0.00000     0.00000     0.00000     0.00000
    -34.545         0.00000     0.00000     0.00000     0.00000
    -34.395         0.00000     0.00000     0.00000     0.00000
    -34.245         0.00000     0.00000     0.00000     0.00000
    -34.095         0.00000     0.00000     0.00000     0.00000
    -33.945         0.00000     0.00000     0.00000     0.00000
    -33.795         0.00000     0.00000     0.00000     0.00000
    -33.645         0.00000     0.00000     0.00000     0.00000
    -33.495         0.00000     0.00000     0.00000     0.00000
    -33.345         0.00000     0.00000     0.00000     0.00000
    -33.195         0.00000     0.00000     0.00000     0.00000
    -33.045         0.00000     0.00000     0.00000     0.00000
    -32.895         0.00000     0.00000     0.00000     0.00000
    -32.745         0.00000     0.00000     0.00000     0.00000
    -32.595         0.00000     0.00000     0.00000     0.00000
    -32.445         0.00000     0.00000     0.00000     0.00000
    -32.295         0.00000     0.00000     0.00000     0.00000
    -32.145         0.00000     0.00000     0.00000     0.00000
    -31.995         0.00000     0.00000     0.00000     0.00000
    -31.845         0.00000     0.00000     0.00000     0.00000
    -31.695         0.00000     0.00000     0.00000     0.00000
    -31.545         0.00000     0.00000     0.00000     0.00000
    -31.395         0.00000     0.00000     0.00000     0.00000
    -31.245         0.00000     0.00000     0.00000     0.00000
    -31.095         0.00000     0.00000     0.00000     0.00000
    -30.945         0.00000     0.00000     0.00000     0.00000
    -30.795         0.00000     0.00000     0.00000     0.00000
    -30.645         0.00000     0.00000     0.00000     0.00000
    -30.495         0.00000     0.00000     0.00000     0.00000
    -30.345         0.00000     0.00000     0.00000     0.00000
    -30.195         0.00000     0.00000     0.00000     0.00000
    -30.045         0.00000     0.00000     0.00000     0.00000
    -29.895         0.00000     0.00000     0.00000     0.00000
    -29.745         0.00000     0.00000     0.00000     0.00000
    -29.595         0.00000     0.00000     0.00000     0.00000
    -29.445         0.00000     0.00000     0.00000     0.00000
    -29.295         0.00000     0.00000     0.00000     0.00000
    -29.145         0.00000     0.00000     0.00000     0.00000
    -28.995         0.00000     0.00000     0.00000     0.00000
    -28.845         0.00000     0.00000     0.00000     0.00000
    -28.695         0.00000     0.00000     0.00000     0.00000
    -28.545         0.00000     0.00000     0.00000     0.00000
    -28.395         0.00000     0.00000     0.00000     0.00000
    -28.245         0.00000     0.00000     0.00000     0.00000
    -28.095         0.00000     0.00000     0.00000     0.00000
    -27.945         0.00000     0.00000     0.00000     0.00000
    -27.795         0.00000     0.00000     0.00000     0.00000
    -27.645         0.00000     0.00000     0.00000     0.00000
    -27.495         0.00000     0.00000     0.00000     0.00000
    -27.345         0.00000     0.00000     0.00000     0.00000
    -27.195         0.00000     0.00000     0.00000     0.00000
    -27.045         0.00000     0.00000     0.00000     0.00000
    -26.895         0.00000     0.00000     0.00000     0.00000
    -26.745         0.00000     0.00000     0.00000     0.00000
    -26.595         0.00000     0.00000     0.00000     0.00000
    -26.445         0.00000     0.00000     0.00000     0.00000
    -26.295         0.00000     0.00000     0.00000     0.00000
    -26.145         0.00000     0.00000     0.00000     0.00000
    -25.995         0.00000     0.00000     0.00000     0.00000
    -25.845         0.00000     0.00000     0.00000     0.00000
    -25.695         0.00000     0.00000     0.00000     0.00000
    -25.545         0.00000     0.00000     0.00000     0.00000
    -25.395         0.00000     0.00000     0.00000     0.00000
    -25.245         0.00000     0.00000     0.00000     0.00000
    -25.095         0.00000     0.00000     0.00000     0.00000
    -24.945         0.00000     0.00000     0.00000     0.00000
    -24.795         0.00000     0.00000     0.00000     0.00000
    -24.645         0.00000     0.00000     0.00000     0.00000
    -24.495         0.00000     0.00000     0.00000     0.00000
    -24.345         0.00000     0.00000     0.00000     0.00000
    -24.195         0.00000     0.00000     0.00000     0.00000
    -24.045         0.00000     0.00000     0.00000     0.00000
    -23.895         0.00000     0.00000     0.00000     0.00000
    -23.745         0.00000     0.00000     0.00000     0.00000
    -23.595         0.00000     0.00000     0.00000     0.00000
    -23.445         0.00000     0.00000     0.00000     0.00000
    -23.295         0.00000     0.00000     0.00000     0.00000
    -23.145         0.00000     0.00000     0.00000     0.00000
    -22.995         0.00000     0.00000     0.00000     0.00000
    -22.845         0.00000     0.00000     0.00000     0.00000
    -22.695         0.00000     0.00000     0.00000     0.00000
    -22.545         0.00000     0.00000     0.00000     0.00000
    -22.395         0.00000     0.00000     0.00000     0.00000
    -22.245         0.00000     0.00000     0.00000     0.00000
    -22.095         0.00000     0.00000     0.00000     0.00000
    -21.945         0.00000     0.00000     0.00000     0.00000
    -21.795         0.00000     0.00000     0.00000     0.00000
    -21.645         0.00000     0.00000     0.00000     0.00000
    -21.495         0.00000     0.00000     0.00000     0.00000
    -21.345         0.00000     0.00000     0.00000     0.00000
    -21.195         0.00000     0.00000     0.00000     0.00000
    -21.045         0.00000     0.00000     0.00000     0.00000
    -20.895         0.00000     0.00000     0.00000     0.00000
    -20.745         0.00000     0.00000     0.00000     0.00000
    -20.595         0.00000     0.00000     0.00000     0.00000
    -20.445         0.00000     0.00000     0.00000     0.00000
    -20.295         0.00000     0.00000     0.00000     0.00000
    -20.145         0.00000     0.00000     0.00000     0.00000
    -19.995         0.00000     0.00000     0.00000     0.00000
    -19.845         0.00000     0.00000     0.00000     0.00000
    -19.695         0.00000     0.00000     0.00000     0.00000
    -19.545         0.00000     0.00000     0.00000     0.00000
    -19.395         0.00000     0.00000     0.00000     0.00000
    -19.245         0.00000     0.00000     0.00000     0.00000
    -19.095         0.00000     0.00000     0.00000     0.00000
    -18.945         0.00000     0.00000     0.00000     0.00000
    -18.795         0.00000     0.00000     0.00000     0.00000
    -18.645         0.00000     0.00000     0.00000     0.00000
    -18.495         0.00000     0.00000     0.00000     0.00000
    -18.345         0.00000     0.00000     0.00000     0.00000
    -18.195         0.00000     0.00000     0.00000     0.00000
    -18.045         0.00000     0.00000     0.00000     0.00000
    -17.895         0.00000     0.00000     0.00000     0.00000
    -17.745         0.00000     0.00000     0.00000     0.00000
    -17.595         0.00000     0.00000     0.00000     0.00000
    -17.445         0.00000     0.00000     0.00000     0.00000
    -17.295         0.00000     0.00000     0.00000     0.00000
    -17.145         0.00000     0.00000     0.00000     0.00000
    -16.995         0.00000     0.00000     0.00000     0.00000
    -16.845         0.00000     0.00000     0.00000     0.00000
    -16.695         0.00000     0.00000     0.00000     0.00000
    -16.545         0.00000     0.00000     0.00000     0.00000
    -16.395         0.00000     0.00000     0.00000     0.00000
    -16.245         0.00000     0.00000     0.00000     0.00000
    -16.095         0.00000     0.00000     0.00000     0.00000
    -15.945         0.00000     0.00000     0.00000     0.00000
    -15.795         0.00000     0.00000     0.00000     0.00000
    -15.645         0.00000     0.00000     0.00000     0.00000
    -15.495         0.00000     0.00000     0.00000     0.00000
    -15.345         0.00000     0.00000     0.00000     0.00000
    -15.195         0.00000     0.00000     0.00000     0.00000
    -15.045         0.00000     0.00000     0.00000     0.00000
    -14.895         0.00000     0.00000     0.00000     0.00000
    -14.745         0.00000     0.00000     0.00000     0.00000
    -14.595         0.00000     0.00000     0.00000     0.00000
    -14.445         0.00000     0.00000     0.00000     0.00000
    -14.295         0.00000     0.00000     0.00000     0.00000
    -14.145         0.00000     0.00000     0.00000     0.00000
    -13.995         0.00000     0.00000     0.00000     0.00000
    -13.845         0.00000     0.00000     0.00000     0.00000
    -13.695         0.00000     0.00000     0.00000     0.00000
    -13.545         0.00000     0.00000     0.00000     0.00000
    -13.395         0.00000     0.00000     0.00000     0.00000
    -13.245         0.00000     0.00000     0.00000     0.00000
    -13.095         0.00000     0.00000     0.00000     0.00000
    -12.945         0.00000     0.00000     0.00000     0.00000
    -12.795         0.00000     0.00000     0.00000     0.00000
    -12.645         0.00000     0.00000     0.00000     0.00000
    -12.495         0.00000     0.00000     0.00000     0.00000
    -12.345         0.00000     0.00000     0.00000     0.00000
    -12.195         0.00000     0.00000     0.00000     0.00000
    -12.045         0.00000     0.00000     0.00000     0.00000
    -11.895         0.00000     0.00000     0.00000     0.00000
    -11.745         0.00000     0.00000     0.00000     0.00000
    -11.595         0.00000     0.00000     0.00000     0.00000
    -11.445         0.00000     0.00000     0.00000     0.00000
    -11.295         0.00000     0.00000     0.00000     0.00000
    -11.145         0.00000     0.00000     0.00000     0.00000
    -10.995         0.00000     0.00000     0.00000     0.00000
    -10.845         0.00000     0.00000     0.00000     0.00000
    -10.695         0.00000     0.00000     0.00000     0.00000
    -10.545         0.00000     0.00000     0.00000     0.00000
    -10.395         0.00000     0.00000     0.00000     0.00000
    -10.245         0.00000     0.00000     0.00000     0.00000
    -10.095         0.00000     0.00000     0.00000     0.00000
    -9.9450         0.00000     0.00000     0.00000     0.00000
    -9.7950         0.00000     0.00000     0.00000     0.00000
    -9.6450         0.00000     0.00000     0.00000     0.00000
    -9.4950         0.00000     0.00000     0.00000     0.00000
    -9.3450         0.00000     0.00000     0.00000     0.00000
    -9.1950         0.00000     0.00000     0.00000     0.00000
    -9.0450         0.00000     0.00000     0.00000     0.00000
    -8.8950         0.00000     0.00000     0.00000     0.00000
    -8.7450         0.00000     0.00000     0.00000     0.00000
    -8.5950         0.00000     0.00000     0.00000     0.00000
    -8.4450         0.00000     0.00000     0.00000     0.00000
    -8.2950         0.00000     0.00000     0.00000     0.00000
    -8.1450         0.00000     0.00000     0.00000     0.00000
    -7.9950         0.00000     0.00000     0.00000     0.00000
    -7.8450         0.00000     0.00000     0.00000     0.00000
    -7.6950         0.00000     0.00000     0.00000     0.00000
    -7.5450         0.00000     0.00000     0.00000     0.00000
    -7.3950         0.00000     0.00000     0.00000     0.00000
    -7.2450         0.00000     0.00000     0.00000     0.00000
    -7.0950         0.00000     0.00000     0.00000     0.00000
    -6.9450         0.00000     0.00000     0.00000     0.00000
    -6.7950         0.00000     0.00000     0.00000     0.00000
    -6.6450         0.00000     0.00000     0.00000     0.00000
    -6.4950         0.00000     0.00000     0.00000     0.00000
    -6.3450         0.00000     0.00000     0.00000     0.00000
    -6.1950         0.00000     0.00000     0.00000     0.00000
    -6.0450         0.00000     0.00000     0.00000     0.00000
    -5.8950         0.00000     0.00000     0.00000     0.00000
    -5.7450         0.00000     0.00000     0.00000     0.00000
    -5.5950         0.00000     0.00000     0.00000     0.00000
    -5.4450         0.00000     0.00000     0.00000     0.00000
    -5.2950         0.00000     0.00000     0.00000     0.00000
    -5.1450         0.00000     0.00000     0.00000     0.00000
    -4.9950         0.00000     0.00000     0.00000     0.00000
    -4.8450         0.00000     0.00000     0.00000     0.00000
    -4.6950         0.00000     0.00000     0.00000     0.00000
    -4.5450         0.00000     0.00000     0.00000     0.00000
    -4.3950         0.00000     0.00000     0.00000     0.00000
    -4.2450         0.00000     0.00000     0.00000     0.00000
    -4.0950         0.00000     0.00000     0.00000     0.00000
    -3.9450         0.00000     0.00000     0.00000     0.00000
    -3.7950         0.00000     0.00000     0.00000     0.00000
    -3.6450         0.00000     0.00000     0.00000     0.00000
    -3.4950         0.00000     0.00000     0.00000     0.00000
    -3.3450         0.00000     0.00000     0.00000     0.00000
    -3.1950        -0.00000    -0.00000     0.00000     0.00000
    -3.0450        -0.00000    -0.00000     0.00000     0.00000
    -2.8950        -0.00000    -0.00000     0.00000     0.00000
    -2.7450        -0.00000    -0.00000     0.00000     0.00000
    -2.5950        -0.00000    -0.00000     0.00000     0.00000
    -2.4450        -0.00000    -0.00000     0.00000     0.00000
    -2.2950        -0.00000    -0.00000     0.00000     0.00000
    -2.1450        -0.00000    -0.00000     0.00000     0.00000
    -1.9950        -0.00001    -0.00001     0.00000     0.00000
    -1.8450        -0.00002    -0.00002     0.00000     0.00000
    -1.6950        -0.00003    -0.00003     0.00000     0.00000
    -1.5450        -0.00011    -0.00004     0.00000    -0.00008
    -1.3950        -0.00027    -0.00004     0.00000    -0.00022
    -1.2450        -0.00198    -0.00005     0.00000    -0.00193
    -1.0950        -0.00984    -0.00000     0.00000    -0.00984
   -0.94500        -0.03622     0.00013    -0.00003    -0.03632
   -0.79500        -0.13287    -0.00104     0.00016    -0.13199
   -0.64500        -0.60237    -0.00247    -0.00179    -0.59811
   -0.49500        -2.30087    -0.00540    -0.01348    -2.28200
   -0.34500        -5.15801    -0.01317    -0.03781    -5.10704
   -0.22700        -6.01038    -0.01706    -0.04601    -5.94731
   -0.21300        -6.10380    -0.01754    -0.04707    -6.03918
   -0.20700        -6.19599    -0.01805    -0.04803    -6.12992
   -0.20100        -6.28870    -0.01872    -0.04895    -6.22103
   -0.19500        -6.37894    -0.01926    -0.05002    -6.30966
   -0.18900        -6.46837    -0.01984    -0.05099    -6.39754
   -0.18300        -6.55768    -0.02041    -0.05202    -6.48525
   -0.17700        -6.64579    -0.02092    -0.05300    -6.57188
   -0.17100        -6.73451    -0.02145    -0.05405    -6.65901
   -0.16500        -6.82218    -0.02208    -0.05514    -6.74496
   -0.15900        -6.90923    -0.02275    -0.05628    -6.83019
   -0.15300        -6.99698    -0.02340    -0.05747    -6.91610
   -0.14700        -7.08358    -0.02411    -0.05863    -7.00084
   -0.14100        -7.17210    -0.02487    -0.05981    -7.08742
   -0.13500        -7.25971    -0.02569    -0.06105    -7.17298
   -0.12900        -7.34715    -0.02648    -0.06229    -7.25837
   -0.12300        -7.43691    -0.02735    -0.06374    -7.34583
   -0.11700        -7.52773    -0.02828    -0.06510    -7.43435
   -0.11100        -7.61869    -0.02926    -0.06656    -7.52287
   -0.10500        -7.71189    -0.03027    -0.06808    -7.61354
   -0.99000E-01    -7.80797    -0.03133    -0.06969    -7.70695
   -0.93000E-01    -7.90708    -0.03252    -0.07146    -7.80311
   -0.87000E-01    -8.00921    -0.03394    -0.07322    -7.90205
   -0.81000E-01    -8.11475    -0.03533    -0.07515    -8.00426
   -0.75000E-01    -8.22462    -0.03681    -0.07729    -8.11053
   -0.69000E-01    -8.34057    -0.03833    -0.07954    -8.22271
   -0.63000E-01    -8.46412    -0.04011    -0.08187    -8.34213
   -0.57000E-01    -8.59560    -0.04207    -0.08449    -8.46903
   -0.51000E-01    -8.73830    -0.04429    -0.08750    -8.60651
   -0.45000E-01    -8.89266    -0.04680    -0.09086    -8.75500
   -0.39000E-01    -9.06223    -0.04966    -0.09485    -8.91772
   -0.33000E-01    -9.24904    -0.05314    -0.09974    -9.09616
   -0.27000E-01    -9.45565    -0.05734    -0.10618    -9.29213
   -0.21300E-01    -9.61069    -0.06097    -0.11220    -9.43752
   -0.19500E-01    -9.63451    -0.06156    -0.11322    -9.45973
   -0.18900E-01    -9.65874    -0.06218    -0.11433    -9.48222
   -0.18300E-01    -9.68334    -0.06283    -0.11550    -9.50501
   -0.17700E-01    -9.70826    -0.06346    -0.11669    -9.52811
   -0.17100E-01    -9.73375    -0.06413    -0.11797    -9.55165
   -0.16500E-01    -9.75965    -0.06484    -0.11932    -9.57549
   -0.15900E-01    -9.78588    -0.06557    -0.12073    -9.59958
   -0.15300E-01    -9.81261    -0.06632    -0.12224    -9.62405
   -0.14700E-01    -9.84021    -0.06707    -0.12386    -9.64928
   -0.14100E-01    -9.86814    -0.06787    -0.12555    -9.67472
   -0.13500E-01    -9.89669    -0.06872    -0.12737    -9.70060
   -0.12900E-01    -9.92574    -0.06959    -0.12931    -9.72683
   -0.12300E-01    -9.95548    -0.07050    -0.13143    -9.75355
   -0.11700E-01    -9.98603    -0.07144    -0.13376    -9.78083
   -0.11100E-01   -10.01723    -0.07243    -0.13628    -9.80851
   -0.10500E-01   -10.04941    -0.07347    -0.13906    -9.83688
   -0.99000E-02   -10.08248    -0.07456    -0.14217    -9.86576
   -0.93000E-02   -10.11634    -0.07570    -0.14555    -9.89509
   -0.87000E-02   -10.15134    -0.07689    -0.14939    -9.92506
   -0.81000E-02   -10.18763    -0.07813    -0.15374    -9.95576
   -0.75000E-02   -10.22520    -0.07944    -0.15881    -9.98695
   -0.69000E-02   -10.26426    -0.08083    -0.16471   -10.01872
   -0.63000E-02   -10.30511    -0.08227    -0.17176   -10.05108
   -0.57000E-02   -10.34821    -0.08379    -0.18047   -10.08396
   -0.51000E-02   -10.39458    -0.08539    -0.19190   -10.11730
   -0.45000E-02   -10.44582    -0.08705    -0.20751   -10.15127
   -0.39000E-02   -10.50452    -0.08876    -0.22983   -10.18592
   -0.33000E-02   -10.57394    -0.09052    -0.26215   -10.22126
   -0.27000E-02   -10.65382    -0.09231    -0.30363   -10.25788
   -0.21000E-02   -10.72729    -0.09407    -0.33536   -10.29785
   -0.15000E-02   -10.79275    -0.09572    -0.34961   -10.34742
   -0.90000E-03   -10.88277    -0.09707    -0.35459   -10.43110
   -0.30000E-03   -12.31844    -0.09772    -0.35560   -11.86512
    0.30000E-03   -10.88368    -0.09671    -0.35496   -10.43201
    0.90000E-03   -10.80242    -0.09170    -0.35362   -10.35709
    0.15000E-02   -10.75548    -0.07737    -0.35200   -10.32611
    0.21000E-02   -10.70812    -0.04560    -0.35027   -10.31226
    0.27000E-02   -10.65854    -0.00405    -0.34850   -10.30599
    0.33000E-02   -10.62157     0.02835    -0.34676   -10.30316
    0.39000E-02   -10.59626     0.05069    -0.34507   -10.30187
    0.45000E-02   -10.57850     0.06620    -0.34343   -10.30127
    0.51000E-02   -10.56527     0.07758    -0.34187   -10.30099
    0.57000E-02   -10.55491     0.08631    -0.34038   -10.30084
    0.63000E-02   -10.54640     0.09331    -0.33894   -10.30077
    0.69000E-02   -10.53912     0.09916    -0.33755   -10.30073
    0.75000E-02   -10.53280     0.10414    -0.33624   -10.30070
    0.81000E-02   -10.52724     0.10844    -0.33500   -10.30068
    0.87000E-02   -10.52221     0.11226    -0.33381   -10.30066
    0.93000E-02   -10.51761     0.11569    -0.33266   -10.30064
    0.99000E-02   -10.51341     0.11878    -0.33157   -10.30062
    0.10500E-01   -10.50963     0.12152    -0.33054   -10.30060
    0.11100E-01   -10.50611     0.12406    -0.32958   -10.30058
    0.11700E-01   -10.50285     0.12635    -0.32864   -10.30056
    0.12300E-01   -10.49977     0.12850    -0.32773   -10.30054
    0.12900E-01   -10.49699     0.13042    -0.32689   -10.30052
    0.13500E-01   -10.49433     0.13223    -0.32606   -10.30050
    0.14100E-01   -10.49182     0.13394    -0.32530   -10.30046
    0.14700E-01   -10.48943     0.13554    -0.32453   -10.30044
    0.15300E-01   -10.48723     0.13700    -0.32382   -10.30042
    0.15900E-01   -10.48513     0.13836    -0.32310   -10.30039
    0.16500E-01   -10.48312     0.13967    -0.32244   -10.30035
    0.17100E-01   -10.48124     0.14089    -0.32181   -10.30033
    0.17700E-01   -10.47940     0.14207    -0.32118   -10.30029
    0.18300E-01   -10.47766     0.14317    -0.32057   -10.30026
    0.18900E-01   -10.47601     0.14421    -0.31999   -10.30023
    0.19500E-01   -10.47442     0.14521    -0.31943   -10.30020
    0.21300E-01   -10.46522     0.15083    -0.31613   -10.29993
    0.27000E-01   -10.45523     0.15678    -0.31257   -10.29943
    0.33000E-01   -10.44788     0.16101    -0.30999   -10.29890
    0.39000E-01   -10.44226     0.16420    -0.30820   -10.29826
    0.45000E-01   -10.43771     0.16678    -0.30694   -10.29755
    0.51000E-01   -10.43397     0.16875    -0.30597   -10.29675
    0.57000E-01   -10.43078     0.17041    -0.30531   -10.29588
    0.63000E-01   -10.42809     0.17168    -0.30482   -10.29496
    0.69000E-01   -10.42560     0.17270    -0.30444   -10.29387
    0.75000E-01   -10.42331     0.17361    -0.30412   -10.29279
    0.81000E-01   -10.42119     0.17431    -0.30391   -10.29159
    0.87000E-01   -10.41921     0.17489    -0.30376   -10.29033
    0.93000E-01   -10.41720     0.17540    -0.30366   -10.28894
    0.99000E-01   -10.41512     0.17590    -0.30355   -10.28746
    0.10500       -10.41318     0.17634    -0.30348   -10.28604
    0.11100       -10.41131     0.17665    -0.30341   -10.28455
    0.11700       -10.40944     0.17696    -0.30334   -10.28305
    0.12300       -10.40747     0.17721    -0.30330   -10.28138
    0.12900       -10.40532     0.17744    -0.30300   -10.27976
    0.13500       -10.40313     0.17763    -0.30275   -10.27801
    0.14100       -10.40119     0.17775    -0.30272   -10.27622
    0.14700       -10.39893     0.17789    -0.30251   -10.27432
    0.15300       -10.39712     0.17798    -0.30247   -10.27262
    0.15900       -10.39460     0.17812    -0.30229   -10.27044
    0.16500       -10.39237     0.17820    -0.30210   -10.26847
    0.17100       -10.39005     0.17829    -0.30193   -10.26640
    0.17700       -10.38785     0.17834    -0.30176   -10.26443
    0.18300       -10.38560     0.17841    -0.30173   -10.26227
    0.18900       -10.38338     0.17844    -0.30171   -10.26011
    0.19500       -10.38106     0.17849    -0.30154   -10.25801
    0.20100       -10.37874     0.17852    -0.30152   -10.25574
    0.20700       -10.37655     0.17858    -0.30149   -10.25365
    0.21300       -10.37407     0.17868    -0.30133   -10.25143
    0.22700       -10.35271     0.17882    -0.30057   -10.23096
    0.34500       -10.27897     0.17914    -0.29880   -10.15931
    0.49500       -10.19902     0.17981    -0.29731   -10.08152
    0.64500       -10.11520     0.18034    -0.29552   -10.00002
    0.79500       -10.02873     0.18081    -0.29394    -9.91560
    0.94500        -9.94032     0.18122    -0.29203    -9.82951
     1.0950        -9.85190     0.18159    -0.29033    -9.74315
     1.2450        -9.76333     0.18190    -0.28876    -9.65648
     1.3950        -9.67608     0.18220    -0.28764    -9.57064
     1.5450        -9.59122     0.18245    -0.28627    -9.48741
     1.6950        -9.50772     0.18269    -0.28501    -9.40540
     1.8450        -9.42705     0.18291    -0.28383    -9.32614
     1.9950        -9.34950     0.18314    -0.28271    -9.24994
     2.1450        -9.27355     0.18333    -0.28166    -9.17523
     2.2950        -9.20114     0.18351    -0.28066    -9.10399
     2.4450        -9.13072     0.18369    -0.27972    -9.03469
     2.5950        -9.06365     0.18386    -0.27883    -8.96868
     2.7450        -8.99881     0.18402    -0.27797    -8.90485
     2.8950        -8.93685     0.18418    -0.27715    -8.84388
     3.0450        -8.87718     0.18433    -0.27636    -8.78514
     3.1950        -8.81949     0.18448    -0.27561    -8.72836
     3.3450        -8.76415     0.18460    -0.27488    -8.67387
     3.4950        -8.71055     0.18474    -0.27418    -8.62111
     3.6450        -8.65847     0.18487    -0.27350    -8.56984
     3.7950        -8.60850     0.18498    -0.27285    -8.52063
     3.9450        -8.56013     0.18511    -0.27222    -8.47302
     4.0950        -8.51333     0.18522    -0.27161    -8.42694
     4.2450        -8.46786     0.18533    -0.27103    -8.38216
     4.3950        -8.42370     0.18543    -0.27046    -8.33867
     4.5450        -8.38086     0.18554    -0.26990    -8.29649
     4.6950        -8.33927     0.18564    -0.26936    -8.25554
     4.8450        -8.29889     0.18574    -0.26884    -8.21579
     4.9950        -8.25959     0.18584    -0.26833    -8.17710
     5.1450        -8.22137     0.18593    -0.26784    -8.13946
     5.2950        -8.18420     0.18602    -0.26736    -8.10286
     5.4450        -8.14789     0.18610    -0.26689    -8.06711
     5.5950        -8.11250     0.18619    -0.26643    -8.03226
     5.7450        -8.07795     0.18628    -0.26599    -7.99824
     5.8950        -8.04433     0.18636    -0.26556    -7.96513
     6.0450        -8.01144     0.18643    -0.26513    -7.93274
     6.1950        -7.97923     0.18651    -0.26471    -7.90102
     6.3450        -7.94776     0.18658    -0.26430    -7.87005
     6.4950        -7.91698     0.18666    -0.26390    -7.83974
     6.6450        -7.88684     0.18672    -0.26351    -7.81005
     6.7950        -7.85740     0.18680    -0.26313    -7.78107
     6.9450        -7.82857     0.18687    -0.26276    -7.75268
     7.0950        -7.80031     0.18693    -0.26240    -7.72484
     7.2450        -7.77262     0.18700    -0.26204    -7.69757
     7.3950        -7.74544     0.18707    -0.26169    -7.67081
     7.5450        -7.71878     0.18712    -0.26135    -7.64456
     7.6950        -7.69263     0.18718    -0.26101    -7.61881
     7.8450        -7.66691     0.18724    -0.26068    -7.59347
     7.9950        -7.64166     0.18731    -0.26035    -7.56861
     8.1450        -7.61688     0.18737    -0.26003    -7.54422
     8.2950        -7.59254     0.18742    -0.25971    -7.52025
     8.4450        -7.56859     0.18748    -0.25940    -7.49667
     8.5950        -7.54508     0.18754    -0.25910    -7.47352
     8.7450        -7.52193     0.18760    -0.25880    -7.45072
     8.8950        -7.49913     0.18765    -0.25851    -7.42827
     9.0450        -7.47676     0.18770    -0.25822    -7.40625
     9.1950        -7.45471     0.18777    -0.25793    -7.38455
     9.3450        -7.43306     0.18781    -0.25765    -7.36322
     9.4950        -7.41174     0.18785    -0.25737    -7.34222
     9.6450        -7.39072     0.18790    -0.25710    -7.32152
     9.7950        -7.37001     0.18795    -0.25683    -7.30113
     9.9450        -7.34959     0.18801    -0.25657    -7.28103
     10.095        -7.32949     0.18805    -0.25631    -7.26124
     10.245        -7.30967     0.18810    -0.25605    -7.24172
     10.395        -7.29015     0.18814    -0.25580    -7.22250
     10.545        -7.27089     0.18819    -0.25555    -7.20354
     10.695        -7.25189     0.18824    -0.25530    -7.18482
     10.845        -7.23319     0.18828    -0.25506    -7.16642
     10.995        -7.21471     0.18833    -0.25482    -7.14823
     11.145        -7.19648     0.18838    -0.25458    -7.13027
     11.295        -7.17848     0.18842    -0.25435    -7.11255
     11.445        -7.16072     0.18847    -0.25413    -7.09506
     11.595        -7.14319     0.18850    -0.25390    -7.07779
     11.745        -7.12587     0.18856    -0.25368    -7.06075
     11.895        -7.10876     0.18860    -0.25346    -7.04390
     12.045        -7.09190     0.18864    -0.25324    -7.02729
     12.195        -7.07522     0.18867    -0.25303    -7.01086
     12.345        -7.05875     0.18871    -0.25282    -6.99464
     12.495        -7.04249     0.18875    -0.25261    -6.97863
     12.645        -7.02641     0.18879    -0.25240    -6.96280
     12.795        -7.01056     0.18882    -0.25220    -6.94718
     12.945        -6.99483     0.18886    -0.25200    -6.93170
     13.095        -6.97933     0.18890    -0.25179    -6.91643
     13.245        -6.96402     0.18893    -0.25159    -6.90136
     13.395        -6.94886     0.18897    -0.25140    -6.88643
     13.545        -6.93385     0.18900    -0.25120    -6.87165
     13.695        -6.91903     0.18905    -0.25101    -6.85706
     13.845        -6.90434     0.18908    -0.25082    -6.84260
     13.995        -6.88984     0.18912    -0.25064    -6.82832
     14.145        -6.87548     0.18915    -0.25045    -6.81418
     14.295        -6.86124     0.18919    -0.25026    -6.80016
     14.445        -6.84719     0.18922    -0.25008    -6.78633
     14.595        -6.83326     0.18925    -0.24990    -6.77262
     14.745        -6.81950     0.18929    -0.24972    -6.75906
     14.895        -6.80588     0.18932    -0.24955    -6.74565
     15.045        -6.79238     0.18936    -0.24938    -6.73236
     15.195        -6.77906     0.18939    -0.24920    -6.71925
     15.345        -6.76583     0.18942    -0.24903    -6.70622
     15.495        -6.75273     0.18945    -0.24887    -6.69331
     15.645        -6.73977     0.18948    -0.24870    -6.68056
     15.795        -6.72690     0.18952    -0.24853    -6.66789
     15.945        -6.71422     0.18956    -0.24838    -6.65540
     16.095        -6.70159     0.18959    -0.24821    -6.64296
     16.245        -6.68910     0.18962    -0.24805    -6.63067
     16.395        -6.67676     0.18965    -0.24789    -6.61852
     16.545        -6.66452     0.18968    -0.24773    -6.60647
     16.695        -6.65240     0.18971    -0.24758    -6.59453
     16.845        -6.64040     0.18974    -0.24743    -6.58271
     16.995        -6.62848     0.18976    -0.24727    -6.57097
     17.145        -6.61672     0.18980    -0.24712    -6.55939
     17.295        -6.60501     0.18983    -0.24697    -6.54786
     17.445        -6.59337     0.18986    -0.24682    -6.53641
     17.595        -6.58188     0.18989    -0.24667    -6.52510
     17.745        -6.57052     0.18992    -0.24653    -6.51391
     17.895        -6.55922     0.18994    -0.24638    -6.50279
     18.045        -6.54802     0.18997    -0.24623    -6.49177
     18.195        -6.53693     0.19000    -0.24608    -6.48084
     18.345        -6.52591     0.19003    -0.24594    -6.47000
     18.495        -6.51498     0.19005    -0.24580    -6.45924
     18.645        -6.50418     0.19008    -0.24566    -6.44859
     18.795        -6.49344     0.19010    -0.24552    -6.43803
     18.945        -6.48275     0.19013    -0.24538    -6.42750
     19.095        -6.47216     0.19016    -0.24525    -6.41708
     19.245        -6.46168     0.19018    -0.24511    -6.40674
     19.395        -6.45124     0.19021    -0.24498    -6.39647
     19.545        -6.44091     0.19023    -0.24484    -6.38631
     19.695        -6.43066     0.19027    -0.24471    -6.37621
     19.845        -6.42048     0.19029    -0.24458    -6.36619
     19.995        -6.41039     0.19032    -0.24445    -6.35626
     20.145        -6.40039     0.19035    -0.24433    -6.34641
     20.295        -6.39045     0.19037    -0.24420    -6.33662
     20.445        -6.38059     0.19039    -0.24407    -6.32691
     20.595        -6.37080     0.19042    -0.24395    -6.31728
     20.745        -6.36111     0.19044    -0.24382    -6.30774
     20.895        -6.35150     0.19046    -0.24369    -6.29827
     21.045        -6.34194     0.19048    -0.24357    -6.28886
     21.195        -6.33246     0.19051    -0.24344    -6.27952
     21.345        -6.32303     0.19054    -0.24333    -6.27024
     21.495        -6.31367     0.19056    -0.24321    -6.26102
     21.645        -6.30439     0.19058    -0.24309    -6.25189
     21.795        -6.29517     0.19061    -0.24297    -6.24281
     21.945        -6.28603     0.19063    -0.24285    -6.23380
     22.095        -6.27693     0.19065    -0.24274    -6.22484
     22.245        -6.26791     0.19067    -0.24262    -6.21596
     22.395        -6.25898     0.19069    -0.24251    -6.20716
     22.545        -6.25006     0.19071    -0.24239    -6.19838
     22.695        -6.24124     0.19074    -0.24228    -6.18971
     22.845        -6.23245     0.19076    -0.24217    -6.18105
     22.995        -6.22373     0.19078    -0.24206    -6.17245
     23.145        -6.21508     0.19080    -0.24194    -6.16394
     23.295        -6.20649     0.19083    -0.24183    -6.15548
     23.445        -6.19795     0.19085    -0.24172    -6.14708
     23.595        -6.18944     0.19087    -0.24162    -6.13870
     23.745        -6.18100     0.19089    -0.24151    -6.13039
     23.895        -6.17262     0.19091    -0.24140    -6.12214
     24.045        -6.16429     0.19094    -0.24129    -6.11393
     24.195        -6.15601     0.19096    -0.24118    -6.10578
     24.345        -6.14778     0.19097    -0.24108    -6.09768
     24.495        -6.13961     0.19099    -0.24097    -6.08964
     24.645        -6.13149     0.19102    -0.24087    -6.08164
     24.795        -6.12347     0.19104    -0.24076    -6.07375
     24.945        -6.11544     0.19106    -0.24065    -6.06584
     25.095        -6.10748     0.19108    -0.24055    -6.05800
     25.245        -6.09958     0.19110    -0.24045    -6.05024
     25.395        -6.09171     0.19113    -0.24035    -6.04248
     25.545        -6.08389     0.19115    -0.24025    -6.03479
     25.695        -6.07612     0.19117    -0.24015    -6.02713
     25.845        -6.06840     0.19119    -0.24005    -6.01954
     25.995        -6.06071     0.19120    -0.23995    -6.01197
     26.145        -6.05311     0.19122    -0.23985    -6.00447
     26.295        -6.04556     0.19124    -0.23975    -5.99705
     26.445        -6.03805     0.19125    -0.23966    -5.98964
     26.595        -6.03052     0.19127    -0.23956    -5.98223
     26.745        -6.02307     0.19129    -0.23947    -5.97489
     26.895        -6.01566     0.19131    -0.23937    -5.96760
     27.045        -6.00831     0.19132    -0.23928    -5.96036
     27.195        -6.00099     0.19134    -0.23919    -5.95315
     27.345        -5.99372     0.19136    -0.23909    -5.94599
     27.495        -5.98648     0.19138    -0.23900    -5.93886
     27.645        -5.97927     0.19140    -0.23891    -5.93176
     27.795        -5.97212     0.19142    -0.23882    -5.92472
     27.945        -5.96501     0.19144    -0.23872    -5.91773
     28.095        -5.95796     0.19146    -0.23863    -5.91079
     28.245        -5.95090     0.19148    -0.23854    -5.90384
     28.395        -5.94390     0.19150    -0.23845    -5.89694
     28.545        -5.93693     0.19151    -0.23836    -5.89008
     28.695        -5.93003     0.19153    -0.23827    -5.88329
     28.845        -5.92313     0.19155    -0.23818    -5.87649
     28.995        -5.91626     0.19157    -0.23809    -5.86973
     29.145        -5.90944     0.19159    -0.23801    -5.86302
     29.295        -5.90269     0.19160    -0.23792    -5.85637
     29.445        -5.89595     0.19162    -0.23783    -5.84973
     29.595        -5.88926     0.19163    -0.23775    -5.84315
     29.745        -5.88259     0.19165    -0.23766    -5.83659
     29.895        -5.87596     0.19167    -0.23758    -5.83005
     30.045        -5.86935     0.19169    -0.23749    -5.82354
     30.195        -5.86278     0.19170    -0.23741    -5.81707
     30.345        -5.85624     0.19172    -0.23733    -5.81063
     30.495        -5.84974     0.19174    -0.23724    -5.80424
     30.645        -5.84330     0.19176    -0.23716    -5.79789
     30.795        -5.83688     0.19177    -0.23707    -5.79157
     30.945        -5.83049     0.19179    -0.23699    -5.78529
     31.095        -5.82414     0.19181    -0.23691    -5.77903
     31.245        -5.81780     0.19182    -0.23683    -5.77279
     31.395        -5.81148     0.19184    -0.23675    -5.76658
     31.545        -5.80520     0.19186    -0.23667    -5.76039
     31.695        -5.79897     0.19188    -0.23659    -5.75426
     31.845        -5.79279     0.19189    -0.23651    -5.74817
     31.995        -5.78660     0.19191    -0.23643    -5.74208
     32.145        -5.78045     0.19192    -0.23635    -5.73602
     32.295        -5.77435     0.19194    -0.23627    -5.73001
     32.445        -5.76826     0.19195    -0.23619    -5.72402
     32.595        -5.76220     0.19197    -0.23612    -5.71805
     32.745        -5.75618     0.19199    -0.23604    -5.71213
     32.895        -5.75019     0.19201    -0.23596    -5.70624
     33.045        -5.74424     0.19202    -0.23588    -5.70038
     33.195        -5.73829     0.19204    -0.23580    -5.69453
     33.345        -5.73237     0.19206    -0.23573    -5.68871
     33.495        -5.72651     0.19207    -0.23565    -5.68293
     33.645        -5.72066     0.19209    -0.23558    -5.67717
     33.795        -5.71485     0.19210    -0.23551    -5.67145
     33.945        -5.70904     0.19212    -0.23543    -5.66573
     34.095        -5.70326     0.19213    -0.23536    -5.66003
     34.245        -5.69751     0.19215    -0.23529    -5.65437
     34.395        -5.69177     0.19216    -0.23521    -5.64872
     34.545        -5.68607     0.19217    -0.23514    -5.64311
     34.695        -5.68041     0.19219    -0.23507    -5.63753
     34.845        -5.67477     0.19220    -0.23499    -5.63198
     34.995        -5.66916     0.19221    -0.23492    -5.62645
     35.145        -5.66357     0.19223    -0.23484    -5.62096
     35.295        -5.65803     0.19224    -0.23477    -5.61550
     35.445        -5.65250     0.19226    -0.23470    -5.61006
     35.595        -5.64698     0.19227    -0.23463    -5.60462
     35.745        -5.64152     0.19228    -0.23456    -5.59925
     35.895        -5.63607     0.19230    -0.23449    -5.59388
     36.045        -5.63061     0.19231    -0.23442    -5.58851
     36.195        -5.62521     0.19232    -0.23435    -5.58319
     36.345        -5.61983     0.19234    -0.23428    -5.57789
     36.495        -5.61446     0.19235    -0.23421    -5.57260
     36.645        -5.60912     0.19236    -0.23414    -5.56734
     36.795        -5.60377     0.19237    -0.23407    -5.56208
     36.945        -5.59849     0.19239    -0.23400    -5.55688
     37.095        -5.59320     0.19240    -0.23394    -5.55167
     37.245        -5.58795     0.19241    -0.23387    -5.54649
     37.395        -5.58271     0.19243    -0.23381    -5.54133
     37.545        -5.57750     0.19244    -0.23374    -5.53619
     37.695        -5.57231     0.19245    -0.23367    -5.53109
     37.845        -5.56715     0.19247    -0.23361    -5.52601
     37.995        -5.56202     0.19248    -0.23354    -5.52096
     38.145        -5.55687     0.19250    -0.23348    -5.51589
     38.295        -5.55177     0.19251    -0.23342    -5.51087
     38.445        -5.54669     0.19253    -0.23335    -5.50587
     38.595        -5.54163     0.19254    -0.23329    -5.50088
     38.745        -5.53660     0.19255    -0.23322    -5.49593
     38.895        -5.53160     0.19256    -0.23316    -5.49100
     39.045        -5.52659     0.19257    -0.23309    -5.48607
     39.195        -5.52161     0.19259    -0.23303    -5.48117
     39.345        -5.51667     0.19260    -0.23297    -5.47630
     39.495        -5.51173     0.19261    -0.23291    -5.47144
     39.645        -5.50681     0.19262    -0.23284    -5.46659
     39.795        -5.50191     0.19264    -0.23278    -5.46176
     39.945        -5.49700     0.19265    -0.23272    -5.45693
     40.095        -5.49213     0.19267    -0.23265    -5.45214
     40.245        -5.48729     0.19268    -0.23259    -5.44738
     40.395        -5.48247     0.19269    -0.23253    -5.44263
     40.545        -5.47766     0.19270    -0.23247    -5.43789
     40.695        -5.47288     0.19271    -0.23240    -5.43319
     40.845        -5.46810     0.19272    -0.23234    -5.42848
     40.995        -5.46334     0.19274    -0.23228    -5.42380
     41.145        -5.45862     0.19275    -0.23222    -5.41915
     41.295        -5.45391     0.19276    -0.23216    -5.41451
     41.445        -5.44923     0.19277    -0.23210    -5.40990
     41.595        -5.44455     0.19278    -0.23204    -5.40529
     41.745        -5.43991     0.19280    -0.23198    -5.40073
     41.895        -5.43525     0.19281    -0.23192    -5.39614
     42.045        -5.43066     0.19282    -0.23186    -5.39161
     42.195        -5.42607     0.19283    -0.23181    -5.38710
     42.345        -5.42145     0.19285    -0.23175    -5.38255
     42.495        -5.41690     0.19286    -0.23169    -5.37807
     42.645        -5.41238     0.19287    -0.23163    -5.37362
     42.795        -5.40785     0.19288    -0.23158    -5.36915
     42.945        -5.40334     0.19289    -0.23152    -5.36472
     43.095        -5.39886     0.19290    -0.23146    -5.36030
     43.245        -5.39437     0.19292    -0.23140    -5.35588
     43.395        -5.38992     0.19293    -0.23135    -5.35150
     43.545        -5.38548     0.19294    -0.23129    -5.34713
     43.695        -5.38105     0.19295    -0.23123    -5.34277
     43.845        -5.37664     0.19296    -0.23117    -5.33843
     43.995        -5.37225     0.19297    -0.23112    -5.33410
     44.145        -5.36786     0.19298    -0.23106    -5.32978
     44.295        -5.36351     0.19299    -0.23100    -5.32550
     44.445        -5.35915     0.19300    -0.23095    -5.32120
     44.595        -5.35481     0.19301    -0.23089    -5.31693
     44.745        -5.35047     0.19302    -0.23083    -5.31266
     44.895        -5.34617     0.19303    -0.23078    -5.30843
     45.045        -5.34188     0.19305    -0.23072    -5.30420
     45.195        -5.33761     0.19306    -0.23067    -5.30000
     45.345        -5.33335     0.19307    -0.23061    -5.29580
     45.495        -5.32907     0.19308    -0.23056    -5.29158
     45.645        -5.32484     0.19309    -0.23050    -5.28743
     45.795        -5.32063     0.19310    -0.23045    -5.28328
     45.945        -5.31643     0.19311    -0.23039    -5.27914
     46.095        -5.31225     0.19312    -0.23034    -5.27503
     46.245        -5.30808     0.19313    -0.23029    -5.27092
     46.395        -5.30392     0.19314    -0.23024    -5.26682
     46.545        -5.29978     0.19315    -0.23018    -5.26274
     46.695        -5.29565     0.19316    -0.23013    -5.25867
     46.845        -5.29153     0.19317    -0.23008    -5.25462
     46.995        -5.28743     0.19318    -0.23002    -5.25059
     47.145        -5.28333     0.19319    -0.22997    -5.24656
     47.295        -5.27925     0.19320    -0.22992    -5.24253
     47.445        -5.27520     0.19321    -0.22987    -5.23855
     47.595        -5.27114     0.19322    -0.22981    -5.23455
     47.745        -5.26711     0.19323    -0.22976    -5.23058
     47.895        -5.26309     0.19325    -0.22971    -5.22662
     48.045        -5.25908     0.19325    -0.22966    -5.22268
     48.195        -5.25507     0.19326    -0.22961    -5.21873
     48.345        -5.25110     0.19327    -0.22955    -5.21482
     48.495        -5.24714     0.19328    -0.22950    -5.21092
     48.645        -5.24318     0.19329    -0.22945    -5.20702
     48.795        -5.23927     0.19330    -0.22940    -5.20317
     48.945        -5.23535     0.19331    -0.22935    -5.19931
     49.095        -5.23145     0.19332    -0.22930    -5.19546
     49.245        -5.22754     0.19333    -0.22925    -5.19161
     49.395        -5.22365     0.19334    -0.22920    -5.18778
     49.545        -5.21975     0.19335    -0.22915    -5.18395
     49.695        -5.21589     0.19336    -0.22910    -5.18014
     49.845        -5.21202     0.19337    -0.22905    -5.17634
     49.995        -5.20818     0.19338    -0.22900    -5.17255
     50.145        -5.20435     0.19339    -0.22895    -5.16878
     50.295        -5.20052     0.19339    -0.22891    -5.16501
     50.445        -5.19671     0.19340    -0.22886    -5.16126
     50.595        -5.19292     0.19341    -0.22881    -5.15752
     50.745        -5.18916     0.19342    -0.22876    -5.15382
     50.895        -5.18540     0.19343    -0.22871    -5.15012
     51.045        -5.18163     0.19345    -0.22866    -5.14641
     51.195        -5.17789     0.19346    -0.22862    -5.14273
     51.345        -5.17415     0.19347    -0.22857    -5.13905
     51.495        -5.17041     0.19348    -0.22852    -5.13537
     51.645        -5.16671     0.19349    -0.22847    -5.13173
     51.795        -5.16301     0.19350    -0.22843    -5.12808
     51.945        -5.15933     0.19351    -0.22838    -5.12446
     52.095        -5.15565     0.19351    -0.22833    -5.12083
     52.245        -5.15198     0.19352    -0.22829    -5.11722
     52.395        -5.14832     0.19353    -0.22824    -5.11362
     52.545        -5.14467     0.19354    -0.22819    -5.11002
     52.695        -5.14104     0.19355    -0.22815    -5.10644
     52.845        -5.13742     0.19355    -0.22810    -5.10288
     52.995        -5.13383     0.19356    -0.22806    -5.09933
     53.145        -5.13023     0.19357    -0.22801    -5.09580
     53.295        -5.12665     0.19358    -0.22796    -5.09226
     53.445        -5.12309     0.19359    -0.22792    -5.08876
     53.595        -5.11951     0.19360    -0.22787    -5.08523
     53.745        -5.11597     0.19361    -0.22783    -5.08175
     53.895        -5.11242     0.19362    -0.22779    -5.07825
     54.045        -5.10889     0.19362    -0.22774    -5.07477
     54.195        -5.10538     0.19363    -0.22770    -5.07132
     54.345        -5.10188     0.19364    -0.22765    -5.06787
     54.495        -5.09837     0.19365    -0.22761    -5.06441
     54.645        -5.09489     0.19366    -0.22756    -5.06099
     54.795        -5.09144     0.19367    -0.22752    -5.05759
     54.945        -5.08796     0.19368    -0.22747    -5.05417
     55.095        -5.08449     0.19369    -0.22743    -5.05075
     59.433        -4.81361     0.19440    -0.22396    -4.78404
     80.646        -4.41737     0.19542    -0.21889    -4.39389
     111.21        -4.03232     0.19644    -0.21397    -4.01478
     153.36        -3.65866     0.19741    -0.20923    -3.64684
     211.49        -3.29646     0.19840    -0.20464    -3.29022
     291.64        -2.94606     0.19933    -0.20023    -2.94516
     402.18        -2.60711     0.20023    -0.19596    -2.61138
     554.60        -2.27951     0.20112    -0.19184    -2.28879
     764.80        -1.96281     0.20196    -0.18787    -1.97690
     1054.7        -1.65664     0.20279    -0.18405    -1.67539
     1454.4        -1.36069     0.20358    -0.18039    -1.38388
     2005.6        -1.07472     0.20433    -0.17687    -1.10218
     2765.8        -0.79796     0.20502    -0.17345    -0.82954
     3814.0        -0.53020     0.20570    -0.17017    -0.56573
     5259.5        -0.27090     0.20630    -0.16702    -0.31018
     7252.9        -0.01967     0.20687    -0.16398    -0.06255
     10002.         0.22346     0.20740    -0.16104     0.17710
     13793.         0.45835     0.20794    -0.15818     0.40860
     19020.         0.68476     0.20842    -0.15543     0.63177
     26229.         0.90201     0.20888    -0.15279     0.84592
     36170.         1.11024     0.20931    -0.15021     1.05114
     49878.         1.30943     0.20971    -0.14772     1.24743
     68782.         1.49982     0.21008    -0.14530     1.43505
     94851.         1.68157     0.21043    -0.14298     1.61413
    0.13080E+06     1.85504     0.21074    -0.14077     1.78507
    0.18038E+06     2.02034     0.21104    -0.13863     1.94794
    0.24874E+06     2.17809     0.21130    -0.13659     2.10338
    0.34301E+06     2.32830     0.21155    -0.13461     2.25137
    0.47302E+06     2.47137     0.21176    -0.13275     2.39236
    0.65229E+06     2.60749     0.21196    -0.13096     2.52649
    0.89952E+06     2.73702     0.21215    -0.12925     2.65412
    0.12404E+07     2.86036     0.21232    -0.12763     2.77566
    0.17106E+07     2.97773     0.21246    -0.12607     2.89135
    0.23589E+07     3.08947     0.21260    -0.12461     3.00148
    0.32529E+07     3.19572     0.21273    -0.12320     3.10619
    0.44858E+07     3.29686     0.21284    -0.12185     3.20588
    0.61860E+07     3.39312     0.21295    -0.12057     3.30074
    0.85305E+07     3.48455     0.21304    -0.11935     3.39086
    0.11764E+08     3.57160     0.21315    -0.11821     3.47666
    0.16222E+08     3.65427     0.21322    -0.11711     3.55816
    0.22370E+08     3.73278     0.21328    -0.11606     3.63556
    0.30849E+08     3.80700     0.21334    -0.11506     3.70872
    0.42541E+08     3.87644     0.21340    -0.11413     3.77716
    0.58664E+08     3.94148     0.21346    -0.11323     3.84126
    0.80898E+08     4.00247     0.21351    -0.11238     3.90134
    0.11156E+09     4.05984     0.21354    -0.11157     3.95787
    0.15384E+09     4.11385     0.21358    -0.11079     4.01106
    0.21215E+09     4.16461     0.21363    -0.11007     4.06105
    0.29255E+09     4.21246     0.21366    -0.10939     4.10819
    0.40343E+09     4.25748     0.21369    -0.10876     4.15256
    0.55633E+09     4.29989     0.21372    -0.10816     4.19434
    0.76719E+09     4.33865     0.21373    -0.10760     4.23251
    0.10580E+10     4.37376     0.21376    -0.10707     4.26708
    0.14589E+10     4.40603     0.21376    -0.10658     4.29884
    0.20119E+10     4.43574     0.21379    -0.10611     4.32806
    0.27744E+10     4.46310     0.21380    -0.10567     4.35497
    0.38259E+10     4.48840     0.21381    -0.10526     4.37984
    0.52760E+10     4.51168     0.21383    -0.10488     4.40273
    0.72756E+10     4.53315     0.21385    -0.10454     4.42384
    0.10033E+11     4.55298     0.21386    -0.10423     4.44335
    0.13836E+11     4.57132     0.21387    -0.10394     4.46139
    0.19079E+11     4.58820     0.21388    -0.10368     4.47799
    0.26311E+11     4.60379     0.21389    -0.10344     4.49334
    0.36283E+11     4.61818     0.21390    -0.10321     4.50749
    0.50034E+11     4.63148     0.21391    -0.10299     4.52057
    0.68997E+11     4.64374     0.21391    -0.10280     4.53263
    0.10000E+12     4.79041     0.21400    -0.10051     4.67693
