    -99.945         0.00000     0.00000     0.00000     0.00000
    -99.795         0.00000     0.00000     0.00000     0.00000
    -99.645         0.00000     0.00000     0.00000     0.00000
    -99.495         0.00000     0.00000     0.00000     0.00000
    -99.345         0.00000     0.00000     0.00000     0.00000
    -99.195         0.00000     0.00000     0.00000     0.00000
    -99.045         0.00000     0.00000     0.00000     0.00000
    -98.895         0.00000     0.00000     0.00000     0.00000
    -98.745         0.00000     0.00000     0.00000     0.00000
    -98.595         0.00000     0.00000     0.00000     0.00000
    -98.445         0.00000     0.00000     0.00000     0.00000
    -98.295         0.00000     0.00000     0.00000     0.00000
    -98.145         0.00000     0.00000     0.00000     0.00000
    -97.995         0.00000     0.00000     0.00000     0.00000
    -97.845         0.00000     0.00000     0.00000     0.00000
    -97.695         0.00000     0.00000     0.00000     0.00000
    -97.545         0.00000     0.00000     0.00000     0.00000
    -97.395         0.00000     0.00000     0.00000     0.00000
    -97.245         0.00000     0.00000     0.00000     0.00000
    -97.095         0.00000     0.00000     0.00000     0.00000
    -96.945         0.00000     0.00000     0.00000     0.00000
    -96.795         0.00000     0.00000     0.00000     0.00000
    -96.645         0.00000     0.00000     0.00000     0.00000
    -96.495         0.00000     0.00000     0.00000     0.00000
    -96.345         0.00000     0.00000     0.00000     0.00000
    -96.195         0.00000     0.00000     0.00000     0.00000
    -96.045         0.00000     0.00000     0.00000     0.00000
    -95.895         0.00000     0.00000     0.00000     0.00000
    -95.745         0.00000     0.00000     0.00000     0.00000
    -95.595         0.00000     0.00000     0.00000     0.00000
    -95.445         0.00000     0.00000     0.00000     0.00000
    -95.295         0.00000     0.00000     0.00000     0.00000
    -95.145         0.00000     0.00000     0.00000     0.00000
    -94.995         0.00000     0.00000     0.00000     0.00000
    -94.845         0.00000     0.00000     0.00000     0.00000
    -94.695         0.00000     0.00000     0.00000     0.00000
    -94.545         0.00000     0.00000     0.00000     0.00000
    -94.395         0.00000     0.00000     0.00000     0.00000
    -94.245         0.00000     0.00000     0.00000     0.00000
    -94.095         0.00000     0.00000     0.00000     0.00000
    -93.945         0.00000     0.00000     0.00000     0.00000
    -93.795         0.00000     0.00000     0.00000     0.00000
    -93.645         0.00000     0.00000     0.00000     0.00000
    -93.495         0.00000     0.00000     0.00000     0.00000
    -93.345         0.00000     0.00000     0.00000     0.00000
    -93.195         0.00000     0.00000     0.00000     0.00000
    -93.045         0.00000     0.00000     0.00000     0.00000
    -92.895         0.00000     0.00000     0.00000     0.00000
    -92.745         0.00000     0.00000     0.00000     0.00000
    -92.595         0.00000     0.00000     0.00000     0.00000
    -92.445         0.00000     0.00000     0.00000     0.00000
    -92.295         0.00000     0.00000     0.00000     0.00000
    -92.145         0.00000     0.00000     0.00000     0.00000
    -91.995         0.00000     0.00000     0.00000     0.00000
    -91.845         0.00000     0.00000     0.00000     0.00000
    -91.695         0.00000     0.00000     0.00000     0.00000
    -91.545         0.00000     0.00000     0.00000     0.00000
    -91.395         0.00000     0.00000     0.00000     0.00000
    -91.245         0.00000     0.00000     0.00000     0.00000
    -91.095         0.00000     0.00000     0.00000     0.00000
    -90.945         0.00000     0.00000     0.00000     0.00000
    -90.795         0.00000     0.00000     0.00000     0.00000
    -90.645         0.00000     0.00000     0.00000     0.00000
    -90.495         0.00000     0.00000     0.00000     0.00000
    -90.345         0.00000     0.00000     0.00000     0.00000
    -90.195         0.00000     0.00000     0.00000     0.00000
    -90.045         0.00000     0.00000     0.00000     0.00000
    -89.895         0.00000     0.00000     0.00000     0.00000
    -89.745         0.00000     0.00000     0.00000     0.00000
    -89.595         0.00000     0.00000     0.00000     0.00000
    -89.445         0.00000     0.00000     0.00000     0.00000
    -89.295         0.00000     0.00000     0.00000     0.00000
    -89.145         0.00000     0.00000     0.00000     0.00000
    -88.995         0.00000     0.00000     0.00000     0.00000
    -88.845         0.00000     0.00000     0.00000     0.00000
    -88.695         0.00000     0.00000     0.00000     0.00000
    -88.545         0.00000     0.00000     0.00000     0.00000
    -88.395         0.00000     0.00000     0.00000     0.00000
    -88.245         0.00000     0.00000     0.00000     0.00000
    -88.095         0.00000     0.00000     0.00000     0.00000
    -87.945         0.00000     0.00000     0.00000     0.00000
    -87.795         0.00000     0.00000     0.00000     0.00000
    -87.645         0.00000     0.00000     0.00000     0.00000
    -87.495         0.00000     0.00000     0.00000     0.00000
    -87.345         0.00000     0.00000     0.00000     0.00000
    -87.195         0.00000     0.00000     0.00000     0.00000
    -87.045         0.00000     0.00000     0.00000     0.00000
    -86.895         0.00000     0.00000     0.00000     0.00000
    -86.745         0.00000     0.00000     0.00000     0.00000
    -86.595         0.00000     0.00000     0.00000     0.00000
    -86.445         0.00000     0.00000     0.00000     0.00000
    -86.295         0.00000     0.00000     0.00000     0.00000
    -86.145         0.00000     0.00000     0.00000     0.00000
    -85.995         0.00000     0.00000     0.00000     0.00000
    -85.845         0.00000     0.00000     0.00000     0.00000
    -85.695         0.00000     0.00000     0.00000     0.00000
    -85.545         0.00000     0.00000     0.00000     0.00000
    -85.395         0.00000     0.00000     0.00000     0.00000
    -85.245         0.00000     0.00000     0.00000     0.00000
    -85.095         0.00000     0.00000     0.00000     0.00000
    -84.945         0.00000     0.00000     0.00000     0.00000
    -84.795         0.00000     0.00000     0.00000     0.00000
    -84.645         0.00000     0.00000     0.00000     0.00000
    -84.495         0.00000     0.00000     0.00000     0.00000
    -84.345         0.00000     0.00000     0.00000     0.00000
    -84.195         0.00000     0.00000     0.00000     0.00000
    -84.045         0.00000     0.00000     0.00000     0.00000
    -83.895         0.00000     0.00000     0.00000     0.00000
    -83.745         0.00000     0.00000     0.00000     0.00000
    -83.595         0.00000     0.00000     0.00000     0.00000
    -83.445         0.00000     0.00000     0.00000     0.00000
    -83.295         0.00000     0.00000     0.00000     0.00000
    -83.145         0.00000     0.00000     0.00000     0.00000
    -82.995         0.00000     0.00000     0.00000     0.00000
    -82.845         0.00000     0.00000     0.00000     0.00000
    -82.695         0.00000     0.00000     0.00000     0.00000
    -82.545         0.00000     0.00000     0.00000     0.00000
    -82.395         0.00000     0.00000     0.00000     0.00000
    -82.245         0.00000     0.00000     0.00000     0.00000
    -82.095         0.00000     0.00000     0.00000     0.00000
    -81.945         0.00000     0.00000     0.00000     0.00000
    -81.795         0.00000     0.00000     0.00000     0.00000
    -81.645         0.00000     0.00000     0.00000     0.00000
    -81.495         0.00000     0.00000     0.00000     0.00000
    -81.345         0.00000     0.00000     0.00000     0.00000
    -81.195         0.00000     0.00000     0.00000     0.00000
    -81.045         0.00000     0.00000     0.00000     0.00000
    -80.895         0.00000     0.00000     0.00000     0.00000
    -80.745         0.00000     0.00000     0.00000     0.00000
    -80.595         0.00000     0.00000     0.00000     0.00000
    -80.445         0.00000     0.00000     0.00000     0.00000
    -80.295         0.00000     0.00000     0.00000     0.00000
    -80.145         0.00000     0.00000     0.00000     0.00000
    -79.995         0.00000     0.00000     0.00000     0.00000
    -79.845         0.00000     0.00000     0.00000     0.00000
    -79.695         0.00000     0.00000     0.00000     0.00000
    -79.545         0.00000     0.00000     0.00000     0.00000
    -79.395         0.00000     0.00000     0.00000     0.00000
    -79.245         0.00000     0.00000     0.00000     0.00000
    -79.095         0.00000     0.00000     0.00000     0.00000
    -78.945         0.00000     0.00000     0.00000     0.00000
    -78.795         0.00000     0.00000     0.00000     0.00000
    -78.645         0.00000     0.00000     0.00000     0.00000
    -78.495         0.00000     0.00000     0.00000     0.00000
    -78.345         0.00000     0.00000     0.00000     0.00000
    -78.195         0.00000     0.00000     0.00000     0.00000
    -78.045         0.00000     0.00000     0.00000     0.00000
    -77.895         0.00000     0.00000     0.00000     0.00000
    -77.745         0.00000     0.00000     0.00000     0.00000
    -77.595         0.00000     0.00000     0.00000     0.00000
    -77.445         0.00000     0.00000     0.00000     0.00000
    -77.295         0.00000     0.00000     0.00000     0.00000
    -77.145         0.00000     0.00000     0.00000     0.00000
    -76.995         0.00000     0.00000     0.00000     0.00000
    -76.845         0.00000     0.00000     0.00000     0.00000
    -76.695         0.00000     0.00000     0.00000     0.00000
    -76.545         0.00000     0.00000     0.00000     0.00000
    -76.395         0.00000     0.00000     0.00000     0.00000
    -76.245         0.00000     0.00000     0.00000     0.00000
    -76.095         0.00000     0.00000     0.00000     0.00000
    -75.945         0.00000     0.00000     0.00000     0.00000
    -75.795         0.00000     0.00000     0.00000     0.00000
    -75.645         0.00000     0.00000     0.00000     0.00000
    -75.495         0.00000     0.00000     0.00000     0.00000
    -75.345         0.00000     0.00000     0.00000     0.00000
    -75.195         0.00000     0.00000     0.00000     0.00000
    -75.045         0.00000     0.00000     0.00000     0.00000
    -74.895         0.00000     0.00000     0.00000     0.00000
    -74.745         0.00000     0.00000     0.00000     0.00000
    -74.595         0.00000     0.00000     0.00000     0.00000
    -74.445         0.00000     0.00000     0.00000     0.00000
    -74.295         0.00000     0.00000     0.00000     0.00000
    -74.145         0.00000     0.00000     0.00000     0.00000
    -73.995         0.00000     0.00000     0.00000     0.00000
    -73.845         0.00000     0.00000     0.00000     0.00000
    -73.695         0.00000     0.00000     0.00000     0.00000
    -73.545         0.00000     0.00000     0.00000     0.00000
    -73.395         0.00000     0.00000     0.00000     0.00000
    -73.245         0.00000     0.00000     0.00000     0.00000
    -73.095         0.00000     0.00000     0.00000     0.00000
    -72.945         0.00000     0.00000     0.00000     0.00000
    -72.795         0.00000     0.00000     0.00000     0.00000
    -72.645         0.00000     0.00000     0.00000     0.00000
    -72.495         0.00000     0.00000     0.00000     0.00000
    -72.345         0.00000     0.00000     0.00000     0.00000
    -72.195         0.00000     0.00000     0.00000     0.00000
    -72.045         0.00000     0.00000     0.00000     0.00000
    -71.895         0.00000     0.00000     0.00000     0.00000
    -71.745         0.00000     0.00000     0.00000     0.00000
    -71.595         0.00000     0.00000     0.00000     0.00000
    -71.445         0.00000     0.00000     0.00000     0.00000
    -71.295         0.00000     0.00000     0.00000     0.00000
    -71.145         0.00000     0.00000     0.00000     0.00000
    -70.995         0.00000     0.00000     0.00000     0.00000
    -70.845         0.00000     0.00000     0.00000     0.00000
    -70.695         0.00000     0.00000     0.00000     0.00000
    -70.545         0.00000     0.00000     0.00000     0.00000
    -70.395         0.00000     0.00000     0.00000     0.00000
    -70.245         0.00000     0.00000     0.00000     0.00000
    -70.095         0.00000     0.00000     0.00000     0.00000
    -69.945         0.00000     0.00000     0.00000     0.00000
    -69.795         0.00000     0.00000     0.00000     0.00000
    -69.645         0.00000     0.00000     0.00000     0.00000
    -69.495         0.00000     0.00000     0.00000     0.00000
    -69.345         0.00000     0.00000     0.00000     0.00000
    -69.195         0.00000     0.00000     0.00000     0.00000
    -69.045         0.00000     0.00000     0.00000     0.00000
    -68.895         0.00000     0.00000     0.00000     0.00000
    -68.745         0.00000     0.00000     0.00000     0.00000
    -68.595         0.00000     0.00000     0.00000     0.00000
    -68.445         0.00000     0.00000     0.00000     0.00000
    -68.295         0.00000     0.00000     0.00000     0.00000
    -68.145         0.00000     0.00000     0.00000     0.00000
    -67.995         0.00000     0.00000     0.00000     0.00000
    -67.845         0.00000     0.00000     0.00000     0.00000
    -67.695         0.00000     0.00000     0.00000     0.00000
    -67.545         0.00000     0.00000     0.00000     0.00000
    -67.395         0.00000     0.00000     0.00000     0.00000
    -67.245         0.00000     0.00000     0.00000     0.00000
    -67.095         0.00000     0.00000     0.00000     0.00000
    -66.945         0.00000     0.00000     0.00000     0.00000
    -66.795         0.00000     0.00000     0.00000     0.00000
    -66.645         0.00000     0.00000     0.00000     0.00000
    -66.495         0.00000     0.00000     0.00000     0.00000
    -66.345         0.00000     0.00000     0.00000     0.00000
    -66.195         0.00000     0.00000     0.00000     0.00000
    -66.045         0.00000     0.00000     0.00000     0.00000
    -65.895         0.00000     0.00000     0.00000     0.00000
    -65.745         0.00000     0.00000     0.00000     0.00000
    -65.595         0.00000     0.00000     0.00000     0.00000
    -65.445         0.00000     0.00000     0.00000     0.00000
    -65.295         0.00000     0.00000     0.00000     0.00000
    -65.145         0.00000     0.00000     0.00000     0.00000
    -64.995         0.00000     0.00000     0.00000     0.00000
    -64.845         0.00000     0.00000     0.00000     0.00000
    -64.695         0.00000     0.00000     0.00000     0.00000
    -64.545         0.00000     0.00000     0.00000     0.00000
    -64.395         0.00000     0.00000     0.00000     0.00000
    -64.245         0.00000     0.00000     0.00000     0.00000
    -64.095         0.00000     0.00000     0.00000     0.00000
    -63.945         0.00000     0.00000     0.00000     0.00000
    -63.795         0.00000     0.00000     0.00000     0.00000
    -63.645         0.00000     0.00000     0.00000     0.00000
    -63.495         0.00000     0.00000     0.00000     0.00000
    -63.345         0.00000     0.00000     0.00000     0.00000
    -63.195         0.00000     0.00000     0.00000     0.00000
    -63.045         0.00000     0.00000     0.00000     0.00000
    -62.895         0.00000     0.00000     0.00000     0.00000
    -62.745         0.00000     0.00000     0.00000     0.00000
    -62.595         0.00000     0.00000     0.00000     0.00000
    -62.445         0.00000     0.00000     0.00000     0.00000
    -62.295         0.00000     0.00000     0.00000     0.00000
    -62.145         0.00000     0.00000     0.00000     0.00000
    -61.995         0.00000     0.00000     0.00000     0.00000
    -61.845         0.00000     0.00000     0.00000     0.00000
    -61.695         0.00000     0.00000     0.00000     0.00000
    -61.545         0.00000     0.00000     0.00000     0.00000
    -61.395         0.00000     0.00000     0.00000     0.00000
    -61.245         0.00000     0.00000     0.00000     0.00000
    -61.095         0.00000     0.00000     0.00000     0.00000
    -60.945         0.00000     0.00000     0.00000     0.00000
    -60.795         0.00000     0.00000     0.00000     0.00000
    -60.645         0.00000     0.00000     0.00000     0.00000
    -60.495         0.00000     0.00000     0.00000     0.00000
    -60.345         0.00000     0.00000     0.00000     0.00000
    -60.195         0.00000     0.00000     0.00000     0.00000
    -60.045         0.00000     0.00000     0.00000     0.00000
    -59.895         0.00000     0.00000     0.00000     0.00000
    -59.745         0.00000     0.00000     0.00000     0.00000
    -59.595         0.00000     0.00000     0.00000     0.00000
    -59.445         0.00000     0.00000     0.00000     0.00000
    -59.295         0.00000     0.00000     0.00000     0.00000
    -59.145         0.00000     0.00000     0.00000     0.00000
    -58.995         0.00000     0.00000     0.00000     0.00000
    -58.845         0.00000     0.00000     0.00000     0.00000
    -58.695         0.00000     0.00000     0.00000     0.00000
    -58.545         0.00000     0.00000     0.00000     0.00000
    -58.395         0.00000     0.00000     0.00000     0.00000
    -58.245         0.00000     0.00000     0.00000     0.00000
    -58.095         0.00000     0.00000     0.00000     0.00000
    -57.945         0.00000     0.00000     0.00000     0.00000
    -57.795         0.00000     0.00000     0.00000     0.00000
    -57.645         0.00000     0.00000     0.00000     0.00000
    -57.495         0.00000     0.00000     0.00000     0.00000
    -57.345         0.00000     0.00000     0.00000     0.00000
    -57.195         0.00000     0.00000     0.00000     0.00000
    -57.045         0.00000     0.00000     0.00000     0.00000
    -56.895         0.00000     0.00000     0.00000     0.00000
    -56.745         0.00000     0.00000     0.00000     0.00000
    -56.595         0.00000     0.00000     0.00000     0.00000
    -56.445         0.00000     0.00000     0.00000     0.00000
    -56.295         0.00000     0.00000     0.00000     0.00000
    -56.145         0.00000     0.00000     0.00000     0.00000
    -55.995         0.00000     0.00000     0.00000     0.00000
    -55.845         0.00000     0.00000     0.00000     0.00000
    -55.695         0.00000     0.00000     0.00000     0.00000
    -55.545         0.00000     0.00000     0.00000     0.00000
    -55.395         0.00000     0.00000     0.00000     0.00000
    -55.245         0.00000     0.00000     0.00000     0.00000
    -55.095         0.00000     0.00000     0.00000     0.00000
    -54.945         0.00000     0.00000     0.00000     0.00000
    -54.795         0.00000     0.00000     0.00000     0.00000
    -54.645         0.00000     0.00000     0.00000     0.00000
    -54.495         0.00000     0.00000     0.00000     0.00000
    -54.345         0.00000     0.00000     0.00000     0.00000
    -54.195         0.00000     0.00000     0.00000     0.00000
    -54.045         0.00000     0.00000     0.00000     0.00000
    -53.895         0.00000     0.00000     0.00000     0.00000
    -53.745         0.00000     0.00000     0.00000     0.00000
    -53.595         0.00000     0.00000     0.00000     0.00000
    -53.445         0.00000     0.00000     0.00000     0.00000
    -53.295         0.00000     0.00000     0.00000     0.00000
    -53.145         0.00000     0.00000     0.00000     0.00000
    -52.995         0.00000     0.00000     0.00000     0.00000
    -52.845         0.00000     0.00000     0.00000     0.00000
    -52.695         0.00000     0.00000     0.00000     0.00000
    -52.545         0.00000     0.00000     0.00000     0.00000
    -52.395         0.00000     0.00000     0.00000     0.00000
    -52.245         0.00000     0.00000     0.00000     0.00000
    -52.095         0.00000     0.00000     0.00000     0.00000
    -51.945         0.00000     0.00000     0.00000     0.00000
    -51.795         0.00000     0.00000     0.00000     0.00000
    -51.645         0.00000     0.00000     0.00000     0.00000
    -51.495         0.00000     0.00000     0.00000     0.00000
    -51.345         0.00000     0.00000     0.00000     0.00000
    -51.195         0.00000     0.00000     0.00000     0.00000
    -51.045         0.00000     0.00000     0.00000     0.00000
    -50.895         0.00000     0.00000     0.00000     0.00000
    -50.745         0.00000     0.00000     0.00000     0.00000
    -50.595         0.00000     0.00000     0.00000     0.00000
    -50.445         0.00000     0.00000     0.00000     0.00000
    -50.295         0.00000     0.00000     0.00000     0.00000
    -50.145         0.00000     0.00000     0.00000     0.00000
    -49.995         0.00000     0.00000     0.00000     0.00000
    -49.845         0.00000     0.00000     0.00000     0.00000
    -49.695         0.00000     0.00000     0.00000     0.00000
    -49.545         0.00000     0.00000     0.00000     0.00000
    -49.395         0.00000     0.00000     0.00000     0.00000
    -49.245         0.00000     0.00000     0.00000     0.00000
    -49.095         0.00000     0.00000     0.00000     0.00000
    -48.945         0.00000     0.00000     0.00000     0.00000
    -48.795         0.00000     0.00000     0.00000     0.00000
    -48.645         0.00000     0.00000     0.00000     0.00000
    -48.495         0.00000     0.00000     0.00000     0.00000
    -48.345         0.00000     0.00000     0.00000     0.00000
    -48.195         0.00000     0.00000     0.00000     0.00000
    -48.045         0.00000     0.00000     0.00000     0.00000
    -47.895         0.00000     0.00000     0.00000     0.00000
    -47.745         0.00000     0.00000     0.00000     0.00000
    -47.595         0.00000     0.00000     0.00000     0.00000
    -47.445         0.00000     0.00000     0.00000     0.00000
    -47.295         0.00000     0.00000     0.00000     0.00000
    -47.145         0.00000     0.00000     0.00000     0.00000
    -46.995         0.00000     0.00000     0.00000     0.00000
    -46.845         0.00000     0.00000     0.00000     0.00000
    -46.695         0.00000     0.00000     0.00000     0.00000
    -46.545         0.00000     0.00000     0.00000     0.00000
    -46.395         0.00000     0.00000     0.00000     0.00000
    -46.245         0.00000     0.00000     0.00000     0.00000
    -46.095         0.00000     0.00000     0.00000     0.00000
    -45.945         0.00000     0.00000     0.00000     0.00000
    -45.795         0.00000     0.00000     0.00000     0.00000
    -45.645         0.00000     0.00000     0.00000     0.00000
    -45.495         0.00000     0.00000     0.00000     0.00000
    -45.345         0.00000     0.00000     0.00000     0.00000
    -45.195         0.00000     0.00000     0.00000     0.00000
    -45.045         0.00000     0.00000     0.00000     0.00000
    -44.895         0.00000     0.00000     0.00000     0.00000
    -44.745         0.00000     0.00000     0.00000     0.00000
    -44.595         0.00000     0.00000     0.00000     0.00000
    -44.445         0.00000     0.00000     0.00000     0.00000
    -44.295         0.00000     0.00000     0.00000     0.00000
    -44.145         0.00000     0.00000     0.00000     0.00000
    -43.995         0.00000     0.00000     0.00000     0.00000
    -43.845         0.00000     0.00000     0.00000     0.00000
    -43.695         0.00000     0.00000     0.00000     0.00000
    -43.545         0.00000     0.00000     0.00000     0.00000
    -43.395         0.00000     0.00000     0.00000     0.00000
    -43.245         0.00000     0.00000     0.00000     0.00000
    -43.095         0.00000     0.00000     0.00000     0.00000
    -42.945         0.00000     0.00000     0.00000     0.00000
    -42.795         0.00000     0.00000     0.00000     0.00000
    -42.645         0.00000     0.00000     0.00000     0.00000
    -42.495         0.00000     0.00000     0.00000     0.00000
    -42.345         0.00000     0.00000     0.00000     0.00000
    -42.195         0.00000     0.00000     0.00000     0.00000
    -42.045         0.00000     0.00000     0.00000     0.00000
    -41.895         0.00000     0.00000     0.00000     0.00000
    -41.745         0.00000     0.00000     0.00000     0.00000
    -41.595         0.00000     0.00000     0.00000     0.00000
    -41.445         0.00000     0.00000     0.00000     0.00000
    -41.295         0.00000     0.00000     0.00000     0.00000
    -41.145         0.00000     0.00000     0.00000     0.00000
    -40.995         0.00000     0.00000     0.00000     0.00000
    -40.845         0.00000     0.00000     0.00000     0.00000
    -40.695         0.00000     0.00000     0.00000     0.00000
    -40.545         0.00000     0.00000     0.00000     0.00000
    -40.395         0.00000     0.00000     0.00000     0.00000
    -40.245         0.00000     0.00000     0.00000     0.00000
    -40.095         0.00000     0.00000     0.00000     0.00000
    -39.945         0.00000     0.00000     0.00000     0.00000
    -39.795         0.00000     0.00000     0.00000     0.00000
    -39.645         0.00000     0.00000     0.00000     0.00000
    -39.495         0.00000     0.00000     0.00000     0.00000
    -39.345         0.00000     0.00000     0.00000     0.00000
    -39.195         0.00000     0.00000     0.00000     0.00000
    -39.045         0.00000     0.00000     0.00000     0.00000
    -38.895         0.00000     0.00000     0.00000     0.00000
    -38.745         0.00000     0.00000     0.00000     0.00000
    -38.595         0.00000     0.00000     0.00000     0.00000
    -38.445         0.00000     0.00000     0.00000     0.00000
    -38.295         0.00000     0.00000     0.00000     0.00000
    -38.145         0.00000     0.00000     0.00000     0.00000
    -37.995         0.00000     0.00000     0.00000     0.00000
    -37.845         0.00000     0.00000     0.00000     0.00000
    -37.695         0.00000     0.00000     0.00000     0.00000
    -37.545         0.00000     0.00000     0.00000     0.00000
    -37.395         0.00000     0.00000     0.00000     0.00000
    -37.245         0.00000     0.00000     0.00000     0.00000
    -37.095         0.00000     0.00000     0.00000     0.00000
    -36.945         0.00000     0.00000     0.00000     0.00000
    -36.795         0.00000     0.00000     0.00000     0.00000
    -36.645         0.00000     0.00000     0.00000     0.00000
    -36.495         0.00000     0.00000     0.00000     0.00000
    -36.345         0.00000     0.00000     0.00000     0.00000
    -36.195         0.00000     0.00000     0.00000     0.00000
    -36.045         0.00000     0.00000     0.00000     0.00000
    -35.895         0.00000     0.00000     0.00000     0.00000
    -35.745         0.00000     0.00000     0.00000     0.00000
    -35.595         0.00000     0.00000     0.00000     0.00000
    -35.445         0.00000     0.00000     0.00000     0.00000
    -35.295         0.00000     0.00000     0.00000     0.00000
    -35.145         0.00000     0.00000     0.00000     0.00000
    -34.995         0.00000     0.00000     0.00000     0.00000
    -34.845         0.00000     0.00000     0.00000     0.00000
    -34.695         0.00000     0.00000     0.00000     0.00000
    -34.545         0.00000     0.00000     0.00000     0.00000
    -34.395         0.00000     0.00000     0.00000     0.00000
    -34.245         0.00000     0.00000     0.00000     0.00000
    -34.095         0.00000     0.00000     0.00000     0.00000
    -33.945         0.00000     0.00000     0.00000     0.00000
    -33.795         0.00000     0.00000     0.00000     0.00000
    -33.645         0.00000     0.00000     0.00000     0.00000
    -33.495         0.00000     0.00000     0.00000     0.00000
    -33.345         0.00000     0.00000     0.00000     0.00000
    -33.195         0.00000     0.00000     0.00000     0.00000
    -33.045         0.00000     0.00000     0.00000     0.00000
    -32.895         0.00000     0.00000     0.00000     0.00000
    -32.745         0.00000     0.00000     0.00000     0.00000
    -32.595         0.00000     0.00000     0.00000     0.00000
    -32.445         0.00000     0.00000     0.00000     0.00000
    -32.295         0.00000     0.00000     0.00000     0.00000
    -32.145         0.00000     0.00000     0.00000     0.00000
    -31.995         0.00000     0.00000     0.00000     0.00000
    -31.845         0.00000     0.00000     0.00000     0.00000
    -31.695         0.00000     0.00000     0.00000     0.00000
    -31.545         0.00000     0.00000     0.00000     0.00000
    -31.395         0.00000     0.00000     0.00000     0.00000
    -31.245         0.00000     0.00000     0.00000     0.00000
    -31.095         0.00000     0.00000     0.00000     0.00000
    -30.945         0.00000     0.00000     0.00000     0.00000
    -30.795         0.00000     0.00000     0.00000     0.00000
    -30.645         0.00000     0.00000     0.00000     0.00000
    -30.495         0.00000     0.00000     0.00000     0.00000
    -30.345         0.00000     0.00000     0.00000     0.00000
    -30.195         0.00000     0.00000     0.00000     0.00000
    -30.045         0.00000     0.00000     0.00000     0.00000
    -29.895         0.00000     0.00000     0.00000     0.00000
    -29.745         0.00000     0.00000     0.00000     0.00000
    -29.595         0.00000     0.00000     0.00000     0.00000
    -29.445         0.00000     0.00000     0.00000     0.00000
    -29.295         0.00000     0.00000     0.00000     0.00000
    -29.145         0.00000     0.00000     0.00000     0.00000
    -28.995         0.00000     0.00000     0.00000     0.00000
    -28.845         0.00000     0.00000     0.00000     0.00000
    -28.695         0.00000     0.00000     0.00000     0.00000
    -28.545         0.00000     0.00000     0.00000     0.00000
    -28.395         0.00000     0.00000     0.00000     0.00000
    -28.245         0.00000     0.00000     0.00000     0.00000
    -28.095         0.00000     0.00000     0.00000     0.00000
    -27.945         0.00000     0.00000     0.00000     0.00000
    -27.795         0.00000     0.00000     0.00000     0.00000
    -27.645         0.00000     0.00000     0.00000     0.00000
    -27.495         0.00000     0.00000     0.00000     0.00000
    -27.345         0.00000     0.00000     0.00000     0.00000
    -27.195         0.00000     0.00000     0.00000     0.00000
    -27.045         0.00000     0.00000     0.00000     0.00000
    -26.895         0.00000     0.00000     0.00000     0.00000
    -26.745         0.00000     0.00000     0.00000     0.00000
    -26.595         0.00000     0.00000     0.00000     0.00000
    -26.445         0.00000     0.00000     0.00000     0.00000
    -26.295         0.00000     0.00000     0.00000     0.00000
    -26.145         0.00000     0.00000     0.00000     0.00000
    -25.995         0.00000     0.00000     0.00000     0.00000
    -25.845         0.00000     0.00000     0.00000     0.00000
    -25.695         0.00000     0.00000     0.00000     0.00000
    -25.545         0.00000     0.00000     0.00000     0.00000
    -25.395         0.00000     0.00000     0.00000     0.00000
    -25.245         0.00000     0.00000     0.00000     0.00000
    -25.095         0.00000     0.00000     0.00000     0.00000
    -24.945         0.00000     0.00000     0.00000     0.00000
    -24.795         0.00000     0.00000     0.00000     0.00000
    -24.645         0.00000     0.00000     0.00000     0.00000
    -24.495         0.00000     0.00000     0.00000     0.00000
    -24.345         0.00000     0.00000     0.00000     0.00000
    -24.195         0.00000     0.00000     0.00000     0.00000
    -24.045         0.00000     0.00000     0.00000     0.00000
    -23.895         0.00000     0.00000     0.00000     0.00000
    -23.745         0.00000     0.00000     0.00000     0.00000
    -23.595         0.00000     0.00000     0.00000     0.00000
    -23.445         0.00000     0.00000     0.00000     0.00000
    -23.295         0.00000     0.00000     0.00000     0.00000
    -23.145         0.00000     0.00000     0.00000     0.00000
    -22.995         0.00000     0.00000     0.00000     0.00000
    -22.845         0.00000     0.00000     0.00000     0.00000
    -22.695         0.00000     0.00000     0.00000     0.00000
    -22.545         0.00000     0.00000     0.00000     0.00000
    -22.395         0.00000     0.00000     0.00000     0.00000
    -22.245         0.00000     0.00000     0.00000     0.00000
    -22.095         0.00000     0.00000     0.00000     0.00000
    -21.945         0.00000     0.00000     0.00000     0.00000
    -21.795         0.00000     0.00000     0.00000     0.00000
    -21.645         0.00000     0.00000     0.00000     0.00000
    -21.495         0.00000     0.00000     0.00000     0.00000
    -21.345         0.00000     0.00000     0.00000     0.00000
    -21.195         0.00000     0.00000     0.00000     0.00000
    -21.045         0.00000     0.00000     0.00000     0.00000
    -20.895         0.00000     0.00000     0.00000     0.00000
    -20.745         0.00000     0.00000     0.00000     0.00000
    -20.595         0.00000     0.00000     0.00000     0.00000
    -20.445         0.00000     0.00000     0.00000     0.00000
    -20.295         0.00000     0.00000     0.00000     0.00000
    -20.145         0.00000     0.00000     0.00000     0.00000
    -19.995         0.00000     0.00000     0.00000     0.00000
    -19.845         0.00000     0.00000     0.00000     0.00000
    -19.695         0.00000     0.00000     0.00000     0.00000
    -19.545         0.00000     0.00000     0.00000     0.00000
    -19.395         0.00000     0.00000     0.00000     0.00000
    -19.245         0.00000     0.00000     0.00000     0.00000
    -19.095         0.00000     0.00000     0.00000     0.00000
    -18.945         0.00000     0.00000     0.00000     0.00000
    -18.795         0.00000     0.00000     0.00000     0.00000
    -18.645         0.00000     0.00000     0.00000     0.00000
    -18.495         0.00000     0.00000     0.00000     0.00000
    -18.345         0.00000     0.00000     0.00000     0.00000
    -18.195         0.00000     0.00000     0.00000     0.00000
    -18.045         0.00000     0.00000     0.00000     0.00000
    -17.895         0.00000     0.00000     0.00000     0.00000
    -17.745         0.00000     0.00000     0.00000     0.00000
    -17.595         0.00000     0.00000     0.00000     0.00000
    -17.445         0.00000     0.00000     0.00000     0.00000
    -17.295         0.00000     0.00000     0.00000     0.00000
    -17.145         0.00000     0.00000     0.00000     0.00000
    -16.995         0.00000     0.00000     0.00000     0.00000
    -16.845         0.00000     0.00000     0.00000     0.00000
    -16.695         0.00000     0.00000     0.00000     0.00000
    -16.545         0.00000     0.00000     0.00000     0.00000
    -16.395         0.00000     0.00000     0.00000     0.00000
    -16.245         0.00000     0.00000     0.00000     0.00000
    -16.095         0.00000     0.00000     0.00000     0.00000
    -15.945         0.00000     0.00000     0.00000     0.00000
    -15.795         0.00000     0.00000     0.00000     0.00000
    -15.645         0.00000     0.00000     0.00000     0.00000
    -15.495         0.00000     0.00000     0.00000     0.00000
    -15.345         0.00000     0.00000     0.00000     0.00000
    -15.195         0.00000     0.00000     0.00000     0.00000
    -15.045         0.00000     0.00000     0.00000     0.00000
    -14.895         0.00000     0.00000     0.00000     0.00000
    -14.745         0.00000     0.00000     0.00000     0.00000
    -14.595         0.00000     0.00000     0.00000     0.00000
    -14.445         0.00000     0.00000     0.00000     0.00000
    -14.295         0.00000     0.00000     0.00000     0.00000
    -14.145         0.00000     0.00000     0.00000     0.00000
    -13.995         0.00000     0.00000     0.00000     0.00000
    -13.845         0.00000     0.00000     0.00000     0.00000
    -13.695         0.00000     0.00000     0.00000     0.00000
    -13.545         0.00000     0.00000     0.00000     0.00000
    -13.395         0.00000     0.00000     0.00000     0.00000
    -13.245         0.00000     0.00000     0.00000     0.00000
    -13.095         0.00000     0.00000     0.00000     0.00000
    -12.945         0.00000     0.00000     0.00000     0.00000
    -12.795         0.00000     0.00000     0.00000     0.00000
    -12.645         0.00000     0.00000     0.00000     0.00000
    -12.495         0.00000     0.00000     0.00000     0.00000
    -12.345         0.00000     0.00000     0.00000     0.00000
    -12.195         0.00000     0.00000     0.00000     0.00000
    -12.045         0.00000     0.00000     0.00000     0.00000
    -11.895         0.00000     0.00000     0.00000     0.00000
    -11.745         0.00000     0.00000     0.00000     0.00000
    -11.595         0.00000     0.00000     0.00000     0.00000
    -11.445         0.00000     0.00000     0.00000     0.00000
    -11.295         0.00000     0.00000     0.00000     0.00000
    -11.145         0.00000     0.00000     0.00000     0.00000
    -10.995         0.00000     0.00000     0.00000     0.00000
    -10.845         0.00000     0.00000     0.00000     0.00000
    -10.695         0.00000     0.00000     0.00000     0.00000
    -10.545         0.00000     0.00000     0.00000     0.00000
    -10.395         0.00000     0.00000     0.00000     0.00000
    -10.245         0.00000     0.00000     0.00000     0.00000
    -10.095         0.00000     0.00000     0.00000     0.00000
    -9.9450         0.00000     0.00000     0.00000     0.00000
    -9.7950         0.00000     0.00000     0.00000     0.00000
    -9.6450         0.00000     0.00000     0.00000     0.00000
    -9.4950         0.00000     0.00000     0.00000     0.00000
    -9.3450         0.00000     0.00000     0.00000     0.00000
    -9.1950         0.00000     0.00000     0.00000     0.00000
    -9.0450         0.00000     0.00000     0.00000     0.00000
    -8.8950         0.00000     0.00000     0.00000     0.00000
    -8.7450         0.00000     0.00000     0.00000     0.00000
    -8.5950         0.00000     0.00000     0.00000     0.00000
    -8.4450         0.00000     0.00000     0.00000     0.00000
    -8.2950         0.00000     0.00000     0.00000     0.00000
    -8.1450         0.00000     0.00000     0.00000     0.00000
    -7.9950         0.00000     0.00000     0.00000     0.00000
    -7.8450         0.00000     0.00000     0.00000     0.00000
    -7.6950         0.00000     0.00000     0.00000     0.00000
    -7.5450         0.00000     0.00000     0.00000     0.00000
    -7.3950         0.00000     0.00000     0.00000     0.00000
    -7.2450         0.00000     0.00000     0.00000     0.00000
    -7.0950         0.00000     0.00000     0.00000     0.00000
    -6.9450         0.00000     0.00000     0.00000     0.00000
    -6.7950         0.00000     0.00000     0.00000     0.00000
    -6.6450         0.00000     0.00000     0.00000     0.00000
    -6.4950         0.00000     0.00000     0.00000     0.00000
    -6.3450         0.00000     0.00000     0.00000     0.00000
    -6.1950         0.00000     0.00000     0.00000     0.00000
    -6.0450         0.00000     0.00000     0.00000     0.00000
    -5.8950         0.00000     0.00000     0.00000     0.00000
    -5.7450         0.00000     0.00000     0.00000     0.00000
    -5.5950         0.00000     0.00000     0.00000     0.00000
    -5.4450         0.00000     0.00000     0.00000     0.00000
    -5.2950         0.00000     0.00000     0.00000     0.00000
    -5.1450         0.00000     0.00000     0.00000     0.00000
    -4.9950         0.00000     0.00000     0.00000     0.00000
    -4.8450         0.00000     0.00000     0.00000     0.00000
    -4.6950         0.00000     0.00000     0.00000     0.00000
    -4.5450         0.00000     0.00000     0.00000     0.00000
    -4.3950         0.00000     0.00000     0.00000     0.00000
    -4.2450         0.00000     0.00000     0.00000     0.00000
    -4.0950         0.00000     0.00000     0.00000     0.00000
    -3.9450         0.00000     0.00000     0.00000     0.00000
    -3.7950         0.00000     0.00000     0.00000     0.00000
    -3.6450         0.00000     0.00000     0.00000     0.00000
    -3.4950         0.00000     0.00000     0.00000     0.00000
    -3.3450         0.00000     0.00000     0.00000     0.00000
    -3.1950        -0.00000    -0.00000     0.00000     0.00000
    -3.0450        -0.00000    -0.00000     0.00000     0.00000
    -2.8950        -0.00000    -0.00000     0.00000     0.00000
    -2.7450        -0.00000    -0.00000     0.00000     0.00000
    -2.5950        -0.00000    -0.00000     0.00000     0.00000
    -2.4450        -0.00000    -0.00000     0.00000     0.00000
    -2.2950        -0.00000    -0.00000     0.00000     0.00000
    -2.1450        -0.00000    -0.00000     0.00000     0.00000
    -1.9950        -0.00001    -0.00001     0.00000     0.00000
    -1.8450        -0.00002    -0.00002     0.00000     0.00000
    -1.6950        -0.00003    -0.00003     0.00000     0.00000
    -1.5450        -0.00003    -0.00004     0.00000     0.00001
    -1.3950        -0.00038    -0.00005     0.00000    -0.00033
    -1.2450        -0.00185    -0.00006     0.00000    -0.00179
    -1.0950        -0.00915    -0.00001     0.00000    -0.00914
   -0.94500        -0.03596     0.00012     0.00001    -0.03608
   -0.79500        -0.13161     0.00049    -0.00024    -0.13187
   -0.64500        -0.59907    -0.00010    -0.00198    -0.59699
   -0.49500        -2.29886    -0.00258    -0.01416    -2.28212
   -0.34500        -5.16352    -0.00765    -0.03972    -5.11615
   -0.22700        -6.01528    -0.01082    -0.04844    -5.95601
   -0.21300        -6.10923    -0.01126    -0.04941    -6.04856
   -0.20700        -6.20182    -0.01176    -0.05042    -6.13964
   -0.20100        -6.29292    -0.01225    -0.05144    -6.22923
   -0.19500        -6.38309    -0.01275    -0.05247    -6.31787
   -0.18900        -6.47160    -0.01332    -0.05346    -6.40483
   -0.18300        -6.56040    -0.01389    -0.05450    -6.49200
   -0.17700        -6.64858    -0.01447    -0.05557    -6.57854
   -0.17100        -6.73700    -0.01509    -0.05666    -6.66525
   -0.16500        -6.82386    -0.01576    -0.05776    -6.75034
   -0.15900        -6.91219    -0.01642    -0.05892    -6.83685
   -0.15300        -6.99934    -0.01707    -0.06007    -6.92220
   -0.14700        -7.08577    -0.01779    -0.06131    -7.00667
   -0.14100        -7.17252    -0.01852    -0.06253    -7.09146
   -0.13500        -7.26047    -0.01934    -0.06374    -7.17738
   -0.12900        -7.34927    -0.02014    -0.06507    -7.26406
   -0.12300        -7.43852    -0.02096    -0.06652    -7.35103
   -0.11700        -7.52902    -0.02186    -0.06790    -7.43926
   -0.11100        -7.62116    -0.02287    -0.06944    -7.52885
   -0.10500        -7.71504    -0.02393    -0.07113    -7.61998
   -0.99000E-01    -7.81036    -0.02505    -0.07284    -7.71247
   -0.93000E-01    -7.90811    -0.02617    -0.07456    -7.80737
   -0.87000E-01    -8.00932    -0.02745    -0.07640    -7.90548
   -0.81000E-01    -8.11474    -0.02881    -0.07849    -8.00744
   -0.75000E-01    -8.22516    -0.03033    -0.08066    -8.11418
   -0.69000E-01    -8.34146    -0.03187    -0.08306    -8.22652
   -0.63000E-01    -8.46397    -0.03364    -0.08551    -8.34482
   -0.57000E-01    -8.59569    -0.03559    -0.08827    -8.47182
   -0.51000E-01    -8.73724    -0.03785    -0.09120    -8.60819
   -0.45000E-01    -8.89307    -0.04031    -0.09471    -8.75804
   -0.39000E-01    -9.06302    -0.04323    -0.09876    -8.92104
   -0.33000E-01    -9.24964    -0.04661    -0.10364    -9.09939
   -0.27000E-01    -9.45586    -0.05096    -0.11019    -9.29472
   -0.21300E-01    -9.61141    -0.05465    -0.11621    -9.44054
   -0.19500E-01    -9.63546    -0.05527    -0.11726    -9.46294
   -0.18900E-01    -9.65981    -0.05591    -0.11837    -9.48553
   -0.18300E-01    -9.68460    -0.05654    -0.11953    -9.50854
   -0.17700E-01    -9.70965    -0.05721    -0.12073    -9.53171
   -0.17100E-01    -9.73529    -0.05792    -0.12203    -9.55534
   -0.16500E-01    -9.76122    -0.05865    -0.12340    -9.57916
   -0.15900E-01    -9.78768    -0.05938    -0.12485    -9.60345
   -0.15300E-01    -9.81444    -0.06015    -0.12639    -9.62790
   -0.14700E-01    -9.84202    -0.06095    -0.12802    -9.65305
   -0.14100E-01    -9.87004    -0.06178    -0.12977    -9.67849
   -0.13500E-01    -9.89847    -0.06264    -0.13164    -9.70419
   -0.12900E-01    -9.92778    -0.06354    -0.13365    -9.73059
   -0.12300E-01    -9.95782    -0.06447    -0.13585    -9.75750
   -0.11700E-01    -9.98841    -0.06542    -0.13825    -9.78474
   -0.11100E-01   -10.01982    -0.06643    -0.14088    -9.81252
   -0.10500E-01   -10.05194    -0.06746    -0.14375    -9.84073
   -0.99000E-02   -10.08508    -0.06860    -0.14689    -9.86959
   -0.93000E-02   -10.11915    -0.06974    -0.15037    -9.89903
   -0.87000E-02   -10.15435    -0.07096    -0.15429    -9.92910
   -0.81000E-02   -10.19058    -0.07221    -0.15873    -9.95964
   -0.75000E-02   -10.22812    -0.07355    -0.16383    -9.99074
   -0.69000E-02   -10.26700    -0.07494    -0.16977   -10.02228
   -0.63000E-02   -10.30779    -0.07638    -0.17686   -10.05455
   -0.57000E-02   -10.35094    -0.07788    -0.18568   -10.08739
   -0.51000E-02   -10.39721    -0.07946    -0.19704   -10.12071
   -0.45000E-02   -10.44852    -0.08110    -0.21265   -10.15477
   -0.39000E-02   -10.50708    -0.08283    -0.23486   -10.18939
   -0.33000E-02   -10.57633    -0.08460    -0.26698   -10.22475
   -0.27000E-02   -10.65617    -0.08640    -0.30834   -10.26144
   -0.21000E-02   -10.72950    -0.08816    -0.33996   -10.30138
   -0.15000E-02   -10.79489    -0.08982    -0.35417   -10.35090
   -0.90000E-03   -10.88448    -0.09118    -0.35914   -10.43416
   -0.30000E-03   -12.32066    -0.09183    -0.36014   -11.86868
    0.30000E-03   -10.88602    -0.09083    -0.35949   -10.43570
    0.90000E-03   -10.80520    -0.08586    -0.35815   -10.36120
    0.15000E-02   -10.75855    -0.07163    -0.35651   -10.33042
    0.21000E-02   -10.71124    -0.03982    -0.35472   -10.31670
    0.27000E-02   -10.66163     0.00177    -0.35289   -10.31051
    0.33000E-02   -10.62495     0.03383    -0.35108   -10.30770
    0.39000E-02   -10.59975     0.05600    -0.34934   -10.30640
    0.45000E-02   -10.58194     0.07157    -0.34768   -10.30582
    0.51000E-02   -10.56867     0.08294    -0.34606   -10.30555
    0.57000E-02   -10.55817     0.09176    -0.34451   -10.30542
    0.63000E-02   -10.54954     0.09886    -0.34305   -10.30535
    0.69000E-02   -10.54218     0.10477    -0.34165   -10.30530
    0.75000E-02   -10.53581     0.10978    -0.34031   -10.30527
    0.81000E-02   -10.53016     0.11414    -0.33905   -10.30525
    0.87000E-02   -10.52511     0.11800    -0.33788   -10.30523
    0.93000E-02   -10.52053     0.12143    -0.33675   -10.30521
    0.99000E-02   -10.51634     0.12451    -0.33566   -10.30519
    0.10500E-01   -10.51252     0.12729    -0.33464   -10.30517
    0.11100E-01   -10.50899     0.12980    -0.33364   -10.30515
    0.11700E-01   -10.50574     0.13208    -0.33269   -10.30513
    0.12300E-01   -10.50269     0.13422    -0.33180   -10.30510
    0.12900E-01   -10.49984     0.13619    -0.33095   -10.30508
    0.13500E-01   -10.49713     0.13805    -0.33012   -10.30505
    0.14100E-01   -10.49463     0.13977    -0.32937   -10.30503
    0.14700E-01   -10.49222     0.14138    -0.32860   -10.30500
    0.15300E-01   -10.48995     0.14290    -0.32787   -10.30497
    0.15900E-01   -10.48780     0.14433    -0.32718   -10.30494
    0.16500E-01   -10.48579     0.14567    -0.32653   -10.30492
    0.17100E-01   -10.48380     0.14698    -0.32590   -10.30489
    0.17700E-01   -10.48199     0.14819    -0.32531   -10.30486
    0.18300E-01   -10.48024     0.14930    -0.32471   -10.30483
    0.18900E-01   -10.47851     0.15041    -0.32413   -10.30480
    0.19500E-01   -10.47696     0.15142    -0.32362   -10.30476
    0.21300E-01   -10.46768     0.15728    -0.32044   -10.30452
    0.27000E-01   -10.45780     0.16331    -0.31703   -10.30408
    0.33000E-01   -10.45031     0.16786    -0.31464   -10.30354
    0.39000E-01   -10.44458     0.17120    -0.31287   -10.30291
    0.45000E-01   -10.44010     0.17373    -0.31169   -10.30215
    0.51000E-01   -10.43647     0.17569    -0.31082   -10.30135
    0.57000E-01   -10.43326     0.17728    -0.31017   -10.30037
    0.63000E-01   -10.43054     0.17865    -0.30977   -10.29942
    0.69000E-01   -10.42796     0.17977    -0.30943   -10.29831
    0.75000E-01   -10.42562     0.18069    -0.30915   -10.29716
    0.81000E-01   -10.42347     0.18151    -0.30897   -10.29601
    0.87000E-01   -10.42135     0.18217    -0.30883   -10.29469
    0.93000E-01   -10.41935     0.18275    -0.30870   -10.29340
    0.99000E-01   -10.41731     0.18327    -0.30861   -10.29197
    0.10500       -10.41537     0.18372    -0.30854   -10.29054
    0.11100       -10.41349     0.18405    -0.30847   -10.28907
    0.11700       -10.41160     0.18439    -0.30838   -10.28761
    0.12300       -10.40959     0.18465    -0.30833   -10.28591
    0.12900       -10.40754     0.18488    -0.30828   -10.28413
    0.13500       -10.40563     0.18508    -0.30824   -10.28246
    0.14100       -10.40352     0.18525    -0.30801   -10.28076
    0.14700       -10.40125     0.18539    -0.30780   -10.27884
    0.15300       -10.39928     0.18550    -0.30777   -10.27701
    0.15900       -10.39716     0.18560    -0.30774   -10.27501
    0.16500       -10.39472     0.18570    -0.30756   -10.27286
    0.17100       -10.39254     0.18578    -0.30739   -10.27093
    0.17700       -10.39024     0.18601    -0.30722   -10.26903
    0.18300       -10.38812     0.18606    -0.30719   -10.26698
    0.18900       -10.38586     0.18611    -0.30703   -10.26495
    0.19500       -10.38350     0.18615    -0.30686   -10.26278
    0.20100       -10.38127     0.18621    -0.30684   -10.26065
    0.20700       -10.37878     0.18633    -0.30668   -10.25843
    0.21300       -10.37660     0.18636    -0.30665   -10.25631
    0.22700       -10.35535     0.18659    -0.30614   -10.23580
    0.34500       -10.28366     0.18753    -0.30502   -10.16617
    0.49500       -10.20343     0.18792    -0.30330   -10.08805
    0.64500       -10.11975     0.18846    -0.30199   -10.00622
    0.79500       -10.03241     0.18879    -0.30065    -9.92054
    0.94500        -9.94410     0.18921    -0.29875    -9.83455
     1.0950        -9.85567     0.18958    -0.29706    -9.74819
     1.2450        -9.76781     0.18991    -0.29549    -9.66222
     1.3950        -9.68161     0.19021    -0.29434    -9.57748
     1.5450        -9.59619     0.19047    -0.29298    -9.49368
     1.6950        -9.51290     0.19072    -0.29192    -9.41170
     1.8450        -9.43270     0.19094    -0.29074    -9.33290
     1.9950        -9.35458     0.19118    -0.28963    -9.25613
     2.1450        -9.27983     0.19137    -0.28858    -9.18262
     2.2950        -9.20753     0.19155    -0.28759    -9.11149
     2.4450        -9.13816     0.19173    -0.28665    -9.04324
     2.5950        -9.07118     0.19191    -0.28576    -8.97733
     2.7450        -9.00684     0.19207    -0.28491    -8.91400
     2.8950        -8.94493     0.19223    -0.28409    -8.85308
     3.0450        -8.88540     0.19239    -0.28331    -8.79448
     3.1950        -8.82792     0.19254    -0.28256    -8.73790
     3.3450        -8.77243     0.19267    -0.28183    -8.68326
     3.4950        -8.71902     0.19281    -0.28114    -8.63069
     3.6450        -8.66701     0.19294    -0.28046    -8.57949
     3.7950        -8.61710     0.19305    -0.27981    -8.53034
     3.9450        -8.56858     0.19319    -0.27918    -8.48258
     4.0950        -8.52170     0.19330    -0.27858    -8.43643
     4.2450        -8.47629     0.19341    -0.27800    -8.39171
     4.3950        -8.43222     0.19352    -0.27743    -8.34830
     4.5450        -8.38944     0.19363    -0.27688    -8.30619
     4.6950        -8.34791     0.19373    -0.27634    -8.26530
     4.8450        -8.30758     0.19384    -0.27582    -8.22560
     4.9950        -8.26834     0.19394    -0.27531    -8.18697
     5.1450        -8.23017     0.19403    -0.27483    -8.14937
     5.2950        -8.19306     0.19411    -0.27434    -8.11283
     5.4450        -8.15679     0.19420    -0.27387    -8.07712
     5.5950        -8.12145     0.19429    -0.27342    -8.04232
     5.7450        -8.08694     0.19438    -0.27298    -8.00835
     5.8950        -8.05337     0.19446    -0.27255    -7.97529
     6.0450        -8.02052     0.19454    -0.27212    -7.94294
     6.1950        -7.98835     0.19462    -0.27171    -7.91126
     6.3450        -7.95693     0.19469    -0.27129    -7.88033
     6.4950        -7.92619     0.19477    -0.27090    -7.85006
     6.6450        -7.89608     0.19484    -0.27051    -7.82041
     6.7950        -7.86668     0.19491    -0.27013    -7.79147
     6.9450        -7.83789     0.19498    -0.26976    -7.76312
     7.0950        -7.80966     0.19505    -0.26940    -7.73532
     7.2450        -7.78201     0.19511    -0.26904    -7.70808
     7.3950        -7.75487     0.19519    -0.26869    -7.68136
     7.5450        -7.72825     0.19524    -0.26835    -7.65514
     7.6950        -7.70213     0.19531    -0.26801    -7.62942
     7.8450        -7.67643     0.19537    -0.26769    -7.60411
     7.9950        -7.65121     0.19543    -0.26736    -7.57929
     8.1450        -7.62647     0.19549    -0.26704    -7.55492
     8.2950        -7.60216     0.19555    -0.26672    -7.53099
     8.4450        -7.57824     0.19561    -0.26641    -7.50744
     8.5950        -7.55476     0.19567    -0.26611    -7.48432
     8.7450        -7.53164     0.19573    -0.26581    -7.46155
     8.8950        -7.50886     0.19579    -0.26552    -7.43913
     9.0450        -7.48652     0.19584    -0.26523    -7.41713
     9.1950        -7.46450     0.19590    -0.26495    -7.39546
     9.3450        -7.44288     0.19595    -0.26466    -7.37416
     9.4950        -7.42158     0.19599    -0.26439    -7.35318
     9.6450        -7.40059     0.19604    -0.26412    -7.33252
     9.7950        -7.37990     0.19609    -0.26385    -7.31215
     9.9450        -7.35951     0.19615    -0.26359    -7.29207
     10.095        -7.33944     0.19619    -0.26333    -7.27230
     10.245        -7.31964     0.19624    -0.26307    -7.25281
     10.395        -7.30015     0.19628    -0.26282    -7.23361
     10.545        -7.28091     0.19633    -0.26257    -7.21467
     10.695        -7.26193     0.19638    -0.26233    -7.19598
     10.845        -7.24325     0.19643    -0.26208    -7.17760
     10.995        -7.22480     0.19648    -0.26185    -7.15943
     11.145        -7.20658     0.19653    -0.26161    -7.14150
     11.295        -7.18861     0.19657    -0.26138    -7.12380
     11.445        -7.17087     0.19662    -0.26116    -7.10634
     11.595        -7.15336     0.19666    -0.26093    -7.08908
     11.745        -7.13607     0.19671    -0.26071    -7.07207
     11.895        -7.11898     0.19675    -0.26049    -7.05523
     12.045        -7.10213     0.19679    -0.26028    -7.03864
     12.195        -7.08547     0.19683    -0.26006    -7.02224
     12.345        -7.06902     0.19687    -0.25985    -7.00604
     12.495        -7.05278     0.19691    -0.25965    -6.99005
     12.645        -7.03672     0.19695    -0.25944    -6.97423
     12.795        -7.02089     0.19698    -0.25923    -6.95864
     12.945        -7.00518     0.19702    -0.25903    -6.94317
     13.095        -6.98970     0.19706    -0.25883    -6.92792
     13.245        -6.97440     0.19710    -0.25863    -6.91287
     13.395        -6.95926     0.19713    -0.25844    -6.89795
     13.545        -6.94427     0.19717    -0.25824    -6.88319
     13.695        -6.92947     0.19721    -0.25805    -6.86863
     13.845        -6.91480     0.19724    -0.25786    -6.85418
     13.995        -6.90032     0.19728    -0.25768    -6.83992
     14.145        -6.88597     0.19731    -0.25749    -6.82579
     14.295        -6.87174     0.19735    -0.25730    -6.81179
     14.445        -6.85771     0.19739    -0.25712    -6.79798
     14.595        -6.84380     0.19742    -0.25694    -6.78428
     14.745        -6.83005     0.19746    -0.25677    -6.77074
     14.895        -6.81645     0.19749    -0.25659    -6.75735
     15.045        -6.80296     0.19753    -0.25642    -6.74407
     15.195        -6.78966     0.19757    -0.25625    -6.73098
     15.345        -6.77644     0.19760    -0.25608    -6.71796
     15.495        -6.76336     0.19762    -0.25591    -6.70507
     15.645        -6.75042     0.19766    -0.25574    -6.69233
     15.795        -6.73756     0.19769    -0.25558    -6.67967
     15.945        -6.72489     0.19773    -0.25542    -6.66719
     16.095        -6.71227     0.19776    -0.25526    -6.65478
     16.245        -6.69980     0.19780    -0.25510    -6.64250
     16.395        -6.68748     0.19783    -0.25494    -6.63036
     16.545        -6.67525     0.19786    -0.25478    -6.61832
     16.695        -6.66315     0.19789    -0.25463    -6.60640
     16.845        -6.65115     0.19792    -0.25448    -6.59459
     16.995        -6.63925     0.19794    -0.25432    -6.58287
     17.145        -6.62750     0.19798    -0.25417    -6.57130
     17.295        -6.61580     0.19801    -0.25402    -6.55979
     17.445        -6.60418     0.19804    -0.25387    -6.54835
     17.595        -6.59271     0.19807    -0.25373    -6.53705
     17.745        -6.58135     0.19810    -0.25358    -6.52587
     17.895        -6.57007     0.19813    -0.25343    -6.51476
     18.045        -6.55888     0.19816    -0.25328    -6.50375
     18.195        -6.54780     0.19818    -0.25314    -6.49284
     18.345        -6.53680     0.19821    -0.25300    -6.48201
     18.495        -6.52588     0.19824    -0.25286    -6.47127
     18.645        -6.51509     0.19826    -0.25272    -6.46063
     18.795        -6.50436     0.19829    -0.25258    -6.45008
     18.945        -6.49369     0.19832    -0.25244    -6.43957
     19.095        -6.48311     0.19835    -0.25231    -6.42915
     19.245        -6.47263     0.19837    -0.25217    -6.41883
     19.395        -6.46221     0.19839    -0.25204    -6.40857
     19.545        -6.45189     0.19842    -0.25190    -6.39841
     19.695        -6.44165     0.19845    -0.25177    -6.38833
     19.845        -6.43148     0.19848    -0.25164    -6.37832
     19.995        -6.42141     0.19851    -0.25152    -6.36840
     20.145        -6.41142     0.19854    -0.25139    -6.35856
     20.295        -6.40148     0.19856    -0.25126    -6.34879
     20.445        -6.39164     0.19858    -0.25113    -6.33909
     20.595        -6.38186     0.19861    -0.25101    -6.32946
     20.745        -6.37218     0.19863    -0.25088    -6.31994
     20.895        -6.36258     0.19866    -0.25076    -6.31048
     21.045        -6.35303     0.19868    -0.25063    -6.30108
     21.195        -6.34355     0.19870    -0.25051    -6.29175
     21.345        -6.33414     0.19873    -0.25039    -6.28248
     21.495        -6.32479     0.19875    -0.25027    -6.27327
     21.645        -6.31552     0.19878    -0.25015    -6.26415
     21.795        -6.30631     0.19880    -0.25004    -6.25508
     21.945        -6.29718     0.19882    -0.24992    -6.24608
     22.095        -6.28809     0.19885    -0.24980    -6.23713
     22.245        -6.27908     0.19887    -0.24969    -6.22826
     22.395        -6.27016     0.19889    -0.24957    -6.21948
     22.545        -6.26125     0.19891    -0.24946    -6.21070
     22.695        -6.25244     0.19894    -0.24934    -6.20204
     22.845        -6.24366     0.19896    -0.24924    -6.19339
     22.995        -6.23495     0.19898    -0.24912    -6.18480
     23.145        -6.22631     0.19900    -0.24901    -6.17630
     23.295        -6.21773     0.19903    -0.24890    -6.16786
     23.445        -6.20920     0.19905    -0.24879    -6.15946
     23.595        -6.20070     0.19907    -0.24869    -6.15109
     23.745        -6.19227     0.19909    -0.24858    -6.14279
     23.895        -6.18390     0.19912    -0.24847    -6.13455
     24.045        -6.17557     0.19914    -0.24836    -6.12635
     24.195        -6.16730     0.19916    -0.24825    -6.11821
     24.345        -6.15909     0.19918    -0.24815    -6.11012
     24.495        -6.15093     0.19920    -0.24804    -6.10208
     24.645        -6.14281     0.19922    -0.24794    -6.09409
     24.795        -6.13480     0.19924    -0.24783    -6.08621
     24.945        -6.12677     0.19926    -0.24773    -6.07831
     25.095        -6.11882     0.19929    -0.24763    -6.07048
     25.245        -6.11094     0.19931    -0.24752    -6.06272
     25.395        -6.10307     0.19933    -0.24742    -6.05498
     25.545        -6.09526     0.19935    -0.24732    -6.04730
     25.695        -6.08749     0.19938    -0.24722    -6.03965
     25.845        -6.07979     0.19939    -0.24713    -6.03206
     25.995        -6.07211     0.19941    -0.24702    -6.02450
     26.145        -6.06451     0.19943    -0.24693    -6.01701
     26.295        -6.05697     0.19945    -0.24683    -6.00959
     26.445        -6.04947     0.19946    -0.24673    -6.00220
     26.595        -6.04194     0.19948    -0.24664    -5.99479
     26.745        -6.03450     0.19950    -0.24654    -5.98746
     26.895        -6.02711     0.19952    -0.24645    -5.98018
     27.045        -6.01977     0.19954    -0.24636    -5.97295
     27.195        -6.01245     0.19955    -0.24626    -5.96574
     27.345        -6.00519     0.19957    -0.24617    -5.95859
     27.495        -5.99796     0.19959    -0.24607    -5.95147
     27.645        -5.99075     0.19961    -0.24598    -5.94438
     27.795        -5.98361     0.19963    -0.24589    -5.93734
     27.945        -5.97651     0.19965    -0.24580    -5.93036
     28.095        -5.96946     0.19967    -0.24571    -5.92343
     28.245        -5.96241     0.19969    -0.24562    -5.91648
     28.395        -5.95542     0.19971    -0.24553    -5.90960
     28.545        -5.94846     0.19973    -0.24544    -5.90275
     28.695        -5.94157     0.19975    -0.24535    -5.89596
     28.845        -5.93467     0.19976    -0.24526    -5.88917
     28.995        -5.92781     0.19978    -0.24517    -5.88242
     29.145        -5.92100     0.19980    -0.24509    -5.87571
     29.295        -5.91426     0.19982    -0.24500    -5.86907
     29.445        -5.90752     0.19983    -0.24491    -5.86244
     29.595        -5.90084     0.19985    -0.24483    -5.85586
     29.745        -5.89418     0.19987    -0.24474    -5.84931
     29.895        -5.88755     0.19989    -0.24466    -5.84278
     30.045        -5.88095     0.19990    -0.24457    -5.83628
     30.195        -5.87438     0.19992    -0.24449    -5.82981
     30.345        -5.86785     0.19994    -0.24441    -5.82338
     30.495        -5.86136     0.19996    -0.24432    -5.81699
     30.645        -5.85492     0.19998    -0.24424    -5.81066
     30.795        -5.84851     0.19999    -0.24416    -5.80434
     30.945        -5.84213     0.20001    -0.24407    -5.79807
     31.095        -5.83578     0.20003    -0.24399    -5.79182
     31.245        -5.82945     0.20004    -0.24391    -5.78558
     31.395        -5.82314     0.20006    -0.24383    -5.77937
     31.545        -5.81686     0.20008    -0.24375    -5.77319
     31.695        -5.81064     0.20010    -0.24367    -5.76707
     31.845        -5.80447     0.20011    -0.24359    -5.76099
     31.995        -5.79828     0.20013    -0.24351    -5.75490
     32.145        -5.79214     0.20014    -0.24343    -5.74885
     32.295        -5.78605     0.20016    -0.24336    -5.74285
     32.445        -5.77996     0.20017    -0.24328    -5.73686
     32.595        -5.77391     0.20019    -0.24320    -5.73090
     32.745        -5.76789     0.20021    -0.24312    -5.72498
     32.895        -5.76191     0.20023    -0.24305    -5.71910
     33.045        -5.75597     0.20025    -0.24297    -5.71325
     33.195        -5.75002     0.20027    -0.24289    -5.70740
     33.345        -5.74411     0.20029    -0.24281    -5.70159
     33.495        -5.73825     0.20030    -0.24274    -5.69581
     33.645        -5.73241     0.20031    -0.24266    -5.69006
     33.795        -5.72661     0.20033    -0.24259    -5.68434
     33.945        -5.72081     0.20035    -0.24252    -5.67863
     34.095        -5.71503     0.20036    -0.24244    -5.67294
     34.245        -5.70928     0.20037    -0.24237    -5.66729
     34.395        -5.70355     0.20039    -0.24230    -5.66164
     34.545        -5.69786     0.20040    -0.24223    -5.65603
     34.695        -5.69220     0.20042    -0.24215    -5.65047
     34.845        -5.68657     0.20043    -0.24208    -5.64492
     34.995        -5.68096     0.20044    -0.24201    -5.63940
     35.145        -5.67538     0.20046    -0.24193    -5.63391
     35.295        -5.66985     0.20047    -0.24186    -5.62846
     35.445        -5.66432     0.20048    -0.24179    -5.62302
     35.595        -5.65881     0.20050    -0.24172    -5.61759
     35.745        -5.65335     0.20051    -0.24165    -5.61222
     35.895        -5.64790     0.20053    -0.24158    -5.60685
     36.045        -5.64245     0.20054    -0.24151    -5.60149
     36.195        -5.63706     0.20055    -0.24144    -5.59618
     36.345        -5.63169     0.20057    -0.24136    -5.59089
     36.495        -5.62631     0.20058    -0.24130    -5.58560
     36.645        -5.62099     0.20059    -0.24123    -5.58035
     36.795        -5.61564     0.20061    -0.24116    -5.57509
     36.945        -5.61037     0.20062    -0.24109    -5.56989
     37.095        -5.60508     0.20063    -0.24103    -5.56469
     37.245        -5.59983     0.20065    -0.24096    -5.55952
     37.395        -5.59460     0.20066    -0.24090    -5.55436
     37.545        -5.58939     0.20067    -0.24083    -5.54923
     37.695        -5.58421     0.20069    -0.24076    -5.54413
     37.845        -5.57905     0.20070    -0.24070    -5.53905
     37.995        -5.57393     0.20072    -0.24063    -5.53401
     38.145        -5.56879     0.20073    -0.24057    -5.52895
     38.295        -5.56369     0.20075    -0.24051    -5.52393
     38.445        -5.55862     0.20076    -0.24044    -5.51894
     38.595        -5.55355     0.20077    -0.24038    -5.51395
     38.745        -5.54853     0.20079    -0.24031    -5.50901
     38.895        -5.54353     0.20080    -0.24025    -5.50408
     39.045        -5.53853     0.20081    -0.24019    -5.49915
     39.195        -5.53356     0.20082    -0.24013    -5.49426
     39.345        -5.52862     0.20084    -0.24006    -5.48939
     39.495        -5.52369     0.20085    -0.24000    -5.48454
     39.645        -5.51878     0.20086    -0.23994    -5.47970
     39.795        -5.51387     0.20088    -0.23987    -5.47487
     39.945        -5.50897     0.20089    -0.23981    -5.47005
     40.095        -5.50410     0.20090    -0.23975    -5.46526
     40.245        -5.49927     0.20091    -0.23968    -5.46050
     40.395        -5.49445     0.20093    -0.23962    -5.45576
     40.545        -5.48965     0.20094    -0.23956    -5.45103
     40.695        -5.48488     0.20095    -0.23950    -5.44633
     40.845        -5.48010     0.20096    -0.23944    -5.44163
     40.995        -5.47535     0.20098    -0.23938    -5.43695
     41.145        -5.47063     0.20099    -0.23932    -5.43230
     41.295        -5.46593     0.20100    -0.23926    -5.42767
     41.445        -5.46124     0.20101    -0.23920    -5.42306
     41.595        -5.45657     0.20103    -0.23914    -5.41846
     41.745        -5.45194     0.20104    -0.23908    -5.41390
     41.895        -5.44729     0.20105    -0.23902    -5.40932
     42.045        -5.44269     0.20106    -0.23896    -5.40479
     42.195        -5.43811     0.20107    -0.23890    -5.40028
     42.345        -5.43350     0.20109    -0.23884    -5.39574
     42.495        -5.42895     0.20110    -0.23879    -5.39126
     42.645        -5.42444     0.20111    -0.23873    -5.38682
     42.795        -5.41990     0.20112    -0.23867    -5.38235
     42.945        -5.41541     0.20113    -0.23861    -5.37793
     43.095        -5.41093     0.20115    -0.23856    -5.37352
     43.245        -5.40644     0.20116    -0.23850    -5.36910
     43.395        -5.40199     0.20117    -0.23844    -5.36472
     43.545        -5.39756     0.20118    -0.23839    -5.36035
     43.695        -5.39313     0.20119    -0.23833    -5.35600
     43.845        -5.38873     0.20120    -0.23827    -5.35167
     43.995        -5.38435     0.20121    -0.23822    -5.34735
     44.145        -5.37996     0.20122    -0.23816    -5.34303
     44.295        -5.37561     0.20123    -0.23810    -5.33875
     44.445        -5.37126     0.20124    -0.23805    -5.33446
     44.595        -5.36692     0.20126    -0.23799    -5.33019
     44.745        -5.36259     0.20127    -0.23793    -5.32593
     44.895        -5.35829     0.20128    -0.23788    -5.32169
     45.045        -5.35400     0.20129    -0.23782    -5.31747
     45.195        -5.34973     0.20131    -0.23777    -5.31327
     45.345        -5.34548     0.20131    -0.23771    -5.30908
     45.495        -5.34120     0.20132    -0.23766    -5.30487
     45.645        -5.33698     0.20133    -0.23760    -5.30071
     45.795        -5.33277     0.20134    -0.23755    -5.29657
     45.945        -5.32858     0.20135    -0.23749    -5.29244
     46.095        -5.32441     0.20136    -0.23744    -5.28833
     46.245        -5.32023     0.20137    -0.23739    -5.28422
     46.395        -5.31608     0.20138    -0.23734    -5.28012
     46.545        -5.31194     0.20140    -0.23728    -5.27606
     46.695        -5.30781     0.20141    -0.23723    -5.27199
     46.845        -5.30370     0.20142    -0.23718    -5.26794
     46.995        -5.29961     0.20143    -0.23713    -5.26391
     47.145        -5.29551     0.20144    -0.23707    -5.25988
     47.295        -5.29143     0.20145    -0.23702    -5.25586
     47.445        -5.28739     0.20146    -0.23697    -5.25188
     47.595        -5.28334     0.20147    -0.23692    -5.24789
     47.745        -5.27930     0.20148    -0.23686    -5.24392
     47.895        -5.27529     0.20150    -0.23681    -5.23997
     48.045        -5.27128     0.20150    -0.23676    -5.23603
     48.195        -5.26728     0.20151    -0.23671    -5.23208
     48.345        -5.26331     0.20152    -0.23666    -5.22817
     48.495        -5.25936     0.20153    -0.23661    -5.22428
     48.645        -5.25540     0.20154    -0.23656    -5.22039
     48.795        -5.25149     0.20156    -0.23651    -5.21654
     48.945        -5.24757     0.20156    -0.23646    -5.21268
     49.095        -5.24367     0.20157    -0.23641    -5.20884
     49.245        -5.23977     0.20158    -0.23636    -5.20499
     49.395        -5.23588     0.20159    -0.23631    -5.20117
     49.545        -5.23199     0.20160    -0.23626    -5.19734
     49.695        -5.22813     0.20161    -0.23621    -5.19353
     49.845        -5.22427     0.20162    -0.23616    -5.18974
     49.995        -5.22043     0.20163    -0.23611    -5.18596
     50.145        -5.21660     0.20164    -0.23606    -5.18219
     50.295        -5.21278     0.20165    -0.23601    -5.17842
     50.445        -5.20897     0.20166    -0.23596    -5.17467
     50.595        -5.20518     0.20167    -0.23591    -5.17094
     50.745        -5.20143     0.20168    -0.23587    -5.16724
     50.895        -5.19767     0.20169    -0.23582    -5.16354
     51.045        -5.19390     0.20170    -0.23577    -5.15984
     51.195        -5.19017     0.20172    -0.23572    -5.15616
     51.345        -5.18643     0.20173    -0.23567    -5.15249
     51.495        -5.18270     0.20174    -0.23563    -5.14881
     51.645        -5.17900     0.20174    -0.23558    -5.14517
     51.795        -5.17530     0.20175    -0.23553    -5.14152
     51.945        -5.17163     0.20176    -0.23548    -5.13790
     52.095        -5.16795     0.20177    -0.23544    -5.13428
     52.245        -5.16429     0.20178    -0.23539    -5.13068
     52.395        -5.16063     0.20179    -0.23534    -5.12707
     52.545        -5.15698     0.20180    -0.23530    -5.12348
     52.695        -5.15335     0.20180    -0.23525    -5.11990
     52.845        -5.14974     0.20181    -0.23521    -5.11634
     52.995        -5.14615     0.20182    -0.23516    -5.11280
     53.145        -5.14256     0.20183    -0.23512    -5.10927
     53.295        -5.13897     0.20184    -0.23507    -5.10574
     53.445        -5.13542     0.20184    -0.23503    -5.10224
     53.595        -5.13185     0.20185    -0.23498    -5.09872
     53.745        -5.12831     0.20187    -0.23494    -5.09524
     53.895        -5.12476     0.20187    -0.23489    -5.09175
     54.045        -5.12123     0.20188    -0.23485    -5.08827
     54.195        -5.11773     0.20189    -0.23480    -5.08482
     54.345        -5.11423     0.20190    -0.23476    -5.08137
     54.495        -5.11072     0.20191    -0.23471    -5.07792
     54.645        -5.10725     0.20192    -0.23467    -5.07450
     54.795        -5.10380     0.20193    -0.23462    -5.07110
     54.945        -5.10032     0.20194    -0.23458    -5.06768
     55.095        -5.09686     0.20195    -0.23454    -5.06427
     59.433        -4.82622     0.20267    -0.23108    -4.79781
     80.646        -4.43033     0.20371    -0.22602    -4.40802
     111.21        -4.04561     0.20475    -0.22112    -4.02924
     153.36        -3.67225     0.20574    -0.21638    -3.66161
     211.49        -3.31032     0.20675    -0.21180    -3.30527
     291.64        -2.96017     0.20769    -0.20740    -2.96047
     402.18        -2.62145     0.20862    -0.20314    -2.62692
     554.60        -2.29407     0.20952    -0.19902    -2.30456
     764.80        -1.97756     0.21038    -0.19506    -1.99288
     1054.7        -1.67157     0.21123    -0.19125    -1.69155
     1454.4        -1.37579     0.21203    -0.18760    -1.40022
     2005.6        -1.08997     0.21279    -0.18408    -1.11868
     2765.8        -0.81335     0.21350    -0.18067    -0.84618
     3814.0        -0.54572     0.21419    -0.17739    -0.58251
     5259.5        -0.28654     0.21480    -0.17425    -0.32709
     7252.9        -0.03541     0.21538    -0.17122    -0.07957
     10002.         0.20761     0.21593    -0.16828     0.15996
     13793.         0.44240     0.21647    -0.16542     0.39135
     19020.         0.66872     0.21696    -0.16267     0.61443
     26229.         0.88589     0.21743    -0.16003     0.82849
     36170.         1.09404     0.21787    -0.15746     1.03363
     49878.         1.29315     0.21828    -0.15497     1.22984
     68782.         1.48348     0.21865    -0.15256     1.41739
     94851.         1.66516     0.21901    -0.15024     1.59640
    0.13080E+06     1.83858     0.21933    -0.14803     1.76727
    0.18038E+06     2.00383     0.21963    -0.14590     1.93009
    0.24874E+06     2.16152     0.21991    -0.14385     2.08547
    0.34301E+06     2.31168     0.22016    -0.14188     2.23340
    0.47302E+06     2.45471     0.22038    -0.14002     2.37435
    0.65229E+06     2.59078     0.22059    -0.13824     2.50843
    0.89952E+06     2.72027     0.22078    -0.13652     2.63602
    0.12404E+07     2.84358     0.22096    -0.13490     2.75752
    0.17106E+07     2.96092     0.22110    -0.13335     2.87317
    0.23589E+07     3.07262     0.22124    -0.13188     2.98326
    0.32529E+07     3.17884     0.22138    -0.13047     3.08794
    0.44858E+07     3.27996     0.22149    -0.12914     3.18760
    0.61860E+07     3.37619     0.22161    -0.12785     3.28243
    0.85305E+07     3.46759     0.22171    -0.12664     3.37252
    0.11764E+08     3.55461     0.22181    -0.12549     3.45829
    0.16222E+08     3.63727     0.22189    -0.12439     3.53977
    0.22370E+08     3.71576     0.22196    -0.12334     3.61714
    0.30849E+08     3.78995     0.22202    -0.12235     3.69029
    0.42541E+08     3.85937     0.22208    -0.12141     3.75871
    0.58664E+08     3.92440     0.22214    -0.12052     3.82278
    0.80898E+08     3.98537     0.22219    -0.11967     3.88285
    0.11156E+09     4.04272     0.22223    -0.11886     3.93936
    0.15384E+09     4.09672     0.22227    -0.11808     3.99254
    0.21215E+09     4.14747     0.22231    -0.11736     4.04251
    0.29255E+09     4.19530     0.22235    -0.11669     4.08964
    0.40343E+09     4.24031     0.22238    -0.11606     4.13399
    0.55633E+09     4.28271     0.22241    -0.11545     4.17576
    0.76719E+09     4.32146     0.22243    -0.11489     4.21392
    0.10580E+10     4.35657     0.22245    -0.11437     4.24848
    0.14589E+10     4.38882     0.22246    -0.11387     4.28023
    0.20119E+10     4.41853     0.22248    -0.11340     4.30944
    0.27744E+10     4.44588     0.22250    -0.11296     4.33635
    0.38259E+10     4.47117     0.22251    -0.11255     4.36121
    0.52760E+10     4.49444     0.22253    -0.11218     4.38409
    0.72756E+10     4.51591     0.22255    -0.11184     4.40520
    0.10033E+11     4.53574     0.22256    -0.11152     4.42470
    0.13836E+11     4.55407     0.22257    -0.11123     4.44273
    0.19079E+11     4.57094     0.22258    -0.11097     4.45933
    0.26311E+11     4.58653     0.22259    -0.11073     4.47467
    0.36283E+11     4.60092     0.22260    -0.11050     4.48882
    0.50034E+11     4.61422     0.22261    -0.11029     4.50190
    0.68997E+11     4.62648     0.22262    -0.11010     4.51396
    0.10000E+12     4.77311     0.22271    -0.10781     4.65821
