    -99.945         0.00000     0.00000     0.00000     0.00000
    -99.795         0.00000     0.00000     0.00000     0.00000
    -99.645         0.00000     0.00000     0.00000     0.00000
    -99.495         0.00000     0.00000     0.00000     0.00000
    -99.345         0.00000     0.00000     0.00000     0.00000
    -99.195         0.00000     0.00000     0.00000     0.00000
    -99.045         0.00000     0.00000     0.00000     0.00000
    -98.895         0.00000     0.00000     0.00000     0.00000
    -98.745         0.00000     0.00000     0.00000     0.00000
    -98.595         0.00000     0.00000     0.00000     0.00000
    -98.445         0.00000     0.00000     0.00000     0.00000
    -98.295         0.00000     0.00000     0.00000     0.00000
    -98.145         0.00000     0.00000     0.00000     0.00000
    -97.995         0.00000     0.00000     0.00000     0.00000
    -97.845         0.00000     0.00000     0.00000     0.00000
    -97.695         0.00000     0.00000     0.00000     0.00000
    -97.545         0.00000     0.00000     0.00000     0.00000
    -97.395         0.00000     0.00000     0.00000     0.00000
    -97.245         0.00000     0.00000     0.00000     0.00000
    -97.095         0.00000     0.00000     0.00000     0.00000
    -96.945         0.00000     0.00000     0.00000     0.00000
    -96.795         0.00000     0.00000     0.00000     0.00000
    -96.645         0.00000     0.00000     0.00000     0.00000
    -96.495         0.00000     0.00000     0.00000     0.00000
    -96.345         0.00000     0.00000     0.00000     0.00000
    -96.195         0.00000     0.00000     0.00000     0.00000
    -96.045         0.00000     0.00000     0.00000     0.00000
    -95.895         0.00000     0.00000     0.00000     0.00000
    -95.745         0.00000     0.00000     0.00000     0.00000
    -95.595         0.00000     0.00000     0.00000     0.00000
    -95.445         0.00000     0.00000     0.00000     0.00000
    -95.295         0.00000     0.00000     0.00000     0.00000
    -95.145         0.00000     0.00000     0.00000     0.00000
    -94.995         0.00000     0.00000     0.00000     0.00000
    -94.845         0.00000     0.00000     0.00000     0.00000
    -94.695         0.00000     0.00000     0.00000     0.00000
    -94.545         0.00000     0.00000     0.00000     0.00000
    -94.395         0.00000     0.00000     0.00000     0.00000
    -94.245         0.00000     0.00000     0.00000     0.00000
    -94.095         0.00000     0.00000     0.00000     0.00000
    -93.945         0.00000     0.00000     0.00000     0.00000
    -93.795         0.00000     0.00000     0.00000     0.00000
    -93.645         0.00000     0.00000     0.00000     0.00000
    -93.495         0.00000     0.00000     0.00000     0.00000
    -93.345         0.00000     0.00000     0.00000     0.00000
    -93.195         0.00000     0.00000     0.00000     0.00000
    -93.045         0.00000     0.00000     0.00000     0.00000
    -92.895         0.00000     0.00000     0.00000     0.00000
    -92.745         0.00000     0.00000     0.00000     0.00000
    -92.595         0.00000     0.00000     0.00000     0.00000
    -92.445         0.00000     0.00000     0.00000     0.00000
    -92.295         0.00000     0.00000     0.00000     0.00000
    -92.145         0.00000     0.00000     0.00000     0.00000
    -91.995         0.00000     0.00000     0.00000     0.00000
    -91.845         0.00000     0.00000     0.00000     0.00000
    -91.695         0.00000     0.00000     0.00000     0.00000
    -91.545         0.00000     0.00000     0.00000     0.00000
    -91.395         0.00000     0.00000     0.00000     0.00000
    -91.245         0.00000     0.00000     0.00000     0.00000
    -91.095         0.00000     0.00000     0.00000     0.00000
    -90.945         0.00000     0.00000     0.00000     0.00000
    -90.795         0.00000     0.00000     0.00000     0.00000
    -90.645         0.00000     0.00000     0.00000     0.00000
    -90.495         0.00000     0.00000     0.00000     0.00000
    -90.345         0.00000     0.00000     0.00000     0.00000
    -90.195         0.00000     0.00000     0.00000     0.00000
    -90.045         0.00000     0.00000     0.00000     0.00000
    -89.895         0.00000     0.00000     0.00000     0.00000
    -89.745         0.00000     0.00000     0.00000     0.00000
    -89.595         0.00000     0.00000     0.00000     0.00000
    -89.445         0.00000     0.00000     0.00000     0.00000
    -89.295         0.00000     0.00000     0.00000     0.00000
    -89.145         0.00000     0.00000     0.00000     0.00000
    -88.995         0.00000     0.00000     0.00000     0.00000
    -88.845         0.00000     0.00000     0.00000     0.00000
    -88.695         0.00000     0.00000     0.00000     0.00000
    -88.545         0.00000     0.00000     0.00000     0.00000
    -88.395         0.00000     0.00000     0.00000     0.00000
    -88.245         0.00000     0.00000     0.00000     0.00000
    -88.095         0.00000     0.00000     0.00000     0.00000
    -87.945         0.00000     0.00000     0.00000     0.00000
    -87.795         0.00000     0.00000     0.00000     0.00000
    -87.645         0.00000     0.00000     0.00000     0.00000
    -87.495         0.00000     0.00000     0.00000     0.00000
    -87.345         0.00000     0.00000     0.00000     0.00000
    -87.195         0.00000     0.00000     0.00000     0.00000
    -87.045         0.00000     0.00000     0.00000     0.00000
    -86.895         0.00000     0.00000     0.00000     0.00000
    -86.745         0.00000     0.00000     0.00000     0.00000
    -86.595         0.00000     0.00000     0.00000     0.00000
    -86.445         0.00000     0.00000     0.00000     0.00000
    -86.295         0.00000     0.00000     0.00000     0.00000
    -86.145         0.00000     0.00000     0.00000     0.00000
    -85.995         0.00000     0.00000     0.00000     0.00000
    -85.845         0.00000     0.00000     0.00000     0.00000
    -85.695         0.00000     0.00000     0.00000     0.00000
    -85.545         0.00000     0.00000     0.00000     0.00000
    -85.395         0.00000     0.00000     0.00000     0.00000
    -85.245         0.00000     0.00000     0.00000     0.00000
    -85.095         0.00000     0.00000     0.00000     0.00000
    -84.945         0.00000     0.00000     0.00000     0.00000
    -84.795         0.00000     0.00000     0.00000     0.00000
    -84.645         0.00000     0.00000     0.00000     0.00000
    -84.495         0.00000     0.00000     0.00000     0.00000
    -84.345         0.00000     0.00000     0.00000     0.00000
    -84.195         0.00000     0.00000     0.00000     0.00000
    -84.045         0.00000     0.00000     0.00000     0.00000
    -83.895         0.00000     0.00000     0.00000     0.00000
    -83.745         0.00000     0.00000     0.00000     0.00000
    -83.595         0.00000     0.00000     0.00000     0.00000
    -83.445         0.00000     0.00000     0.00000     0.00000
    -83.295         0.00000     0.00000     0.00000     0.00000
    -83.145         0.00000     0.00000     0.00000     0.00000
    -82.995         0.00000     0.00000     0.00000     0.00000
    -82.845         0.00000     0.00000     0.00000     0.00000
    -82.695         0.00000     0.00000     0.00000     0.00000
    -82.545         0.00000     0.00000     0.00000     0.00000
    -82.395         0.00000     0.00000     0.00000     0.00000
    -82.245         0.00000     0.00000     0.00000     0.00000
    -82.095         0.00000     0.00000     0.00000     0.00000
    -81.945         0.00000     0.00000     0.00000     0.00000
    -81.795         0.00000     0.00000     0.00000     0.00000
    -81.645         0.00000     0.00000     0.00000     0.00000
    -81.495         0.00000     0.00000     0.00000     0.00000
    -81.345         0.00000     0.00000     0.00000     0.00000
    -81.195         0.00000     0.00000     0.00000     0.00000
    -81.045         0.00000     0.00000     0.00000     0.00000
    -80.895         0.00000     0.00000     0.00000     0.00000
    -80.745         0.00000     0.00000     0.00000     0.00000
    -80.595         0.00000     0.00000     0.00000     0.00000
    -80.445         0.00000     0.00000     0.00000     0.00000
    -80.295         0.00000     0.00000     0.00000     0.00000
    -80.145         0.00000     0.00000     0.00000     0.00000
    -79.995         0.00000     0.00000     0.00000     0.00000
    -79.845         0.00000     0.00000     0.00000     0.00000
    -79.695         0.00000     0.00000     0.00000     0.00000
    -79.545         0.00000     0.00000     0.00000     0.00000
    -79.395         0.00000     0.00000     0.00000     0.00000
    -79.245         0.00000     0.00000     0.00000     0.00000
    -79.095         0.00000     0.00000     0.00000     0.00000
    -78.945         0.00000     0.00000     0.00000     0.00000
    -78.795         0.00000     0.00000     0.00000     0.00000
    -78.645         0.00000     0.00000     0.00000     0.00000
    -78.495         0.00000     0.00000     0.00000     0.00000
    -78.345         0.00000     0.00000     0.00000     0.00000
    -78.195         0.00000     0.00000     0.00000     0.00000
    -78.045         0.00000     0.00000     0.00000     0.00000
    -77.895         0.00000     0.00000     0.00000     0.00000
    -77.745         0.00000     0.00000     0.00000     0.00000
    -77.595         0.00000     0.00000     0.00000     0.00000
    -77.445         0.00000     0.00000     0.00000     0.00000
    -77.295         0.00000     0.00000     0.00000     0.00000
    -77.145         0.00000     0.00000     0.00000     0.00000
    -76.995         0.00000     0.00000     0.00000     0.00000
    -76.845         0.00000     0.00000     0.00000     0.00000
    -76.695         0.00000     0.00000     0.00000     0.00000
    -76.545         0.00000     0.00000     0.00000     0.00000
    -76.395         0.00000     0.00000     0.00000     0.00000
    -76.245         0.00000     0.00000     0.00000     0.00000
    -76.095         0.00000     0.00000     0.00000     0.00000
    -75.945         0.00000     0.00000     0.00000     0.00000
    -75.795         0.00000     0.00000     0.00000     0.00000
    -75.645         0.00000     0.00000     0.00000     0.00000
    -75.495         0.00000     0.00000     0.00000     0.00000
    -75.345         0.00000     0.00000     0.00000     0.00000
    -75.195         0.00000     0.00000     0.00000     0.00000
    -75.045         0.00000     0.00000     0.00000     0.00000
    -74.895         0.00000     0.00000     0.00000     0.00000
    -74.745         0.00000     0.00000     0.00000     0.00000
    -74.595         0.00000     0.00000     0.00000     0.00000
    -74.445         0.00000     0.00000     0.00000     0.00000
    -74.295         0.00000     0.00000     0.00000     0.00000
    -74.145         0.00000     0.00000     0.00000     0.00000
    -73.995         0.00000     0.00000     0.00000     0.00000
    -73.845         0.00000     0.00000     0.00000     0.00000
    -73.695         0.00000     0.00000     0.00000     0.00000
    -73.545         0.00000     0.00000     0.00000     0.00000
    -73.395         0.00000     0.00000     0.00000     0.00000
    -73.245         0.00000     0.00000     0.00000     0.00000
    -73.095         0.00000     0.00000     0.00000     0.00000
    -72.945         0.00000     0.00000     0.00000     0.00000
    -72.795         0.00000     0.00000     0.00000     0.00000
    -72.645         0.00000     0.00000     0.00000     0.00000
    -72.495         0.00000     0.00000     0.00000     0.00000
    -72.345         0.00000     0.00000     0.00000     0.00000
    -72.195         0.00000     0.00000     0.00000     0.00000
    -72.045         0.00000     0.00000     0.00000     0.00000
    -71.895         0.00000     0.00000     0.00000     0.00000
    -71.745         0.00000     0.00000     0.00000     0.00000
    -71.595         0.00000     0.00000     0.00000     0.00000
    -71.445         0.00000     0.00000     0.00000     0.00000
    -71.295         0.00000     0.00000     0.00000     0.00000
    -71.145         0.00000     0.00000     0.00000     0.00000
    -70.995         0.00000     0.00000     0.00000     0.00000
    -70.845         0.00000     0.00000     0.00000     0.00000
    -70.695         0.00000     0.00000     0.00000     0.00000
    -70.545         0.00000     0.00000     0.00000     0.00000
    -70.395         0.00000     0.00000     0.00000     0.00000
    -70.245         0.00000     0.00000     0.00000     0.00000
    -70.095         0.00000     0.00000     0.00000     0.00000
    -69.945         0.00000     0.00000     0.00000     0.00000
    -69.795         0.00000     0.00000     0.00000     0.00000
    -69.645         0.00000     0.00000     0.00000     0.00000
    -69.495         0.00000     0.00000     0.00000     0.00000
    -69.345         0.00000     0.00000     0.00000     0.00000
    -69.195         0.00000     0.00000     0.00000     0.00000
    -69.045         0.00000     0.00000     0.00000     0.00000
    -68.895         0.00000     0.00000     0.00000     0.00000
    -68.745         0.00000     0.00000     0.00000     0.00000
    -68.595         0.00000     0.00000     0.00000     0.00000
    -68.445         0.00000     0.00000     0.00000     0.00000
    -68.295         0.00000     0.00000     0.00000     0.00000
    -68.145         0.00000     0.00000     0.00000     0.00000
    -67.995         0.00000     0.00000     0.00000     0.00000
    -67.845         0.00000     0.00000     0.00000     0.00000
    -67.695         0.00000     0.00000     0.00000     0.00000
    -67.545         0.00000     0.00000     0.00000     0.00000
    -67.395         0.00000     0.00000     0.00000     0.00000
    -67.245         0.00000     0.00000     0.00000     0.00000
    -67.095         0.00000     0.00000     0.00000     0.00000
    -66.945         0.00000     0.00000     0.00000     0.00000
    -66.795         0.00000     0.00000     0.00000     0.00000
    -66.645         0.00000     0.00000     0.00000     0.00000
    -66.495         0.00000     0.00000     0.00000     0.00000
    -66.345         0.00000     0.00000     0.00000     0.00000
    -66.195         0.00000     0.00000     0.00000     0.00000
    -66.045         0.00000     0.00000     0.00000     0.00000
    -65.895         0.00000     0.00000     0.00000     0.00000
    -65.745         0.00000     0.00000     0.00000     0.00000
    -65.595         0.00000     0.00000     0.00000     0.00000
    -65.445         0.00000     0.00000     0.00000     0.00000
    -65.295         0.00000     0.00000     0.00000     0.00000
    -65.145         0.00000     0.00000     0.00000     0.00000
    -64.995         0.00000     0.00000     0.00000     0.00000
    -64.845         0.00000     0.00000     0.00000     0.00000
    -64.695         0.00000     0.00000     0.00000     0.00000
    -64.545         0.00000     0.00000     0.00000     0.00000
    -64.395         0.00000     0.00000     0.00000     0.00000
    -64.245         0.00000     0.00000     0.00000     0.00000
    -64.095         0.00000     0.00000     0.00000     0.00000
    -63.945         0.00000     0.00000     0.00000     0.00000
    -63.795         0.00000     0.00000     0.00000     0.00000
    -63.645         0.00000     0.00000     0.00000     0.00000
    -63.495         0.00000     0.00000     0.00000     0.00000
    -63.345         0.00000     0.00000     0.00000     0.00000
    -63.195         0.00000     0.00000     0.00000     0.00000
    -63.045         0.00000     0.00000     0.00000     0.00000
    -62.895         0.00000     0.00000     0.00000     0.00000
    -62.745         0.00000     0.00000     0.00000     0.00000
    -62.595         0.00000     0.00000     0.00000     0.00000
    -62.445         0.00000     0.00000     0.00000     0.00000
    -62.295         0.00000     0.00000     0.00000     0.00000
    -62.145         0.00000     0.00000     0.00000     0.00000
    -61.995         0.00000     0.00000     0.00000     0.00000
    -61.845         0.00000     0.00000     0.00000     0.00000
    -61.695         0.00000     0.00000     0.00000     0.00000
    -61.545         0.00000     0.00000     0.00000     0.00000
    -61.395         0.00000     0.00000     0.00000     0.00000
    -61.245         0.00000     0.00000     0.00000     0.00000
    -61.095         0.00000     0.00000     0.00000     0.00000
    -60.945         0.00000     0.00000     0.00000     0.00000
    -60.795         0.00000     0.00000     0.00000     0.00000
    -60.645         0.00000     0.00000     0.00000     0.00000
    -60.495         0.00000     0.00000     0.00000     0.00000
    -60.345         0.00000     0.00000     0.00000     0.00000
    -60.195         0.00000     0.00000     0.00000     0.00000
    -60.045         0.00000     0.00000     0.00000     0.00000
    -59.895         0.00000     0.00000     0.00000     0.00000
    -59.745         0.00000     0.00000     0.00000     0.00000
    -59.595         0.00000     0.00000     0.00000     0.00000
    -59.445         0.00000     0.00000     0.00000     0.00000
    -59.295         0.00000     0.00000     0.00000     0.00000
    -59.145         0.00000     0.00000     0.00000     0.00000
    -58.995         0.00000     0.00000     0.00000     0.00000
    -58.845         0.00000     0.00000     0.00000     0.00000
    -58.695         0.00000     0.00000     0.00000     0.00000
    -58.545         0.00000     0.00000     0.00000     0.00000
    -58.395         0.00000     0.00000     0.00000     0.00000
    -58.245         0.00000     0.00000     0.00000     0.00000
    -58.095         0.00000     0.00000     0.00000     0.00000
    -57.945         0.00000     0.00000     0.00000     0.00000
    -57.795         0.00000     0.00000     0.00000     0.00000
    -57.645         0.00000     0.00000     0.00000     0.00000
    -57.495         0.00000     0.00000     0.00000     0.00000
    -57.345         0.00000     0.00000     0.00000     0.00000
    -57.195         0.00000     0.00000     0.00000     0.00000
    -57.045         0.00000     0.00000     0.00000     0.00000
    -56.895         0.00000     0.00000     0.00000     0.00000
    -56.745         0.00000     0.00000     0.00000     0.00000
    -56.595         0.00000     0.00000     0.00000     0.00000
    -56.445         0.00000     0.00000     0.00000     0.00000
    -56.295         0.00000     0.00000     0.00000     0.00000
    -56.145         0.00000     0.00000     0.00000     0.00000
    -55.995         0.00000     0.00000     0.00000     0.00000
    -55.845         0.00000     0.00000     0.00000     0.00000
    -55.695         0.00000     0.00000     0.00000     0.00000
    -55.545         0.00000     0.00000     0.00000     0.00000
    -55.395         0.00000     0.00000     0.00000     0.00000
    -55.245         0.00000     0.00000     0.00000     0.00000
    -55.095         0.00000     0.00000     0.00000     0.00000
    -54.945         0.00000     0.00000     0.00000     0.00000
    -54.795         0.00000     0.00000     0.00000     0.00000
    -54.645         0.00000     0.00000     0.00000     0.00000
    -54.495         0.00000     0.00000     0.00000     0.00000
    -54.345         0.00000     0.00000     0.00000     0.00000
    -54.195         0.00000     0.00000     0.00000     0.00000
    -54.045         0.00000     0.00000     0.00000     0.00000
    -53.895         0.00000     0.00000     0.00000     0.00000
    -53.745         0.00000     0.00000     0.00000     0.00000
    -53.595         0.00000     0.00000     0.00000     0.00000
    -53.445         0.00000     0.00000     0.00000     0.00000
    -53.295         0.00000     0.00000     0.00000     0.00000
    -53.145         0.00000     0.00000     0.00000     0.00000
    -52.995         0.00000     0.00000     0.00000     0.00000
    -52.845         0.00000     0.00000     0.00000     0.00000
    -52.695         0.00000     0.00000     0.00000     0.00000
    -52.545         0.00000     0.00000     0.00000     0.00000
    -52.395         0.00000     0.00000     0.00000     0.00000
    -52.245         0.00000     0.00000     0.00000     0.00000
    -52.095         0.00000     0.00000     0.00000     0.00000
    -51.945         0.00000     0.00000     0.00000     0.00000
    -51.795         0.00000     0.00000     0.00000     0.00000
    -51.645         0.00000     0.00000     0.00000     0.00000
    -51.495         0.00000     0.00000     0.00000     0.00000
    -51.345         0.00000     0.00000     0.00000     0.00000
    -51.195         0.00000     0.00000     0.00000     0.00000
    -51.045         0.00000     0.00000     0.00000     0.00000
    -50.895         0.00000     0.00000     0.00000     0.00000
    -50.745         0.00000     0.00000     0.00000     0.00000
    -50.595         0.00000     0.00000     0.00000     0.00000
    -50.445         0.00000     0.00000     0.00000     0.00000
    -50.295         0.00000     0.00000     0.00000     0.00000
    -50.145         0.00000     0.00000     0.00000     0.00000
    -49.995         0.00000     0.00000     0.00000     0.00000
    -49.845         0.00000     0.00000     0.00000     0.00000
    -49.695         0.00000     0.00000     0.00000     0.00000
    -49.545         0.00000     0.00000     0.00000     0.00000
    -49.395         0.00000     0.00000     0.00000     0.00000
    -49.245         0.00000     0.00000     0.00000     0.00000
    -49.095         0.00000     0.00000     0.00000     0.00000
    -48.945         0.00000     0.00000     0.00000     0.00000
    -48.795         0.00000     0.00000     0.00000     0.00000
    -48.645         0.00000     0.00000     0.00000     0.00000
    -48.495         0.00000     0.00000     0.00000     0.00000
    -48.345         0.00000     0.00000     0.00000     0.00000
    -48.195         0.00000     0.00000     0.00000     0.00000
    -48.045         0.00000     0.00000     0.00000     0.00000
    -47.895         0.00000     0.00000     0.00000     0.00000
    -47.745         0.00000     0.00000     0.00000     0.00000
    -47.595         0.00000     0.00000     0.00000     0.00000
    -47.445         0.00000     0.00000     0.00000     0.00000
    -47.295         0.00000     0.00000     0.00000     0.00000
    -47.145         0.00000     0.00000     0.00000     0.00000
    -46.995         0.00000     0.00000     0.00000     0.00000
    -46.845         0.00000     0.00000     0.00000     0.00000
    -46.695         0.00000     0.00000     0.00000     0.00000
    -46.545         0.00000     0.00000     0.00000     0.00000
    -46.395         0.00000     0.00000     0.00000     0.00000
    -46.245         0.00000     0.00000     0.00000     0.00000
    -46.095         0.00000     0.00000     0.00000     0.00000
    -45.945         0.00000     0.00000     0.00000     0.00000
    -45.795         0.00000     0.00000     0.00000     0.00000
    -45.645         0.00000     0.00000     0.00000     0.00000
    -45.495         0.00000     0.00000     0.00000     0.00000
    -45.345         0.00000     0.00000     0.00000     0.00000
    -45.195         0.00000     0.00000     0.00000     0.00000
    -45.045         0.00000     0.00000     0.00000     0.00000
    -44.895         0.00000     0.00000     0.00000     0.00000
    -44.745         0.00000     0.00000     0.00000     0.00000
    -44.595         0.00000     0.00000     0.00000     0.00000
    -44.445         0.00000     0.00000     0.00000     0.00000
    -44.295         0.00000     0.00000     0.00000     0.00000
    -44.145         0.00000     0.00000     0.00000     0.00000
    -43.995         0.00000     0.00000     0.00000     0.00000
    -43.845         0.00000     0.00000     0.00000     0.00000
    -43.695         0.00000     0.00000     0.00000     0.00000
    -43.545         0.00000     0.00000     0.00000     0.00000
    -43.395         0.00000     0.00000     0.00000     0.00000
    -43.245         0.00000     0.00000     0.00000     0.00000
    -43.095         0.00000     0.00000     0.00000     0.00000
    -42.945         0.00000     0.00000     0.00000     0.00000
    -42.795         0.00000     0.00000     0.00000     0.00000
    -42.645         0.00000     0.00000     0.00000     0.00000
    -42.495         0.00000     0.00000     0.00000     0.00000
    -42.345         0.00000     0.00000     0.00000     0.00000
    -42.195         0.00000     0.00000     0.00000     0.00000
    -42.045         0.00000     0.00000     0.00000     0.00000
    -41.895         0.00000     0.00000     0.00000     0.00000
    -41.745         0.00000     0.00000     0.00000     0.00000
    -41.595         0.00000     0.00000     0.00000     0.00000
    -41.445         0.00000     0.00000     0.00000     0.00000
    -41.295         0.00000     0.00000     0.00000     0.00000
    -41.145         0.00000     0.00000     0.00000     0.00000
    -40.995         0.00000     0.00000     0.00000     0.00000
    -40.845         0.00000     0.00000     0.00000     0.00000
    -40.695         0.00000     0.00000     0.00000     0.00000
    -40.545         0.00000     0.00000     0.00000     0.00000
    -40.395         0.00000     0.00000     0.00000     0.00000
    -40.245         0.00000     0.00000     0.00000     0.00000
    -40.095         0.00000     0.00000     0.00000     0.00000
    -39.945         0.00000     0.00000     0.00000     0.00000
    -39.795         0.00000     0.00000     0.00000     0.00000
    -39.645         0.00000     0.00000     0.00000     0.00000
    -39.495         0.00000     0.00000     0.00000     0.00000
    -39.345         0.00000     0.00000     0.00000     0.00000
    -39.195         0.00000     0.00000     0.00000     0.00000
    -39.045         0.00000     0.00000     0.00000     0.00000
    -38.895         0.00000     0.00000     0.00000     0.00000
    -38.745         0.00000     0.00000     0.00000     0.00000
    -38.595         0.00000     0.00000     0.00000     0.00000
    -38.445         0.00000     0.00000     0.00000     0.00000
    -38.295         0.00000     0.00000     0.00000     0.00000
    -38.145         0.00000     0.00000     0.00000     0.00000
    -37.995         0.00000     0.00000     0.00000     0.00000
    -37.845         0.00000     0.00000     0.00000     0.00000
    -37.695         0.00000     0.00000     0.00000     0.00000
    -37.545         0.00000     0.00000     0.00000     0.00000
    -37.395         0.00000     0.00000     0.00000     0.00000
    -37.245         0.00000     0.00000     0.00000     0.00000
    -37.095         0.00000     0.00000     0.00000     0.00000
    -36.945         0.00000     0.00000     0.00000     0.00000
    -36.795         0.00000     0.00000     0.00000     0.00000
    -36.645         0.00000     0.00000     0.00000     0.00000
    -36.495         0.00000     0.00000     0.00000     0.00000
    -36.345         0.00000     0.00000     0.00000     0.00000
    -36.195         0.00000     0.00000     0.00000     0.00000
    -36.045         0.00000     0.00000     0.00000     0.00000
    -35.895         0.00000     0.00000     0.00000     0.00000
    -35.745         0.00000     0.00000     0.00000     0.00000
    -35.595         0.00000     0.00000     0.00000     0.00000
    -35.445         0.00000     0.00000     0.00000     0.00000
    -35.295         0.00000     0.00000     0.00000     0.00000
    -35.145         0.00000     0.00000     0.00000     0.00000
    -34.995         0.00000     0.00000     0.00000     0.00000
    -34.845         0.00000     0.00000     0.00000     0.00000
    -34.695         0.00000     0.00000     0.00000     0.00000
    -34.545         0.00000     0.00000     0.00000     0.00000
    -34.395         0.00000     0.00000     0.00000     0.00000
    -34.245         0.00000     0.00000     0.00000     0.00000
    -34.095         0.00000     0.00000     0.00000     0.00000
    -33.945         0.00000     0.00000     0.00000     0.00000
    -33.795         0.00000     0.00000     0.00000     0.00000
    -33.645         0.00000     0.00000     0.00000     0.00000
    -33.495         0.00000     0.00000     0.00000     0.00000
    -33.345         0.00000     0.00000     0.00000     0.00000
    -33.195         0.00000     0.00000     0.00000     0.00000
    -33.045         0.00000     0.00000     0.00000     0.00000
    -32.895         0.00000     0.00000     0.00000     0.00000
    -32.745         0.00000     0.00000     0.00000     0.00000
    -32.595         0.00000     0.00000     0.00000     0.00000
    -32.445         0.00000     0.00000     0.00000     0.00000
    -32.295         0.00000     0.00000     0.00000     0.00000
    -32.145         0.00000     0.00000     0.00000     0.00000
    -31.995         0.00000     0.00000     0.00000     0.00000
    -31.845         0.00000     0.00000     0.00000     0.00000
    -31.695         0.00000     0.00000     0.00000     0.00000
    -31.545         0.00000     0.00000     0.00000     0.00000
    -31.395         0.00000     0.00000     0.00000     0.00000
    -31.245         0.00000     0.00000     0.00000     0.00000
    -31.095         0.00000     0.00000     0.00000     0.00000
    -30.945         0.00000     0.00000     0.00000     0.00000
    -30.795         0.00000     0.00000     0.00000     0.00000
    -30.645         0.00000     0.00000     0.00000     0.00000
    -30.495         0.00000     0.00000     0.00000     0.00000
    -30.345         0.00000     0.00000     0.00000     0.00000
    -30.195         0.00000     0.00000     0.00000     0.00000
    -30.045         0.00000     0.00000     0.00000     0.00000
    -29.895         0.00000     0.00000     0.00000     0.00000
    -29.745         0.00000     0.00000     0.00000     0.00000
    -29.595         0.00000     0.00000     0.00000     0.00000
    -29.445         0.00000     0.00000     0.00000     0.00000
    -29.295         0.00000     0.00000     0.00000     0.00000
    -29.145         0.00000     0.00000     0.00000     0.00000
    -28.995         0.00000     0.00000     0.00000     0.00000
    -28.845         0.00000     0.00000     0.00000     0.00000
    -28.695         0.00000     0.00000     0.00000     0.00000
    -28.545         0.00000     0.00000     0.00000     0.00000
    -28.395         0.00000     0.00000     0.00000     0.00000
    -28.245         0.00000     0.00000     0.00000     0.00000
    -28.095         0.00000     0.00000     0.00000     0.00000
    -27.945         0.00000     0.00000     0.00000     0.00000
    -27.795         0.00000     0.00000     0.00000     0.00000
    -27.645         0.00000     0.00000     0.00000     0.00000
    -27.495         0.00000     0.00000     0.00000     0.00000
    -27.345         0.00000     0.00000     0.00000     0.00000
    -27.195         0.00000     0.00000     0.00000     0.00000
    -27.045         0.00000     0.00000     0.00000     0.00000
    -26.895         0.00000     0.00000     0.00000     0.00000
    -26.745         0.00000     0.00000     0.00000     0.00000
    -26.595         0.00000     0.00000     0.00000     0.00000
    -26.445         0.00000     0.00000     0.00000     0.00000
    -26.295         0.00000     0.00000     0.00000     0.00000
    -26.145         0.00000     0.00000     0.00000     0.00000
    -25.995         0.00000     0.00000     0.00000     0.00000
    -25.845         0.00000     0.00000     0.00000     0.00000
    -25.695         0.00000     0.00000     0.00000     0.00000
    -25.545         0.00000     0.00000     0.00000     0.00000
    -25.395         0.00000     0.00000     0.00000     0.00000
    -25.245         0.00000     0.00000     0.00000     0.00000
    -25.095         0.00000     0.00000     0.00000     0.00000
    -24.945         0.00000     0.00000     0.00000     0.00000
    -24.795         0.00000     0.00000     0.00000     0.00000
    -24.645         0.00000     0.00000     0.00000     0.00000
    -24.495         0.00000     0.00000     0.00000     0.00000
    -24.345         0.00000     0.00000     0.00000     0.00000
    -24.195         0.00000     0.00000     0.00000     0.00000
    -24.045         0.00000     0.00000     0.00000     0.00000
    -23.895         0.00000     0.00000     0.00000     0.00000
    -23.745         0.00000     0.00000     0.00000     0.00000
    -23.595         0.00000     0.00000     0.00000     0.00000
    -23.445         0.00000     0.00000     0.00000     0.00000
    -23.295         0.00000     0.00000     0.00000     0.00000
    -23.145         0.00000     0.00000     0.00000     0.00000
    -22.995         0.00000     0.00000     0.00000     0.00000
    -22.845         0.00000     0.00000     0.00000     0.00000
    -22.695         0.00000     0.00000     0.00000     0.00000
    -22.545         0.00000     0.00000     0.00000     0.00000
    -22.395         0.00000     0.00000     0.00000     0.00000
    -22.245         0.00000     0.00000     0.00000     0.00000
    -22.095         0.00000     0.00000     0.00000     0.00000
    -21.945         0.00000     0.00000     0.00000     0.00000
    -21.795         0.00000     0.00000     0.00000     0.00000
    -21.645         0.00000     0.00000     0.00000     0.00000
    -21.495         0.00000     0.00000     0.00000     0.00000
    -21.345         0.00000     0.00000     0.00000     0.00000
    -21.195         0.00000     0.00000     0.00000     0.00000
    -21.045         0.00000     0.00000     0.00000     0.00000
    -20.895         0.00000     0.00000     0.00000     0.00000
    -20.745         0.00000     0.00000     0.00000     0.00000
    -20.595         0.00000     0.00000     0.00000     0.00000
    -20.445         0.00000     0.00000     0.00000     0.00000
    -20.295         0.00000     0.00000     0.00000     0.00000
    -20.145         0.00000     0.00000     0.00000     0.00000
    -19.995         0.00000     0.00000     0.00000     0.00000
    -19.845         0.00000     0.00000     0.00000     0.00000
    -19.695         0.00000     0.00000     0.00000     0.00000
    -19.545         0.00000     0.00000     0.00000     0.00000
    -19.395         0.00000     0.00000     0.00000     0.00000
    -19.245         0.00000     0.00000     0.00000     0.00000
    -19.095         0.00000     0.00000     0.00000     0.00000
    -18.945         0.00000     0.00000     0.00000     0.00000
    -18.795         0.00000     0.00000     0.00000     0.00000
    -18.645         0.00000     0.00000     0.00000     0.00000
    -18.495         0.00000     0.00000     0.00000     0.00000
    -18.345         0.00000     0.00000     0.00000     0.00000
    -18.195         0.00000     0.00000     0.00000     0.00000
    -18.045         0.00000     0.00000     0.00000     0.00000
    -17.895         0.00000     0.00000     0.00000     0.00000
    -17.745         0.00000     0.00000     0.00000     0.00000
    -17.595         0.00000     0.00000     0.00000     0.00000
    -17.445         0.00000     0.00000     0.00000     0.00000
    -17.295         0.00000     0.00000     0.00000     0.00000
    -17.145         0.00000     0.00000     0.00000     0.00000
    -16.995         0.00000     0.00000     0.00000     0.00000
    -16.845         0.00000     0.00000     0.00000     0.00000
    -16.695         0.00000     0.00000     0.00000     0.00000
    -16.545         0.00000     0.00000     0.00000     0.00000
    -16.395         0.00000     0.00000     0.00000     0.00000
    -16.245         0.00000     0.00000     0.00000     0.00000
    -16.095         0.00000     0.00000     0.00000     0.00000
    -15.945         0.00000     0.00000     0.00000     0.00000
    -15.795         0.00000     0.00000     0.00000     0.00000
    -15.645         0.00000     0.00000     0.00000     0.00000
    -15.495         0.00000     0.00000     0.00000     0.00000
    -15.345         0.00000     0.00000     0.00000     0.00000
    -15.195         0.00000     0.00000     0.00000     0.00000
    -15.045         0.00000     0.00000     0.00000     0.00000
    -14.895         0.00000     0.00000     0.00000     0.00000
    -14.745         0.00000     0.00000     0.00000     0.00000
    -14.595         0.00000     0.00000     0.00000     0.00000
    -14.445         0.00000     0.00000     0.00000     0.00000
    -14.295         0.00000     0.00000     0.00000     0.00000
    -14.145         0.00000     0.00000     0.00000     0.00000
    -13.995         0.00000     0.00000     0.00000     0.00000
    -13.845         0.00000     0.00000     0.00000     0.00000
    -13.695         0.00000     0.00000     0.00000     0.00000
    -13.545         0.00000     0.00000     0.00000     0.00000
    -13.395         0.00000     0.00000     0.00000     0.00000
    -13.245         0.00000     0.00000     0.00000     0.00000
    -13.095         0.00000     0.00000     0.00000     0.00000
    -12.945         0.00000     0.00000     0.00000     0.00000
    -12.795         0.00000     0.00000     0.00000     0.00000
    -12.645         0.00000     0.00000     0.00000     0.00000
    -12.495         0.00000     0.00000     0.00000     0.00000
    -12.345         0.00000     0.00000     0.00000     0.00000
    -12.195         0.00000     0.00000     0.00000     0.00000
    -12.045         0.00000     0.00000     0.00000     0.00000
    -11.895         0.00000     0.00000     0.00000     0.00000
    -11.745         0.00000     0.00000     0.00000     0.00000
    -11.595         0.00000     0.00000     0.00000     0.00000
    -11.445         0.00000     0.00000     0.00000     0.00000
    -11.295         0.00000     0.00000     0.00000     0.00000
    -11.145         0.00000     0.00000     0.00000     0.00000
    -10.995         0.00000     0.00000     0.00000     0.00000
    -10.845         0.00000     0.00000     0.00000     0.00000
    -10.695         0.00000     0.00000     0.00000     0.00000
    -10.545         0.00000     0.00000     0.00000     0.00000
    -10.395         0.00000     0.00000     0.00000     0.00000
    -10.245         0.00000     0.00000     0.00000     0.00000
    -10.095         0.00000     0.00000     0.00000     0.00000
    -9.9450         0.00000     0.00000     0.00000     0.00000
    -9.7950         0.00000     0.00000     0.00000     0.00000
    -9.6450         0.00000     0.00000     0.00000     0.00000
    -9.4950         0.00000     0.00000     0.00000     0.00000
    -9.3450         0.00000     0.00000     0.00000     0.00000
    -9.1950         0.00000     0.00000     0.00000     0.00000
    -9.0450         0.00000     0.00000     0.00000     0.00000
    -8.8950         0.00000     0.00000     0.00000     0.00000
    -8.7450         0.00000     0.00000     0.00000     0.00000
    -8.5950         0.00000     0.00000     0.00000     0.00000
    -8.4450         0.00000     0.00000     0.00000     0.00000
    -8.2950         0.00000     0.00000     0.00000     0.00000
    -8.1450         0.00000     0.00000     0.00000     0.00000
    -7.9950         0.00000     0.00000     0.00000     0.00000
    -7.8450         0.00000     0.00000     0.00000     0.00000
    -7.6950         0.00000     0.00000     0.00000     0.00000
    -7.5450         0.00000     0.00000     0.00000     0.00000
    -7.3950         0.00000     0.00000     0.00000     0.00000
    -7.2450         0.00000     0.00000     0.00000     0.00000
    -7.0950         0.00000     0.00000     0.00000     0.00000
    -6.9450         0.00000     0.00000     0.00000     0.00000
    -6.7950         0.00000     0.00000     0.00000     0.00000
    -6.6450         0.00000     0.00000     0.00000     0.00000
    -6.4950         0.00000     0.00000     0.00000     0.00000
    -6.3450         0.00000     0.00000     0.00000     0.00000
    -6.1950         0.00000     0.00000     0.00000     0.00000
    -6.0450         0.00000     0.00000     0.00000     0.00000
    -5.8950         0.00000     0.00000     0.00000     0.00000
    -5.7450         0.00000     0.00000     0.00000     0.00000
    -5.5950         0.00000     0.00000     0.00000     0.00000
    -5.4450         0.00000     0.00000     0.00000     0.00000
    -5.2950         0.00000     0.00000     0.00000     0.00000
    -5.1450         0.00000     0.00000     0.00000     0.00000
    -4.9950         0.00000     0.00000     0.00000     0.00000
    -4.8450         0.00000     0.00000     0.00000     0.00000
    -4.6950         0.00000     0.00000     0.00000     0.00000
    -4.5450         0.00000     0.00000     0.00000     0.00000
    -4.3950         0.00000     0.00000     0.00000     0.00000
    -4.2450         0.00000     0.00000     0.00000     0.00000
    -4.0950         0.00000     0.00000     0.00000     0.00000
    -3.9450         0.00000     0.00000     0.00000     0.00000
    -3.7950         0.00000     0.00000     0.00000     0.00000
    -3.6450         0.00000     0.00000     0.00000     0.00000
    -3.4950         0.00000     0.00000     0.00000     0.00000
    -3.3450         0.00000     0.00000     0.00000     0.00000
    -3.1950         0.00000     0.00000     0.00000     0.00000
    -3.0450         0.00000     0.00000     0.00000     0.00000
    -2.8950         0.00000     0.00000     0.00000     0.00000
    -2.7450         0.00000     0.00000     0.00000     0.00000
    -2.5950         0.00000     0.00000     0.00000     0.00000
    -2.4450         0.00000     0.00000     0.00000     0.00000
    -2.2950         0.00000     0.00000     0.00000     0.00000
    -2.1450         0.00000     0.00000     0.00000     0.00000
    -1.9950         0.00000     0.00000     0.00000     0.00000
    -1.8450         0.00000     0.00000     0.00000     0.00000
    -1.6950        -0.00000    -0.00000     0.00000     0.00000
    -1.5450         0.00000     0.00000     0.00000     0.00000
    -1.3950         0.00000     0.00000     0.00000     0.00000
    -1.2450         0.00002     0.00002     0.00000     0.00000
    -1.0950        -0.00029    -0.00018     0.00000    -0.00011
   -0.94500        -0.00257    -0.00064     0.00000    -0.00193
   -0.79500        -0.01627    -0.00280     0.00001    -0.01349
   -0.64500        -0.09654    -0.00791    -0.00077    -0.08786
   -0.49500        -0.69976    -0.01806    -0.00652    -0.67519
   -0.34500        -2.90355    -0.03759    -0.02278    -2.84319
   -0.22700        -3.67298    -0.04672    -0.03054    -3.59571
   -0.21300        -3.75646    -0.04809    -0.03157    -3.67679
   -0.20700        -3.83859    -0.04908    -0.03255    -3.75696
   -0.20100        -3.91825    -0.05028    -0.03358    -3.83439
   -0.19500        -3.99660    -0.05149    -0.03461    -3.91050
   -0.18900        -4.07380    -0.05286    -0.03571    -3.98523
   -0.18300        -4.15106    -0.05411    -0.03679    -4.06015
   -0.17700        -4.22677    -0.05546    -0.03785    -4.13345
   -0.17100        -4.30174    -0.05686    -0.03888    -4.20601
   -0.16500        -4.37463    -0.05828    -0.03992    -4.27643
   -0.15900        -4.44812    -0.05960    -0.04114    -4.34738
   -0.15300        -4.51987    -0.06110    -0.04238    -4.41639
   -0.14700        -4.59221    -0.06264    -0.04361    -4.48596
   -0.14100        -4.66510    -0.06424    -0.04492    -4.55594
   -0.13500        -4.73779    -0.06578    -0.04627    -4.62574
   -0.12900        -4.80971    -0.06740    -0.04767    -4.69464
   -0.12300        -4.88235    -0.06914    -0.04915    -4.76406
   -0.11700        -4.95604    -0.07102    -0.05065    -4.83437
   -0.11100        -5.02931    -0.07303    -0.05231    -4.90398
   -0.10500        -5.10477    -0.07494    -0.05400    -4.97583
   -0.99000E-01    -5.18157    -0.07706    -0.05578    -5.04873
   -0.93000E-01    -5.25957    -0.07924    -0.05765    -5.12268
   -0.87000E-01    -5.33917    -0.08152    -0.05970    -5.19795
   -0.81000E-01    -5.42142    -0.08405    -0.06196    -5.27541
   -0.75000E-01    -5.50673    -0.08667    -0.06454    -5.35552
   -0.69000E-01    -5.59597    -0.08947    -0.06731    -5.43918
   -0.63000E-01    -5.68950    -0.09234    -0.07018    -5.52698
   -0.57000E-01    -5.78925    -0.09566    -0.07341    -5.62019
   -0.51000E-01    -5.89647    -0.09924    -0.07714    -5.72010
   -0.45000E-01    -6.01483    -0.10323    -0.08148    -5.83012
   -0.39000E-01    -6.14640    -0.10787    -0.08651    -5.95202
   -0.33000E-01    -6.29309    -0.11315    -0.09271    -6.08723
   -0.27000E-01    -6.46000    -0.11950    -0.10055    -6.23995
   -0.21300E-01    -6.58715    -0.12477    -0.10770    -6.35467
   -0.19500E-01    -6.60689    -0.12563    -0.10890    -6.37235
   -0.18900E-01    -6.62702    -0.12651    -0.11017    -6.39035
   -0.18300E-01    -6.64741    -0.12746    -0.11149    -6.40846
   -0.17700E-01    -6.66836    -0.12845    -0.11287    -6.42704
   -0.17100E-01    -6.68961    -0.12944    -0.11433    -6.44583
   -0.16500E-01    -6.71138    -0.13047    -0.11583    -6.46508
   -0.15900E-01    -6.73341    -0.13153    -0.11741    -6.48446
   -0.15300E-01    -6.75623    -0.13266    -0.11912    -6.50445
   -0.14700E-01    -6.77939    -0.13385    -0.12090    -6.52464
   -0.14100E-01    -6.80306    -0.13507    -0.12278    -6.54521
   -0.13500E-01    -6.82715    -0.13635    -0.12477    -6.56603
   -0.12900E-01    -6.85207    -0.13771    -0.12693    -6.58744
   -0.12300E-01    -6.87754    -0.13913    -0.12923    -6.60918
   -0.11700E-01    -6.90389    -0.14061    -0.13173    -6.63155
   -0.11100E-01    -6.93094    -0.14216    -0.13445    -6.65433
   -0.10500E-01    -6.95881    -0.14383    -0.13740    -6.67757
   -0.99000E-02    -6.98794    -0.14561    -0.14065    -6.70169
   -0.93000E-02    -7.01797    -0.14745    -0.14420    -6.72632
   -0.87000E-02    -7.04912    -0.14946    -0.14809    -6.75158
   -0.81000E-02    -7.08159    -0.15160    -0.15242    -6.77757
   -0.75000E-02    -7.11561    -0.15385    -0.15730    -6.80446
   -0.69000E-02    -7.15134    -0.15630    -0.16287    -6.83217
   -0.63000E-02    -7.18885    -0.15893    -0.16929    -6.86063
   -0.57000E-02    -7.22879    -0.16178    -0.17687    -6.89014
   -0.51000E-02    -7.27116    -0.16484    -0.18591    -6.92041
   -0.45000E-02    -7.31678    -0.16816    -0.19699    -6.95163
   -0.39000E-02    -7.36635    -0.17178    -0.21118    -6.98339
   -0.33000E-02    -7.42227    -0.17570    -0.23081    -7.01576
   -0.27000E-02    -7.48922    -0.17989    -0.26070    -7.04863
   -0.21000E-02    -7.57573    -0.18435    -0.30893    -7.08245
   -0.15000E-02    -7.68280    -0.18893    -0.37366    -7.12021
   -0.90000E-03    -7.77702    -0.19321    -0.40520    -7.17861
   -0.30000E-03    -9.23747    -0.19572    -0.41025    -8.63151
    0.30000E-03    -7.77895    -0.19067    -0.40773    -7.18055
    0.90000E-03    -7.69747    -0.15902    -0.40344    -7.13500
    0.15000E-02    -7.61358    -0.09424    -0.39885    -7.12050
    0.21000E-02    -7.55597    -0.04599    -0.39442    -7.11556
    0.27000E-02    -7.52021    -0.01613    -0.39025    -7.11383
    0.33000E-02    -7.49606     0.00351    -0.38635    -7.11322
    0.39000E-02    -7.47804     0.01770    -0.38275    -7.11299
    0.45000E-02    -7.46352     0.02879    -0.37942    -7.11289
    0.51000E-02    -7.45142     0.03783    -0.37640    -7.11285
    0.57000E-02    -7.44109     0.04530    -0.37358    -7.11282
    0.63000E-02    -7.43200     0.05175    -0.37094    -7.11280
    0.69000E-02    -7.42390     0.05736    -0.36848    -7.11279
    0.75000E-02    -7.41671     0.06225    -0.36619    -7.11277
    0.81000E-02    -7.41029     0.06652    -0.36404    -7.11276
    0.87000E-02    -7.40444     0.07036    -0.36205    -7.11275
    0.93000E-02    -7.39911     0.07380    -0.36018    -7.11273
    0.99000E-02    -7.39419     0.07692    -0.35840    -7.11271
    0.10500E-01    -7.38962     0.07980    -0.35673    -7.11269
    0.11100E-01    -7.38542     0.08242    -0.35518    -7.11267
    0.11700E-01    -7.38157     0.08479    -0.35372    -7.11265
    0.12300E-01    -7.37797     0.08698    -0.35233    -7.11263
    0.12900E-01    -7.37454     0.08903    -0.35096    -7.11260
    0.13500E-01    -7.37138     0.09092    -0.34972    -7.11258
    0.14100E-01    -7.36841     0.09269    -0.34853    -7.11256
    0.14700E-01    -7.36563     0.09432    -0.34742    -7.11254
    0.15300E-01    -7.36294     0.09590    -0.34632    -7.11252
    0.15900E-01    -7.36041     0.09737    -0.34530    -7.11249
    0.16500E-01    -7.35808     0.09871    -0.34433    -7.11246
    0.17100E-01    -7.35583     0.10000    -0.34340    -7.11243
    0.17700E-01    -7.35375     0.10117    -0.34252    -7.11240
    0.18300E-01    -7.35181     0.10225    -0.34168    -7.11237
    0.18900E-01    -7.34987     0.10332    -0.34084    -7.11234
    0.19500E-01    -7.34802     0.10436    -0.34007    -7.11231
    0.21300E-01    -7.33750     0.11010    -0.33554    -7.11206
    0.27000E-01    -7.32662     0.11565    -0.33066    -7.11161
    0.33000E-01    -7.31917     0.11919    -0.32729    -7.11107
    0.39000E-01    -7.31370     0.12157    -0.32483    -7.11044
    0.45000E-01    -7.30973     0.12310    -0.32308    -7.10976
    0.51000E-01    -7.30655     0.12416    -0.32175    -7.10896
    0.57000E-01    -7.30395     0.12491    -0.32078    -7.10808
    0.63000E-01    -7.30174     0.12546    -0.32007    -7.10713
    0.69000E-01    -7.29998     0.12578    -0.31959    -7.10617
    0.75000E-01    -7.29813     0.12606    -0.31911    -7.10508
    0.81000E-01    -7.29643     0.12626    -0.31883    -7.10386
    0.87000E-01    -7.29491     0.12638    -0.31854    -7.10275
    0.93000E-01    -7.29331     0.12647    -0.31828    -7.10150
    0.99000E-01    -7.29170     0.12654    -0.31809    -7.10015
    0.10500        -7.29019     0.12660    -0.31793    -7.09885
    0.11100        -7.28868     0.12666    -0.31785    -7.09749
    0.11700        -7.28704     0.12670    -0.31771    -7.09603
    0.12300        -7.28552     0.12677    -0.31767    -7.09462
    0.12900        -7.28366     0.12707    -0.31762    -7.09311
    0.13500        -7.28197     0.12712    -0.31758    -7.09151
    0.14100        -7.27998     0.12740    -0.31756    -7.08982
    0.14700        -7.27809     0.12744    -0.31751    -7.08802
    0.15300        -7.27594     0.12770    -0.31749    -7.08615
    0.15900        -7.27404     0.12775    -0.31748    -7.08431
    0.16500        -7.27211     0.12800    -0.31746    -7.08264
    0.17100        -7.27019     0.12804    -0.31738    -7.08086
    0.17700        -7.26822     0.12809    -0.31730    -7.07901
    0.18300        -7.26627     0.12814    -0.31728    -7.07713
    0.18900        -7.26411     0.12818    -0.31722    -7.07507
    0.19500        -7.26201     0.12824    -0.31716    -7.07309
    0.20100        -7.25970     0.12847    -0.31711    -7.07107
    0.20700        -7.25760     0.12852    -0.31706    -7.06906
    0.21300        -7.25543     0.12875    -0.31702    -7.06716
    0.22700        -7.23621     0.12923    -0.31665    -7.04879
    0.34500        -7.16959     0.13077    -0.31576    -6.98459
    0.49500        -7.09910     0.13233    -0.31501    -6.91642
    0.64500        -7.02657     0.13431    -0.31435    -6.84653
    0.79500        -6.95260     0.13624    -0.31373    -6.77512
    0.94500        -6.87855     0.13799    -0.31318    -6.70336
     1.0950        -6.80514     0.13960    -0.31268    -6.63207
     1.2450        -6.73252     0.14123    -0.31220    -6.56155
     1.3950        -6.66097     0.14306    -0.31177    -6.49226
     1.5450        -6.59079     0.14476    -0.31137    -6.42418
     1.6950        -6.52284     0.14613    -0.31099    -6.35798
     1.8450        -6.45731     0.14760    -0.31063    -6.29429
     1.9950        -6.39377     0.14898    -0.31030    -6.23245
     2.1450        -6.33278     0.15029    -0.30997    -6.17310
     2.2950        -6.27365     0.15152    -0.30967    -6.11550
     2.4450        -6.21727     0.15269    -0.30937    -6.06058
     2.5950        -6.16289     0.15380    -0.30910    -6.00759
     2.7450        -6.11037     0.15485    -0.30882    -5.95640
     2.8950        -6.06029     0.15586    -0.30857    -5.90757
     3.0450        -6.01177     0.15682    -0.30832    -5.86028
     3.1950        -5.96543     0.15774    -0.30807    -5.81509
     3.3450        -5.92062     0.15863    -0.30783    -5.77142
     3.4950        -5.87744     0.15948    -0.30759    -5.72934
     3.6450        -5.83583     0.16030    -0.30736    -5.68877
     3.7950        -5.79543     0.16110    -0.30714    -5.64939
     3.9450        -5.75645     0.16186    -0.30694    -5.61136
     4.0950        -5.71881     0.16259    -0.30673    -5.57467
     4.2450        -5.68236     0.16330    -0.30654    -5.53912
     4.3950        -5.64699     0.16400    -0.30634    -5.50464
     4.5450        -5.61282     0.16467    -0.30615    -5.47134
     4.6950        -5.57964     0.16532    -0.30596    -5.43900
     4.8450        -5.54741     0.16595    -0.30579    -5.40757
     4.9950        -5.51606     0.16657    -0.30562    -5.37701
     5.1450        -5.48562     0.16717    -0.30546    -5.34732
     5.2950        -5.45598     0.16775    -0.30530    -5.31842
     5.4450        -5.42709     0.16832    -0.30514    -5.29027
     5.5950        -5.39898     0.16887    -0.30499    -5.26286
     5.7450        -5.37155     0.16942    -0.30483    -5.23614
     5.8950        -5.34476     0.16994    -0.30467    -5.21002
     6.0450        -5.31864     0.17045    -0.30453    -5.18457
     6.1950        -5.29306     0.17096    -0.30437    -5.15965
     6.3450        -5.26810     0.17145    -0.30423    -5.13532
     6.4950        -5.24369     0.17194    -0.30408    -5.11154
     6.6450        -5.21988     0.17240    -0.30395    -5.08834
     6.7950        -5.19654     0.17287    -0.30380    -5.06561
     6.9450        -5.17368     0.17331    -0.30366    -5.04333
     7.0950        -5.15130     0.17375    -0.30353    -5.02152
     7.2450        -5.12939     0.17417    -0.30341    -5.00016
     7.3950        -5.10787     0.17460    -0.30328    -4.97919
     7.5450        -5.08681     0.17501    -0.30315    -4.95866
     7.6950        -5.06610     0.17542    -0.30303    -4.93849
     7.8450        -5.04584     0.17582    -0.30291    -4.91875
     7.9950        -5.02596     0.17621    -0.30279    -4.89938
     8.1450        -5.00644     0.17659    -0.30269    -4.88035
     8.2950        -4.98719     0.17698    -0.30256    -4.86160
     8.4450        -4.96829     0.17734    -0.30245    -4.84318
     8.5950        -4.94972     0.17771    -0.30234    -4.82509
     8.7450        -4.93148     0.17806    -0.30223    -4.80732
     8.8950        -4.91351     0.17841    -0.30211    -4.78981
     9.0450        -4.89586     0.17876    -0.30200    -4.77261
     9.1950        -4.87850     0.17910    -0.30189    -4.75571
     9.3450        -4.86139     0.17943    -0.30180    -4.73903
     9.4950        -4.84456     0.17977    -0.30169    -4.72264
     9.6450        -4.82804     0.18010    -0.30159    -4.70654
     9.7950        -4.81172     0.18041    -0.30149    -4.69065
     9.9450        -4.79568     0.18073    -0.30140    -4.67502
     10.095        -4.77994     0.18104    -0.30130    -4.65968
     10.245        -4.76440     0.18134    -0.30120    -4.64454
     10.395        -4.74908     0.18165    -0.30112    -4.62961
     10.545        -4.73396     0.18194    -0.30102    -4.61488
     10.695        -4.71909     0.18224    -0.30093    -4.60039
     10.845        -4.70437     0.18252    -0.30083    -4.58606
     10.995        -4.68991     0.18281    -0.30075    -4.57197
     11.145        -4.67563     0.18309    -0.30066    -4.55805
     11.295        -4.66152     0.18336    -0.30058    -4.54430
     11.445        -4.64760     0.18364    -0.30050    -4.53074
     11.595        -4.63387     0.18391    -0.30041    -4.51737
     11.745        -4.62033     0.18418    -0.30032    -4.50418
     11.895        -4.60694     0.18444    -0.30024    -4.49114
     12.045        -4.59373     0.18469    -0.30017    -4.47826
     12.195        -4.58068     0.18495    -0.30009    -4.46554
     12.345        -4.56777     0.18520    -0.30001    -4.45297
     12.495        -4.55502     0.18545    -0.29993    -4.44054
     12.645        -4.54246     0.18570    -0.29985    -4.42830
     12.795        -4.53002     0.18594    -0.29977    -4.41620
     12.945        -4.51775     0.18618    -0.29970    -4.40423
     13.095        -4.50564     0.18642    -0.29963    -4.39243
     13.245        -4.49365     0.18666    -0.29955    -4.38075
     13.395        -4.48183     0.18689    -0.29948    -4.36924
     13.545        -4.47013     0.18712    -0.29940    -4.35784
     13.695        -4.45855     0.18734    -0.29933    -4.34657
     13.845        -4.44709     0.18757    -0.29926    -4.33539
     13.995        -4.43577     0.18779    -0.29920    -4.32436
     14.145        -4.42460     0.18801    -0.29913    -4.31348
     14.295        -4.41349     0.18823    -0.29906    -4.30266
     14.445        -4.40254     0.18844    -0.29898    -4.29200
     14.595        -4.39167     0.18866    -0.29891    -4.28142
     14.745        -4.38091     0.18887    -0.29884    -4.27094
     14.895        -4.37031     0.18908    -0.29877    -4.26062
     15.045        -4.35982     0.18929    -0.29870    -4.25040
     15.195        -4.34942     0.18949    -0.29864    -4.24027
     15.345        -4.33912     0.18969    -0.29857    -4.23024
     15.495        -4.32896     0.18989    -0.29851    -4.22035
     15.645        -4.31887     0.19010    -0.29844    -4.21052
     15.795        -4.30886     0.19029    -0.29837    -4.20078
     15.945        -4.29896     0.19049    -0.29831    -4.19115
     16.095        -4.28915     0.19069    -0.29824    -4.18161
     16.245        -4.27945     0.19088    -0.29817    -4.17216
     16.395        -4.26986     0.19107    -0.29811    -4.16282
     16.545        -4.26033     0.19126    -0.29805    -4.15354
     16.695        -4.25090     0.19144    -0.29798    -4.14436
     16.845        -4.24159     0.19163    -0.29792    -4.13530
     16.995        -4.23233     0.19181    -0.29786    -4.12628
     17.145        -4.22311     0.19199    -0.29780    -4.11729
     17.295        -4.21399     0.19217    -0.29774    -4.10842
     17.445        -4.20500     0.19234    -0.29769    -4.09965
     17.595        -4.19604     0.19252    -0.29762    -4.09094
     17.745        -4.18721     0.19269    -0.29756    -4.08234
     17.895        -4.17842     0.19287    -0.29750    -4.07379
     18.045        -4.16973     0.19304    -0.29744    -4.06533
     18.195        -4.16109     0.19322    -0.29738    -4.05692
     18.345        -4.15253     0.19338    -0.29733    -4.04859
     18.495        -4.14407     0.19355    -0.29727    -4.04035
     18.645        -4.13566     0.19372    -0.29721    -4.03217
     18.795        -4.12732     0.19388    -0.29716    -4.02405
     18.945        -4.11907     0.19405    -0.29710    -4.01601
     19.095        -4.11087     0.19421    -0.29704    -4.00804
     19.245        -4.10274     0.19437    -0.29699    -4.00012
     19.395        -4.09466     0.19452    -0.29693    -3.99225
     19.545        -4.08667     0.19468    -0.29688    -3.98447
     19.695        -4.07872     0.19484    -0.29683    -3.97674
     19.845        -4.07084     0.19500    -0.29677    -3.96906
     19.995        -4.06302     0.19515    -0.29671    -3.96146
     20.145        -4.05531     0.19530    -0.29666    -3.95394
     20.295        -4.04762     0.19545    -0.29661    -3.94646
     20.445        -4.03995     0.19561    -0.29656    -3.93900
     20.595        -4.03236     0.19576    -0.29651    -3.93161
     20.745        -4.02486     0.19591    -0.29646    -3.92431
     20.895        -4.01741     0.19605    -0.29641    -3.91705
     21.045        -4.01000     0.19620    -0.29635    -3.90984
     21.195        -4.00266     0.19634    -0.29630    -3.90269
     21.345        -3.99535     0.19649    -0.29625    -3.89559
     21.495        -3.98811     0.19663    -0.29621    -3.88854
     21.645        -3.98093     0.19677    -0.29616    -3.88153
     21.795        -3.97380     0.19691    -0.29611    -3.87460
     21.945        -3.96671     0.19705    -0.29606    -3.86770
     22.095        -3.95967     0.19719    -0.29601    -3.86085
     22.245        -3.95267     0.19732    -0.29596    -3.85403
     22.395        -3.94574     0.19746    -0.29591    -3.84730
     22.545        -3.93885     0.19759    -0.29586    -3.84059
     22.695        -3.93203     0.19773    -0.29581    -3.83395
     22.845        -3.92526     0.19786    -0.29576    -3.82736
     22.995        -3.91848     0.19799    -0.29572    -3.82075
     23.145        -3.91176     0.19813    -0.29568    -3.81421
     23.295        -3.90508     0.19826    -0.29563    -3.80771
     23.445        -3.89848     0.19839    -0.29559    -3.80128
     23.595        -3.89192     0.19852    -0.29554    -3.79490
     23.745        -3.88540     0.19865    -0.29550    -3.78856
     23.895        -3.87891     0.19877    -0.29545    -3.78223
     24.045        -3.87245     0.19890    -0.29540    -3.77595
     24.195        -3.86607     0.19902    -0.29536    -3.76973
     24.345        -3.85970     0.19915    -0.29532    -3.76353
     24.495        -3.85342     0.19927    -0.29528    -3.75741
     24.645        -3.84714     0.19940    -0.29523    -3.75130
     24.795        -3.84091     0.19952    -0.29519    -3.74523
     24.945        -3.83474     0.19964    -0.29515    -3.73923
     25.095        -3.82857     0.19976    -0.29511    -3.73322
     25.245        -3.82244     0.19988    -0.29507    -3.72725
     25.395        -3.81634     0.20000    -0.29503    -3.72132
     25.545        -3.81032     0.20012    -0.29499    -3.71545
     25.695        -3.80432     0.20024    -0.29495    -3.70961
     25.845        -3.79839     0.20035    -0.29491    -3.70384
     25.995        -3.79247     0.20047    -0.29487    -3.69807
     26.145        -3.78657     0.20059    -0.29483    -3.69234
     26.295        -3.78072     0.20070    -0.29478    -3.68664
     26.445        -3.77490     0.20082    -0.29474    -3.68098
     26.595        -3.76912     0.20094    -0.29470    -3.67535
     26.745        -3.76335     0.20105    -0.29466    -3.66974
     26.895        -3.75763     0.20116    -0.29462    -3.66418
     27.045        -3.75195     0.20127    -0.29458    -3.65865
     27.195        -3.74630     0.20139    -0.29454    -3.65315
     27.345        -3.74068     0.20150    -0.29450    -3.64768
     27.495        -3.73507     0.20161    -0.29446    -3.64222
     27.645        -3.72951     0.20172    -0.29442    -3.63681
     27.795        -3.72399     0.20183    -0.29439    -3.63143
     27.945        -3.71851     0.20194    -0.29435    -3.62610
     28.095        -3.71306     0.20204    -0.29431    -3.62079
     28.245        -3.70764     0.20215    -0.29427    -3.61552
     28.395        -3.70225     0.20226    -0.29423    -3.61027
     28.545        -3.69692     0.20236    -0.29419    -3.60509
     28.695        -3.69159     0.20246    -0.29416    -3.59989
     28.845        -3.68627     0.20257    -0.29412    -3.59472
     28.995        -3.68102     0.20267    -0.29409    -3.58960
     29.145        -3.67577     0.20277    -0.29405    -3.58450
     29.295        -3.67055     0.20288    -0.29401    -3.57942
     29.445        -3.66537     0.20298    -0.29397    -3.57438
     29.595        -3.66020     0.20308    -0.29393    -3.56935
     29.745        -3.65506     0.20319    -0.29389    -3.56435
     29.895        -3.64996     0.20329    -0.29386    -3.55939
     30.045        -3.64488     0.20339    -0.29382    -3.55444
     30.195        -3.63984     0.20348    -0.29379    -3.54954
     30.345        -3.63483     0.20358    -0.29375    -3.54467
     30.495        -3.62983     0.20368    -0.29371    -3.53980
     30.645        -3.62487     0.20378    -0.29368    -3.53497
     30.795        -3.61992     0.20388    -0.29364    -3.53015
     30.945        -3.61499     0.20398    -0.29361    -3.52536
     31.095        -3.61012     0.20407    -0.29357    -3.52061
     31.245        -3.60525     0.20416    -0.29354    -3.51588
     31.395        -3.60042     0.20426    -0.29350    -3.51118
     31.545        -3.59559     0.20435    -0.29347    -3.50647
     31.695        -3.59079     0.20445    -0.29343    -3.50181
     31.845        -3.58602     0.20454    -0.29340    -3.49716
     31.995        -3.58126     0.20463    -0.29336    -3.49254
     32.145        -3.57654     0.20472    -0.29333    -3.48793
     32.295        -3.57185     0.20482    -0.29329    -3.48338
     32.445        -3.56717     0.20491    -0.29326    -3.47883
     32.595        -3.56254     0.20500    -0.29323    -3.47431
     32.745        -3.55789     0.20509    -0.29320    -3.46979
     32.895        -3.55328     0.20518    -0.29316    -3.46530
     33.045        -3.54871     0.20527    -0.29313    -3.46086
     33.195        -3.54414     0.20537    -0.29309    -3.45641
     33.345        -3.53960     0.20546    -0.29305    -3.45200
     33.495        -3.53509     0.20554    -0.29302    -3.44761
     33.645        -3.53059     0.20563    -0.29299    -3.44324
     33.795        -3.52610     0.20572    -0.29295    -3.43886
     33.945        -3.52166     0.20581    -0.29292    -3.43455
     34.095        -3.51725     0.20589    -0.29289    -3.43026
     34.245        -3.51286     0.20598    -0.29286    -3.42599
     34.395        -3.50849     0.20607    -0.29283    -3.42173
     34.545        -3.50412     0.20616    -0.29280    -3.41749
     34.695        -3.49975     0.20625    -0.29277    -3.41324
     34.845        -3.49541     0.20634    -0.29273    -3.40901
     34.995        -3.49109     0.20642    -0.29270    -3.40481
     35.145        -3.48679     0.20650    -0.29267    -3.40063
     35.295        -3.48251     0.20659    -0.29264    -3.39647
     35.445        -3.47826     0.20668    -0.29260    -3.39233
     35.595        -3.47402     0.20676    -0.29258    -3.38821
     35.745        -3.46982     0.20684    -0.29255    -3.38412
     35.895        -3.46563     0.20692    -0.29251    -3.38004
     36.045        -3.46147     0.20701    -0.29248    -3.37599
     36.195        -3.45730     0.20708    -0.29245    -3.37194
     36.345        -3.45315     0.20717    -0.29242    -3.36790
     36.495        -3.44903     0.20725    -0.29239    -3.36389
     36.645        -3.44493     0.20733    -0.29236    -3.35990
     36.795        -3.44087     0.20741    -0.29233    -3.35595
     36.945        -3.43680     0.20749    -0.29230    -3.35199
     37.095        -3.43275     0.20757    -0.29227    -3.34805
     37.245        -3.42872     0.20765    -0.29224    -3.34413
     37.395        -3.42471     0.20773    -0.29222    -3.34022
     37.545        -3.42070     0.20781    -0.29219    -3.33631
     37.695        -3.41670     0.20789    -0.29216    -3.33242
     37.845        -3.41273     0.20797    -0.29214    -3.32856
     37.995        -3.40879     0.20805    -0.29211    -3.32473
     38.145        -3.40488     0.20813    -0.29208    -3.32093
     38.295        -3.40098     0.20820    -0.29205    -3.31714
     38.445        -3.39709     0.20828    -0.29202    -3.31335
     38.595        -3.39321     0.20835    -0.29199    -3.30957
     38.745        -3.38934     0.20843    -0.29196    -3.30581
     38.895        -3.38549     0.20851    -0.29194    -3.30206
     39.045        -3.38165     0.20858    -0.29191    -3.29833
     39.195        -3.37783     0.20866    -0.29187    -3.29461
     39.345        -3.37402     0.20873    -0.29185    -3.29091
     39.495        -3.37021     0.20881    -0.29182    -3.28720
     39.645        -3.36644     0.20888    -0.29179    -3.28353
     39.795        -3.36268     0.20896    -0.29177    -3.27987
     39.945        -3.35895     0.20903    -0.29174    -3.27624
     40.095        -3.35524     0.20911    -0.29172    -3.27263
     40.245        -3.35153     0.20918    -0.29169    -3.26902
     40.395        -3.34784     0.20925    -0.29166    -3.26543
     40.545        -3.34416     0.20932    -0.29164    -3.26185
     40.695        -3.34050     0.20939    -0.29161    -3.25829
     40.845        -3.33685     0.20947    -0.29158    -3.25473
     40.995        -3.33322     0.20954    -0.29156    -3.25120
     41.145        -3.32959     0.20961    -0.29153    -3.24767
     41.295        -3.32599     0.20968    -0.29151    -3.24417
     41.445        -3.32240     0.20976    -0.29148    -3.24067
     41.595        -3.31882     0.20983    -0.29146    -3.23719
     41.745        -3.31525     0.20990    -0.29143    -3.23372
     41.895        -3.31170     0.20996    -0.29140    -3.23026
     42.045        -3.30815     0.21003    -0.29138    -3.22681
     42.195        -3.30464     0.21011    -0.29135    -3.22340
     42.345        -3.30111     0.21018    -0.29132    -3.21997
     42.495        -3.29762     0.21024    -0.29129    -3.21657
     42.645        -3.29413     0.21031    -0.29127    -3.21317
     42.795        -3.29067     0.21038    -0.29125    -3.20980
     42.945        -3.28721     0.21045    -0.29122    -3.20643
     43.095        -3.28376     0.21052    -0.29120    -3.20308
     43.245        -3.28033     0.21058    -0.29118    -3.19973
     43.395        -3.27694     0.21065    -0.29115    -3.19644
     43.545        -3.27354     0.21072    -0.29112    -3.19313
     43.695        -3.27015     0.21079    -0.29110    -3.18984
     43.845        -3.26676     0.21085    -0.29108    -3.18654
     43.995        -3.26340     0.21092    -0.29105    -3.18327
     44.145        -3.26002     0.21099    -0.29102    -3.17998
     44.295        -3.25667     0.21105    -0.29100    -3.17672
     44.445        -3.25334     0.21112    -0.29097    -3.17348
     44.595        -3.25003     0.21118    -0.29095    -3.17026
     44.745        -3.24673     0.21125    -0.29093    -3.16705
     44.895        -3.24344     0.21131    -0.29090    -3.16385
     45.045        -3.24017     0.21138    -0.29088    -3.16067
     45.195        -3.23689     0.21144    -0.29085    -3.15748
     45.345        -3.23364     0.21150    -0.29083    -3.15431
     45.495        -3.23038     0.21157    -0.29080    -3.15114
     45.645        -3.22715     0.21163    -0.29078    -3.14800
     45.795        -3.22394     0.21169    -0.29075    -3.14488
     45.945        -3.22074     0.21175    -0.29072    -3.14176
     46.095        -3.21754     0.21181    -0.29070    -3.13866
     46.245        -3.21436     0.21188    -0.29068    -3.13556
     46.395        -3.21118     0.21194    -0.29065    -3.13247
     46.545        -3.20801     0.21201    -0.29063    -3.12939
     46.695        -3.20488     0.21207    -0.29060    -3.12634
     46.845        -3.20172     0.21213    -0.29058    -3.12328
     46.995        -3.19858     0.21219    -0.29056    -3.12021
     47.145        -3.19545     0.21225    -0.29054    -3.11716
     47.295        -3.19234     0.21232    -0.29051    -3.11414
     47.445        -3.18923     0.21238    -0.29049    -3.11112
     47.595        -3.18613     0.21244    -0.29046    -3.10810
     47.745        -3.18306     0.21250    -0.29044    -3.10511
     47.895        -3.17998     0.21256    -0.29041    -3.10213
     48.045        -3.17693     0.21262    -0.29039    -3.09916
     48.195        -3.17388     0.21268    -0.29037    -3.09620
     48.345        -3.17084     0.21274    -0.29034    -3.09324
     48.495        -3.16782     0.21280    -0.29032    -3.09030
     48.645        -3.16480     0.21286    -0.29029    -3.08737
     48.795        -3.16181     0.21292    -0.29027    -3.08446
     48.945        -3.15880     0.21298    -0.29025    -3.08154
     49.095        -3.15581     0.21304    -0.29022    -3.07863
     49.245        -3.15283     0.21310    -0.29020    -3.07572
     49.395        -3.14983     0.21316    -0.29018    -3.07281
     49.545        -3.14688     0.21322    -0.29016    -3.06994
     49.695        -3.14392     0.21328    -0.29014    -3.06706
     49.845        -3.14100     0.21333    -0.29011    -3.06421
     49.995        -3.13807     0.21339    -0.29009    -3.06137
     50.145        -3.13515     0.21345    -0.29007    -3.05853
     50.295        -3.13223     0.21350    -0.29005    -3.05569
     50.445        -3.12933     0.21356    -0.29003    -3.05286
     50.595        -3.12645     0.21362    -0.29001    -3.05006
     50.745        -3.12355     0.21367    -0.28999    -3.04724
     50.895        -3.12068     0.21373    -0.28997    -3.04444
     51.045        -3.11782     0.21379    -0.28994    -3.04166
     51.195        -3.11496     0.21385    -0.28992    -3.03888
     51.345        -3.11210     0.21390    -0.28990    -3.03610
     51.495        -3.10926     0.21396    -0.28988    -3.03334
     51.645        -3.10643     0.21401    -0.28986    -3.03059
     51.795        -3.10359     0.21407    -0.28983    -3.02783
     51.945        -3.10077     0.21413    -0.28981    -3.02509
     52.095        -3.09797     0.21418    -0.28979    -3.02236
     52.245        -3.09516     0.21424    -0.28977    -3.01963
     52.395        -3.09237     0.21429    -0.28974    -3.01692
     52.545        -3.08961     0.21434    -0.28973    -3.01423
     52.695        -3.08685     0.21440    -0.28970    -3.01155
     52.845        -3.08409     0.21445    -0.28968    -3.00887
     52.995        -3.08134     0.21451    -0.28966    -3.00620
     53.145        -3.07860     0.21457    -0.28964    -3.00353
     53.295        -3.07586     0.21462    -0.28961    -3.00087
     53.445        -3.07314     0.21468    -0.28959    -2.99822
     53.595        -3.07042     0.21473    -0.28957    -2.99558
     53.745        -3.06771     0.21479    -0.28955    -2.99294
     53.895        -3.06499     0.21484    -0.28953    -2.99031
     54.045        -3.06230     0.21489    -0.28951    -2.98768
     54.195        -3.05961     0.21495    -0.28949    -2.98507
     54.345        -3.05692     0.21500    -0.28946    -2.98246
     54.495        -3.05427     0.21505    -0.28944    -2.97987
     54.645        -3.05160     0.21510    -0.28942    -2.97727
     54.795        -3.04894     0.21515    -0.28940    -2.97469
     54.945        -3.04630     0.21521    -0.28939    -2.97212
     55.095        -3.04365     0.21526    -0.28937    -2.96954
     59.433        -2.83743     0.21935    -0.28778    -2.76900
     80.646        -2.53722     0.22531    -0.28538    -2.47715
     111.21        -2.24688     0.23110    -0.28300    -2.19498
     153.36        -1.96669     0.23668    -0.28064    -1.92272
     211.49        -1.69661     0.24205    -0.27834    -1.66032
     291.64        -1.43668     0.24719    -0.27608    -1.40779
     402.18        -1.18672     0.25213    -0.27386    -1.16500
     554.60        -0.94643     0.25691    -0.27169    -0.93165
     764.80        -0.71575     0.26150    -0.26959    -0.70766
     1054.7        -0.49409     0.26589    -0.26756    -0.49242
     1454.4        -0.28115     0.27011    -0.26558    -0.28568
     2005.6        -0.07700     0.27416    -0.26368    -0.08749
     2765.8         0.11918     0.27805    -0.26184     0.10297
     3814.0         0.30762     0.28178    -0.26008     0.28593
     5259.5         0.48837     0.28537    -0.25838     0.46137
     7252.9         0.66202     0.28881    -0.25674     0.62995
     10002.         0.82858     0.29209    -0.25519     0.79169
     13793.         0.98828     0.29524    -0.25370     0.94673
     19020.         1.14124     0.29828    -0.25226     1.09522
     26229.         1.28760     0.30117    -0.25089     1.23732
     36170.         1.42745     0.30394    -0.24960     1.37311
     49878.         1.56098     0.30660    -0.24835     1.50272
     68782.         1.68836     0.30915    -0.24717     1.62638
     94851.         1.80971     0.31159    -0.24604     1.74416
    0.13080E+06     1.92533     0.31392    -0.24497     1.85638
    0.18038E+06     2.03544     0.31613    -0.24396     1.96328
    0.24874E+06     2.14029     0.31825    -0.24299     2.06504
    0.34301E+06     2.24004     0.32026    -0.24209     2.16187
    0.47302E+06     2.33489     0.32218    -0.24122     2.25394
    0.65229E+06     2.42504     0.32401    -0.24039     2.34141
    0.89952E+06     2.51079     0.32576    -0.23962     2.42465
    0.12404E+07     2.59229     0.32742    -0.23889     2.50376
    0.17106E+07     2.66973     0.32899    -0.23820     2.57894
    0.23589E+07     2.74330     0.33049    -0.23754     2.65035
    0.32529E+07     2.81320     0.33191    -0.23692     2.71821
    0.44858E+07     2.87968     0.33326    -0.23634     2.78276
    0.61860E+07     2.94291     0.33455    -0.23578     2.84413
    0.85305E+07     3.00293     0.33577    -0.23525     2.90241
    0.11764E+08     3.05992     0.33692    -0.23475     2.95774
    0.16222E+08     3.11404     0.33801    -0.23429     3.01032
    0.22370E+08     3.16544     0.33906    -0.23386     3.06024
    0.30849E+08     3.21409     0.34005    -0.23345     3.10748
    0.42541E+08     3.25973     0.34099    -0.23307     3.15180
    0.58664E+08     3.30252     0.34188    -0.23271     3.19335
    0.80898E+08     3.34274     0.34273    -0.23238     3.23239
    0.11156E+09     3.38057     0.34353    -0.23208     3.26912
    0.15384E+09     3.41620     0.34427    -0.23179     3.30372
    0.21215E+09     3.44973     0.34498    -0.23153     3.33629
    0.29255E+09     3.48147     0.34564    -0.23129     3.36711
    0.40343E+09     3.51127     0.34627    -0.23106     3.39607
    0.55633E+09     3.53940     0.34685    -0.23084     3.42340
    0.76719E+09     3.56513     0.34740    -0.23066     3.44839
    0.10580E+10     3.58844     0.34792    -0.23048     3.47100
    0.14589E+10     3.60986     0.34841    -0.23032     3.49177
    0.20119E+10     3.62951     0.34886    -0.23017     3.51082
    0.27744E+10     3.64763     0.34926    -0.23004     3.52840
    0.38259E+10     3.66429     0.34963    -0.22991     3.54457
    0.52760E+10     3.67974     0.34998    -0.22979     3.55956
    0.72756E+10     3.69396     0.35029    -0.22968     3.57336
    0.10033E+11     3.70712     0.35058    -0.22959     3.58613
    0.13836E+11     3.71922     0.35085    -0.22950     3.59787
    0.19079E+11     3.73040     0.35110    -0.22941     3.60872
    0.26311E+11     3.74071     0.35133    -0.22934     3.61872
    0.36283E+11     3.75017     0.35153    -0.22927     3.62791
    0.50034E+11     3.75894     0.35172    -0.22920     3.63642
    0.68997E+11     3.76708     0.35190    -0.22914     3.64432
    0.10000E+12     3.86415     0.35403    -0.22839     3.73850
