    -99.945         0.00000     0.00000     0.00000     0.00000
    -99.795         0.00000     0.00000     0.00000     0.00000
    -99.645         0.00000     0.00000     0.00000     0.00000
    -99.495         0.00000     0.00000     0.00000     0.00000
    -99.345         0.00000     0.00000     0.00000     0.00000
    -99.195         0.00000     0.00000     0.00000     0.00000
    -99.045         0.00000     0.00000     0.00000     0.00000
    -98.895         0.00000     0.00000     0.00000     0.00000
    -98.745         0.00000     0.00000     0.00000     0.00000
    -98.595         0.00000     0.00000     0.00000     0.00000
    -98.445         0.00000     0.00000     0.00000     0.00000
    -98.295         0.00000     0.00000     0.00000     0.00000
    -98.145         0.00000     0.00000     0.00000     0.00000
    -97.995         0.00000     0.00000     0.00000     0.00000
    -97.845         0.00000     0.00000     0.00000     0.00000
    -97.695         0.00000     0.00000     0.00000     0.00000
    -97.545         0.00000     0.00000     0.00000     0.00000
    -97.395         0.00000     0.00000     0.00000     0.00000
    -97.245         0.00000     0.00000     0.00000     0.00000
    -97.095         0.00000     0.00000     0.00000     0.00000
    -96.945         0.00000     0.00000     0.00000     0.00000
    -96.795         0.00000     0.00000     0.00000     0.00000
    -96.645         0.00000     0.00000     0.00000     0.00000
    -96.495         0.00000     0.00000     0.00000     0.00000
    -96.345         0.00000     0.00000     0.00000     0.00000
    -96.195         0.00000     0.00000     0.00000     0.00000
    -96.045         0.00000     0.00000     0.00000     0.00000
    -95.895         0.00000     0.00000     0.00000     0.00000
    -95.745         0.00000     0.00000     0.00000     0.00000
    -95.595         0.00000     0.00000     0.00000     0.00000
    -95.445         0.00000     0.00000     0.00000     0.00000
    -95.295         0.00000     0.00000     0.00000     0.00000
    -95.145         0.00000     0.00000     0.00000     0.00000
    -94.995         0.00000     0.00000     0.00000     0.00000
    -94.845         0.00000     0.00000     0.00000     0.00000
    -94.695         0.00000     0.00000     0.00000     0.00000
    -94.545         0.00000     0.00000     0.00000     0.00000
    -94.395         0.00000     0.00000     0.00000     0.00000
    -94.245         0.00000     0.00000     0.00000     0.00000
    -94.095         0.00000     0.00000     0.00000     0.00000
    -93.945         0.00000     0.00000     0.00000     0.00000
    -93.795         0.00000     0.00000     0.00000     0.00000
    -93.645         0.00000     0.00000     0.00000     0.00000
    -93.495         0.00000     0.00000     0.00000     0.00000
    -93.345         0.00000     0.00000     0.00000     0.00000
    -93.195         0.00000     0.00000     0.00000     0.00000
    -93.045         0.00000     0.00000     0.00000     0.00000
    -92.895         0.00000     0.00000     0.00000     0.00000
    -92.745         0.00000     0.00000     0.00000     0.00000
    -92.595         0.00000     0.00000     0.00000     0.00000
    -92.445         0.00000     0.00000     0.00000     0.00000
    -92.295         0.00000     0.00000     0.00000     0.00000
    -92.145         0.00000     0.00000     0.00000     0.00000
    -91.995         0.00000     0.00000     0.00000     0.00000
    -91.845         0.00000     0.00000     0.00000     0.00000
    -91.695         0.00000     0.00000     0.00000     0.00000
    -91.545         0.00000     0.00000     0.00000     0.00000
    -91.395         0.00000     0.00000     0.00000     0.00000
    -91.245         0.00000     0.00000     0.00000     0.00000
    -91.095         0.00000     0.00000     0.00000     0.00000
    -90.945         0.00000     0.00000     0.00000     0.00000
    -90.795         0.00000     0.00000     0.00000     0.00000
    -90.645         0.00000     0.00000     0.00000     0.00000
    -90.495         0.00000     0.00000     0.00000     0.00000
    -90.345         0.00000     0.00000     0.00000     0.00000
    -90.195         0.00000     0.00000     0.00000     0.00000
    -90.045         0.00000     0.00000     0.00000     0.00000
    -89.895         0.00000     0.00000     0.00000     0.00000
    -89.745         0.00000     0.00000     0.00000     0.00000
    -89.595         0.00000     0.00000     0.00000     0.00000
    -89.445         0.00000     0.00000     0.00000     0.00000
    -89.295         0.00000     0.00000     0.00000     0.00000
    -89.145         0.00000     0.00000     0.00000     0.00000
    -88.995         0.00000     0.00000     0.00000     0.00000
    -88.845         0.00000     0.00000     0.00000     0.00000
    -88.695         0.00000     0.00000     0.00000     0.00000
    -88.545         0.00000     0.00000     0.00000     0.00000
    -88.395         0.00000     0.00000     0.00000     0.00000
    -88.245         0.00000     0.00000     0.00000     0.00000
    -88.095         0.00000     0.00000     0.00000     0.00000
    -87.945         0.00000     0.00000     0.00000     0.00000
    -87.795         0.00000     0.00000     0.00000     0.00000
    -87.645         0.00000     0.00000     0.00000     0.00000
    -87.495         0.00000     0.00000     0.00000     0.00000
    -87.345         0.00000     0.00000     0.00000     0.00000
    -87.195         0.00000     0.00000     0.00000     0.00000
    -87.045         0.00000     0.00000     0.00000     0.00000
    -86.895         0.00000     0.00000     0.00000     0.00000
    -86.745         0.00000     0.00000     0.00000     0.00000
    -86.595         0.00000     0.00000     0.00000     0.00000
    -86.445         0.00000     0.00000     0.00000     0.00000
    -86.295         0.00000     0.00000     0.00000     0.00000
    -86.145         0.00000     0.00000     0.00000     0.00000
    -85.995         0.00000     0.00000     0.00000     0.00000
    -85.845         0.00000     0.00000     0.00000     0.00000
    -85.695         0.00000     0.00000     0.00000     0.00000
    -85.545         0.00000     0.00000     0.00000     0.00000
    -85.395         0.00000     0.00000     0.00000     0.00000
    -85.245         0.00000     0.00000     0.00000     0.00000
    -85.095         0.00000     0.00000     0.00000     0.00000
    -84.945         0.00000     0.00000     0.00000     0.00000
    -84.795         0.00000     0.00000     0.00000     0.00000
    -84.645         0.00000     0.00000     0.00000     0.00000
    -84.495         0.00000     0.00000     0.00000     0.00000
    -84.345         0.00000     0.00000     0.00000     0.00000
    -84.195         0.00000     0.00000     0.00000     0.00000
    -84.045         0.00000     0.00000     0.00000     0.00000
    -83.895         0.00000     0.00000     0.00000     0.00000
    -83.745         0.00000     0.00000     0.00000     0.00000
    -83.595         0.00000     0.00000     0.00000     0.00000
    -83.445         0.00000     0.00000     0.00000     0.00000
    -83.295         0.00000     0.00000     0.00000     0.00000
    -83.145         0.00000     0.00000     0.00000     0.00000
    -82.995         0.00000     0.00000     0.00000     0.00000
    -82.845         0.00000     0.00000     0.00000     0.00000
    -82.695         0.00000     0.00000     0.00000     0.00000
    -82.545         0.00000     0.00000     0.00000     0.00000
    -82.395         0.00000     0.00000     0.00000     0.00000
    -82.245         0.00000     0.00000     0.00000     0.00000
    -82.095         0.00000     0.00000     0.00000     0.00000
    -81.945         0.00000     0.00000     0.00000     0.00000
    -81.795         0.00000     0.00000     0.00000     0.00000
    -81.645         0.00000     0.00000     0.00000     0.00000
    -81.495         0.00000     0.00000     0.00000     0.00000
    -81.345         0.00000     0.00000     0.00000     0.00000
    -81.195         0.00000     0.00000     0.00000     0.00000
    -81.045         0.00000     0.00000     0.00000     0.00000
    -80.895         0.00000     0.00000     0.00000     0.00000
    -80.745         0.00000     0.00000     0.00000     0.00000
    -80.595         0.00000     0.00000     0.00000     0.00000
    -80.445         0.00000     0.00000     0.00000     0.00000
    -80.295         0.00000     0.00000     0.00000     0.00000
    -80.145         0.00000     0.00000     0.00000     0.00000
    -79.995         0.00000     0.00000     0.00000     0.00000
    -79.845         0.00000     0.00000     0.00000     0.00000
    -79.695         0.00000     0.00000     0.00000     0.00000
    -79.545         0.00000     0.00000     0.00000     0.00000
    -79.395         0.00000     0.00000     0.00000     0.00000
    -79.245         0.00000     0.00000     0.00000     0.00000
    -79.095         0.00000     0.00000     0.00000     0.00000
    -78.945         0.00000     0.00000     0.00000     0.00000
    -78.795         0.00000     0.00000     0.00000     0.00000
    -78.645         0.00000     0.00000     0.00000     0.00000
    -78.495         0.00000     0.00000     0.00000     0.00000
    -78.345         0.00000     0.00000     0.00000     0.00000
    -78.195         0.00000     0.00000     0.00000     0.00000
    -78.045         0.00000     0.00000     0.00000     0.00000
    -77.895         0.00000     0.00000     0.00000     0.00000
    -77.745         0.00000     0.00000     0.00000     0.00000
    -77.595         0.00000     0.00000     0.00000     0.00000
    -77.445         0.00000     0.00000     0.00000     0.00000
    -77.295         0.00000     0.00000     0.00000     0.00000
    -77.145         0.00000     0.00000     0.00000     0.00000
    -76.995         0.00000     0.00000     0.00000     0.00000
    -76.845         0.00000     0.00000     0.00000     0.00000
    -76.695         0.00000     0.00000     0.00000     0.00000
    -76.545         0.00000     0.00000     0.00000     0.00000
    -76.395         0.00000     0.00000     0.00000     0.00000
    -76.245         0.00000     0.00000     0.00000     0.00000
    -76.095         0.00000     0.00000     0.00000     0.00000
    -75.945         0.00000     0.00000     0.00000     0.00000
    -75.795         0.00000     0.00000     0.00000     0.00000
    -75.645         0.00000     0.00000     0.00000     0.00000
    -75.495         0.00000     0.00000     0.00000     0.00000
    -75.345         0.00000     0.00000     0.00000     0.00000
    -75.195         0.00000     0.00000     0.00000     0.00000
    -75.045         0.00000     0.00000     0.00000     0.00000
    -74.895         0.00000     0.00000     0.00000     0.00000
    -74.745         0.00000     0.00000     0.00000     0.00000
    -74.595         0.00000     0.00000     0.00000     0.00000
    -74.445         0.00000     0.00000     0.00000     0.00000
    -74.295         0.00000     0.00000     0.00000     0.00000
    -74.145         0.00000     0.00000     0.00000     0.00000
    -73.995         0.00000     0.00000     0.00000     0.00000
    -73.845         0.00000     0.00000     0.00000     0.00000
    -73.695         0.00000     0.00000     0.00000     0.00000
    -73.545         0.00000     0.00000     0.00000     0.00000
    -73.395         0.00000     0.00000     0.00000     0.00000
    -73.245         0.00000     0.00000     0.00000     0.00000
    -73.095         0.00000     0.00000     0.00000     0.00000
    -72.945         0.00000     0.00000     0.00000     0.00000
    -72.795         0.00000     0.00000     0.00000     0.00000
    -72.645         0.00000     0.00000     0.00000     0.00000
    -72.495         0.00000     0.00000     0.00000     0.00000
    -72.345         0.00000     0.00000     0.00000     0.00000
    -72.195         0.00000     0.00000     0.00000     0.00000
    -72.045         0.00000     0.00000     0.00000     0.00000
    -71.895         0.00000     0.00000     0.00000     0.00000
    -71.745         0.00000     0.00000     0.00000     0.00000
    -71.595         0.00000     0.00000     0.00000     0.00000
    -71.445         0.00000     0.00000     0.00000     0.00000
    -71.295         0.00000     0.00000     0.00000     0.00000
    -71.145         0.00000     0.00000     0.00000     0.00000
    -70.995         0.00000     0.00000     0.00000     0.00000
    -70.845         0.00000     0.00000     0.00000     0.00000
    -70.695         0.00000     0.00000     0.00000     0.00000
    -70.545         0.00000     0.00000     0.00000     0.00000
    -70.395         0.00000     0.00000     0.00000     0.00000
    -70.245         0.00000     0.00000     0.00000     0.00000
    -70.095         0.00000     0.00000     0.00000     0.00000
    -69.945         0.00000     0.00000     0.00000     0.00000
    -69.795         0.00000     0.00000     0.00000     0.00000
    -69.645         0.00000     0.00000     0.00000     0.00000
    -69.495         0.00000     0.00000     0.00000     0.00000
    -69.345         0.00000     0.00000     0.00000     0.00000
    -69.195         0.00000     0.00000     0.00000     0.00000
    -69.045         0.00000     0.00000     0.00000     0.00000
    -68.895         0.00000     0.00000     0.00000     0.00000
    -68.745         0.00000     0.00000     0.00000     0.00000
    -68.595         0.00000     0.00000     0.00000     0.00000
    -68.445         0.00000     0.00000     0.00000     0.00000
    -68.295         0.00000     0.00000     0.00000     0.00000
    -68.145         0.00000     0.00000     0.00000     0.00000
    -67.995         0.00000     0.00000     0.00000     0.00000
    -67.845         0.00000     0.00000     0.00000     0.00000
    -67.695         0.00000     0.00000     0.00000     0.00000
    -67.545         0.00000     0.00000     0.00000     0.00000
    -67.395         0.00000     0.00000     0.00000     0.00000
    -67.245         0.00000     0.00000     0.00000     0.00000
    -67.095         0.00000     0.00000     0.00000     0.00000
    -66.945         0.00000     0.00000     0.00000     0.00000
    -66.795         0.00000     0.00000     0.00000     0.00000
    -66.645         0.00000     0.00000     0.00000     0.00000
    -66.495         0.00000     0.00000     0.00000     0.00000
    -66.345         0.00000     0.00000     0.00000     0.00000
    -66.195         0.00000     0.00000     0.00000     0.00000
    -66.045         0.00000     0.00000     0.00000     0.00000
    -65.895         0.00000     0.00000     0.00000     0.00000
    -65.745         0.00000     0.00000     0.00000     0.00000
    -65.595         0.00000     0.00000     0.00000     0.00000
    -65.445         0.00000     0.00000     0.00000     0.00000
    -65.295         0.00000     0.00000     0.00000     0.00000
    -65.145         0.00000     0.00000     0.00000     0.00000
    -64.995         0.00000     0.00000     0.00000     0.00000
    -64.845         0.00000     0.00000     0.00000     0.00000
    -64.695         0.00000     0.00000     0.00000     0.00000
    -64.545         0.00000     0.00000     0.00000     0.00000
    -64.395         0.00000     0.00000     0.00000     0.00000
    -64.245         0.00000     0.00000     0.00000     0.00000
    -64.095         0.00000     0.00000     0.00000     0.00000
    -63.945         0.00000     0.00000     0.00000     0.00000
    -63.795         0.00000     0.00000     0.00000     0.00000
    -63.645         0.00000     0.00000     0.00000     0.00000
    -63.495         0.00000     0.00000     0.00000     0.00000
    -63.345         0.00000     0.00000     0.00000     0.00000
    -63.195         0.00000     0.00000     0.00000     0.00000
    -63.045         0.00000     0.00000     0.00000     0.00000
    -62.895         0.00000     0.00000     0.00000     0.00000
    -62.745         0.00000     0.00000     0.00000     0.00000
    -62.595         0.00000     0.00000     0.00000     0.00000
    -62.445         0.00000     0.00000     0.00000     0.00000
    -62.295         0.00000     0.00000     0.00000     0.00000
    -62.145         0.00000     0.00000     0.00000     0.00000
    -61.995         0.00000     0.00000     0.00000     0.00000
    -61.845         0.00000     0.00000     0.00000     0.00000
    -61.695         0.00000     0.00000     0.00000     0.00000
    -61.545         0.00000     0.00000     0.00000     0.00000
    -61.395         0.00000     0.00000     0.00000     0.00000
    -61.245         0.00000     0.00000     0.00000     0.00000
    -61.095         0.00000     0.00000     0.00000     0.00000
    -60.945         0.00000     0.00000     0.00000     0.00000
    -60.795         0.00000     0.00000     0.00000     0.00000
    -60.645         0.00000     0.00000     0.00000     0.00000
    -60.495         0.00000     0.00000     0.00000     0.00000
    -60.345         0.00000     0.00000     0.00000     0.00000
    -60.195         0.00000     0.00000     0.00000     0.00000
    -60.045         0.00000     0.00000     0.00000     0.00000
    -59.895         0.00000     0.00000     0.00000     0.00000
    -59.745         0.00000     0.00000     0.00000     0.00000
    -59.595         0.00000     0.00000     0.00000     0.00000
    -59.445         0.00000     0.00000     0.00000     0.00000
    -59.295         0.00000     0.00000     0.00000     0.00000
    -59.145         0.00000     0.00000     0.00000     0.00000
    -58.995         0.00000     0.00000     0.00000     0.00000
    -58.845         0.00000     0.00000     0.00000     0.00000
    -58.695         0.00000     0.00000     0.00000     0.00000
    -58.545         0.00000     0.00000     0.00000     0.00000
    -58.395         0.00000     0.00000     0.00000     0.00000
    -58.245         0.00000     0.00000     0.00000     0.00000
    -58.095         0.00000     0.00000     0.00000     0.00000
    -57.945         0.00000     0.00000     0.00000     0.00000
    -57.795         0.00000     0.00000     0.00000     0.00000
    -57.645         0.00000     0.00000     0.00000     0.00000
    -57.495         0.00000     0.00000     0.00000     0.00000
    -57.345         0.00000     0.00000     0.00000     0.00000
    -57.195         0.00000     0.00000     0.00000     0.00000
    -57.045         0.00000     0.00000     0.00000     0.00000
    -56.895         0.00000     0.00000     0.00000     0.00000
    -56.745         0.00000     0.00000     0.00000     0.00000
    -56.595         0.00000     0.00000     0.00000     0.00000
    -56.445         0.00000     0.00000     0.00000     0.00000
    -56.295         0.00000     0.00000     0.00000     0.00000
    -56.145         0.00000     0.00000     0.00000     0.00000
    -55.995         0.00000     0.00000     0.00000     0.00000
    -55.845         0.00000     0.00000     0.00000     0.00000
    -55.695         0.00000     0.00000     0.00000     0.00000
    -55.545         0.00000     0.00000     0.00000     0.00000
    -55.395         0.00000     0.00000     0.00000     0.00000
    -55.245         0.00000     0.00000     0.00000     0.00000
    -55.095         0.00000     0.00000     0.00000     0.00000
    -54.945         0.00000     0.00000     0.00000     0.00000
    -54.795         0.00000     0.00000     0.00000     0.00000
    -54.645         0.00000     0.00000     0.00000     0.00000
    -54.495         0.00000     0.00000     0.00000     0.00000
    -54.345         0.00000     0.00000     0.00000     0.00000
    -54.195         0.00000     0.00000     0.00000     0.00000
    -54.045         0.00000     0.00000     0.00000     0.00000
    -53.895         0.00000     0.00000     0.00000     0.00000
    -53.745         0.00000     0.00000     0.00000     0.00000
    -53.595         0.00000     0.00000     0.00000     0.00000
    -53.445         0.00000     0.00000     0.00000     0.00000
    -53.295         0.00000     0.00000     0.00000     0.00000
    -53.145         0.00000     0.00000     0.00000     0.00000
    -52.995         0.00000     0.00000     0.00000     0.00000
    -52.845         0.00000     0.00000     0.00000     0.00000
    -52.695         0.00000     0.00000     0.00000     0.00000
    -52.545         0.00000     0.00000     0.00000     0.00000
    -52.395         0.00000     0.00000     0.00000     0.00000
    -52.245         0.00000     0.00000     0.00000     0.00000
    -52.095         0.00000     0.00000     0.00000     0.00000
    -51.945         0.00000     0.00000     0.00000     0.00000
    -51.795         0.00000     0.00000     0.00000     0.00000
    -51.645         0.00000     0.00000     0.00000     0.00000
    -51.495         0.00000     0.00000     0.00000     0.00000
    -51.345         0.00000     0.00000     0.00000     0.00000
    -51.195         0.00000     0.00000     0.00000     0.00000
    -51.045         0.00000     0.00000     0.00000     0.00000
    -50.895         0.00000     0.00000     0.00000     0.00000
    -50.745         0.00000     0.00000     0.00000     0.00000
    -50.595         0.00000     0.00000     0.00000     0.00000
    -50.445         0.00000     0.00000     0.00000     0.00000
    -50.295         0.00000     0.00000     0.00000     0.00000
    -50.145         0.00000     0.00000     0.00000     0.00000
    -49.995         0.00000     0.00000     0.00000     0.00000
    -49.845         0.00000     0.00000     0.00000     0.00000
    -49.695         0.00000     0.00000     0.00000     0.00000
    -49.545         0.00000     0.00000     0.00000     0.00000
    -49.395         0.00000     0.00000     0.00000     0.00000
    -49.245         0.00000     0.00000     0.00000     0.00000
    -49.095         0.00000     0.00000     0.00000     0.00000
    -48.945         0.00000     0.00000     0.00000     0.00000
    -48.795         0.00000     0.00000     0.00000     0.00000
    -48.645         0.00000     0.00000     0.00000     0.00000
    -48.495         0.00000     0.00000     0.00000     0.00000
    -48.345         0.00000     0.00000     0.00000     0.00000
    -48.195         0.00000     0.00000     0.00000     0.00000
    -48.045         0.00000     0.00000     0.00000     0.00000
    -47.895         0.00000     0.00000     0.00000     0.00000
    -47.745         0.00000     0.00000     0.00000     0.00000
    -47.595         0.00000     0.00000     0.00000     0.00000
    -47.445         0.00000     0.00000     0.00000     0.00000
    -47.295         0.00000     0.00000     0.00000     0.00000
    -47.145         0.00000     0.00000     0.00000     0.00000
    -46.995         0.00000     0.00000     0.00000     0.00000
    -46.845         0.00000     0.00000     0.00000     0.00000
    -46.695         0.00000     0.00000     0.00000     0.00000
    -46.545         0.00000     0.00000     0.00000     0.00000
    -46.395         0.00000     0.00000     0.00000     0.00000
    -46.245         0.00000     0.00000     0.00000     0.00000
    -46.095         0.00000     0.00000     0.00000     0.00000
    -45.945         0.00000     0.00000     0.00000     0.00000
    -45.795         0.00000     0.00000     0.00000     0.00000
    -45.645         0.00000     0.00000     0.00000     0.00000
    -45.495         0.00000     0.00000     0.00000     0.00000
    -45.345         0.00000     0.00000     0.00000     0.00000
    -45.195         0.00000     0.00000     0.00000     0.00000
    -45.045         0.00000     0.00000     0.00000     0.00000
    -44.895         0.00000     0.00000     0.00000     0.00000
    -44.745         0.00000     0.00000     0.00000     0.00000
    -44.595         0.00000     0.00000     0.00000     0.00000
    -44.445         0.00000     0.00000     0.00000     0.00000
    -44.295         0.00000     0.00000     0.00000     0.00000
    -44.145         0.00000     0.00000     0.00000     0.00000
    -43.995         0.00000     0.00000     0.00000     0.00000
    -43.845         0.00000     0.00000     0.00000     0.00000
    -43.695         0.00000     0.00000     0.00000     0.00000
    -43.545         0.00000     0.00000     0.00000     0.00000
    -43.395         0.00000     0.00000     0.00000     0.00000
    -43.245         0.00000     0.00000     0.00000     0.00000
    -43.095         0.00000     0.00000     0.00000     0.00000
    -42.945         0.00000     0.00000     0.00000     0.00000
    -42.795         0.00000     0.00000     0.00000     0.00000
    -42.645         0.00000     0.00000     0.00000     0.00000
    -42.495         0.00000     0.00000     0.00000     0.00000
    -42.345         0.00000     0.00000     0.00000     0.00000
    -42.195         0.00000     0.00000     0.00000     0.00000
    -42.045         0.00000     0.00000     0.00000     0.00000
    -41.895         0.00000     0.00000     0.00000     0.00000
    -41.745         0.00000     0.00000     0.00000     0.00000
    -41.595         0.00000     0.00000     0.00000     0.00000
    -41.445         0.00000     0.00000     0.00000     0.00000
    -41.295         0.00000     0.00000     0.00000     0.00000
    -41.145         0.00000     0.00000     0.00000     0.00000
    -40.995         0.00000     0.00000     0.00000     0.00000
    -40.845         0.00000     0.00000     0.00000     0.00000
    -40.695         0.00000     0.00000     0.00000     0.00000
    -40.545         0.00000     0.00000     0.00000     0.00000
    -40.395         0.00000     0.00000     0.00000     0.00000
    -40.245         0.00000     0.00000     0.00000     0.00000
    -40.095         0.00000     0.00000     0.00000     0.00000
    -39.945         0.00000     0.00000     0.00000     0.00000
    -39.795         0.00000     0.00000     0.00000     0.00000
    -39.645         0.00000     0.00000     0.00000     0.00000
    -39.495         0.00000     0.00000     0.00000     0.00000
    -39.345         0.00000     0.00000     0.00000     0.00000
    -39.195         0.00000     0.00000     0.00000     0.00000
    -39.045         0.00000     0.00000     0.00000     0.00000
    -38.895         0.00000     0.00000     0.00000     0.00000
    -38.745         0.00000     0.00000     0.00000     0.00000
    -38.595         0.00000     0.00000     0.00000     0.00000
    -38.445         0.00000     0.00000     0.00000     0.00000
    -38.295         0.00000     0.00000     0.00000     0.00000
    -38.145         0.00000     0.00000     0.00000     0.00000
    -37.995         0.00000     0.00000     0.00000     0.00000
    -37.845         0.00000     0.00000     0.00000     0.00000
    -37.695         0.00000     0.00000     0.00000     0.00000
    -37.545         0.00000     0.00000     0.00000     0.00000
    -37.395         0.00000     0.00000     0.00000     0.00000
    -37.245         0.00000     0.00000     0.00000     0.00000
    -37.095         0.00000     0.00000     0.00000     0.00000
    -36.945         0.00000     0.00000     0.00000     0.00000
    -36.795         0.00000     0.00000     0.00000     0.00000
    -36.645         0.00000     0.00000     0.00000     0.00000
    -36.495         0.00000     0.00000     0.00000     0.00000
    -36.345         0.00000     0.00000     0.00000     0.00000
    -36.195         0.00000     0.00000     0.00000     0.00000
    -36.045         0.00000     0.00000     0.00000     0.00000
    -35.895         0.00000     0.00000     0.00000     0.00000
    -35.745         0.00000     0.00000     0.00000     0.00000
    -35.595         0.00000     0.00000     0.00000     0.00000
    -35.445         0.00000     0.00000     0.00000     0.00000
    -35.295         0.00000     0.00000     0.00000     0.00000
    -35.145         0.00000     0.00000     0.00000     0.00000
    -34.995         0.00000     0.00000     0.00000     0.00000
    -34.845         0.00000     0.00000     0.00000     0.00000
    -34.695         0.00000     0.00000     0.00000     0.00000
    -34.545         0.00000     0.00000     0.00000     0.00000
    -34.395         0.00000     0.00000     0.00000     0.00000
    -34.245         0.00000     0.00000     0.00000     0.00000
    -34.095         0.00000     0.00000     0.00000     0.00000
    -33.945         0.00000     0.00000     0.00000     0.00000
    -33.795         0.00000     0.00000     0.00000     0.00000
    -33.645         0.00000     0.00000     0.00000     0.00000
    -33.495         0.00000     0.00000     0.00000     0.00000
    -33.345         0.00000     0.00000     0.00000     0.00000
    -33.195         0.00000     0.00000     0.00000     0.00000
    -33.045         0.00000     0.00000     0.00000     0.00000
    -32.895         0.00000     0.00000     0.00000     0.00000
    -32.745         0.00000     0.00000     0.00000     0.00000
    -32.595         0.00000     0.00000     0.00000     0.00000
    -32.445         0.00000     0.00000     0.00000     0.00000
    -32.295         0.00000     0.00000     0.00000     0.00000
    -32.145         0.00000     0.00000     0.00000     0.00000
    -31.995         0.00000     0.00000     0.00000     0.00000
    -31.845         0.00000     0.00000     0.00000     0.00000
    -31.695         0.00000     0.00000     0.00000     0.00000
    -31.545         0.00000     0.00000     0.00000     0.00000
    -31.395         0.00000     0.00000     0.00000     0.00000
    -31.245         0.00000     0.00000     0.00000     0.00000
    -31.095         0.00000     0.00000     0.00000     0.00000
    -30.945         0.00000     0.00000     0.00000     0.00000
    -30.795         0.00000     0.00000     0.00000     0.00000
    -30.645         0.00000     0.00000     0.00000     0.00000
    -30.495         0.00000     0.00000     0.00000     0.00000
    -30.345         0.00000     0.00000     0.00000     0.00000
    -30.195         0.00000     0.00000     0.00000     0.00000
    -30.045         0.00000     0.00000     0.00000     0.00000
    -29.895         0.00000     0.00000     0.00000     0.00000
    -29.745         0.00000     0.00000     0.00000     0.00000
    -29.595         0.00000     0.00000     0.00000     0.00000
    -29.445         0.00000     0.00000     0.00000     0.00000
    -29.295         0.00000     0.00000     0.00000     0.00000
    -29.145         0.00000     0.00000     0.00000     0.00000
    -28.995         0.00000     0.00000     0.00000     0.00000
    -28.845         0.00000     0.00000     0.00000     0.00000
    -28.695         0.00000     0.00000     0.00000     0.00000
    -28.545         0.00000     0.00000     0.00000     0.00000
    -28.395         0.00000     0.00000     0.00000     0.00000
    -28.245         0.00000     0.00000     0.00000     0.00000
    -28.095         0.00000     0.00000     0.00000     0.00000
    -27.945         0.00000     0.00000     0.00000     0.00000
    -27.795         0.00000     0.00000     0.00000     0.00000
    -27.645         0.00000     0.00000     0.00000     0.00000
    -27.495         0.00000     0.00000     0.00000     0.00000
    -27.345         0.00000     0.00000     0.00000     0.00000
    -27.195         0.00000     0.00000     0.00000     0.00000
    -27.045         0.00000     0.00000     0.00000     0.00000
    -26.895         0.00000     0.00000     0.00000     0.00000
    -26.745         0.00000     0.00000     0.00000     0.00000
    -26.595         0.00000     0.00000     0.00000     0.00000
    -26.445         0.00000     0.00000     0.00000     0.00000
    -26.295         0.00000     0.00000     0.00000     0.00000
    -26.145         0.00000     0.00000     0.00000     0.00000
    -25.995         0.00000     0.00000     0.00000     0.00000
    -25.845         0.00000     0.00000     0.00000     0.00000
    -25.695         0.00000     0.00000     0.00000     0.00000
    -25.545         0.00000     0.00000     0.00000     0.00000
    -25.395         0.00000     0.00000     0.00000     0.00000
    -25.245         0.00000     0.00000     0.00000     0.00000
    -25.095         0.00000     0.00000     0.00000     0.00000
    -24.945         0.00000     0.00000     0.00000     0.00000
    -24.795         0.00000     0.00000     0.00000     0.00000
    -24.645         0.00000     0.00000     0.00000     0.00000
    -24.495         0.00000     0.00000     0.00000     0.00000
    -24.345         0.00000     0.00000     0.00000     0.00000
    -24.195         0.00000     0.00000     0.00000     0.00000
    -24.045         0.00000     0.00000     0.00000     0.00000
    -23.895         0.00000     0.00000     0.00000     0.00000
    -23.745         0.00000     0.00000     0.00000     0.00000
    -23.595         0.00000     0.00000     0.00000     0.00000
    -23.445         0.00000     0.00000     0.00000     0.00000
    -23.295         0.00000     0.00000     0.00000     0.00000
    -23.145         0.00000     0.00000     0.00000     0.00000
    -22.995         0.00000     0.00000     0.00000     0.00000
    -22.845         0.00000     0.00000     0.00000     0.00000
    -22.695         0.00000     0.00000     0.00000     0.00000
    -22.545         0.00000     0.00000     0.00000     0.00000
    -22.395         0.00000     0.00000     0.00000     0.00000
    -22.245         0.00000     0.00000     0.00000     0.00000
    -22.095         0.00000     0.00000     0.00000     0.00000
    -21.945         0.00000     0.00000     0.00000     0.00000
    -21.795         0.00000     0.00000     0.00000     0.00000
    -21.645         0.00000     0.00000     0.00000     0.00000
    -21.495        -0.00009     0.00000    -0.00009     0.00000
    -21.345        -0.00009     0.00000    -0.00009     0.00000
    -21.195        -0.00009     0.00000    -0.00009     0.00000
    -21.045        -0.00009     0.00000    -0.00009     0.00000
    -20.895        -0.00027     0.00000    -0.00027     0.00000
    -20.745        -0.00027     0.00000    -0.00027     0.00000
    -20.595        -0.00027     0.00000    -0.00027     0.00000
    -20.445        -0.00046     0.00000    -0.00046     0.00000
    -20.295        -0.00064     0.00000    -0.00064     0.00000
    -20.145        -0.00099     0.00000    -0.00099     0.00000
    -19.995        -0.00118     0.00000    -0.00118     0.00000
    -19.845        -0.00205     0.00000    -0.00205     0.00000
    -19.695        -0.00241     0.00000    -0.00241     0.00000
    -19.545        -0.00277     0.00000    -0.00277     0.00000
    -19.395        -0.00364     0.00000    -0.00364     0.00000
    -19.245        -0.00420     0.00000    -0.00420     0.00000
    -19.095        -0.00498     0.00000    -0.00498     0.00000
    -18.945        -0.00594     0.00000    -0.00594     0.00000
    -18.795        -0.00654     0.00000    -0.00654     0.00000
    -18.645        -0.00731     0.00000    -0.00731     0.00000
    -18.495        -0.00818     0.00000    -0.00818     0.00000
    -18.345        -0.00889     0.00000    -0.00889     0.00000
    -18.195        -0.00917     0.00000    -0.00917     0.00000
    -18.045        -0.01032     0.00000    -0.01032     0.00000
    -17.895        -0.01116     0.00000    -0.01116     0.00000
    -17.745        -0.01177     0.00000    -0.01177     0.00000
    -17.595        -0.01219     0.00000    -0.01219     0.00000
    -17.445        -0.01270     0.00000    -0.01270     0.00000
    -17.295        -0.01330     0.00000    -0.01330     0.00000
    -17.145        -0.01389     0.00000    -0.01389     0.00000
    -16.995        -0.01454     0.00000    -0.01454     0.00000
    -16.845        -0.01505     0.00000    -0.01505     0.00000
    -16.695        -0.01541     0.00000    -0.01541     0.00000
    -16.545        -0.01600     0.00000    -0.01600     0.00000
    -16.395        -0.01611     0.00000    -0.01611     0.00000
    -16.245        -0.01661     0.00000    -0.01661     0.00000
    -16.095        -0.01710     0.00000    -0.01710     0.00000
    -15.945        -0.01743     0.00000    -0.01743     0.00000
    -15.795        -0.01785     0.00000    -0.01785     0.00000
    -15.645        -0.01822     0.00000    -0.01822     0.00000
    -15.495        -0.01880     0.00000    -0.01880     0.00000
    -15.345        -0.01900     0.00000    -0.01900     0.00000
    -15.195        -0.01932     0.00000    -0.01932     0.00000
    -15.045        -0.01966     0.00000    -0.01966     0.00000
    -14.895        -0.01984     0.00000    -0.01984     0.00000
    -14.745        -0.02001     0.00000    -0.02001     0.00000
    -14.595        -0.02012     0.00000    -0.02012     0.00000
    -14.445        -0.02063    -0.00024    -0.02039     0.00000
    -14.295        -0.02100    -0.00043    -0.02057     0.00000
    -14.145        -0.02161    -0.00093    -0.02068     0.00000
    -13.995        -0.02223    -0.00144    -0.02079     0.00000
    -13.845        -0.02336    -0.00255    -0.02081     0.00000
    -13.695        -0.02505    -0.00398    -0.02106     0.00000
    -13.545        -0.02739    -0.00631    -0.02108     0.00000
    -13.395        -0.03081    -0.00955    -0.02126     0.00000
    -13.245        -0.03470    -0.01325    -0.02145     0.00000
    -13.095        -0.03824    -0.01677    -0.02147     0.00000
    -12.945        -0.04205    -0.02041    -0.02165     0.00000
    -12.795        -0.04650    -0.02473    -0.02177     0.00000
    -12.645        -0.05202    -0.03014    -0.02188     0.00000
    -12.495        -0.05739    -0.03533    -0.02206     0.00000
    -12.345        -0.06358    -0.04131    -0.02227     0.00000
    -12.195        -0.06874    -0.04644    -0.02231     0.00000
    -12.045        -0.07433    -0.05181    -0.02252     0.00000
    -11.895        -0.08072    -0.05817    -0.02255     0.00000
    -11.745        -0.08702    -0.06434    -0.02267     0.00000
    -11.595        -0.09215    -0.06926    -0.02289     0.00000
    -11.445        -0.09698    -0.07406    -0.02292     0.00000
    -11.295        -0.10273    -0.07967    -0.02305     0.00000
    -11.145        -0.10814    -0.08505    -0.02309     0.00000
    -10.995        -0.11266    -0.08943    -0.02322     0.00000
    -10.845        -0.11778    -0.09452    -0.02326     0.00000
    -10.695        -0.12220    -0.09871    -0.02349     0.00000
    -10.545        -0.12703    -0.10340    -0.02362     0.00000
    -10.395        -0.13076    -0.10695    -0.02381     0.00000
    -10.245        -0.13496    -0.11100    -0.02395     0.00000
    -10.095        -0.13893    -0.11469    -0.02424     0.00000
    -9.9450        -0.14364    -0.11924    -0.02439     0.00000
    -9.7950        -0.14796    -0.12342    -0.02454     0.00000
    -9.6450        -0.15259    -0.12800    -0.02459     0.00000
    -9.4950        -0.15748    -0.13259    -0.02489     0.00000
    -9.3450        -0.16162    -0.13668    -0.02494     0.00000
    -9.1950        -0.16580    -0.14081    -0.02499     0.00000
    -9.0450        -0.17016    -0.14481    -0.02534     0.00000
    -8.8950        -0.17411    -0.14849    -0.02562     0.00000
    -8.7450        -0.17818    -0.15216    -0.02602     0.00000
    -8.5950        -0.18227    -0.15586    -0.02641     0.00000
    -8.4450        -0.18661    -0.15979    -0.02682     0.00000
    -8.2950        -0.19095    -0.16344    -0.02751     0.00000
    -8.1450        -0.19507    -0.16700    -0.02807     0.00000
    -7.9950        -0.19993    -0.17140    -0.02854     0.00000
    -7.8450        -0.20404    -0.17480    -0.02924     0.00000
    -7.6950        -0.20871    -0.17868    -0.03002     0.00000
    -7.5450        -0.21346    -0.18273    -0.03072     0.00000
    -7.3950        -0.21835    -0.18690    -0.03145     0.00000
    -7.2450        -0.22355    -0.19083    -0.03272     0.00000
    -7.0950        -0.22890    -0.19494    -0.03394    -0.00003
    -6.9450        -0.23526    -0.19940    -0.03562    -0.00024
    -6.7950        -0.24189    -0.20360    -0.03673    -0.00156
    -6.6450        -0.25389    -0.20851    -0.03869    -0.00669
    -6.4950        -0.27319    -0.21290    -0.04119    -0.01910
    -6.3450        -0.30344    -0.21851    -0.04296    -0.04197
    -6.1950        -0.34815    -0.22299    -0.04541    -0.07976
    -6.0450        -0.41453    -0.22806    -0.04824    -0.13822
    -5.8950        -0.50887    -0.23400    -0.05151    -0.22336
    -5.7450        -0.63155    -0.23967    -0.05485    -0.33703
    -5.5950        -0.78819    -0.24650    -0.05879    -0.48290
    -5.4450        -0.97258    -0.25350    -0.06254    -0.65654
    -5.2950        -1.17725    -0.26044    -0.06706    -0.84975
    -5.1450        -1.40057    -0.26879    -0.07186    -1.05992
    -4.9950        -1.63833    -0.27666    -0.07725    -1.28442
    -4.8450        -1.87843    -0.28492    -0.08298    -1.51052
    -4.6950        -2.11929    -0.29388    -0.08919    -1.73623
    -4.5450        -2.35915    -0.30383    -0.09568    -1.95964
    -4.3950        -2.59303    -0.31416    -0.10272    -2.17615
    -4.2450        -2.82206    -0.32525    -0.11145    -2.38537
    -4.0950        -3.04524    -0.33647    -0.12082    -2.58796
    -3.9450        -3.26183    -0.34886    -0.13052    -2.78245
    -3.7950        -3.47293    -0.36185    -0.14012    -2.97095
    -3.6450        -3.67774    -0.37451    -0.15038    -3.15285
    -3.4950        -3.87930    -0.38893    -0.16256    -3.32780
    -3.3450        -4.07734    -0.40392    -0.17509    -3.49833
    -3.1950        -4.27182    -0.41991    -0.18890    -3.66302
    -3.0450        -4.46646    -0.43766    -0.20361    -3.82519
    -2.8950        -4.66112    -0.45710    -0.21904    -3.98498
    -2.7450        -4.86386    -0.47737    -0.23720    -4.14928
    -2.5950        -5.07242    -0.50030    -0.25713    -4.31499
    -2.4450        -5.29332    -0.52590    -0.27994    -4.48749
    -2.2950        -5.52777    -0.55416    -0.30435    -4.66927
    -2.1450        -5.78251    -0.58511    -0.33192    -4.86548
    -1.9950        -6.06725    -0.61980    -0.36333    -5.08412
    -1.8450        -6.38789    -0.65813    -0.39901    -5.33076
    -1.6950        -6.76121    -0.70176    -0.44041    -5.61904
    -1.5450        -7.20714    -0.75261    -0.48863    -5.96590
    -1.3950        -7.75343    -0.81063    -0.54523    -6.39758
    -1.2450        -8.43623    -0.88021    -0.61245    -6.94357
    -1.0950        -9.27450    -0.96350    -0.69301    -7.61799
   -0.94500       -10.29954    -1.06367    -0.79408    -8.44179
   -0.79500       -11.57669    -1.19319    -0.92765    -9.45585
   -0.64500       -13.16364    -1.36624    -1.10954   -10.68785
   -0.49500       -15.13885    -1.61664    -1.37416   -12.14805
   -0.34500       -17.90821    -2.02557    -1.80302   -14.07961
   -0.22700       -19.15276    -2.22266    -2.01191   -14.91819
   -0.21300       -19.31814    -2.24922    -2.04021   -15.02871
   -0.20700       -19.48805    -2.27675    -2.06943   -15.14187
   -0.20100       -19.66289    -2.30492    -2.09960   -15.25836
   -0.19500       -19.84202    -2.33388    -2.13085   -15.37729
   -0.18900       -20.02660    -2.36383    -2.16298   -15.49979
   -0.18300       -20.21631    -2.39457    -2.19611   -15.62563
   -0.17700       -20.41281    -2.42658    -2.23051   -15.75572
   -0.17100       -20.61436    -2.45935    -2.26602   -15.88900
   -0.16500       -20.82360    -2.49336    -2.30288   -16.02736
   -0.15900       -21.03951    -2.52859    -2.34086   -16.17006
   -0.15300       -21.26275    -2.56492    -2.38032   -16.31750
   -0.14700       -21.49484    -2.60276    -2.42101   -16.47107
   -0.14100       -21.73590    -2.64188    -2.46362   -16.63040
   -0.13500       -21.98547    -2.68215    -2.50745   -16.79587
   -0.12900       -22.24548    -2.72420    -2.55329   -16.96799
   -0.12300       -22.51660    -2.76754    -2.60100   -17.14805
   -0.11700       -22.80021    -2.81283    -2.65086   -17.33652
   -0.11100       -23.09700    -2.85992    -2.70257   -17.53451
   -0.10500       -23.40851    -2.90885    -2.75691   -17.74274
   -0.99000E-01   -23.73540    -2.95972    -2.81367   -17.96200
   -0.93000E-01   -24.08016    -3.01274    -2.87302   -18.19440
   -0.87000E-01   -24.44462    -3.06806    -2.93581   -18.44074
   -0.81000E-01   -24.83181    -3.12593    -3.00164   -18.70424
   -0.75000E-01   -25.24522    -3.18664    -3.07154   -18.98704
   -0.69000E-01   -25.68883    -3.25057    -3.14582   -19.29243
   -0.63000E-01   -26.16948    -3.31833    -3.22623   -19.62492
   -0.57000E-01   -26.69611    -3.39064    -3.31521   -19.99027
   -0.51000E-01   -27.27919    -3.47000    -3.41350   -20.39568
   -0.45000E-01   -27.92878    -3.55685    -3.51796   -20.85396
   -0.39000E-01   -28.65358    -3.64768    -3.62448   -21.38142
   -0.33000E-01   -29.47067    -3.73792    -3.72838   -22.00437
   -0.27000E-01   -30.41724    -3.82314    -3.82585   -22.76824
   -0.21300E-01   -31.16852    -3.87610    -3.88519   -23.40723
   -0.19500E-01   -31.28828    -3.88342    -3.89324   -23.51162
   -0.18900E-01   -31.41100    -3.89057    -3.90104   -23.61939
   -0.18300E-01   -31.53690    -3.89760    -3.90869   -23.73062
   -0.17700E-01   -31.66633    -3.90449    -3.91610   -23.84574
   -0.17100E-01   -31.79931    -3.91118    -3.92331   -23.96482
   -0.16500E-01   -31.93629    -3.91770    -3.93032   -24.08828
   -0.15900E-01   -32.07756    -3.92405    -3.93709   -24.21643
   -0.15300E-01   -32.22360    -3.93021    -3.94364   -24.34975
   -0.14700E-01   -32.37468    -3.93614    -3.94996   -24.48858
   -0.14100E-01   -32.53121    -3.94189    -3.95604   -24.63329
   -0.13500E-01   -32.69380    -3.94744    -3.96187   -24.78449
   -0.12900E-01   -32.86324    -3.95276    -3.96748   -24.94300
   -0.12300E-01   -33.04006    -3.95788    -3.97286   -25.10932
   -0.11700E-01   -33.22517    -3.96280    -3.97797   -25.28440
   -0.11100E-01   -33.41956    -3.96746    -3.98285   -25.46925
   -0.10500E-01   -33.62440    -3.97191    -3.98746   -25.66502
   -0.99000E-02   -33.84117    -3.97611    -3.99183   -25.87322
   -0.93000E-02   -34.07160    -3.98009    -3.99594   -26.09557
   -0.87000E-02   -34.31795    -3.98382    -3.99977   -26.33436
   -0.81000E-02   -34.58355    -3.98731    -4.00335   -26.59289
   -0.75000E-02   -34.87209    -3.99057    -4.00667   -26.87486
   -0.69000E-02   -35.18903    -3.99357    -4.00973   -27.18572
   -0.63000E-02   -35.54033    -3.99631    -4.01253   -27.53149
   -0.57000E-02   -35.93268    -3.99881    -4.01506   -27.91881
   -0.51000E-02   -36.37342    -4.00105    -4.01733   -28.35504
   -0.45000E-02   -36.87035    -4.00303    -4.01933   -28.84799
   -0.39000E-02   -37.43291    -4.00475    -4.02107   -29.40709
   -0.33000E-02   -38.07159    -4.00621    -4.02254   -30.04284
   -0.27000E-02   -38.80010    -4.00741    -4.02375   -30.76894
   -0.21000E-02   -39.64031    -4.00834    -4.02469   -31.60728
   -0.15000E-02   -40.62947    -4.00901    -4.02536   -32.59510
   -0.90000E-03   -41.61799    -4.00941    -4.02576   -33.58282
   -0.30000E-03   -42.03946    -4.00955    -4.02590   -34.00401
    0.30000E-03   -41.61914    -4.00942    -4.02577   -33.58395
    0.90000E-03   -40.63069    -4.00903    -4.02537   -32.59630
    0.15000E-02   -39.64199    -4.00836    -4.02471   -31.60891
    0.21000E-02   -38.80233    -4.00743    -4.02379   -30.77112
    0.27000E-02   -38.07436    -4.00623    -4.02259   -30.04554
    0.33000E-02   -37.43604    -4.00476    -4.02115   -29.41013
    0.39000E-02   -36.87390    -4.00302    -4.01943   -28.85146
    0.45000E-02   -36.37722    -4.00101    -4.01745   -28.35876
    0.51000E-02   -35.93696    -3.99873    -4.01523   -27.92300
    0.57000E-02   -35.54484    -3.99619    -4.01275   -27.53590
    0.63000E-02   -35.19367    -3.99339    -4.01001   -27.19026
    0.69000E-02   -34.87679    -3.99032    -4.00703   -26.87944
    0.75000E-02   -34.58834    -3.98697    -4.00379   -26.59758
    0.81000E-02   -34.32302    -3.98338    -4.00033   -26.33932
    0.87000E-02   -34.07670    -3.97953    -3.99661   -26.10055
    0.93000E-02   -33.84635    -3.97543    -3.99267   -25.87825
    0.99000E-02   -33.62964    -3.97106    -3.98846   -25.67012
    0.10500E-01   -33.42481    -3.96642    -3.98401   -25.47438
    0.11100E-01   -33.23045    -3.96154    -3.97933   -25.28959
    0.11700E-01   -33.04530    -3.95640    -3.97445   -25.11445
    0.12300E-01   -32.86860    -3.95104    -3.96936   -24.94821
    0.12900E-01   -32.69933    -3.94541    -3.96404   -24.78988
    0.13500E-01   -32.53682    -3.93956    -3.95849   -24.63876
    0.14100E-01   -32.38034    -3.93348    -3.95277   -24.49409
    0.14700E-01   -32.22932    -3.92716    -3.94683   -24.35533
    0.15300E-01   -32.08329    -3.92061    -3.94067   -24.22201
    0.15900E-01   -31.94207    -3.91384    -3.93432   -24.09391
    0.16500E-01   -31.80514    -3.90683    -3.92779   -23.97052
    0.17100E-01   -31.67221    -3.89963    -3.92111   -23.85147
    0.17700E-01   -31.54309    -3.89221    -3.91428   -23.73660
    0.18300E-01   -31.41718    -3.88455    -3.90727   -23.62537
    0.18900E-01   -31.29464    -3.87671    -3.90011   -23.51782
    0.19500E-01   -31.17495    -3.86865    -3.89282   -23.41349
    0.21300E-01   -30.42475    -3.80899    -3.84001   -22.77575
    0.27000E-01   -29.48049    -3.71074    -3.75497   -22.01478
    0.33000E-01   -28.66643    -3.60635    -3.66494   -21.39514
    0.39000E-01   -27.94817    -3.49997    -3.57425   -20.87395
    0.45000E-01   -27.30705    -3.39501    -3.48748   -20.42457
    0.51000E-01   -26.73545    -3.29673    -3.40823   -20.03049
    0.57000E-01   -26.22396    -3.20796    -3.33579   -19.68021
    0.63000E-01   -25.76114    -3.12796    -3.26797   -19.36520
    0.69000E-01   -25.33771    -3.05388    -3.20393   -19.07990
    0.75000E-01   -24.94601    -2.98425    -3.14315   -18.81861
    0.81000E-01   -24.58205    -2.91865    -3.08483   -18.57857
    0.87000E-01   -24.24296    -2.85670    -3.02917   -18.35710
    0.93000E-01   -23.92493    -2.79776    -2.97597   -18.15120
    0.99000E-01   -23.62563    -2.74141    -2.92492   -17.95930
    0.10500       -23.34277    -2.68757    -2.87571   -17.77950
    0.11100       -23.07527    -2.63616    -2.82854   -17.61058
    0.11700       -22.82108    -2.58660    -2.78308   -17.45140
    0.12300       -22.57954    -2.53925    -2.73908   -17.30120
    0.12900       -22.34947    -2.49364    -2.69695   -17.15888
    0.13500       -22.13033    -2.45001    -2.65593   -17.02439
    0.14100       -21.92117    -2.40792    -2.61649   -16.89676
    0.14700       -21.72102    -2.36722    -2.57862   -16.77518
    0.15300       -21.52912    -2.32812    -2.54172   -16.65927
    0.15900       -21.34502    -2.29035    -2.50594   -16.54873
    0.16500       -21.16843    -2.25390    -2.47151   -16.44302
    0.17100       -20.99910    -2.21862    -2.43826   -16.34222
    0.17700       -20.83630    -2.18472    -2.40593   -16.24565
    0.18300       -20.67887    -2.15171    -2.37483   -16.15234
    0.18900       -20.52759    -2.11975    -2.34467   -16.06318
    0.19500       -20.38127    -2.08865    -2.31537   -15.97726
    0.20100       -20.24036    -2.05858    -2.28707   -15.89471
    0.20700       -20.10472    -2.02970    -2.25960   -15.81541
    0.21300       -19.97349    -2.00170    -2.23288   -15.73891
    0.22700       -19.01777    -1.79438    -2.03534   -15.18805
    0.34500       -17.10477    -1.37094    -1.62748   -14.10635
    0.49500       -15.93866    -1.11492    -1.37614   -13.44761
    0.64500       -15.10286    -0.93954    -1.20445   -12.95887
    0.79500       -14.44889    -0.81008    -1.07682   -12.56199
    0.94500       -13.91986    -0.71077    -0.97899   -12.23011
     1.0950       -13.48082    -0.63090    -0.90029   -11.94963
     1.2450       -13.11067    -0.56521    -0.83606   -11.70939
     1.3950       -12.79283    -0.51019    -0.78268   -11.49995
     1.5450       -12.51683    -0.46332    -0.73644   -11.31706
     1.6950       -12.27407    -0.42361    -0.69632   -11.15414
     1.8450       -12.05852    -0.38920    -0.66150   -11.00782
     1.9950       -11.86598    -0.35916    -0.63092   -10.87590
     2.1450       -11.69191    -0.33285    -0.60351   -10.75554
     2.2950       -11.53646    -0.30964    -0.57833   -10.64850
     2.4450       -11.39465    -0.28976    -0.55617   -10.54872
     2.5950       -11.26773    -0.27174    -0.53614   -10.45984
     2.7450       -11.15403    -0.25622    -0.51739   -10.38042
     2.8950       -11.05294    -0.24208    -0.50108   -10.30979
     3.0450       -10.95657    -0.22999    -0.48630   -10.24028
     3.1950       -10.87166    -0.21948    -0.47245   -10.17972
     3.3450       -10.79305    -0.21060    -0.45955   -10.12290
     3.4950       -10.72268    -0.20296    -0.44886   -10.07085
     3.6450       -10.65574    -0.19581    -0.43835   -10.02158
     3.7950       -10.59475    -0.18975    -0.42954    -9.97545
     3.9450       -10.53649    -0.18434    -0.42049    -9.93166
     4.0950       -10.48386    -0.18030    -0.41172    -9.89184
     4.2450       -10.43389    -0.17690    -0.40414    -9.85285
     4.3950       -10.38864    -0.17333    -0.39722    -9.81808
     4.5450       -10.34328    -0.16948    -0.38979    -9.78401
     4.6950       -10.30093    -0.16633    -0.38295    -9.75166
     4.8450       -10.26023    -0.16373    -0.37613    -9.72037
     4.9950       -10.22188    -0.16139    -0.36993    -9.69057
     5.1450       -10.18550    -0.15884    -0.36440    -9.66225
     5.2950       -10.15083    -0.15721    -0.35854    -9.63508
     5.4450       -10.11765    -0.15563    -0.35319    -9.60883
     5.5950       -10.08532    -0.15427    -0.34806    -9.58299
     5.7450       -10.05441    -0.15333    -0.34302    -9.55806
     5.8950       -10.02455    -0.15219    -0.33837    -9.53398
     6.0450        -9.99498    -0.15110    -0.33351    -9.51037
     6.1950        -9.96784    -0.15010    -0.32987    -9.48787
     6.3450        -9.94076    -0.14927    -0.32552    -9.46597
     6.4950        -9.91542    -0.14847    -0.32238    -9.44457
     6.6450        -9.89063    -0.14785    -0.31913    -9.42365
     6.7950        -9.86648    -0.14724    -0.31612    -9.40312
     6.9450        -9.84252    -0.14649    -0.31324    -9.38279
     7.0950        -9.82026    -0.14608    -0.31085    -9.36332
     7.2450        -9.79820    -0.14569    -0.30809    -9.34441
     7.3950        -9.77707    -0.14532    -0.30600    -9.32576
     7.5450        -9.75706    -0.14479    -0.30461    -9.30766
     7.6950        -9.73777    -0.14446    -0.30328    -9.29004
     7.8450        -9.71900    -0.14413    -0.30218    -9.27269
     7.9950        -9.70093    -0.14381    -0.30135    -9.25577
     8.1450        -9.68326    -0.14350    -0.30063    -9.23912
     8.2950        -9.66561    -0.14321    -0.29961    -9.22279
     8.4450        -9.64859    -0.14292    -0.29891    -9.20677
     8.5950        -9.63192    -0.14264    -0.29823    -9.19105
     8.7450        -9.61599    -0.14238    -0.29799    -9.17562
     8.8950        -9.60018    -0.14212    -0.29754    -9.16052
     9.0450        -9.58460    -0.14188    -0.29709    -9.14563
     9.1950        -9.56954    -0.14163    -0.29689    -9.13102
     9.3450        -9.55452    -0.14139    -0.29647    -9.11666
     9.4950        -9.53994    -0.14116    -0.29628    -9.10249
     9.6450        -9.52563    -0.14095    -0.29610    -9.08859
     9.7950        -9.51157    -0.14073    -0.29593    -9.07492
     9.9450        -9.49779    -0.14052    -0.29576    -9.06151
     10.095        -9.48418    -0.14032    -0.29560    -9.04827
     10.245        -9.47077    -0.14012    -0.29543    -9.03522
     10.395        -9.45765    -0.13992    -0.29528    -9.02245
     10.545        -9.44467    -0.13973    -0.29513    -9.00982
     10.695        -9.43193    -0.13955    -0.29498    -8.99740
     10.845        -9.41937    -0.13937    -0.29485    -8.98516
     10.995        -9.40703    -0.13920    -0.29472    -8.97312
     11.145        -9.39484    -0.13903    -0.29459    -8.96122
     11.295        -9.38280    -0.13886    -0.29447    -8.94947
     11.445        -9.37098    -0.13870    -0.29436    -8.93792
     11.595        -9.35933    -0.13854    -0.29423    -8.92656
     11.745        -9.34782    -0.13838    -0.29413    -8.91531
     11.895        -9.33647    -0.13823    -0.29401    -8.90423
     12.045        -9.32530    -0.13807    -0.29392    -8.89331
     12.195        -9.31424    -0.13793    -0.29381    -8.88250
     12.345        -9.30331    -0.13778    -0.29370    -8.87183
     12.495        -9.29254    -0.13764    -0.29361    -8.86130
     12.645        -9.28192    -0.13750    -0.29351    -8.85091
     12.795        -9.27146    -0.13736    -0.29343    -8.84067
     12.945        -9.26112    -0.13722    -0.29334    -8.83056
     13.095        -9.25091    -0.13708    -0.29326    -8.82057
     13.245        -9.24081    -0.13695    -0.29317    -8.81068
     13.395        -9.23082    -0.13682    -0.29309    -8.80091
     13.545        -9.22099    -0.13670    -0.29300    -8.79129
     13.695        -9.21127    -0.13657    -0.29293    -8.78177
     13.845        -9.20169    -0.13645    -0.29286    -8.77238
     13.995        -9.19218    -0.13633    -0.29279    -8.76307
     14.145        -9.18279    -0.13620    -0.29272    -8.75386
     14.295        -9.17352    -0.13608    -0.29265    -8.74479
     14.445        -9.16434    -0.13597    -0.29258    -8.73580
     14.595        -9.15524    -0.13585    -0.29251    -8.72687
     14.745        -9.14628    -0.13574    -0.29245    -8.71809
     14.895        -9.13741    -0.13563    -0.29238    -8.70939
     15.045        -9.12860    -0.13552    -0.29231    -8.70076
     15.195        -9.11991    -0.13542    -0.29225    -8.69224
     15.345        -9.11131    -0.13531    -0.29219    -8.68382
     15.495        -9.10281    -0.13520    -0.29213    -8.67548
     15.645        -9.09439    -0.13510    -0.29207    -8.66722
     15.795        -9.08605    -0.13500    -0.29202    -8.65903
     15.945        -9.07781    -0.13490    -0.29196    -8.65095
     16.095        -9.06965    -0.13480    -0.29190    -8.64294
     16.245        -9.06155    -0.13470    -0.29185    -8.63499
     16.395        -9.05351    -0.13461    -0.29180    -8.62710
     16.545        -9.04558    -0.13452    -0.29175    -8.61931
     16.695        -9.03776    -0.13442    -0.29170    -8.61163
     16.845        -9.03000    -0.13433    -0.29165    -8.60402
     16.995        -9.02234    -0.13424    -0.29160    -8.59649
     17.145        -9.01471    -0.13414    -0.29156    -8.58901
     17.295        -9.00718    -0.13406    -0.29150    -8.58162
     17.445        -8.99972    -0.13396    -0.29145    -8.57430
     17.595        -8.99232    -0.13388    -0.29141    -8.56703
     17.745        -8.98499    -0.13379    -0.29136    -8.55984
     17.895        -8.97771    -0.13371    -0.29132    -8.55269
     18.045        -8.97050    -0.13362    -0.29128    -8.54560
     18.195        -8.96336    -0.13354    -0.29124    -8.53858
     18.345        -8.95625    -0.13345    -0.29119    -8.53160
     18.495        -8.94924    -0.13337    -0.29115    -8.52471
     18.645        -8.94227    -0.13329    -0.29111    -8.51786
     18.795        -8.93538    -0.13322    -0.29107    -8.51109
     18.945        -8.92853    -0.13314    -0.29103    -8.50436
     19.095        -8.92177    -0.13306    -0.29099    -8.49771
     19.245        -8.91505    -0.13298    -0.29095    -8.49111
     19.395        -8.90836    -0.13291    -0.29092    -8.48454
     19.545        -8.90177    -0.13283    -0.29088    -8.47805
     19.695        -8.89522    -0.13275    -0.29084    -8.47162
     19.845        -8.88869    -0.13268    -0.29081    -8.46521
     19.995        -8.88226    -0.13260    -0.29077    -8.45889
     20.145        -8.87585    -0.13253    -0.29073    -8.45259
     20.295        -8.86952    -0.13246    -0.29071    -8.44635
     20.445        -8.86322    -0.13239    -0.29067    -8.44016
     20.595        -8.85698    -0.13232    -0.29063    -8.43404
     20.745        -8.85075    -0.13225    -0.29059    -8.42791
     20.895        -8.84463    -0.13218    -0.29056    -8.42189
     21.045        -8.83852    -0.13211    -0.29053    -8.41589
     21.195        -8.83245    -0.13204    -0.29050    -8.40992
     21.345        -8.82644    -0.13197    -0.29047    -8.40400
     21.495        -8.82049    -0.13190    -0.29044    -8.39815
     21.645        -8.81457    -0.13183    -0.29041    -8.39233
     21.795        -8.80868    -0.13177    -0.29038    -8.38653
     21.945        -8.80287    -0.13170    -0.29036    -8.38081
     22.095        -8.79709    -0.13164    -0.29033    -8.37512
     22.245        -8.79135    -0.13158    -0.29030    -8.36948
     22.395        -8.78564    -0.13152    -0.29027    -8.36386
     22.545        -8.77997    -0.13145    -0.29023    -8.35828
     22.695        -8.77436    -0.13139    -0.29021    -8.35275
     22.845        -8.76879    -0.13133    -0.29019    -8.34727
     22.995        -8.76326    -0.13127    -0.29016    -8.34182
     23.145        -8.75775    -0.13121    -0.29013    -8.33641
     23.295        -8.75228    -0.13115    -0.29011    -8.33102
     23.445        -8.74684    -0.13109    -0.29008    -8.32567
     23.595        -8.74149    -0.13104    -0.29005    -8.32041
     23.745        -8.73615    -0.13098    -0.29002    -8.31514
     23.895        -8.73086    -0.13092    -0.29000    -8.30995
     24.045        -8.72560    -0.13086    -0.28997    -8.30477
     24.195        -8.72036    -0.13080    -0.28995    -8.29961
     24.345        -8.71516    -0.13074    -0.28993    -8.29449
     24.495        -8.70999    -0.13069    -0.28990    -8.28941
     24.645        -8.70485    -0.13063    -0.28987    -8.28435
     24.795        -8.69974    -0.13057    -0.28984    -8.27933
     24.945        -8.69468    -0.13052    -0.28982    -8.27435
     25.095        -8.68963    -0.13046    -0.28979    -8.26938
     25.245        -8.68462    -0.13041    -0.28976    -8.26445
     25.395        -8.67967    -0.13035    -0.28974    -8.25958
     25.545        -8.67475    -0.13030    -0.28972    -8.25473
     25.695        -8.66986    -0.13024    -0.28970    -8.24992
     25.845        -8.66500    -0.13019    -0.28968    -8.24514
     25.995        -8.66016    -0.13013    -0.28965    -8.24038
     26.145        -8.65535    -0.13008    -0.28964    -8.23563
     26.295        -8.65055    -0.13003    -0.28961    -8.23091
     26.445        -8.64578    -0.12998    -0.28959    -8.22621
     26.595        -8.64104    -0.12992    -0.28957    -8.22155
     26.745        -8.63634    -0.12987    -0.28954    -8.21693
     26.895        -8.63169    -0.12982    -0.28952    -8.21235
     27.045        -8.62708    -0.12977    -0.28950    -8.20781
     27.195        -8.62248    -0.12972    -0.28948    -8.20328
     27.345        -8.61791    -0.12967    -0.28946    -8.19878
     27.495        -8.61337    -0.12962    -0.28944    -8.19430
     27.645        -8.60884    -0.12957    -0.28942    -8.18984
     27.795        -8.60432    -0.12952    -0.28940    -8.18540
     27.945        -8.59985    -0.12947    -0.28938    -8.18099
     28.095        -8.59540    -0.12943    -0.28936    -8.17661
     28.245        -8.59099    -0.12938    -0.28935    -8.17227
     28.395        -8.58658    -0.12933    -0.28932    -8.16792
     28.545        -8.58222    -0.12928    -0.28931    -8.16363
     28.695        -8.57789    -0.12923    -0.28929    -8.15936
     28.845        -8.57356    -0.12919    -0.28927    -8.15510
     28.995        -8.56927    -0.12914    -0.28925    -8.15088
     29.145        -8.56499    -0.12909    -0.28923    -8.14667
     29.295        -8.56075    -0.12905    -0.28922    -8.14249
     29.445        -8.55651    -0.12900    -0.28920    -8.13832
     29.595        -8.55231    -0.12896    -0.28918    -8.13418
     29.745        -8.54813    -0.12891    -0.28916    -8.13006
     29.895        -8.54398    -0.12887    -0.28914    -8.12597
     30.045        -8.53985    -0.12882    -0.28913    -8.12190
     30.195        -8.53574    -0.12878    -0.28911    -8.11786
     30.345        -8.53165    -0.12873    -0.28909    -8.11383
     30.495        -8.52758    -0.12869    -0.28907    -8.10982
     30.645        -8.52352    -0.12864    -0.28905    -8.10582
     30.795        -8.51947    -0.12860    -0.28903    -8.10184
     30.945        -8.51547    -0.12856    -0.28902    -8.09790
     31.095        -8.51147    -0.12852    -0.28900    -8.09396
     31.245        -8.50748    -0.12847    -0.28898    -8.09003
     31.395        -8.50354    -0.12843    -0.28896    -8.08614
     31.545        -8.49960    -0.12839    -0.28895    -8.08226
     31.695        -8.49571    -0.12835    -0.28893    -8.07842
     31.845        -8.49182    -0.12831    -0.28891    -8.07460
     31.995        -8.48795    -0.12827    -0.28890    -8.07078
     32.145        -8.48410    -0.12823    -0.28888    -8.06699
     32.295        -8.48028    -0.12819    -0.28886    -8.06323
     32.445        -8.47648    -0.12815    -0.28885    -8.05948
     32.595        -8.47271    -0.12811    -0.28883    -8.05577
     32.745        -8.46894    -0.12807    -0.28881    -8.05206
     32.895        -8.46518    -0.12803    -0.28879    -8.04836
     33.045        -8.46144    -0.12799    -0.28878    -8.04468
     33.195        -8.45771    -0.12795    -0.28876    -8.04100
     33.345        -8.45401    -0.12791    -0.28875    -8.03735
     33.495        -8.45031    -0.12787    -0.28873    -8.03371
     33.645        -8.44664    -0.12783    -0.28872    -8.03010
     33.795        -8.44301    -0.12779    -0.28870    -8.02652
     33.945        -8.43939    -0.12775    -0.28869    -8.02294
     34.095        -8.43579    -0.12771    -0.28868    -8.01940
     34.245        -8.43219    -0.12767    -0.28866    -8.01586
     34.395        -8.42863    -0.12764    -0.28864    -8.01236
     34.545        -8.42510    -0.12760    -0.28863    -8.00887
     34.695        -8.42156    -0.12756    -0.28861    -8.00539
     34.845        -8.41803    -0.12753    -0.28860    -8.00191
     34.995        -8.41453    -0.12749    -0.28858    -7.99846
     35.145        -8.41105    -0.12745    -0.28856    -7.99503
     35.295        -8.40758    -0.12742    -0.28855    -7.99161
     35.445        -8.40411    -0.12738    -0.28854    -7.98820
     35.595        -8.40068    -0.12734    -0.28852    -7.98481
     35.745        -8.39724    -0.12731    -0.28851    -7.98142
     35.895        -8.39383    -0.12727    -0.28849    -7.97806
     36.045        -8.39045    -0.12724    -0.28848    -7.97474
     36.195        -8.38707    -0.12720    -0.28846    -7.97141
     36.345        -8.38373    -0.12717    -0.28845    -7.96811
     36.495        -8.38038    -0.12713    -0.28844    -7.96481
     36.645        -8.37705    -0.12710    -0.28843    -7.96153
     36.795        -8.37374    -0.12706    -0.28841    -7.95826
     36.945        -8.37044    -0.12702    -0.28840    -7.95502
     37.095        -8.36715    -0.12699    -0.28838    -7.95178
     37.245        -8.36388    -0.12695    -0.28837    -7.94855
     37.395        -8.36061    -0.12692    -0.28836    -7.94534
     37.545        -8.35737    -0.12688    -0.28834    -7.94214
     37.695        -8.35413    -0.12685    -0.28833    -7.93895
     37.845        -8.35092    -0.12682    -0.28831    -7.93579
     37.995        -8.34771    -0.12678    -0.28829    -7.93264
     38.145        -8.34454    -0.12675    -0.28828    -7.92951
     38.295        -8.34138    -0.12672    -0.28827    -7.92640
     38.445        -8.33822    -0.12668    -0.28826    -7.92328
     38.595        -8.33508    -0.12665    -0.28825    -7.92018
     38.745        -8.33195    -0.12662    -0.28823    -7.91710
     38.895        -8.32883    -0.12659    -0.28822    -7.91403
     39.045        -8.32572    -0.12655    -0.28821    -7.91096
     39.195        -8.32263    -0.12652    -0.28819    -7.90791
     39.345        -8.31957    -0.12649    -0.28818    -7.90490
     39.495        -8.31650    -0.12646    -0.28817    -7.90187
     39.645        -8.31344    -0.12643    -0.28816    -7.89885
     39.795        -8.31039    -0.12640    -0.28814    -7.89585
     39.945        -8.30737    -0.12636    -0.28813    -7.89288
     40.095        -8.30437    -0.12634    -0.28812    -7.88991
     40.245        -8.30138    -0.12631    -0.28811    -7.88697
     40.395        -8.29839    -0.12627    -0.28810    -7.88402
     40.545        -8.29541    -0.12624    -0.28808    -7.88109
     40.695        -8.29244    -0.12621    -0.28807    -7.87816
     40.845        -8.28949    -0.12618    -0.28806    -7.87525
     40.995        -8.28654    -0.12615    -0.28805    -7.87234
     41.145        -8.28361    -0.12612    -0.28803    -7.86946
     41.295        -8.28069    -0.12609    -0.28802    -7.86658
     41.445        -8.27777    -0.12606    -0.28801    -7.86370
     41.595        -8.27488    -0.12603    -0.28800    -7.86085
     41.745        -8.27200    -0.12600    -0.28799    -7.85801
     41.895        -8.26913    -0.12597    -0.28798    -7.85519
     42.045        -8.26626    -0.12594    -0.28797    -7.85236
     42.195        -8.26341    -0.12591    -0.28795    -7.84955
     42.345        -8.26058    -0.12588    -0.28794    -7.84676
     42.495        -8.25775    -0.12585    -0.28793    -7.84397
     42.645        -8.25494    -0.12582    -0.28792    -7.84120
     42.795        -8.25212    -0.12579    -0.28791    -7.83842
     42.945        -8.24933    -0.12576    -0.28790    -7.83567
     43.095        -8.24653    -0.12574    -0.28788    -7.83290
     43.245        -8.24376    -0.12571    -0.28788    -7.83017
     43.395        -8.24100    -0.12568    -0.28787    -7.82744
     43.545        -8.23826    -0.12565    -0.28786    -7.82474
     43.695        -8.23550    -0.12563    -0.28785    -7.82203
     43.845        -8.23277    -0.12560    -0.28784    -7.81933
     43.995        -8.23005    -0.12557    -0.28783    -7.81665
     44.145        -8.22732    -0.12554    -0.28782    -7.81396
     44.295        -8.22462    -0.12551    -0.28781    -7.81129
     44.445        -8.22193    -0.12548    -0.28780    -7.80864
     44.595        -8.21923    -0.12546    -0.28779    -7.80598
     44.745        -8.21658    -0.12543    -0.28778    -7.80337
     44.895        -8.21391    -0.12540    -0.28777    -7.80074
     45.045        -8.21125    -0.12538    -0.28776    -7.79811
     45.195        -8.20860    -0.12535    -0.28775    -7.79551
     45.345        -8.20596    -0.12532    -0.28774    -7.79291
     45.495        -8.20334    -0.12529    -0.28772    -7.79032
     45.645        -8.20070    -0.12527    -0.28771    -7.78772
     45.795        -8.19809    -0.12524    -0.28770    -7.78515
     45.945        -8.19550    -0.12521    -0.28769    -7.78259
     46.095        -8.19291    -0.12518    -0.28768    -7.78005
     46.245        -8.19034    -0.12516    -0.28767    -7.77751
     46.395        -8.18777    -0.12513    -0.28766    -7.77498
     46.545        -8.18521    -0.12510    -0.28765    -7.77246
     46.695        -8.18265    -0.12508    -0.28764    -7.76993
     46.845        -8.18013    -0.12505    -0.28763    -7.76744
     46.995        -8.17760    -0.12503    -0.28762    -7.76495
     47.145        -8.17505    -0.12500    -0.28761    -7.76244
     47.295        -8.17253    -0.12497    -0.28760    -7.75995
     47.445        -8.17001    -0.12495    -0.28759    -7.75747
     47.595        -8.16752    -0.12492    -0.28758    -7.75502
     47.745        -8.16502    -0.12490    -0.28757    -7.75255
     47.895        -8.16256    -0.12488    -0.28756    -7.75013
     48.045        -8.16009    -0.12485    -0.28755    -7.74769
     48.195        -8.15761    -0.12482    -0.28754    -7.74525
     48.345        -8.15517    -0.12480    -0.28753    -7.74284
     48.495        -8.15271    -0.12477    -0.28752    -7.74042
     48.645        -8.15027    -0.12475    -0.28751    -7.73801
     48.795        -8.14784    -0.12472    -0.28750    -7.73562
     48.945        -8.14542    -0.12470    -0.28749    -7.73324
     49.095        -8.14300    -0.12467    -0.28748    -7.73085
     49.245        -8.14058    -0.12465    -0.28747    -7.72846
     49.395        -8.13819    -0.12463    -0.28746    -7.72610
     49.545        -8.13580    -0.12460    -0.28746    -7.72374
     49.695        -8.13341    -0.12458    -0.28745    -7.72138
     49.845        -8.13102    -0.12455    -0.28744    -7.71903
     49.995        -8.12865    -0.12453    -0.28743    -7.71670
     50.145        -8.12629    -0.12450    -0.28742    -7.71437
     50.295        -8.12395    -0.12448    -0.28741    -7.71206
     50.445        -8.12162    -0.12446    -0.28741    -7.70975
     50.595        -8.11928    -0.12443    -0.28739    -7.70745
     50.745        -8.11696    -0.12441    -0.28738    -7.70516
     50.895        -8.11466    -0.12438    -0.28738    -7.70289
     51.045        -8.11236    -0.12436    -0.28737    -7.70063
     51.195        -8.11005    -0.12434    -0.28736    -7.69835
     51.345        -8.10775    -0.12431    -0.28736    -7.69608
     51.495        -8.10544    -0.12429    -0.28735    -7.69380
     51.645        -8.10317    -0.12427    -0.28734    -7.69156
     51.795        -8.10088    -0.12424    -0.28733    -7.68931
     51.945        -8.09861    -0.12422    -0.28732    -7.68707
     52.095        -8.09638    -0.12420    -0.28732    -7.68487
     52.245        -8.09411    -0.12417    -0.28731    -7.68263
     52.395        -8.09184    -0.12415    -0.28730    -7.68039
     52.545        -8.08958    -0.12413    -0.28729    -7.67816
     52.695        -8.08737    -0.12410    -0.28728    -7.67599
     52.845        -8.08513    -0.12408    -0.28728    -7.67378
     52.995        -8.08290    -0.12406    -0.28727    -7.67157
     53.145        -8.08068    -0.12404    -0.28726    -7.66939
     53.295        -8.07847    -0.12401    -0.28725    -7.66721
     53.445        -8.07629    -0.12399    -0.28724    -7.66506
     53.595        -8.07408    -0.12397    -0.28723    -7.66288
     53.745        -8.07190    -0.12394    -0.28722    -7.66074
     53.895        -8.06973    -0.12392    -0.28722    -7.65860
     54.045        -8.06756    -0.12390    -0.28721    -7.65646
     54.195        -8.06539    -0.12387    -0.28720    -7.65432
     54.345        -8.06323    -0.12385    -0.28719    -7.65219
     54.495        -8.06107    -0.12383    -0.28718    -7.65005
     54.645        -8.05894    -0.12381    -0.28717    -7.64795
     54.795        -8.05679    -0.12379    -0.28717    -7.64584
     54.945        -8.05464    -0.12376    -0.28716    -7.64372
     55.095        -8.05250    -0.12374    -0.28715    -7.64161
     59.433        -7.88641    -0.12205    -0.28650    -7.47785
     80.646        -7.64558    -0.11959    -0.28554    -7.24044
     111.21        -7.41337    -0.11725    -0.28463    -7.01149
     153.36        -7.19009    -0.11499    -0.28377    -6.79133
     211.49        -6.97555    -0.11284    -0.28292    -6.57979
     291.64        -6.76949    -0.11077    -0.28205    -6.37668
     402.18        -6.57197    -0.10877    -0.28122    -6.18198
     554.60        -6.38273    -0.10686    -0.28040    -5.99546
     764.80        -6.20161    -0.10506    -0.27961    -5.81695
     1054.7        -6.02832    -0.10332    -0.27884    -5.64616
     1454.4        -5.86260    -0.10166    -0.27809    -5.48285
     2005.6        -5.70417    -0.10006    -0.27736    -5.32675
     2765.8        -5.55275    -0.09853    -0.27664    -5.17758
     3814.0        -5.40802    -0.09708    -0.27593    -5.03501
     5259.5        -5.26973    -0.09569    -0.27524    -4.89879
     7252.9        -5.13741    -0.09437    -0.27459    -4.76845
     10002.        -5.01118    -0.09310    -0.27394    -4.64414
     13793.        -4.89052    -0.09189    -0.27331    -4.52532
     19020.        -4.77537    -0.09071    -0.27272    -4.41194
     26229.        -4.66541    -0.08960    -0.27213    -4.30368
     36170.        -4.56047    -0.08853    -0.27156    -4.20038
     49878.        -4.46061    -0.08752    -0.27101    -4.10208
     68782.        -4.36536    -0.08655    -0.27048    -4.00832
     94851.        -4.27482    -0.08565    -0.26999    -3.91919
    0.13080E+06    -4.18859    -0.08477    -0.26951    -3.83430
    0.18038E+06    -4.10648    -0.08394    -0.26906    -3.75347
    0.24874E+06    -4.02839    -0.08315    -0.26862    -3.67662
    0.34301E+06    -3.95422    -0.08239    -0.26820    -3.60363
    0.47302E+06    -3.88374    -0.08168    -0.26778    -3.53428
    0.65229E+06    -3.81676    -0.08099    -0.26739    -3.46838
    0.89952E+06    -3.75307    -0.08035    -0.26702    -3.40570
    0.12404E+07    -3.69265    -0.07973    -0.26667    -3.34626
    0.17106E+07    -3.63517    -0.07914    -0.26634    -3.28969
    0.23589E+07    -3.58056    -0.07858    -0.26601    -3.23597
    0.32529E+07    -3.52870    -0.07805    -0.26570    -3.18495
    0.44858E+07    -3.47947    -0.07754    -0.26542    -3.13652
    0.61860E+07    -3.43270    -0.07705    -0.26513    -3.09052
    0.85305E+07    -3.38832    -0.07660    -0.26487    -3.04685
    0.11764E+08    -3.34614    -0.07617    -0.26462    -3.00535
    0.16222E+08    -3.30605    -0.07576    -0.26438    -2.96592
    0.22370E+08    -3.26803    -0.07536    -0.26415    -2.92852
    0.30849E+08    -3.23195    -0.07499    -0.26393    -2.89303
    0.42541E+08    -3.19795    -0.07464    -0.26372    -2.85959
    0.58664E+08    -3.16601    -0.07430    -0.26353    -2.82818
    0.80898E+08    -3.13604    -0.07399    -0.26335    -2.79870
    0.11156E+09    -3.10803    -0.07369    -0.26318    -2.77116
    0.15384E+09    -3.08188    -0.07341    -0.26302    -2.74544
    0.21215E+09    -3.05729    -0.07315    -0.26287    -2.72127
    0.29255E+09    -3.03419    -0.07290    -0.26273    -2.69856
    0.40343E+09    -3.01249    -0.07267    -0.26260    -2.67722
    0.55633E+09    -2.99221    -0.07245    -0.26247    -2.65728
    0.76719E+09    -2.97371    -0.07225    -0.26236    -2.63910
    0.10580E+10    -2.95681    -0.07206    -0.26225    -2.62250
    0.14589E+10    -2.94128    -0.07189    -0.26216    -2.60724
    0.20119E+10    -2.92700    -0.07173    -0.26206    -2.59320
    0.27744E+10    -2.91383    -0.07159    -0.26198    -2.58026
    0.38259E+10    -2.90165    -0.07145    -0.26190    -2.56829
    0.52760E+10    -2.89039    -0.07132    -0.26183    -2.55723
    0.72756E+10    -2.87998    -0.07121    -0.26176    -2.54701
    0.10033E+11    -2.87042    -0.07110    -0.26170    -2.53762
    0.13836E+11    -2.86159    -0.07100    -0.26164    -2.52895
    0.19079E+11    -2.85342    -0.07091    -0.26158    -2.52093
    0.26311E+11    -2.84586    -0.07082    -0.26153    -2.51350
    0.36283E+11    -2.83889    -0.07075    -0.26149    -2.50665
    0.50034E+11    -2.83246    -0.07068    -0.26145    -2.50034
    0.68997E+11    -2.82654    -0.07061    -0.26141    -2.49452
    0.10000E+12    -2.75506    -0.06982    -0.26092    -2.42433
