    -99.945         0.00000     0.00000     0.00000     0.00000
    -99.795         0.00000     0.00000     0.00000     0.00000
    -99.645         0.00000     0.00000     0.00000     0.00000
    -99.495         0.00000     0.00000     0.00000     0.00000
    -99.345         0.00000     0.00000     0.00000     0.00000
    -99.195         0.00000     0.00000     0.00000     0.00000
    -99.045         0.00000     0.00000     0.00000     0.00000
    -98.895         0.00000     0.00000     0.00000     0.00000
    -98.745         0.00000     0.00000     0.00000     0.00000
    -98.595         0.00000     0.00000     0.00000     0.00000
    -98.445         0.00000     0.00000     0.00000     0.00000
    -98.295         0.00000     0.00000     0.00000     0.00000
    -98.145         0.00000     0.00000     0.00000     0.00000
    -97.995         0.00000     0.00000     0.00000     0.00000
    -97.845         0.00000     0.00000     0.00000     0.00000
    -97.695         0.00000     0.00000     0.00000     0.00000
    -97.545         0.00000     0.00000     0.00000     0.00000
    -97.395         0.00000     0.00000     0.00000     0.00000
    -97.245         0.00000     0.00000     0.00000     0.00000
    -97.095         0.00000     0.00000     0.00000     0.00000
    -96.945         0.00000     0.00000     0.00000     0.00000
    -96.795         0.00000     0.00000     0.00000     0.00000
    -96.645         0.00000     0.00000     0.00000     0.00000
    -96.495         0.00000     0.00000     0.00000     0.00000
    -96.345         0.00000     0.00000     0.00000     0.00000
    -96.195         0.00000     0.00000     0.00000     0.00000
    -96.045         0.00000     0.00000     0.00000     0.00000
    -95.895         0.00000     0.00000     0.00000     0.00000
    -95.745         0.00000     0.00000     0.00000     0.00000
    -95.595         0.00000     0.00000     0.00000     0.00000
    -95.445         0.00000     0.00000     0.00000     0.00000
    -95.295         0.00000     0.00000     0.00000     0.00000
    -95.145         0.00000     0.00000     0.00000     0.00000
    -94.995         0.00000     0.00000     0.00000     0.00000
    -94.845         0.00000     0.00000     0.00000     0.00000
    -94.695         0.00000     0.00000     0.00000     0.00000
    -94.545         0.00000     0.00000     0.00000     0.00000
    -94.395         0.00000     0.00000     0.00000     0.00000
    -94.245         0.00000     0.00000     0.00000     0.00000
    -94.095         0.00000     0.00000     0.00000     0.00000
    -93.945         0.00000     0.00000     0.00000     0.00000
    -93.795         0.00000     0.00000     0.00000     0.00000
    -93.645         0.00000     0.00000     0.00000     0.00000
    -93.495         0.00000     0.00000     0.00000     0.00000
    -93.345         0.00000     0.00000     0.00000     0.00000
    -93.195         0.00000     0.00000     0.00000     0.00000
    -93.045         0.00000     0.00000     0.00000     0.00000
    -92.895         0.00000     0.00000     0.00000     0.00000
    -92.745         0.00000     0.00000     0.00000     0.00000
    -92.595         0.00000     0.00000     0.00000     0.00000
    -92.445         0.00000     0.00000     0.00000     0.00000
    -92.295         0.00000     0.00000     0.00000     0.00000
    -92.145         0.00000     0.00000     0.00000     0.00000
    -91.995         0.00000     0.00000     0.00000     0.00000
    -91.845         0.00000     0.00000     0.00000     0.00000
    -91.695         0.00000     0.00000     0.00000     0.00000
    -91.545         0.00000     0.00000     0.00000     0.00000
    -91.395         0.00000     0.00000     0.00000     0.00000
    -91.245         0.00000     0.00000     0.00000     0.00000
    -91.095         0.00000     0.00000     0.00000     0.00000
    -90.945         0.00000     0.00000     0.00000     0.00000
    -90.795         0.00000     0.00000     0.00000     0.00000
    -90.645         0.00000     0.00000     0.00000     0.00000
    -90.495         0.00000     0.00000     0.00000     0.00000
    -90.345         0.00000     0.00000     0.00000     0.00000
    -90.195         0.00000     0.00000     0.00000     0.00000
    -90.045         0.00000     0.00000     0.00000     0.00000
    -89.895         0.00000     0.00000     0.00000     0.00000
    -89.745         0.00000     0.00000     0.00000     0.00000
    -89.595         0.00000     0.00000     0.00000     0.00000
    -89.445         0.00000     0.00000     0.00000     0.00000
    -89.295         0.00000     0.00000     0.00000     0.00000
    -89.145         0.00000     0.00000     0.00000     0.00000
    -88.995         0.00000     0.00000     0.00000     0.00000
    -88.845         0.00000     0.00000     0.00000     0.00000
    -88.695         0.00000     0.00000     0.00000     0.00000
    -88.545         0.00000     0.00000     0.00000     0.00000
    -88.395         0.00000     0.00000     0.00000     0.00000
    -88.245         0.00000     0.00000     0.00000     0.00000
    -88.095         0.00000     0.00000     0.00000     0.00000
    -87.945         0.00000     0.00000     0.00000     0.00000
    -87.795         0.00000     0.00000     0.00000     0.00000
    -87.645         0.00000     0.00000     0.00000     0.00000
    -87.495         0.00000     0.00000     0.00000     0.00000
    -87.345         0.00000     0.00000     0.00000     0.00000
    -87.195         0.00000     0.00000     0.00000     0.00000
    -87.045         0.00000     0.00000     0.00000     0.00000
    -86.895         0.00000     0.00000     0.00000     0.00000
    -86.745         0.00000     0.00000     0.00000     0.00000
    -86.595         0.00000     0.00000     0.00000     0.00000
    -86.445         0.00000     0.00000     0.00000     0.00000
    -86.295         0.00000     0.00000     0.00000     0.00000
    -86.145         0.00000     0.00000     0.00000     0.00000
    -85.995         0.00000     0.00000     0.00000     0.00000
    -85.845         0.00000     0.00000     0.00000     0.00000
    -85.695         0.00000     0.00000     0.00000     0.00000
    -85.545         0.00000     0.00000     0.00000     0.00000
    -85.395         0.00000     0.00000     0.00000     0.00000
    -85.245         0.00000     0.00000     0.00000     0.00000
    -85.095         0.00000     0.00000     0.00000     0.00000
    -84.945         0.00000     0.00000     0.00000     0.00000
    -84.795         0.00000     0.00000     0.00000     0.00000
    -84.645         0.00000     0.00000     0.00000     0.00000
    -84.495         0.00000     0.00000     0.00000     0.00000
    -84.345         0.00000     0.00000     0.00000     0.00000
    -84.195         0.00000     0.00000     0.00000     0.00000
    -84.045         0.00000     0.00000     0.00000     0.00000
    -83.895         0.00000     0.00000     0.00000     0.00000
    -83.745         0.00000     0.00000     0.00000     0.00000
    -83.595         0.00000     0.00000     0.00000     0.00000
    -83.445         0.00000     0.00000     0.00000     0.00000
    -83.295         0.00000     0.00000     0.00000     0.00000
    -83.145         0.00000     0.00000     0.00000     0.00000
    -82.995         0.00000     0.00000     0.00000     0.00000
    -82.845         0.00000     0.00000     0.00000     0.00000
    -82.695         0.00000     0.00000     0.00000     0.00000
    -82.545         0.00000     0.00000     0.00000     0.00000
    -82.395         0.00000     0.00000     0.00000     0.00000
    -82.245         0.00000     0.00000     0.00000     0.00000
    -82.095         0.00000     0.00000     0.00000     0.00000
    -81.945         0.00000     0.00000     0.00000     0.00000
    -81.795         0.00000     0.00000     0.00000     0.00000
    -81.645         0.00000     0.00000     0.00000     0.00000
    -81.495         0.00000     0.00000     0.00000     0.00000
    -81.345         0.00000     0.00000     0.00000     0.00000
    -81.195         0.00000     0.00000     0.00000     0.00000
    -81.045         0.00000     0.00000     0.00000     0.00000
    -80.895         0.00000     0.00000     0.00000     0.00000
    -80.745         0.00000     0.00000     0.00000     0.00000
    -80.595         0.00000     0.00000     0.00000     0.00000
    -80.445         0.00000     0.00000     0.00000     0.00000
    -80.295         0.00000     0.00000     0.00000     0.00000
    -80.145         0.00000     0.00000     0.00000     0.00000
    -79.995         0.00000     0.00000     0.00000     0.00000
    -79.845         0.00000     0.00000     0.00000     0.00000
    -79.695         0.00000     0.00000     0.00000     0.00000
    -79.545         0.00000     0.00000     0.00000     0.00000
    -79.395         0.00000     0.00000     0.00000     0.00000
    -79.245         0.00000     0.00000     0.00000     0.00000
    -79.095         0.00000     0.00000     0.00000     0.00000
    -78.945         0.00000     0.00000     0.00000     0.00000
    -78.795         0.00000     0.00000     0.00000     0.00000
    -78.645         0.00000     0.00000     0.00000     0.00000
    -78.495         0.00000     0.00000     0.00000     0.00000
    -78.345         0.00000     0.00000     0.00000     0.00000
    -78.195         0.00000     0.00000     0.00000     0.00000
    -78.045         0.00000     0.00000     0.00000     0.00000
    -77.895         0.00000     0.00000     0.00000     0.00000
    -77.745         0.00000     0.00000     0.00000     0.00000
    -77.595         0.00000     0.00000     0.00000     0.00000
    -77.445         0.00000     0.00000     0.00000     0.00000
    -77.295         0.00000     0.00000     0.00000     0.00000
    -77.145         0.00000     0.00000     0.00000     0.00000
    -76.995         0.00000     0.00000     0.00000     0.00000
    -76.845         0.00000     0.00000     0.00000     0.00000
    -76.695         0.00000     0.00000     0.00000     0.00000
    -76.545         0.00000     0.00000     0.00000     0.00000
    -76.395         0.00000     0.00000     0.00000     0.00000
    -76.245         0.00000     0.00000     0.00000     0.00000
    -76.095         0.00000     0.00000     0.00000     0.00000
    -75.945         0.00000     0.00000     0.00000     0.00000
    -75.795         0.00000     0.00000     0.00000     0.00000
    -75.645         0.00000     0.00000     0.00000     0.00000
    -75.495         0.00000     0.00000     0.00000     0.00000
    -75.345         0.00000     0.00000     0.00000     0.00000
    -75.195         0.00000     0.00000     0.00000     0.00000
    -75.045         0.00000     0.00000     0.00000     0.00000
    -74.895         0.00000     0.00000     0.00000     0.00000
    -74.745         0.00000     0.00000     0.00000     0.00000
    -74.595         0.00000     0.00000     0.00000     0.00000
    -74.445         0.00000     0.00000     0.00000     0.00000
    -74.295         0.00000     0.00000     0.00000     0.00000
    -74.145         0.00000     0.00000     0.00000     0.00000
    -73.995         0.00000     0.00000     0.00000     0.00000
    -73.845         0.00000     0.00000     0.00000     0.00000
    -73.695         0.00000     0.00000     0.00000     0.00000
    -73.545         0.00000     0.00000     0.00000     0.00000
    -73.395         0.00000     0.00000     0.00000     0.00000
    -73.245         0.00000     0.00000     0.00000     0.00000
    -73.095         0.00000     0.00000     0.00000     0.00000
    -72.945         0.00000     0.00000     0.00000     0.00000
    -72.795         0.00000     0.00000     0.00000     0.00000
    -72.645         0.00000     0.00000     0.00000     0.00000
    -72.495         0.00000     0.00000     0.00000     0.00000
    -72.345         0.00000     0.00000     0.00000     0.00000
    -72.195         0.00000     0.00000     0.00000     0.00000
    -72.045         0.00000     0.00000     0.00000     0.00000
    -71.895         0.00000     0.00000     0.00000     0.00000
    -71.745         0.00000     0.00000     0.00000     0.00000
    -71.595         0.00000     0.00000     0.00000     0.00000
    -71.445         0.00000     0.00000     0.00000     0.00000
    -71.295         0.00000     0.00000     0.00000     0.00000
    -71.145         0.00000     0.00000     0.00000     0.00000
    -70.995         0.00000     0.00000     0.00000     0.00000
    -70.845         0.00000     0.00000     0.00000     0.00000
    -70.695         0.00000     0.00000     0.00000     0.00000
    -70.545         0.00000     0.00000     0.00000     0.00000
    -70.395         0.00000     0.00000     0.00000     0.00000
    -70.245         0.00000     0.00000     0.00000     0.00000
    -70.095         0.00000     0.00000     0.00000     0.00000
    -69.945         0.00000     0.00000     0.00000     0.00000
    -69.795         0.00000     0.00000     0.00000     0.00000
    -69.645         0.00000     0.00000     0.00000     0.00000
    -69.495         0.00000     0.00000     0.00000     0.00000
    -69.345         0.00000     0.00000     0.00000     0.00000
    -69.195         0.00000     0.00000     0.00000     0.00000
    -69.045         0.00000     0.00000     0.00000     0.00000
    -68.895         0.00000     0.00000     0.00000     0.00000
    -68.745         0.00000     0.00000     0.00000     0.00000
    -68.595         0.00000     0.00000     0.00000     0.00000
    -68.445         0.00000     0.00000     0.00000     0.00000
    -68.295         0.00000     0.00000     0.00000     0.00000
    -68.145         0.00000     0.00000     0.00000     0.00000
    -67.995         0.00000     0.00000     0.00000     0.00000
    -67.845         0.00000     0.00000     0.00000     0.00000
    -67.695         0.00000     0.00000     0.00000     0.00000
    -67.545         0.00000     0.00000     0.00000     0.00000
    -67.395         0.00000     0.00000     0.00000     0.00000
    -67.245         0.00000     0.00000     0.00000     0.00000
    -67.095         0.00000     0.00000     0.00000     0.00000
    -66.945         0.00000     0.00000     0.00000     0.00000
    -66.795         0.00000     0.00000     0.00000     0.00000
    -66.645         0.00000     0.00000     0.00000     0.00000
    -66.495         0.00000     0.00000     0.00000     0.00000
    -66.345         0.00000     0.00000     0.00000     0.00000
    -66.195         0.00000     0.00000     0.00000     0.00000
    -66.045         0.00000     0.00000     0.00000     0.00000
    -65.895         0.00000     0.00000     0.00000     0.00000
    -65.745         0.00000     0.00000     0.00000     0.00000
    -65.595         0.00000     0.00000     0.00000     0.00000
    -65.445         0.00000     0.00000     0.00000     0.00000
    -65.295         0.00000     0.00000     0.00000     0.00000
    -65.145         0.00000     0.00000     0.00000     0.00000
    -64.995         0.00000     0.00000     0.00000     0.00000
    -64.845         0.00000     0.00000     0.00000     0.00000
    -64.695         0.00000     0.00000     0.00000     0.00000
    -64.545         0.00000     0.00000     0.00000     0.00000
    -64.395         0.00000     0.00000     0.00000     0.00000
    -64.245         0.00000     0.00000     0.00000     0.00000
    -64.095         0.00000     0.00000     0.00000     0.00000
    -63.945         0.00000     0.00000     0.00000     0.00000
    -63.795         0.00000     0.00000     0.00000     0.00000
    -63.645         0.00000     0.00000     0.00000     0.00000
    -63.495         0.00000     0.00000     0.00000     0.00000
    -63.345         0.00000     0.00000     0.00000     0.00000
    -63.195         0.00000     0.00000     0.00000     0.00000
    -63.045         0.00000     0.00000     0.00000     0.00000
    -62.895         0.00000     0.00000     0.00000     0.00000
    -62.745         0.00000     0.00000     0.00000     0.00000
    -62.595         0.00000     0.00000     0.00000     0.00000
    -62.445         0.00000     0.00000     0.00000     0.00000
    -62.295         0.00000     0.00000     0.00000     0.00000
    -62.145         0.00000     0.00000     0.00000     0.00000
    -61.995         0.00000     0.00000     0.00000     0.00000
    -61.845         0.00000     0.00000     0.00000     0.00000
    -61.695         0.00000     0.00000     0.00000     0.00000
    -61.545         0.00000     0.00000     0.00000     0.00000
    -61.395         0.00000     0.00000     0.00000     0.00000
    -61.245         0.00000     0.00000     0.00000     0.00000
    -61.095         0.00000     0.00000     0.00000     0.00000
    -60.945         0.00000     0.00000     0.00000     0.00000
    -60.795         0.00000     0.00000     0.00000     0.00000
    -60.645         0.00000     0.00000     0.00000     0.00000
    -60.495         0.00000     0.00000     0.00000     0.00000
    -60.345         0.00000     0.00000     0.00000     0.00000
    -60.195         0.00000     0.00000     0.00000     0.00000
    -60.045         0.00000     0.00000     0.00000     0.00000
    -59.895         0.00000     0.00000     0.00000     0.00000
    -59.745         0.00000     0.00000     0.00000     0.00000
    -59.595         0.00000     0.00000     0.00000     0.00000
    -59.445         0.00000     0.00000     0.00000     0.00000
    -59.295         0.00000     0.00000     0.00000     0.00000
    -59.145         0.00000     0.00000     0.00000     0.00000
    -58.995         0.00000     0.00000     0.00000     0.00000
    -58.845         0.00000     0.00000     0.00000     0.00000
    -58.695         0.00000     0.00000     0.00000     0.00000
    -58.545         0.00000     0.00000     0.00000     0.00000
    -58.395         0.00000     0.00000     0.00000     0.00000
    -58.245         0.00000     0.00000     0.00000     0.00000
    -58.095         0.00000     0.00000     0.00000     0.00000
    -57.945         0.00000     0.00000     0.00000     0.00000
    -57.795         0.00000     0.00000     0.00000     0.00000
    -57.645         0.00000     0.00000     0.00000     0.00000
    -57.495         0.00000     0.00000     0.00000     0.00000
    -57.345         0.00000     0.00000     0.00000     0.00000
    -57.195         0.00000     0.00000     0.00000     0.00000
    -57.045         0.00000     0.00000     0.00000     0.00000
    -56.895         0.00000     0.00000     0.00000     0.00000
    -56.745         0.00000     0.00000     0.00000     0.00000
    -56.595         0.00000     0.00000     0.00000     0.00000
    -56.445         0.00000     0.00000     0.00000     0.00000
    -56.295         0.00000     0.00000     0.00000     0.00000
    -56.145         0.00000     0.00000     0.00000     0.00000
    -55.995         0.00000     0.00000     0.00000     0.00000
    -55.845         0.00000     0.00000     0.00000     0.00000
    -55.695         0.00000     0.00000     0.00000     0.00000
    -55.545         0.00000     0.00000     0.00000     0.00000
    -55.395         0.00000     0.00000     0.00000     0.00000
    -55.245         0.00000     0.00000     0.00000     0.00000
    -55.095         0.00000     0.00000     0.00000     0.00000
    -54.945         0.00000     0.00000     0.00000     0.00000
    -54.795         0.00000     0.00000     0.00000     0.00000
    -54.645         0.00000     0.00000     0.00000     0.00000
    -54.495         0.00000     0.00000     0.00000     0.00000
    -54.345         0.00000     0.00000     0.00000     0.00000
    -54.195         0.00000     0.00000     0.00000     0.00000
    -54.045         0.00000     0.00000     0.00000     0.00000
    -53.895         0.00000     0.00000     0.00000     0.00000
    -53.745         0.00000     0.00000     0.00000     0.00000
    -53.595         0.00000     0.00000     0.00000     0.00000
    -53.445         0.00000     0.00000     0.00000     0.00000
    -53.295         0.00000     0.00000     0.00000     0.00000
    -53.145         0.00000     0.00000     0.00000     0.00000
    -52.995         0.00000     0.00000     0.00000     0.00000
    -52.845         0.00000     0.00000     0.00000     0.00000
    -52.695         0.00000     0.00000     0.00000     0.00000
    -52.545         0.00000     0.00000     0.00000     0.00000
    -52.395         0.00000     0.00000     0.00000     0.00000
    -52.245         0.00000     0.00000     0.00000     0.00000
    -52.095         0.00000     0.00000     0.00000     0.00000
    -51.945         0.00000     0.00000     0.00000     0.00000
    -51.795         0.00000     0.00000     0.00000     0.00000
    -51.645         0.00000     0.00000     0.00000     0.00000
    -51.495         0.00000     0.00000     0.00000     0.00000
    -51.345         0.00000     0.00000     0.00000     0.00000
    -51.195         0.00000     0.00000     0.00000     0.00000
    -51.045         0.00000     0.00000     0.00000     0.00000
    -50.895         0.00000     0.00000     0.00000     0.00000
    -50.745         0.00000     0.00000     0.00000     0.00000
    -50.595         0.00000     0.00000     0.00000     0.00000
    -50.445         0.00000     0.00000     0.00000     0.00000
    -50.295         0.00000     0.00000     0.00000     0.00000
    -50.145         0.00000     0.00000     0.00000     0.00000
    -49.995         0.00000     0.00000     0.00000     0.00000
    -49.845         0.00000     0.00000     0.00000     0.00000
    -49.695         0.00000     0.00000     0.00000     0.00000
    -49.545         0.00000     0.00000     0.00000     0.00000
    -49.395         0.00000     0.00000     0.00000     0.00000
    -49.245         0.00000     0.00000     0.00000     0.00000
    -49.095         0.00000     0.00000     0.00000     0.00000
    -48.945         0.00000     0.00000     0.00000     0.00000
    -48.795         0.00000     0.00000     0.00000     0.00000
    -48.645         0.00000     0.00000     0.00000     0.00000
    -48.495         0.00000     0.00000     0.00000     0.00000
    -48.345         0.00000     0.00000     0.00000     0.00000
    -48.195         0.00000     0.00000     0.00000     0.00000
    -48.045         0.00000     0.00000     0.00000     0.00000
    -47.895         0.00000     0.00000     0.00000     0.00000
    -47.745         0.00000     0.00000     0.00000     0.00000
    -47.595         0.00000     0.00000     0.00000     0.00000
    -47.445         0.00000     0.00000     0.00000     0.00000
    -47.295         0.00000     0.00000     0.00000     0.00000
    -47.145         0.00000     0.00000     0.00000     0.00000
    -46.995         0.00000     0.00000     0.00000     0.00000
    -46.845         0.00000     0.00000     0.00000     0.00000
    -46.695         0.00000     0.00000     0.00000     0.00000
    -46.545         0.00000     0.00000     0.00000     0.00000
    -46.395         0.00000     0.00000     0.00000     0.00000
    -46.245         0.00000     0.00000     0.00000     0.00000
    -46.095         0.00000     0.00000     0.00000     0.00000
    -45.945         0.00000     0.00000     0.00000     0.00000
    -45.795         0.00000     0.00000     0.00000     0.00000
    -45.645         0.00000     0.00000     0.00000     0.00000
    -45.495         0.00000     0.00000     0.00000     0.00000
    -45.345         0.00000     0.00000     0.00000     0.00000
    -45.195         0.00000     0.00000     0.00000     0.00000
    -45.045         0.00000     0.00000     0.00000     0.00000
    -44.895         0.00000     0.00000     0.00000     0.00000
    -44.745         0.00000     0.00000     0.00000     0.00000
    -44.595         0.00000     0.00000     0.00000     0.00000
    -44.445         0.00000     0.00000     0.00000     0.00000
    -44.295         0.00000     0.00000     0.00000     0.00000
    -44.145         0.00000     0.00000     0.00000     0.00000
    -43.995         0.00000     0.00000     0.00000     0.00000
    -43.845         0.00000     0.00000     0.00000     0.00000
    -43.695         0.00000     0.00000     0.00000     0.00000
    -43.545         0.00000     0.00000     0.00000     0.00000
    -43.395         0.00000     0.00000     0.00000     0.00000
    -43.245         0.00000     0.00000     0.00000     0.00000
    -43.095         0.00000     0.00000     0.00000     0.00000
    -42.945         0.00000     0.00000     0.00000     0.00000
    -42.795         0.00000     0.00000     0.00000     0.00000
    -42.645         0.00000     0.00000     0.00000     0.00000
    -42.495         0.00000     0.00000     0.00000     0.00000
    -42.345         0.00000     0.00000     0.00000     0.00000
    -42.195         0.00000     0.00000     0.00000     0.00000
    -42.045         0.00000     0.00000     0.00000     0.00000
    -41.895         0.00000     0.00000     0.00000     0.00000
    -41.745         0.00000     0.00000     0.00000     0.00000
    -41.595         0.00000     0.00000     0.00000     0.00000
    -41.445         0.00000     0.00000     0.00000     0.00000
    -41.295         0.00000     0.00000     0.00000     0.00000
    -41.145         0.00000     0.00000     0.00000     0.00000
    -40.995         0.00000     0.00000     0.00000     0.00000
    -40.845         0.00000     0.00000     0.00000     0.00000
    -40.695         0.00000     0.00000     0.00000     0.00000
    -40.545         0.00000     0.00000     0.00000     0.00000
    -40.395         0.00000     0.00000     0.00000     0.00000
    -40.245         0.00000     0.00000     0.00000     0.00000
    -40.095         0.00000     0.00000     0.00000     0.00000
    -39.945         0.00000     0.00000     0.00000     0.00000
    -39.795         0.00000     0.00000     0.00000     0.00000
    -39.645         0.00000     0.00000     0.00000     0.00000
    -39.495         0.00000     0.00000     0.00000     0.00000
    -39.345         0.00000     0.00000     0.00000     0.00000
    -39.195         0.00000     0.00000     0.00000     0.00000
    -39.045         0.00000     0.00000     0.00000     0.00000
    -38.895         0.00000     0.00000     0.00000     0.00000
    -38.745         0.00000     0.00000     0.00000     0.00000
    -38.595         0.00000     0.00000     0.00000     0.00000
    -38.445         0.00000     0.00000     0.00000     0.00000
    -38.295         0.00000     0.00000     0.00000     0.00000
    -38.145         0.00000     0.00000     0.00000     0.00000
    -37.995         0.00000     0.00000     0.00000     0.00000
    -37.845         0.00000     0.00000     0.00000     0.00000
    -37.695         0.00000     0.00000     0.00000     0.00000
    -37.545         0.00000     0.00000     0.00000     0.00000
    -37.395         0.00000     0.00000     0.00000     0.00000
    -37.245         0.00000     0.00000     0.00000     0.00000
    -37.095         0.00000     0.00000     0.00000     0.00000
    -36.945         0.00000     0.00000     0.00000     0.00000
    -36.795         0.00000     0.00000     0.00000     0.00000
    -36.645         0.00000     0.00000     0.00000     0.00000
    -36.495         0.00000     0.00000     0.00000     0.00000
    -36.345         0.00000     0.00000     0.00000     0.00000
    -36.195         0.00000     0.00000     0.00000     0.00000
    -36.045         0.00000     0.00000     0.00000     0.00000
    -35.895         0.00000     0.00000     0.00000     0.00000
    -35.745         0.00000     0.00000     0.00000     0.00000
    -35.595         0.00000     0.00000     0.00000     0.00000
    -35.445         0.00000     0.00000     0.00000     0.00000
    -35.295         0.00000     0.00000     0.00000     0.00000
    -35.145         0.00000     0.00000     0.00000     0.00000
    -34.995         0.00000     0.00000     0.00000     0.00000
    -34.845         0.00000     0.00000     0.00000     0.00000
    -34.695         0.00000     0.00000     0.00000     0.00000
    -34.545         0.00000     0.00000     0.00000     0.00000
    -34.395         0.00000     0.00000     0.00000     0.00000
    -34.245         0.00000     0.00000     0.00000     0.00000
    -34.095         0.00000     0.00000     0.00000     0.00000
    -33.945         0.00000     0.00000     0.00000     0.00000
    -33.795         0.00000     0.00000     0.00000     0.00000
    -33.645         0.00000     0.00000     0.00000     0.00000
    -33.495         0.00000     0.00000     0.00000     0.00000
    -33.345         0.00000     0.00000     0.00000     0.00000
    -33.195         0.00000     0.00000     0.00000     0.00000
    -33.045         0.00000     0.00000     0.00000     0.00000
    -32.895         0.00000     0.00000     0.00000     0.00000
    -32.745         0.00000     0.00000     0.00000     0.00000
    -32.595         0.00000     0.00000     0.00000     0.00000
    -32.445         0.00000     0.00000     0.00000     0.00000
    -32.295         0.00000     0.00000     0.00000     0.00000
    -32.145         0.00000     0.00000     0.00000     0.00000
    -31.995         0.00000     0.00000     0.00000     0.00000
    -31.845         0.00000     0.00000     0.00000     0.00000
    -31.695         0.00000     0.00000     0.00000     0.00000
    -31.545         0.00000     0.00000     0.00000     0.00000
    -31.395         0.00000     0.00000     0.00000     0.00000
    -31.245         0.00000     0.00000     0.00000     0.00000
    -31.095         0.00000     0.00000     0.00000     0.00000
    -30.945         0.00000     0.00000     0.00000     0.00000
    -30.795         0.00000     0.00000     0.00000     0.00000
    -30.645         0.00000     0.00000     0.00000     0.00000
    -30.495         0.00000     0.00000     0.00000     0.00000
    -30.345         0.00000     0.00000     0.00000     0.00000
    -30.195         0.00000     0.00000     0.00000     0.00000
    -30.045         0.00000     0.00000     0.00000     0.00000
    -29.895         0.00000     0.00000     0.00000     0.00000
    -29.745         0.00000     0.00000     0.00000     0.00000
    -29.595         0.00000     0.00000     0.00000     0.00000
    -29.445         0.00000     0.00000     0.00000     0.00000
    -29.295         0.00000     0.00000     0.00000     0.00000
    -29.145         0.00000     0.00000     0.00000     0.00000
    -28.995         0.00000     0.00000     0.00000     0.00000
    -28.845         0.00000     0.00000     0.00000     0.00000
    -28.695         0.00000     0.00000     0.00000     0.00000
    -28.545         0.00000     0.00000     0.00000     0.00000
    -28.395         0.00000     0.00000     0.00000     0.00000
    -28.245         0.00000     0.00000     0.00000     0.00000
    -28.095         0.00000     0.00000     0.00000     0.00000
    -27.945         0.00000     0.00000     0.00000     0.00000
    -27.795         0.00000     0.00000     0.00000     0.00000
    -27.645         0.00000     0.00000     0.00000     0.00000
    -27.495         0.00000     0.00000     0.00000     0.00000
    -27.345         0.00000     0.00000     0.00000     0.00000
    -27.195         0.00000     0.00000     0.00000     0.00000
    -27.045         0.00000     0.00000     0.00000     0.00000
    -26.895         0.00000     0.00000     0.00000     0.00000
    -26.745         0.00000     0.00000     0.00000     0.00000
    -26.595         0.00000     0.00000     0.00000     0.00000
    -26.445         0.00000     0.00000     0.00000     0.00000
    -26.295         0.00000     0.00000     0.00000     0.00000
    -26.145         0.00000     0.00000     0.00000     0.00000
    -25.995         0.00000     0.00000     0.00000     0.00000
    -25.845         0.00000     0.00000     0.00000     0.00000
    -25.695         0.00000     0.00000     0.00000     0.00000
    -25.545         0.00000     0.00000     0.00000     0.00000
    -25.395         0.00000     0.00000     0.00000     0.00000
    -25.245         0.00000     0.00000     0.00000     0.00000
    -25.095         0.00000     0.00000     0.00000     0.00000
    -24.945         0.00000     0.00000     0.00000     0.00000
    -24.795         0.00000     0.00000     0.00000     0.00000
    -24.645         0.00000     0.00000     0.00000     0.00000
    -24.495         0.00000     0.00000     0.00000     0.00000
    -24.345         0.00000     0.00000     0.00000     0.00000
    -24.195         0.00000     0.00000     0.00000     0.00000
    -24.045         0.00000     0.00000     0.00000     0.00000
    -23.895         0.00000     0.00000     0.00000     0.00000
    -23.745         0.00000     0.00000     0.00000     0.00000
    -23.595         0.00000     0.00000     0.00000     0.00000
    -23.445         0.00000     0.00000     0.00000     0.00000
    -23.295         0.00000     0.00000     0.00000     0.00000
    -23.145         0.00000     0.00000     0.00000     0.00000
    -22.995         0.00000     0.00000     0.00000     0.00000
    -22.845         0.00000     0.00000     0.00000     0.00000
    -22.695         0.00000     0.00000     0.00000     0.00000
    -22.545         0.00000     0.00000     0.00000     0.00000
    -22.395         0.00000     0.00000     0.00000     0.00000
    -22.245         0.00000     0.00000     0.00000     0.00000
    -22.095         0.00000     0.00000     0.00000     0.00000
    -21.945         0.00000     0.00000     0.00000     0.00000
    -21.795         0.00000     0.00000     0.00000     0.00000
    -21.645         0.00000     0.00000     0.00000     0.00000
    -21.495         0.00000     0.00000     0.00000     0.00000
    -21.345         0.00000     0.00000     0.00000     0.00000
    -21.195         0.00000     0.00000     0.00000     0.00000
    -21.045         0.00000     0.00000     0.00000     0.00000
    -20.895         0.00000     0.00000     0.00000     0.00000
    -20.745         0.00000     0.00000     0.00000     0.00000
    -20.595         0.00000     0.00000     0.00000     0.00000
    -20.445         0.00000     0.00000     0.00000     0.00000
    -20.295         0.00000     0.00000     0.00000     0.00000
    -20.145         0.00000     0.00000     0.00000     0.00000
    -19.995         0.00000     0.00000     0.00000     0.00000
    -19.845         0.00000     0.00000     0.00000     0.00000
    -19.695         0.00000     0.00000     0.00000     0.00000
    -19.545         0.00000     0.00000     0.00000     0.00000
    -19.395         0.00000     0.00000     0.00000     0.00000
    -19.245         0.00000     0.00000     0.00000     0.00000
    -19.095         0.00000     0.00000     0.00000     0.00000
    -18.945         0.00000     0.00000     0.00000     0.00000
    -18.795         0.00000     0.00000     0.00000     0.00000
    -18.645         0.00000     0.00000     0.00000     0.00000
    -18.495         0.00000     0.00000     0.00000     0.00000
    -18.345         0.00000     0.00000     0.00000     0.00000
    -18.195         0.00000     0.00000     0.00000     0.00000
    -18.045         0.00000     0.00000     0.00000     0.00000
    -17.895         0.00000     0.00000     0.00000     0.00000
    -17.745         0.00000     0.00000     0.00000     0.00000
    -17.595         0.00000     0.00000     0.00000     0.00000
    -17.445         0.00000     0.00000     0.00000     0.00000
    -17.295         0.00000     0.00000     0.00000     0.00000
    -17.145         0.00000     0.00000     0.00000     0.00000
    -16.995         0.00000     0.00000     0.00000     0.00000
    -16.845         0.00000     0.00000     0.00000     0.00000
    -16.695         0.00000     0.00000     0.00000     0.00000
    -16.545         0.00000     0.00000     0.00000     0.00000
    -16.395         0.00000     0.00000     0.00000     0.00000
    -16.245         0.00000     0.00000     0.00000     0.00000
    -16.095        -0.00000    -0.00000     0.00000     0.00000
    -15.945        -0.00132    -0.00132     0.00000     0.00000
    -15.795        -0.00202    -0.00202     0.00000     0.00000
    -15.645        -0.00412    -0.00412     0.00000     0.00000
    -15.495        -0.00561    -0.00561     0.00000     0.00000
    -15.345        -0.00989    -0.00989     0.00000     0.00000
    -15.195        -0.01633    -0.01633     0.00000     0.00000
    -15.045        -0.02494    -0.02494     0.00000     0.00000
    -14.895        -0.04296    -0.04296     0.00000     0.00000
    -14.745        -0.05448    -0.05448     0.00000     0.00000
    -14.595        -0.07920    -0.07920     0.00000     0.00000
    -14.445        -0.10847    -0.10847     0.00000     0.00000
    -14.295        -0.13265    -0.13265     0.00000     0.00000
    -14.145        -0.15357    -0.15357     0.00000     0.00000
    -13.995        -0.17443    -0.17443     0.00000     0.00000
    -13.845        -0.20153    -0.20153     0.00000     0.00000
    -13.695        -0.22159    -0.22159     0.00000     0.00000
    -13.545        -0.24411    -0.24411     0.00000     0.00000
    -13.395        -0.26769    -0.26769     0.00000     0.00000
    -13.245        -0.29353    -0.29353     0.00000     0.00000
    -13.095        -0.31442    -0.31442     0.00000     0.00000
    -12.945        -0.33818    -0.33762    -0.00056     0.00000
    -12.795        -0.35931    -0.35761    -0.00170     0.00000
    -12.645        -0.37895    -0.37338    -0.00556     0.00000
    -12.495        -0.40456    -0.39719    -0.00737     0.00000
    -12.345        -0.42711    -0.41621    -0.01090     0.00000
    -12.195        -0.44840    -0.43282    -0.01558     0.00000
    -12.045        -0.47005    -0.44707    -0.02298     0.00000
    -11.895        -0.49065    -0.46236    -0.02830     0.00000
    -11.745        -0.51346    -0.48035    -0.03312     0.00000
    -11.595        -0.54026    -0.49658    -0.04368     0.00000
    -11.445        -0.56057    -0.50994    -0.05062     0.00000
    -11.295        -0.58011    -0.52052    -0.05958     0.00000
    -11.145        -0.59964    -0.53161    -0.06803     0.00000
    -10.995        -0.62620    -0.54632    -0.07988     0.00000
    -10.845        -0.64441    -0.55519    -0.08922     0.00000
    -10.695        -0.66829    -0.57176    -0.09652     0.00000
    -10.545        -0.68800    -0.58368    -0.10432     0.00000
    -10.395        -0.71453    -0.60103    -0.11350     0.00000
    -10.245        -0.73313    -0.61579    -0.11734     0.00000
    -10.095        -0.74863    -0.62409    -0.12454     0.00000
    -9.9450        -0.76457    -0.63333    -0.13124     0.00000
    -9.7950        -0.78010    -0.64548    -0.13462     0.00000
    -9.6450        -0.79775    -0.65421    -0.14353     0.00000
    -9.4950        -0.80895    -0.66105    -0.14790     0.00000
    -9.3450        -0.82524    -0.67344    -0.15180     0.00000
    -9.1950        -0.83922    -0.68486    -0.15437     0.00000
    -9.0450        -0.85371    -0.69584    -0.15787     0.00000
    -8.8950        -0.86865    -0.70591    -0.16274     0.00000
    -8.7450        -0.88444    -0.71555    -0.16889     0.00000
    -8.5950        -0.89420    -0.72126    -0.17294     0.00000
    -8.4450        -0.90619    -0.72919    -0.17700     0.00000
    -8.2950        -0.92396    -0.74327    -0.18069     0.00000
    -8.1450        -0.93935    -0.75287    -0.18648     0.00000
    -7.9950        -0.95400    -0.76291    -0.19109     0.00000
    -7.8450        -0.96754    -0.77296    -0.19458     0.00000
    -7.6950        -0.98000    -0.78148    -0.19852     0.00000
    -7.5450        -0.99185    -0.78967    -0.20218     0.00000
    -7.3950        -1.00406    -0.79865    -0.20541     0.00000
    -7.2450        -1.02234    -0.81236    -0.20998     0.00000
    -7.0950        -1.03415    -0.82150    -0.21266     0.00000
    -6.9450        -1.04836    -0.83174    -0.21661     0.00000
    -6.7950        -1.06375    -0.84066    -0.22187    -0.00123
    -6.6450        -1.08315    -0.85101    -0.22648    -0.00566
    -6.4950        -1.10896    -0.86144    -0.23006    -0.01746
    -6.3450        -1.14596    -0.87227    -0.23489    -0.03880
    -6.1950        -1.19724    -0.88692    -0.24029    -0.07002
    -6.0450        -1.26557    -0.89794    -0.24661    -0.12102
    -5.8950        -1.34597    -0.90967    -0.25505    -0.18125
    -5.7450        -1.44480    -0.92356    -0.26248    -0.25876
    -5.5950        -1.57097    -0.93837    -0.27078    -0.36182
    -5.4450        -1.72659    -0.95300    -0.28299    -0.49061
    -5.2950        -1.91400    -0.96956    -0.29409    -0.65034
    -5.1450        -2.11789    -0.98671    -0.30684    -0.82435
    -4.9950        -2.32892    -1.00037    -0.31715    -1.01139
    -4.8450        -2.56126    -1.01699    -0.33200    -1.21227
    -4.6950        -2.79269    -1.03235    -0.34651    -1.41383
    -4.5450        -3.02883    -1.05280    -0.36159    -1.61444
    -4.3950        -3.28326    -1.07644    -0.38148    -1.82534
    -4.2450        -3.52768    -1.09802    -0.40379    -2.02586
    -4.0950        -3.76848    -1.11977    -0.42241    -2.22630
    -3.9450        -3.99957    -1.14177    -0.44366    -2.41414
    -3.7950        -4.20823    -1.16403    -0.46607    -2.57813
    -3.6450        -4.42884    -1.18813    -0.48998    -2.75073
    -3.4950        -4.66077    -1.21578    -0.51714    -2.92785
    -3.3450        -4.87996    -1.24344    -0.54632    -3.09019
    -3.1950        -5.10382    -1.27542    -0.57562    -3.25278
    -3.0450        -5.32749    -1.30739    -0.60887    -3.41122
    -2.8950        -5.55772    -1.34125    -0.64514    -3.57133
    -2.7450        -5.80534    -1.38109    -0.68389    -3.74036
    -2.5950        -6.05924    -1.41993    -0.72439    -3.91493
    -2.4450        -6.32387    -1.46386    -0.77061    -4.08940
    -2.2950        -6.60698    -1.51269    -0.82323    -4.27106
    -2.1450        -6.91398    -1.56518    -0.87795    -4.47085
    -1.9950        -7.24922    -1.62275    -0.94105    -4.68542
    -1.8450        -7.62545    -1.68706    -1.01271    -4.92568
    -1.6950        -8.05638    -1.75868    -1.09329    -5.20441
    -1.5450        -8.56238    -1.84202    -1.18574    -5.53461
    -1.3950        -9.17776    -1.94003    -1.29524    -5.94249
    -1.2450        -9.92400    -2.04948    -1.41851    -6.45601
    -1.0950       -10.86312    -2.18756    -1.57249    -7.10306
   -0.94500       -12.00214    -2.36144    -1.75659    -7.88411
   -0.79500       -13.36600    -2.57915    -1.99588    -8.79098
   -0.64500       -15.03285    -2.87774    -2.31732    -9.83779
   -0.49500       -17.16027    -3.32497    -2.76423   -11.07107
   -0.34500       -20.33189    -4.06581    -3.50270   -12.76338
   -0.22700       -21.83427    -4.43044    -3.87849   -13.52535
   -0.21300       -22.03610    -4.48027    -3.92901   -13.62682
   -0.20700       -22.24368    -4.53125    -3.98183   -13.73060
   -0.20100       -22.45651    -4.58358    -4.03617   -13.83676
   -0.19500       -22.67577    -4.63715    -4.09244   -13.94618
   -0.18900       -22.90115    -4.69212    -4.15164   -14.05738
   -0.18300       -23.13263    -4.74925    -4.21064   -14.17274
   -0.17700       -23.37576    -4.80948    -4.27302   -14.29326
   -0.17100       -23.62664    -4.87145    -4.33820   -14.41699
   -0.16500       -23.88508    -4.93540    -4.40490   -14.54479
   -0.15900       -24.15250    -5.00192    -4.47427   -14.67630
   -0.15300       -24.42993    -5.07099    -4.54689   -14.81205
   -0.14700       -24.71802    -5.14231    -4.62282   -14.95289
   -0.14100       -25.01692    -5.21581    -4.70108   -15.10003
   -0.13500       -25.32869    -5.29223    -4.78272   -15.25374
   -0.12900       -25.65190    -5.37026    -4.86758   -15.41406
   -0.12300       -25.99105    -5.45332    -4.95574   -15.58198
   -0.11700       -26.34539    -5.53927    -5.04792   -15.75820
   -0.11100       -26.71581    -5.62832    -5.14533   -15.94216
   -0.10500       -27.10324    -5.72135    -5.24720   -16.13470
   -0.99000E-01   -27.51331    -5.81873    -5.35437   -16.34022
   -0.93000E-01   -27.94318    -5.91991    -5.46521   -16.55805
   -0.87000E-01   -28.39807    -6.02683    -5.58246   -16.78877
   -0.81000E-01   -28.88186    -6.13903    -5.70602   -17.03681
   -0.75000E-01   -29.39856    -6.25791    -5.83740   -17.30325
   -0.69000E-01   -29.95300    -6.38366    -5.97727   -17.59208
   -0.63000E-01   -30.55260    -6.51767    -6.12803   -17.90691
   -0.57000E-01   -31.20644    -6.66113    -6.29318   -18.25214
   -0.51000E-01   -31.93534    -6.81894    -6.47904   -18.63735
   -0.45000E-01   -32.75004    -6.99340    -6.68250   -19.07414
   -0.39000E-01   -33.64669    -7.17781    -6.89206   -19.57683
   -0.33000E-01   -34.63489    -7.36268    -7.10004   -20.17217
   -0.27000E-01   -35.73922    -7.54013    -7.29797   -20.90112
   -0.21300E-01   -36.58480    -7.65196    -7.42020   -21.51265
   -0.19500E-01   -36.71704    -7.66742    -7.43690   -21.61272
   -0.18900E-01   -36.85178    -7.68257    -7.45326   -21.71596
   -0.18300E-01   -36.98964    -7.69753    -7.46929   -21.82281
   -0.17700E-01   -37.12994    -7.71213    -7.48483   -21.93298
   -0.17100E-01   -37.27283    -7.72640    -7.49981   -22.04663
   -0.16500E-01   -37.42005    -7.74039    -7.51435   -22.16531
   -0.15900E-01   -37.57058    -7.75391    -7.52856   -22.28812
   -0.15300E-01   -37.72489    -7.76709    -7.54219   -22.41560
   -0.14700E-01   -37.88400    -7.77979    -7.55549   -22.54872
   -0.14100E-01   -38.04746    -7.79215    -7.56825   -22.68706
   -0.13500E-01   -38.21555    -7.80397    -7.58046   -22.83113
   -0.12900E-01   -38.38980    -7.81541    -7.59234   -22.98205
   -0.12300E-01   -38.57060    -7.82636    -7.60358   -23.14067
   -0.11700E-01   -38.75889    -7.83682    -7.61431   -23.30777
   -0.11100E-01   -38.95569    -7.84679    -7.62454   -23.48436
   -0.10500E-01   -39.16149    -7.85624    -7.63426   -23.67099
   -0.99000E-02   -39.37821    -7.86526    -7.64349   -23.86946
   -0.93000E-02   -39.60740    -7.87375    -7.65214   -24.08151
   -0.87000E-02   -39.85141    -7.88167    -7.66039   -24.30935
   -0.81000E-02   -40.11219    -7.88908    -7.66805   -24.55506
   -0.75000E-02   -40.39376    -7.89597    -7.67511   -24.82268
   -0.69000E-02   -40.70159    -7.90239    -7.68163   -25.11757
   -0.63000E-02   -41.04145    -7.90826    -7.68762   -25.44557
   -0.57000E-02   -41.42053    -7.91360    -7.69305   -25.81389
   -0.51000E-02   -41.84630    -7.91837    -7.69789   -26.23004
   -0.45000E-02   -42.32728    -7.92260    -7.70218   -26.70251
   -0.39000E-02   -42.87325    -7.92627    -7.70590   -27.24108
   -0.33000E-02   -43.49483    -7.92940    -7.70905   -27.85639
   -0.27000E-02   -44.20624    -7.93196    -7.71160   -28.56269
   -0.21000E-02   -45.02809    -7.93395    -7.71361   -29.38053
   -0.15000E-02   -46.00374    -7.93536    -7.71503   -30.35335
   -0.90000E-03   -47.00921    -7.93621    -7.71589   -31.35711
   -0.30000E-03   -47.44895    -7.93650    -7.71617   -31.79628
    0.30000E-03   -47.01025    -7.93621    -7.71589   -31.35815
    0.90000E-03   -46.00609    -7.93536    -7.71504   -30.35569
    0.15000E-02   -45.03143    -7.93393    -7.71362   -29.38388
    0.21000E-02   -44.21022    -7.93192    -7.71166   -28.56664
    0.27000E-02   -43.49990    -7.92937    -7.70910   -27.86144
    0.33000E-02   -42.87873    -7.92625    -7.70599   -27.24650
    0.39000E-02   -42.33370    -7.92253    -7.70231   -26.70886
    0.45000E-02   -41.85341    -7.91832    -7.69810   -26.23699
    0.51000E-02   -41.42759    -7.91353    -7.69331   -25.82075
    0.57000E-02   -41.04872    -7.90812    -7.68799   -25.45261
    0.63000E-02   -40.70906    -7.90217    -7.68212   -25.12476
    0.69000E-02   -40.40172    -7.89573    -7.67570   -24.83030
    0.75000E-02   -40.12045    -7.88866    -7.66878   -24.56301
    0.81000E-02   -39.85965    -7.88103    -7.66131   -24.31731
    0.87000E-02   -39.61609    -7.87288    -7.65334   -24.08986
    0.93000E-02   -39.38693    -7.86416    -7.64491   -23.87786
    0.99000E-02   -39.17042    -7.85495    -7.63598   -23.67949
    0.10500E-01   -38.96455    -7.84521    -7.62649   -23.49285
    0.11100E-01   -38.76776    -7.83489    -7.61654   -23.31633
    0.11700E-01   -38.57924    -7.82411    -7.60600   -23.14912
    0.12300E-01   -38.39809    -7.81290    -7.59505   -22.99013
    0.12900E-01   -38.22383    -7.80108    -7.58370   -22.83905
    0.13500E-01   -38.05490    -7.78874    -7.57181   -22.69434
    0.14100E-01   -37.89160    -7.77592    -7.55952   -22.55616
    0.14700E-01   -37.73342    -7.76264    -7.54686   -22.42392
    0.15300E-01   -37.57944    -7.74886    -7.53398   -22.29660
    0.15900E-01   -37.42922    -7.73463    -7.52056   -22.17403
    0.16500E-01   -37.28276    -7.72000    -7.50655   -22.05621
    0.17100E-01   -37.14009    -7.70496    -7.49233   -21.94280
    0.17700E-01   -36.99990    -7.68942    -7.47791   -21.83258
    0.18300E-01   -36.86285    -7.67347    -7.46292   -21.72646
    0.18900E-01   -36.72824    -7.65716    -7.44764   -21.62344
    0.19500E-01   -36.59662    -7.64049    -7.43223   -21.52390
    0.21300E-01   -35.75266    -7.51812    -7.32060   -20.91394
    0.27000E-01   -34.64979    -7.32189    -7.14262   -20.18527
    0.33000E-01   -33.66439    -7.11475    -6.95748   -19.59216
    0.39000E-01   -32.76902    -6.90436    -6.77209   -19.09256
    0.45000E-01   -31.96044    -6.70103    -6.59807   -18.66133
    0.51000E-01   -31.23918    -6.51604    -6.44035   -18.28278
    0.57000E-01   -30.59337    -6.35082    -6.29769   -17.94486
    0.63000E-01   -30.00369    -6.19989    -6.16382   -17.63998
    0.69000E-01   -29.46087    -6.05875    -6.03839   -17.36374
    0.75000E-01   -28.95635    -5.92702    -5.91961   -17.10972
    0.81000E-01   -28.48532    -5.80313    -5.80704   -16.87515
    0.87000E-01   -28.04511    -5.68620    -5.69916   -16.65976
    0.93000E-01   -27.62880    -5.57445    -5.59694   -16.45742
    0.99000E-01   -27.23569    -5.46757    -5.49877   -16.26934
    0.10500       -26.86070    -5.36520    -5.40616   -16.08934
    0.11100       -26.50579    -5.26835    -5.31654   -15.92090
    0.11700       -26.16714    -5.17490    -5.22996   -15.76228
    0.12300       -25.84592    -5.08646    -5.14826   -15.61119
    0.12900       -25.53635    -5.00081    -5.06916   -15.46638
    0.13500       -25.24187    -4.91900    -4.99307   -15.32980
    0.14100       -24.95813    -4.83925    -4.91998   -15.19891
    0.14700       -24.68556    -4.76285    -4.84902   -15.07369
    0.15300       -24.42364    -4.69024    -4.78028   -14.95312
    0.15900       -24.17215    -4.61905    -4.71489   -14.83821
    0.16500       -23.92972    -4.55071    -4.65210   -14.72692
    0.17100       -23.69646    -4.48555    -4.59017   -14.62074
    0.17700       -23.46974    -4.42123    -4.53069   -14.51782
    0.18300       -23.25229    -4.35987    -4.47366   -14.41876
    0.18900       -23.04072    -4.30003    -4.41818   -14.32251
    0.19500       -22.83756    -4.24380    -4.36440   -14.22936
    0.20100       -22.64116    -4.18810    -4.31262   -14.14045
    0.20700       -22.44913    -4.13388    -4.26173   -14.05352
    0.21300       -22.26585    -4.08270    -4.21308   -13.97007
    0.22700       -20.91522    -3.70452    -3.85343   -13.35728
    0.34500       -18.16547    -2.95592    -3.11027   -12.09928
    0.49500       -16.46509    -2.50290    -2.65232   -11.30988
    0.64500       -15.26576    -2.18459    -2.34555   -10.73562
    0.79500       -14.34502    -1.94971    -2.11849   -10.27682
    0.94500       -13.60920    -1.76665    -1.93843    -9.90411
     1.0950       -12.99976    -1.61947    -1.79119    -9.58910
     1.2450       -12.48485    -1.49835    -1.66670    -9.31980
     1.3950       -12.04511    -1.39711    -1.55979    -9.08821
     1.5450       -11.65981    -1.31162    -1.46792    -8.88028
     1.6950       -11.32156    -1.23628    -1.38640    -8.69888
     1.8450       -11.01750    -1.17004    -1.31614    -8.53131
     1.9950       -10.74599    -1.11282    -1.25419    -8.37898
     2.1450       -10.50679    -1.06000    -1.20012    -8.24667
     2.2950       -10.29162    -1.01208    -1.15146    -8.12809
     2.4450       -10.09807    -0.96866    -1.10799    -8.02142
     2.5950        -9.91607    -0.92836    -1.06704    -7.92066
     2.7450        -9.76044    -0.89351    -1.03148    -7.83545
     2.8950        -9.61550    -0.86236    -0.99700    -7.75615
     3.0450        -9.49002    -0.83475    -0.96754    -7.68773
     3.1950        -9.35932    -0.80732    -0.93873    -7.61327
     3.3450        -9.25444    -0.78160    -0.91288    -7.55996
     3.4950        -9.15884    -0.76007    -0.88692    -7.51185
     3.6450        -9.06392    -0.73875    -0.86330    -7.46187
     3.7950        -8.98071    -0.71958    -0.84174    -7.41939
     3.9450        -8.90096    -0.70118    -0.82129    -7.37849
     4.0950        -8.82833    -0.68597    -0.80065    -7.34171
     4.2450        -8.76189    -0.67011    -0.78165    -7.31013
     4.3950        -8.69491    -0.65612    -0.76306    -7.27573
     4.5450        -8.63782    -0.64448    -0.74545    -7.24790
     4.6950        -8.58567    -0.63406    -0.72930    -7.22231
     4.8450        -8.53925    -0.62577    -0.71598    -7.19750
     4.9950        -8.49339    -0.62037    -0.70150    -7.17153
     5.1450        -8.44706    -0.61210    -0.68890    -7.14605
     5.2950        -8.40283    -0.60560    -0.67628    -7.12096
     5.4450        -8.36271    -0.60014    -0.66396    -7.09861
     5.5950        -8.32215    -0.59589    -0.65198    -7.07427
     5.7450        -8.28640    -0.58940    -0.64207    -7.05493
     5.8950        -8.25110    -0.58214    -0.63279    -7.03617
     6.0450        -8.21724    -0.57570    -0.62361    -7.01794
     6.1950        -8.18422    -0.57024    -0.61383    -7.00015
     6.3450        -8.15529    -0.56747    -0.60494    -6.98289
     6.4950        -8.12608    -0.56319    -0.59798    -6.96491
     6.6450        -8.10288    -0.56224    -0.59207    -6.94857
     6.7950        -8.07683    -0.55947    -0.58611    -6.93125
     6.9450        -8.05361    -0.55862    -0.57931    -6.91568
     7.0950        -8.02739    -0.55433    -0.57257    -6.90049
     7.2450        -8.00165    -0.55006    -0.56591    -6.88568
     7.3950        -7.97727    -0.54485    -0.56122    -6.87120
     7.5450        -7.95967    -0.54414    -0.56022    -6.85530
     7.6950        -7.94210    -0.54134    -0.55927    -6.84148
     7.8450        -7.92316    -0.54070    -0.55458    -6.82788
     7.9950        -7.90400    -0.53789    -0.55147    -6.81464
     8.1450        -7.88571    -0.53730    -0.54679    -6.80162
     8.2950        -7.86687    -0.53675    -0.54122    -6.78890
     8.4450        -7.85076    -0.53621    -0.53810    -6.77645
     8.5950        -7.83733    -0.53570    -0.53735    -6.76428
     8.7450        -7.82420    -0.53522    -0.53665    -6.75233
     8.8950        -7.81130    -0.53475    -0.53595    -6.74059
     9.0450        -7.79864    -0.53430    -0.53529    -6.72905
     9.1950        -7.78378    -0.53387    -0.53214    -6.71776
     9.3450        -7.77163    -0.53344    -0.53153    -6.70666
     9.4950        -7.75973    -0.53305    -0.53093    -6.69575
     9.6450        -7.74549    -0.53266    -0.52779    -6.68504
     9.7950        -7.73398    -0.53228    -0.52724    -6.67446
     9.9450        -7.72268    -0.53192    -0.52669    -6.66406
     10.095        -7.71162    -0.53157    -0.52617    -6.65388
     10.245        -7.70072    -0.53123    -0.52567    -6.64382
     10.395        -7.69001    -0.53090    -0.52518    -6.63393
     10.545        -7.67950    -0.53059    -0.52470    -6.62421
     10.695        -7.66917    -0.53028    -0.52424    -6.61464
     10.845        -7.65896    -0.52998    -0.52379    -6.60519
     10.995        -7.64896    -0.52968    -0.52336    -6.59591
     11.145        -7.63908    -0.52940    -0.52293    -6.58675
     11.295        -7.62940    -0.52913    -0.52252    -6.57775
     11.445        -7.61984    -0.52887    -0.52211    -6.56887
     11.595        -7.61046    -0.52860    -0.52171    -6.56014
     11.745        -7.60121    -0.52835    -0.52133    -6.55153
     11.895        -7.59211    -0.52810    -0.52096    -6.54305
     12.045        -7.58313    -0.52785    -0.52058    -6.53470
     12.195        -7.57428    -0.52762    -0.52023    -6.52644
     12.345        -7.56554    -0.52739    -0.51987    -6.51828
     12.495        -7.55696    -0.52716    -0.51954    -6.51025
     12.645        -7.54846    -0.52695    -0.51920    -6.50231
     12.795        -7.54008    -0.52673    -0.51888    -6.49447
     12.945        -7.53181    -0.52652    -0.51856    -6.48673
     13.095        -7.52365    -0.52632    -0.51825    -6.47908
     13.245        -7.51558    -0.52611    -0.51794    -6.47153
     13.395        -7.50764    -0.52591    -0.51764    -6.46409
     13.545        -7.49980    -0.52572    -0.51735    -6.45673
     13.695        -7.49208    -0.52554    -0.51706    -6.44949
     13.845        -7.48442    -0.52535    -0.51677    -6.44230
     13.995        -7.47685    -0.52517    -0.51649    -6.43518
     14.145        -7.46937    -0.52499    -0.51622    -6.42815
     14.295        -7.46198    -0.52482    -0.51595    -6.42122
     14.445        -7.45472    -0.52465    -0.51569    -6.41438
     14.595        -7.44752    -0.52448    -0.51543    -6.40761
     14.745        -7.44041    -0.52432    -0.51518    -6.40091
     14.895        -7.43336    -0.52416    -0.51493    -6.39427
     15.045        -7.42642    -0.52400    -0.51468    -6.38774
     15.195        -7.41956    -0.52384    -0.51444    -6.38127
     15.345        -7.41277    -0.52369    -0.51421    -6.37487
     15.495        -7.40608    -0.52355    -0.51397    -6.36856
     15.645        -7.39940    -0.52340    -0.51375    -6.36225
     15.795        -7.39280    -0.52325    -0.51352    -6.35603
     15.945        -7.38630    -0.52311    -0.51330    -6.34989
     16.095        -7.37987    -0.52297    -0.51307    -6.34382
     16.245        -7.37348    -0.52284    -0.51285    -6.33780
     16.395        -7.36717    -0.52270    -0.51264    -6.33183
     16.545        -7.36093    -0.52257    -0.51242    -6.32594
     16.695        -7.35476    -0.52243    -0.51222    -6.32010
     16.845        -7.34863    -0.52230    -0.51201    -6.31431
     16.995        -7.34258    -0.52218    -0.51181    -6.30859
     17.145        -7.33656    -0.52205    -0.51161    -6.30290
     17.295        -7.33065    -0.52192    -0.51141    -6.29732
     17.445        -7.32481    -0.52180    -0.51121    -6.29179
     17.595        -7.31897    -0.52168    -0.51102    -6.28627
     17.745        -7.31320    -0.52156    -0.51083    -6.28081
     17.895        -7.30750    -0.52144    -0.51064    -6.27543
     18.045        -7.30185    -0.52132    -0.51045    -6.27008
     18.195        -7.29628    -0.52121    -0.51027    -6.26479
     18.345        -7.29074    -0.52110    -0.51009    -6.25954
     18.495        -7.28525    -0.52099    -0.50992    -6.25435
     18.645        -7.27978    -0.52088    -0.50974    -6.24917
     18.795        -7.27438    -0.52077    -0.50956    -6.24405
     18.945        -7.26905    -0.52066    -0.50939    -6.23899
     19.095        -7.26375    -0.52055    -0.50922    -6.23397
     19.245        -7.25851    -0.52045    -0.50905    -6.22901
     19.395        -7.25332    -0.52035    -0.50888    -6.22408
     19.545        -7.24816    -0.52025    -0.50872    -6.21919
     19.695        -7.24306    -0.52015    -0.50856    -6.21435
     19.845        -7.23799    -0.52005    -0.50840    -6.20954
     19.995        -7.23298    -0.51995    -0.50823    -6.20480
     20.145        -7.22798    -0.51985    -0.50807    -6.20007
     20.295        -7.22305    -0.51976    -0.50791    -6.19538
     20.445        -7.21813    -0.51966    -0.50776    -6.19071
     20.595        -7.21326    -0.51956    -0.50761    -6.18609
     20.745        -7.20841    -0.51948    -0.50745    -6.18149
     20.895        -7.20363    -0.51938    -0.50730    -6.17695
     21.045        -7.19889    -0.51929    -0.50715    -6.17245
     21.195        -7.19418    -0.51920    -0.50700    -6.16798
     21.345        -7.18949    -0.51911    -0.50686    -6.16353
     21.495        -7.18487    -0.51902    -0.50671    -6.15914
     21.645        -7.18027    -0.51894    -0.50657    -6.15476
     21.795        -7.17569    -0.51885    -0.50643    -6.15040
     21.945        -7.17117    -0.51877    -0.50629    -6.14611
     22.095        -7.16669    -0.51868    -0.50615    -6.14185
     22.245        -7.16222    -0.51860    -0.50601    -6.13761
     22.395        -7.15778    -0.51851    -0.50587    -6.13339
     22.545        -7.15339    -0.51843    -0.50573    -6.12922
     22.695        -7.14902    -0.51835    -0.50560    -6.12507
     22.845        -7.14469    -0.51827    -0.50547    -6.12095
     22.995        -7.14041    -0.51819    -0.50533    -6.11689
     23.145        -7.13616    -0.51811    -0.50520    -6.11285
     23.295        -7.13195    -0.51803    -0.50507    -6.10885
     23.445        -7.12774    -0.51795    -0.50494    -6.10485
     23.595        -7.12357    -0.51787    -0.50481    -6.10089
     23.745        -7.11941    -0.51780    -0.50468    -6.09693
     23.895        -7.11527    -0.51772    -0.50455    -6.09299
     24.045        -7.11116    -0.51765    -0.50443    -6.08909
     24.195        -7.10709    -0.51757    -0.50430    -6.08522
     24.345        -7.10305    -0.51750    -0.50418    -6.08137
     24.495        -7.09903    -0.51743    -0.50406    -6.07755
     24.645        -7.09507    -0.51735    -0.50394    -6.07377
     24.795        -7.09112    -0.51729    -0.50382    -6.07001
     24.945        -7.08720    -0.51722    -0.50370    -6.06628
     25.095        -7.08330    -0.51715    -0.50358    -6.06257
     25.245        -7.07943    -0.51708    -0.50346    -6.05889
     25.395        -7.07558    -0.51701    -0.50334    -6.05522
     25.545        -7.07175    -0.51695    -0.50323    -6.05158
     25.695        -7.06795    -0.51688    -0.50311    -6.04796
     25.845        -7.06418    -0.51681    -0.50300    -6.04436
     25.995        -7.06043    -0.51675    -0.50289    -6.04079
     26.145        -7.05671    -0.51668    -0.50278    -6.03725
     26.295        -7.05302    -0.51661    -0.50267    -6.03373
     26.445        -7.04934    -0.51655    -0.50256    -6.03023
     26.595        -7.04570    -0.51648    -0.50246    -6.02676
     26.745        -7.04208    -0.51642    -0.50235    -6.02331
     26.895        -7.03847    -0.51636    -0.50224    -6.01987
     27.045        -7.03489    -0.51629    -0.50214    -6.01646
     27.195        -7.03135    -0.51623    -0.50203    -6.01309
     27.345        -7.02781    -0.51616    -0.50192    -6.00972
     27.495        -7.02429    -0.51610    -0.50182    -6.00637
     27.645        -7.02079    -0.51604    -0.50171    -6.00303
     27.795        -7.01734    -0.51599    -0.50161    -5.99974
     27.945        -7.01388    -0.51593    -0.50150    -5.99645
     28.095        -7.01046    -0.51587    -0.50141    -5.99318
     28.245        -7.00705    -0.51581    -0.50131    -5.98993
     28.395        -7.00363    -0.51575    -0.50121    -5.98668
     28.545        -7.00026    -0.51569    -0.50111    -5.98346
     28.695        -6.99691    -0.51563    -0.50101    -5.98027
     28.845        -6.99360    -0.51557    -0.50091    -5.97712
     28.995        -6.99029    -0.51551    -0.50082    -5.97396
     29.145        -6.98700    -0.51546    -0.50072    -5.97083
     29.295        -6.98374    -0.51540    -0.50062    -5.96772
     29.445        -6.98048    -0.51535    -0.50052    -5.96461
     29.595        -6.97722    -0.51529    -0.50043    -5.96151
     29.745        -6.97399    -0.51523    -0.50033    -5.95843
     29.895        -6.97077    -0.51518    -0.50024    -5.95536
     30.045        -6.96760    -0.51512    -0.50014    -5.95233
     30.195        -6.96445    -0.51507    -0.50005    -5.94933
     30.345        -6.96129    -0.51502    -0.49996    -5.94632
     30.495        -6.95815    -0.51496    -0.49987    -5.94332
     30.645        -6.95502    -0.51491    -0.49978    -5.94033
     30.795        -6.95192    -0.51486    -0.49969    -5.93738
     30.945        -6.94884    -0.51480    -0.49960    -5.93444
     31.095        -6.94577    -0.51475    -0.49951    -5.93152
     31.245        -6.94273    -0.51470    -0.49942    -5.92861
     31.395        -6.93969    -0.51465    -0.49933    -5.92572
     31.545        -6.93668    -0.51460    -0.49924    -5.92284
     31.695        -6.93368    -0.51454    -0.49916    -5.91997
     31.845        -6.93069    -0.51449    -0.49907    -5.91713
     31.995        -6.92771    -0.51444    -0.49899    -5.91428
     32.145        -6.92472    -0.51439    -0.49890    -5.91143
     32.295        -6.92178    -0.51434    -0.49882    -5.90863
     32.445        -6.91884    -0.51429    -0.49873    -5.90582
     32.595        -6.91592    -0.51424    -0.49864    -5.90304
     32.745        -6.91302    -0.51419    -0.49856    -5.90027
     32.895        -6.91014    -0.51414    -0.49847    -5.89753
     33.045        -6.90729    -0.51409    -0.49839    -5.89480
     33.195        -6.90444    -0.51404    -0.49831    -5.89209
     33.345        -6.90159    -0.51400    -0.49823    -5.88936
     33.495        -6.89877    -0.51395    -0.49815    -5.88667
     33.645        -6.89596    -0.51390    -0.49807    -5.88400
     33.795        -6.89319    -0.51386    -0.49798    -5.88134
     33.945        -6.89040    -0.51381    -0.49790    -5.87869
     34.095        -6.88765    -0.51377    -0.49782    -5.87606
     34.245        -6.88490    -0.51372    -0.49774    -5.87344
     34.395        -6.88219    -0.51367    -0.49766    -5.87085
     34.545        -6.87947    -0.51363    -0.49759    -5.86825
     34.695        -6.87675    -0.51358    -0.49751    -5.86566
     34.845        -6.87406    -0.51354    -0.49743    -5.86310
     34.995        -6.87137    -0.51349    -0.49735    -5.86052
     35.145        -6.86869    -0.51344    -0.49727    -5.85797
     35.295        -6.86601    -0.51340    -0.49720    -5.85541
     35.445        -6.86337    -0.51336    -0.49712    -5.85289
     35.595        -6.86073    -0.51331    -0.49705    -5.85037
     35.745        -6.85810    -0.51327    -0.49697    -5.84786
     35.895        -6.85549    -0.51322    -0.49690    -5.84537
     36.045        -6.85291    -0.51318    -0.49682    -5.84291
     36.195        -6.85032    -0.51314    -0.49674    -5.84044
     36.345        -6.84774    -0.51309    -0.49667    -5.83798
     36.495        -6.84518    -0.51305    -0.49660    -5.83553
     36.645        -6.84264    -0.51301    -0.49652    -5.83310
     36.795        -6.84010    -0.51297    -0.49645    -5.83068
     36.945        -6.83757    -0.51293    -0.49638    -5.82826
     37.095        -6.83505    -0.51288    -0.49630    -5.82586
     37.245        -6.83257    -0.51284    -0.49623    -5.82349
     37.395        -6.83007    -0.51280    -0.49616    -5.82111
     37.545        -6.82761    -0.51276    -0.49609    -5.81876
     37.695        -6.82512    -0.51272    -0.49602    -5.81638
     37.845        -6.82267    -0.51268    -0.49595    -5.81405
     37.995        -6.82024    -0.51264    -0.49588    -5.81172
     38.145        -6.81777    -0.51259    -0.49581    -5.80937
     38.295        -6.81537    -0.51255    -0.49574    -5.80708
     38.445        -6.81296    -0.51251    -0.49567    -5.80477
     38.595        -6.81055    -0.51247    -0.49560    -5.80248
     38.745        -6.80814    -0.51243    -0.49553    -5.80018
     38.895        -6.80575    -0.51239    -0.49546    -5.79789
     39.045        -6.80338    -0.51236    -0.49540    -5.79563
     39.195        -6.80102    -0.51231    -0.49533    -5.79337
     39.345        -6.79867    -0.51228    -0.49527    -5.79113
     39.495        -6.79632    -0.51224    -0.49520    -5.78888
     39.645        -6.79399    -0.51220    -0.49513    -5.78666
     39.795        -6.79166    -0.51216    -0.49507    -5.78443
     39.945        -6.78935    -0.51212    -0.49500    -5.78223
     40.095        -6.78707    -0.51209    -0.49494    -5.78004
     40.245        -6.78476    -0.51205    -0.49487    -5.77784
     40.395        -6.78248    -0.51201    -0.49481    -5.77566
     40.545        -6.78021    -0.51197    -0.49474    -5.77349
     40.695        -6.77795    -0.51194    -0.49468    -5.77133
     40.845        -6.77568    -0.51190    -0.49461    -5.76917
     40.995        -6.77344    -0.51186    -0.49455    -5.76703
     41.145        -6.77121    -0.51183    -0.49448    -5.76490
     41.295        -6.76898    -0.51179    -0.49442    -5.76277
     41.445        -6.76676    -0.51176    -0.49436    -5.76065
     41.595        -6.76455    -0.51172    -0.49429    -5.75853
     41.745        -6.76235    -0.51168    -0.49423    -5.75643
     41.895        -6.76017    -0.51165    -0.49417    -5.75435
     42.045        -6.75798    -0.51161    -0.49411    -5.75225
     42.195        -6.75580    -0.51158    -0.49405    -5.75017
     42.345        -6.75365    -0.51154    -0.49399    -5.74812
     42.495        -6.75148    -0.51150    -0.49393    -5.74604
     42.645        -6.74932    -0.51147    -0.49387    -5.74398
     42.795        -6.74718    -0.51144    -0.49380    -5.74193
     42.945        -6.74503    -0.51140    -0.49374    -5.73989
     43.095        -6.74293    -0.51137    -0.49368    -5.73787
     43.245        -6.74081    -0.51133    -0.49362    -5.73586
     43.395        -6.73871    -0.51130    -0.49356    -5.73385
     43.545        -6.73662    -0.51126    -0.49350    -5.73185
     43.695        -6.73452    -0.51123    -0.49345    -5.72985
     43.845        -6.73242    -0.51120    -0.49339    -5.72784
     43.995        -6.73033    -0.51116    -0.49333    -5.72585
     44.145        -6.72827    -0.51113    -0.49327    -5.72387
     44.295        -6.72621    -0.51109    -0.49322    -5.72191
     44.445        -6.72418    -0.51106    -0.49316    -5.71996
     44.595        -6.72213    -0.51102    -0.49310    -5.71800
     44.745        -6.72008    -0.51099    -0.49304    -5.71605
     44.895        -6.71806    -0.51096    -0.49298    -5.71412
     45.045        -6.71604    -0.51093    -0.49293    -5.71219
     45.195        -6.71403    -0.51089    -0.49287    -5.71026
     45.345        -6.71202    -0.51086    -0.49282    -5.70834
     45.495        -6.71003    -0.51083    -0.49276    -5.70644
     45.645        -6.70805    -0.51080    -0.49270    -5.70455
     45.795        -6.70607    -0.51076    -0.49265    -5.70266
     45.945        -6.70408    -0.51073    -0.49259    -5.70076
     46.095        -6.70212    -0.51070    -0.49254    -5.69888
     46.245        -6.70015    -0.51067    -0.49249    -5.69700
     46.395        -6.69820    -0.51064    -0.49243    -5.69513
     46.545        -6.69625    -0.51061    -0.49238    -5.69326
     46.695        -6.69430    -0.51057    -0.49232    -5.69141
     46.845        -6.69237    -0.51054    -0.49227    -5.68955
     46.995        -6.69045    -0.51051    -0.49222    -5.68772
     47.145        -6.68853    -0.51048    -0.49216    -5.68588
     47.295        -6.68661    -0.51045    -0.49211    -5.68405
     47.445        -6.68469    -0.51042    -0.49205    -5.68222
     47.595        -6.68279    -0.51039    -0.49200    -5.68040
     47.745        -6.68090    -0.51036    -0.49195    -5.67859
     47.895        -6.67900    -0.51033    -0.49189    -5.67678
     48.045        -6.67712    -0.51030    -0.49184    -5.67498
     48.195        -6.67525    -0.51027    -0.49179    -5.67320
     48.345        -6.67338    -0.51023    -0.49174    -5.67142
     48.495        -6.67152    -0.51020    -0.49168    -5.66964
     48.645        -6.66967    -0.51017    -0.49163    -5.66786
     48.795        -6.66782    -0.51014    -0.49158    -5.66609
     48.945        -6.66598    -0.51011    -0.49153    -5.66434
     49.095        -6.66416    -0.51008    -0.49148    -5.66260
     49.245        -6.66233    -0.51006    -0.49143    -5.66085
     49.395        -6.66052    -0.51003    -0.49137    -5.65912
     49.545        -6.65870    -0.51000    -0.49132    -5.65738
     49.695        -6.65688    -0.50997    -0.49127    -5.65565
     49.845        -6.65510    -0.50994    -0.49122    -5.65394
     49.995        -6.65331    -0.50991    -0.49117    -5.65222
     50.145        -6.65153    -0.50988    -0.49112    -5.65052
     50.295        -6.64975    -0.50985    -0.49107    -5.64882
     50.445        -6.64797    -0.50982    -0.49103    -5.64712
     50.595        -6.64619    -0.50980    -0.49098    -5.64542
     50.745        -6.64442    -0.50977    -0.49093    -5.64372
     50.895        -6.64265    -0.50974    -0.49088    -5.64203
     51.045        -6.64090    -0.50971    -0.49083    -5.64035
     51.195        -6.63915    -0.50968    -0.49079    -5.63868
     51.345        -6.63740    -0.50966    -0.49074    -5.63701
     51.495        -6.63566    -0.50963    -0.49069    -5.63535
     51.645        -6.63394    -0.50960    -0.49064    -5.63370
     51.795        -6.63221    -0.50958    -0.49059    -5.63205
     51.945        -6.63050    -0.50955    -0.49055    -5.63040
     52.095        -6.62878    -0.50952    -0.49050    -5.62876
     52.245        -6.62709    -0.50950    -0.49045    -5.62714
     52.395        -6.62538    -0.50947    -0.49040    -5.62551
     52.545        -6.62369    -0.50944    -0.49035    -5.62390
     52.695        -6.62201    -0.50941    -0.49031    -5.62229
     52.845        -6.62032    -0.50938    -0.49026    -5.62067
     52.995        -6.61862    -0.50936    -0.49021    -5.61905
     53.145        -6.61694    -0.50933    -0.49016    -5.61744
     53.295        -6.61527    -0.50930    -0.49012    -5.61585
     53.445        -6.61361    -0.50928    -0.49007    -5.61426
     53.595        -6.61196    -0.50925    -0.49002    -5.61268
     53.745        -6.61030    -0.50922    -0.48998    -5.61110
     53.895        -6.60864    -0.50919    -0.48993    -5.60951
     54.045        -6.60699    -0.50917    -0.48988    -5.60794
     54.195        -6.60534    -0.50914    -0.48984    -5.60636
     54.345        -6.60371    -0.50912    -0.48979    -5.60480
     54.495        -6.60207    -0.50909    -0.48975    -5.60323
     54.645        -6.60044    -0.50907    -0.48970    -5.60168
     54.795        -6.59884    -0.50904    -0.48966    -5.60014
     54.945        -6.59722    -0.50902    -0.48961    -5.59859
     55.095        -6.59560    -0.50899    -0.48956    -5.59705
     59.433        -6.47002    -0.50699    -0.48610    -5.47694
     80.646        -6.28874    -0.50416    -0.48112    -5.30345
     111.21        -6.11529    -0.50148    -0.47640    -5.13741
     153.36        -5.94956    -0.49894    -0.47192    -4.97870
     211.49        -5.79131    -0.49651    -0.46765    -4.82715
     291.64        -5.64036    -0.49420    -0.46360    -4.68256
     402.18        -5.49673    -0.49201    -0.45976    -4.54497
     554.60        -5.36001    -0.48989    -0.45609    -4.41402
     764.80        -5.23010    -0.48789    -0.45262    -4.28959
     1054.7        -5.10662    -0.48597    -0.44933    -4.17132
     1454.4        -4.98943    -0.48416    -0.44621    -4.05906
     2005.6        -4.87829    -0.48244    -0.44325    -3.95260
     2765.8        -4.77277    -0.48081    -0.44045    -3.85150
     3814.0        -4.67272    -0.47925    -0.43780    -3.75567
     5259.5        -4.57792    -0.47779    -0.43527    -3.66486
     7252.9        -4.48801    -0.47639    -0.43287    -3.57875
     10002.        -4.40283    -0.47507    -0.43061    -3.49715
     13793.        -4.32213    -0.47381    -0.42847    -3.41985
     19020.        -4.24562    -0.47262    -0.42647    -3.34654
     26229.        -4.17318    -0.47148    -0.42456    -3.27714
     36170.        -4.10445    -0.47040    -0.42276    -3.21129
     49878.        -4.03936    -0.46939    -0.42106    -3.14892
     68782.        -3.97763    -0.46841    -0.41945    -3.08977
     94851.        -3.91919    -0.46749    -0.41793    -3.03378
    0.13080E+06    -3.86380    -0.46662    -0.41648    -2.98071
    0.18038E+06    -3.81128    -0.46580    -0.41510    -2.93038
    0.24874E+06    -3.76152    -0.46502    -0.41379    -2.88272
    0.34301E+06    -3.71433    -0.46428    -0.41255    -2.83750
    0.47302E+06    -3.66972    -0.46358    -0.41140    -2.79474
    0.65229E+06    -3.62745    -0.46291    -0.41029    -2.75425
    0.89952E+06    -3.58733    -0.46227    -0.40924    -2.71582
    0.12404E+07    -3.54929    -0.46167    -0.40825    -2.67936
    0.17106E+07    -3.51335    -0.46110    -0.40732    -2.64493
    0.23589E+07    -3.47931    -0.46056    -0.40643    -2.61232
    0.32529E+07    -3.44696    -0.46005    -0.40559    -2.58132
    0.44858E+07    -3.41637    -0.45956    -0.40480    -2.55201
    0.61860E+07    -3.38738    -0.45911    -0.40405    -2.52422
    0.85305E+07    -3.35989    -0.45867    -0.40334    -2.49788
    0.11764E+08    -3.33383    -0.45825    -0.40265    -2.47292
    0.16222E+08    -3.30913    -0.45786    -0.40200    -2.44926
    0.22370E+08    -3.28573    -0.45749    -0.40140    -2.42684
    0.30849E+08    -3.26353    -0.45713    -0.40082    -2.40558
    0.42541E+08    -3.24248    -0.45680    -0.40027    -2.38541
    0.58664E+08    -3.22256    -0.45649    -0.39975    -2.36633
    0.80898E+08    -3.20393    -0.45619    -0.39925    -2.34848
    0.11156E+09    -3.18651    -0.45591    -0.39878    -2.33181
    0.15384E+09    -3.17025    -0.45565    -0.39834    -2.31625
    0.21215E+09    -3.15499    -0.45541    -0.39793    -2.30165
    0.29255E+09    -3.14068    -0.45519    -0.39753    -2.28796
    0.40343E+09    -3.12725    -0.45498    -0.39716    -2.27511
    0.55633E+09    -3.11476    -0.45478    -0.39681    -2.26316
    0.76719E+09    -3.10342    -0.45460    -0.39649    -2.25234
    0.10580E+10    -3.09300    -0.45443    -0.39618    -2.24239
    0.14589E+10    -3.08343    -0.45428    -0.39589    -2.23326
    0.20119E+10    -3.07457    -0.45413    -0.39562    -2.22481
    0.27744E+10    -3.06642    -0.45400    -0.39537    -2.21704
    0.38259E+10    -3.05888    -0.45389    -0.39514    -2.20985
    0.52760E+10    -3.05193    -0.45378    -0.39493    -2.20322
    0.72756E+10    -3.04552    -0.45367    -0.39474    -2.19710
    0.10033E+11    -3.03960    -0.45358    -0.39456    -2.19146
    0.13836E+11    -3.03411    -0.45349    -0.39440    -2.18622
    0.19079E+11    -3.02905    -0.45341    -0.39425    -2.18139
    0.26311E+11    -3.02437    -0.45334    -0.39410    -2.17693
    0.36283E+11    -3.02006    -0.45327    -0.39397    -2.17282
    0.50034E+11    -3.01606    -0.45320    -0.39385    -2.16900
    0.68997E+11    -3.01236    -0.45314    -0.39375    -2.16547
    0.10000E+12    -2.96806    -0.45244    -0.39245    -2.12316
