    -99.945         0.00000     0.00000     0.00000     0.00000
    -99.795         0.00000     0.00000     0.00000     0.00000
    -99.645         0.00000     0.00000     0.00000     0.00000
    -99.495         0.00000     0.00000     0.00000     0.00000
    -99.345         0.00000     0.00000     0.00000     0.00000
    -99.195         0.00000     0.00000     0.00000     0.00000
    -99.045         0.00000     0.00000     0.00000     0.00000
    -98.895         0.00000     0.00000     0.00000     0.00000
    -98.745         0.00000     0.00000     0.00000     0.00000
    -98.595         0.00000     0.00000     0.00000     0.00000
    -98.445         0.00000     0.00000     0.00000     0.00000
    -98.295         0.00000     0.00000     0.00000     0.00000
    -98.145         0.00000     0.00000     0.00000     0.00000
    -97.995         0.00000     0.00000     0.00000     0.00000
    -97.845         0.00000     0.00000     0.00000     0.00000
    -97.695         0.00000     0.00000     0.00000     0.00000
    -97.545         0.00000     0.00000     0.00000     0.00000
    -97.395         0.00000     0.00000     0.00000     0.00000
    -97.245         0.00000     0.00000     0.00000     0.00000
    -97.095         0.00000     0.00000     0.00000     0.00000
    -96.945         0.00000     0.00000     0.00000     0.00000
    -96.795         0.00000     0.00000     0.00000     0.00000
    -96.645         0.00000     0.00000     0.00000     0.00000
    -96.495         0.00000     0.00000     0.00000     0.00000
    -96.345         0.00000     0.00000     0.00000     0.00000
    -96.195         0.00000     0.00000     0.00000     0.00000
    -96.045         0.00000     0.00000     0.00000     0.00000
    -95.895         0.00000     0.00000     0.00000     0.00000
    -95.745         0.00000     0.00000     0.00000     0.00000
    -95.595         0.00000     0.00000     0.00000     0.00000
    -95.445         0.00000     0.00000     0.00000     0.00000
    -95.295         0.00000     0.00000     0.00000     0.00000
    -95.145         0.00000     0.00000     0.00000     0.00000
    -94.995         0.00000     0.00000     0.00000     0.00000
    -94.845         0.00000     0.00000     0.00000     0.00000
    -94.695         0.00000     0.00000     0.00000     0.00000
    -94.545         0.00000     0.00000     0.00000     0.00000
    -94.395         0.00000     0.00000     0.00000     0.00000
    -94.245         0.00000     0.00000     0.00000     0.00000
    -94.095         0.00000     0.00000     0.00000     0.00000
    -93.945         0.00000     0.00000     0.00000     0.00000
    -93.795         0.00000     0.00000     0.00000     0.00000
    -93.645         0.00000     0.00000     0.00000     0.00000
    -93.495         0.00000     0.00000     0.00000     0.00000
    -93.345         0.00000     0.00000     0.00000     0.00000
    -93.195         0.00000     0.00000     0.00000     0.00000
    -93.045         0.00000     0.00000     0.00000     0.00000
    -92.895         0.00000     0.00000     0.00000     0.00000
    -92.745         0.00000     0.00000     0.00000     0.00000
    -92.595         0.00000     0.00000     0.00000     0.00000
    -92.445         0.00000     0.00000     0.00000     0.00000
    -92.295         0.00000     0.00000     0.00000     0.00000
    -92.145         0.00000     0.00000     0.00000     0.00000
    -91.995         0.00000     0.00000     0.00000     0.00000
    -91.845         0.00000     0.00000     0.00000     0.00000
    -91.695         0.00000     0.00000     0.00000     0.00000
    -91.545         0.00000     0.00000     0.00000     0.00000
    -91.395         0.00000     0.00000     0.00000     0.00000
    -91.245         0.00000     0.00000     0.00000     0.00000
    -91.095         0.00000     0.00000     0.00000     0.00000
    -90.945         0.00000     0.00000     0.00000     0.00000
    -90.795         0.00000     0.00000     0.00000     0.00000
    -90.645         0.00000     0.00000     0.00000     0.00000
    -90.495         0.00000     0.00000     0.00000     0.00000
    -90.345         0.00000     0.00000     0.00000     0.00000
    -90.195         0.00000     0.00000     0.00000     0.00000
    -90.045         0.00000     0.00000     0.00000     0.00000
    -89.895         0.00000     0.00000     0.00000     0.00000
    -89.745         0.00000     0.00000     0.00000     0.00000
    -89.595         0.00000     0.00000     0.00000     0.00000
    -89.445         0.00000     0.00000     0.00000     0.00000
    -89.295         0.00000     0.00000     0.00000     0.00000
    -89.145         0.00000     0.00000     0.00000     0.00000
    -88.995         0.00000     0.00000     0.00000     0.00000
    -88.845         0.00000     0.00000     0.00000     0.00000
    -88.695         0.00000     0.00000     0.00000     0.00000
    -88.545         0.00000     0.00000     0.00000     0.00000
    -88.395         0.00000     0.00000     0.00000     0.00000
    -88.245         0.00000     0.00000     0.00000     0.00000
    -88.095         0.00000     0.00000     0.00000     0.00000
    -87.945         0.00000     0.00000     0.00000     0.00000
    -87.795         0.00000     0.00000     0.00000     0.00000
    -87.645         0.00000     0.00000     0.00000     0.00000
    -87.495         0.00000     0.00000     0.00000     0.00000
    -87.345         0.00000     0.00000     0.00000     0.00000
    -87.195         0.00000     0.00000     0.00000     0.00000
    -87.045         0.00000     0.00000     0.00000     0.00000
    -86.895         0.00000     0.00000     0.00000     0.00000
    -86.745         0.00000     0.00000     0.00000     0.00000
    -86.595         0.00000     0.00000     0.00000     0.00000
    -86.445         0.00000     0.00000     0.00000     0.00000
    -86.295         0.00000     0.00000     0.00000     0.00000
    -86.145         0.00000     0.00000     0.00000     0.00000
    -85.995         0.00000     0.00000     0.00000     0.00000
    -85.845         0.00000     0.00000     0.00000     0.00000
    -85.695         0.00000     0.00000     0.00000     0.00000
    -85.545         0.00000     0.00000     0.00000     0.00000
    -85.395         0.00000     0.00000     0.00000     0.00000
    -85.245         0.00000     0.00000     0.00000     0.00000
    -85.095         0.00000     0.00000     0.00000     0.00000
    -84.945         0.00000     0.00000     0.00000     0.00000
    -84.795         0.00000     0.00000     0.00000     0.00000
    -84.645         0.00000     0.00000     0.00000     0.00000
    -84.495         0.00000     0.00000     0.00000     0.00000
    -84.345         0.00000     0.00000     0.00000     0.00000
    -84.195         0.00000     0.00000     0.00000     0.00000
    -84.045         0.00000     0.00000     0.00000     0.00000
    -83.895         0.00000     0.00000     0.00000     0.00000
    -83.745         0.00000     0.00000     0.00000     0.00000
    -83.595         0.00000     0.00000     0.00000     0.00000
    -83.445         0.00000     0.00000     0.00000     0.00000
    -83.295         0.00000     0.00000     0.00000     0.00000
    -83.145         0.00000     0.00000     0.00000     0.00000
    -82.995         0.00000     0.00000     0.00000     0.00000
    -82.845         0.00000     0.00000     0.00000     0.00000
    -82.695         0.00000     0.00000     0.00000     0.00000
    -82.545         0.00000     0.00000     0.00000     0.00000
    -82.395         0.00000     0.00000     0.00000     0.00000
    -82.245         0.00000     0.00000     0.00000     0.00000
    -82.095         0.00000     0.00000     0.00000     0.00000
    -81.945         0.00000     0.00000     0.00000     0.00000
    -81.795         0.00000     0.00000     0.00000     0.00000
    -81.645         0.00000     0.00000     0.00000     0.00000
    -81.495         0.00000     0.00000     0.00000     0.00000
    -81.345         0.00000     0.00000     0.00000     0.00000
    -81.195         0.00000     0.00000     0.00000     0.00000
    -81.045         0.00000     0.00000     0.00000     0.00000
    -80.895         0.00000     0.00000     0.00000     0.00000
    -80.745         0.00000     0.00000     0.00000     0.00000
    -80.595         0.00000     0.00000     0.00000     0.00000
    -80.445         0.00000     0.00000     0.00000     0.00000
    -80.295         0.00000     0.00000     0.00000     0.00000
    -80.145         0.00000     0.00000     0.00000     0.00000
    -79.995         0.00000     0.00000     0.00000     0.00000
    -79.845         0.00000     0.00000     0.00000     0.00000
    -79.695         0.00000     0.00000     0.00000     0.00000
    -79.545         0.00000     0.00000     0.00000     0.00000
    -79.395         0.00000     0.00000     0.00000     0.00000
    -79.245         0.00000     0.00000     0.00000     0.00000
    -79.095         0.00000     0.00000     0.00000     0.00000
    -78.945         0.00000     0.00000     0.00000     0.00000
    -78.795         0.00000     0.00000     0.00000     0.00000
    -78.645         0.00000     0.00000     0.00000     0.00000
    -78.495         0.00000     0.00000     0.00000     0.00000
    -78.345         0.00000     0.00000     0.00000     0.00000
    -78.195         0.00000     0.00000     0.00000     0.00000
    -78.045         0.00000     0.00000     0.00000     0.00000
    -77.895         0.00000     0.00000     0.00000     0.00000
    -77.745         0.00000     0.00000     0.00000     0.00000
    -77.595         0.00000     0.00000     0.00000     0.00000
    -77.445         0.00000     0.00000     0.00000     0.00000
    -77.295         0.00000     0.00000     0.00000     0.00000
    -77.145         0.00000     0.00000     0.00000     0.00000
    -76.995         0.00000     0.00000     0.00000     0.00000
    -76.845         0.00000     0.00000     0.00000     0.00000
    -76.695         0.00000     0.00000     0.00000     0.00000
    -76.545         0.00000     0.00000     0.00000     0.00000
    -76.395         0.00000     0.00000     0.00000     0.00000
    -76.245         0.00000     0.00000     0.00000     0.00000
    -76.095         0.00000     0.00000     0.00000     0.00000
    -75.945         0.00000     0.00000     0.00000     0.00000
    -75.795         0.00000     0.00000     0.00000     0.00000
    -75.645         0.00000     0.00000     0.00000     0.00000
    -75.495         0.00000     0.00000     0.00000     0.00000
    -75.345         0.00000     0.00000     0.00000     0.00000
    -75.195         0.00000     0.00000     0.00000     0.00000
    -75.045         0.00000     0.00000     0.00000     0.00000
    -74.895         0.00000     0.00000     0.00000     0.00000
    -74.745         0.00000     0.00000     0.00000     0.00000
    -74.595         0.00000     0.00000     0.00000     0.00000
    -74.445         0.00000     0.00000     0.00000     0.00000
    -74.295         0.00000     0.00000     0.00000     0.00000
    -74.145         0.00000     0.00000     0.00000     0.00000
    -73.995         0.00000     0.00000     0.00000     0.00000
    -73.845         0.00000     0.00000     0.00000     0.00000
    -73.695         0.00000     0.00000     0.00000     0.00000
    -73.545         0.00000     0.00000     0.00000     0.00000
    -73.395         0.00000     0.00000     0.00000     0.00000
    -73.245         0.00000     0.00000     0.00000     0.00000
    -73.095         0.00000     0.00000     0.00000     0.00000
    -72.945         0.00000     0.00000     0.00000     0.00000
    -72.795         0.00000     0.00000     0.00000     0.00000
    -72.645         0.00000     0.00000     0.00000     0.00000
    -72.495         0.00000     0.00000     0.00000     0.00000
    -72.345         0.00000     0.00000     0.00000     0.00000
    -72.195         0.00000     0.00000     0.00000     0.00000
    -72.045         0.00000     0.00000     0.00000     0.00000
    -71.895         0.00000     0.00000     0.00000     0.00000
    -71.745         0.00000     0.00000     0.00000     0.00000
    -71.595         0.00000     0.00000     0.00000     0.00000
    -71.445         0.00000     0.00000     0.00000     0.00000
    -71.295         0.00000     0.00000     0.00000     0.00000
    -71.145         0.00000     0.00000     0.00000     0.00000
    -70.995         0.00000     0.00000     0.00000     0.00000
    -70.845         0.00000     0.00000     0.00000     0.00000
    -70.695         0.00000     0.00000     0.00000     0.00000
    -70.545         0.00000     0.00000     0.00000     0.00000
    -70.395         0.00000     0.00000     0.00000     0.00000
    -70.245         0.00000     0.00000     0.00000     0.00000
    -70.095         0.00000     0.00000     0.00000     0.00000
    -69.945         0.00000     0.00000     0.00000     0.00000
    -69.795         0.00000     0.00000     0.00000     0.00000
    -69.645         0.00000     0.00000     0.00000     0.00000
    -69.495         0.00000     0.00000     0.00000     0.00000
    -69.345         0.00000     0.00000     0.00000     0.00000
    -69.195         0.00000     0.00000     0.00000     0.00000
    -69.045         0.00000     0.00000     0.00000     0.00000
    -68.895         0.00000     0.00000     0.00000     0.00000
    -68.745         0.00000     0.00000     0.00000     0.00000
    -68.595         0.00000     0.00000     0.00000     0.00000
    -68.445         0.00000     0.00000     0.00000     0.00000
    -68.295         0.00000     0.00000     0.00000     0.00000
    -68.145         0.00000     0.00000     0.00000     0.00000
    -67.995         0.00000     0.00000     0.00000     0.00000
    -67.845         0.00000     0.00000     0.00000     0.00000
    -67.695         0.00000     0.00000     0.00000     0.00000
    -67.545         0.00000     0.00000     0.00000     0.00000
    -67.395         0.00000     0.00000     0.00000     0.00000
    -67.245         0.00000     0.00000     0.00000     0.00000
    -67.095         0.00000     0.00000     0.00000     0.00000
    -66.945         0.00000     0.00000     0.00000     0.00000
    -66.795         0.00000     0.00000     0.00000     0.00000
    -66.645         0.00000     0.00000     0.00000     0.00000
    -66.495         0.00000     0.00000     0.00000     0.00000
    -66.345         0.00000     0.00000     0.00000     0.00000
    -66.195         0.00000     0.00000     0.00000     0.00000
    -66.045         0.00000     0.00000     0.00000     0.00000
    -65.895         0.00000     0.00000     0.00000     0.00000
    -65.745         0.00000     0.00000     0.00000     0.00000
    -65.595         0.00000     0.00000     0.00000     0.00000
    -65.445         0.00000     0.00000     0.00000     0.00000
    -65.295         0.00000     0.00000     0.00000     0.00000
    -65.145         0.00000     0.00000     0.00000     0.00000
    -64.995         0.00000     0.00000     0.00000     0.00000
    -64.845         0.00000     0.00000     0.00000     0.00000
    -64.695         0.00000     0.00000     0.00000     0.00000
    -64.545         0.00000     0.00000     0.00000     0.00000
    -64.395         0.00000     0.00000     0.00000     0.00000
    -64.245         0.00000     0.00000     0.00000     0.00000
    -64.095         0.00000     0.00000     0.00000     0.00000
    -63.945         0.00000     0.00000     0.00000     0.00000
    -63.795         0.00000     0.00000     0.00000     0.00000
    -63.645         0.00000     0.00000     0.00000     0.00000
    -63.495         0.00000     0.00000     0.00000     0.00000
    -63.345         0.00000     0.00000     0.00000     0.00000
    -63.195         0.00000     0.00000     0.00000     0.00000
    -63.045         0.00000     0.00000     0.00000     0.00000
    -62.895         0.00000     0.00000     0.00000     0.00000
    -62.745         0.00000     0.00000     0.00000     0.00000
    -62.595         0.00000     0.00000     0.00000     0.00000
    -62.445         0.00000     0.00000     0.00000     0.00000
    -62.295         0.00000     0.00000     0.00000     0.00000
    -62.145         0.00000     0.00000     0.00000     0.00000
    -61.995         0.00000     0.00000     0.00000     0.00000
    -61.845         0.00000     0.00000     0.00000     0.00000
    -61.695         0.00000     0.00000     0.00000     0.00000
    -61.545         0.00000     0.00000     0.00000     0.00000
    -61.395         0.00000     0.00000     0.00000     0.00000
    -61.245         0.00000     0.00000     0.00000     0.00000
    -61.095         0.00000     0.00000     0.00000     0.00000
    -60.945         0.00000     0.00000     0.00000     0.00000
    -60.795         0.00000     0.00000     0.00000     0.00000
    -60.645         0.00000     0.00000     0.00000     0.00000
    -60.495         0.00000     0.00000     0.00000     0.00000
    -60.345         0.00000     0.00000     0.00000     0.00000
    -60.195         0.00000     0.00000     0.00000     0.00000
    -60.045         0.00000     0.00000     0.00000     0.00000
    -59.895         0.00000     0.00000     0.00000     0.00000
    -59.745         0.00000     0.00000     0.00000     0.00000
    -59.595         0.00000     0.00000     0.00000     0.00000
    -59.445         0.00000     0.00000     0.00000     0.00000
    -59.295         0.00000     0.00000     0.00000     0.00000
    -59.145         0.00000     0.00000     0.00000     0.00000
    -58.995         0.00000     0.00000     0.00000     0.00000
    -58.845         0.00000     0.00000     0.00000     0.00000
    -58.695         0.00000     0.00000     0.00000     0.00000
    -58.545         0.00000     0.00000     0.00000     0.00000
    -58.395         0.00000     0.00000     0.00000     0.00000
    -58.245         0.00000     0.00000     0.00000     0.00000
    -58.095         0.00000     0.00000     0.00000     0.00000
    -57.945         0.00000     0.00000     0.00000     0.00000
    -57.795         0.00000     0.00000     0.00000     0.00000
    -57.645         0.00000     0.00000     0.00000     0.00000
    -57.495         0.00000     0.00000     0.00000     0.00000
    -57.345         0.00000     0.00000     0.00000     0.00000
    -57.195         0.00000     0.00000     0.00000     0.00000
    -57.045         0.00000     0.00000     0.00000     0.00000
    -56.895         0.00000     0.00000     0.00000     0.00000
    -56.745         0.00000     0.00000     0.00000     0.00000
    -56.595         0.00000     0.00000     0.00000     0.00000
    -56.445         0.00000     0.00000     0.00000     0.00000
    -56.295         0.00000     0.00000     0.00000     0.00000
    -56.145         0.00000     0.00000     0.00000     0.00000
    -55.995         0.00000     0.00000     0.00000     0.00000
    -55.845         0.00000     0.00000     0.00000     0.00000
    -55.695         0.00000     0.00000     0.00000     0.00000
    -55.545         0.00000     0.00000     0.00000     0.00000
    -55.395         0.00000     0.00000     0.00000     0.00000
    -55.245         0.00000     0.00000     0.00000     0.00000
    -55.095         0.00000     0.00000     0.00000     0.00000
    -54.945         0.00000     0.00000     0.00000     0.00000
    -54.795         0.00000     0.00000     0.00000     0.00000
    -54.645         0.00000     0.00000     0.00000     0.00000
    -54.495         0.00000     0.00000     0.00000     0.00000
    -54.345         0.00000     0.00000     0.00000     0.00000
    -54.195         0.00000     0.00000     0.00000     0.00000
    -54.045         0.00000     0.00000     0.00000     0.00000
    -53.895         0.00000     0.00000     0.00000     0.00000
    -53.745         0.00000     0.00000     0.00000     0.00000
    -53.595         0.00000     0.00000     0.00000     0.00000
    -53.445         0.00000     0.00000     0.00000     0.00000
    -53.295         0.00000     0.00000     0.00000     0.00000
    -53.145         0.00000     0.00000     0.00000     0.00000
    -52.995         0.00000     0.00000     0.00000     0.00000
    -52.845         0.00000     0.00000     0.00000     0.00000
    -52.695         0.00000     0.00000     0.00000     0.00000
    -52.545         0.00000     0.00000     0.00000     0.00000
    -52.395         0.00000     0.00000     0.00000     0.00000
    -52.245         0.00000     0.00000     0.00000     0.00000
    -52.095         0.00000     0.00000     0.00000     0.00000
    -51.945         0.00000     0.00000     0.00000     0.00000
    -51.795         0.00000     0.00000     0.00000     0.00000
    -51.645         0.00000     0.00000     0.00000     0.00000
    -51.495         0.00000     0.00000     0.00000     0.00000
    -51.345         0.00000     0.00000     0.00000     0.00000
    -51.195         0.00000     0.00000     0.00000     0.00000
    -51.045         0.00000     0.00000     0.00000     0.00000
    -50.895         0.00000     0.00000     0.00000     0.00000
    -50.745         0.00000     0.00000     0.00000     0.00000
    -50.595         0.00000     0.00000     0.00000     0.00000
    -50.445         0.00000     0.00000     0.00000     0.00000
    -50.295         0.00000     0.00000     0.00000     0.00000
    -50.145         0.00000     0.00000     0.00000     0.00000
    -49.995         0.00000     0.00000     0.00000     0.00000
    -49.845         0.00000     0.00000     0.00000     0.00000
    -49.695         0.00000     0.00000     0.00000     0.00000
    -49.545         0.00000     0.00000     0.00000     0.00000
    -49.395         0.00000     0.00000     0.00000     0.00000
    -49.245         0.00000     0.00000     0.00000     0.00000
    -49.095         0.00000     0.00000     0.00000     0.00000
    -48.945         0.00000     0.00000     0.00000     0.00000
    -48.795         0.00000     0.00000     0.00000     0.00000
    -48.645         0.00000     0.00000     0.00000     0.00000
    -48.495         0.00000     0.00000     0.00000     0.00000
    -48.345         0.00000     0.00000     0.00000     0.00000
    -48.195         0.00000     0.00000     0.00000     0.00000
    -48.045         0.00000     0.00000     0.00000     0.00000
    -47.895         0.00000     0.00000     0.00000     0.00000
    -47.745         0.00000     0.00000     0.00000     0.00000
    -47.595         0.00000     0.00000     0.00000     0.00000
    -47.445         0.00000     0.00000     0.00000     0.00000
    -47.295         0.00000     0.00000     0.00000     0.00000
    -47.145         0.00000     0.00000     0.00000     0.00000
    -46.995         0.00000     0.00000     0.00000     0.00000
    -46.845         0.00000     0.00000     0.00000     0.00000
    -46.695         0.00000     0.00000     0.00000     0.00000
    -46.545         0.00000     0.00000     0.00000     0.00000
    -46.395         0.00000     0.00000     0.00000     0.00000
    -46.245         0.00000     0.00000     0.00000     0.00000
    -46.095         0.00000     0.00000     0.00000     0.00000
    -45.945         0.00000     0.00000     0.00000     0.00000
    -45.795         0.00000     0.00000     0.00000     0.00000
    -45.645         0.00000     0.00000     0.00000     0.00000
    -45.495         0.00000     0.00000     0.00000     0.00000
    -45.345         0.00000     0.00000     0.00000     0.00000
    -45.195         0.00000     0.00000     0.00000     0.00000
    -45.045         0.00000     0.00000     0.00000     0.00000
    -44.895         0.00000     0.00000     0.00000     0.00000
    -44.745         0.00000     0.00000     0.00000     0.00000
    -44.595         0.00000     0.00000     0.00000     0.00000
    -44.445         0.00000     0.00000     0.00000     0.00000
    -44.295         0.00000     0.00000     0.00000     0.00000
    -44.145         0.00000     0.00000     0.00000     0.00000
    -43.995         0.00000     0.00000     0.00000     0.00000
    -43.845         0.00000     0.00000     0.00000     0.00000
    -43.695         0.00000     0.00000     0.00000     0.00000
    -43.545         0.00000     0.00000     0.00000     0.00000
    -43.395         0.00000     0.00000     0.00000     0.00000
    -43.245         0.00000     0.00000     0.00000     0.00000
    -43.095         0.00000     0.00000     0.00000     0.00000
    -42.945         0.00000     0.00000     0.00000     0.00000
    -42.795         0.00000     0.00000     0.00000     0.00000
    -42.645         0.00000     0.00000     0.00000     0.00000
    -42.495         0.00000     0.00000     0.00000     0.00000
    -42.345         0.00000     0.00000     0.00000     0.00000
    -42.195         0.00000     0.00000     0.00000     0.00000
    -42.045         0.00000     0.00000     0.00000     0.00000
    -41.895         0.00000     0.00000     0.00000     0.00000
    -41.745         0.00000     0.00000     0.00000     0.00000
    -41.595         0.00000     0.00000     0.00000     0.00000
    -41.445         0.00000     0.00000     0.00000     0.00000
    -41.295         0.00000     0.00000     0.00000     0.00000
    -41.145         0.00000     0.00000     0.00000     0.00000
    -40.995         0.00000     0.00000     0.00000     0.00000
    -40.845         0.00000     0.00000     0.00000     0.00000
    -40.695         0.00000     0.00000     0.00000     0.00000
    -40.545         0.00000     0.00000     0.00000     0.00000
    -40.395         0.00000     0.00000     0.00000     0.00000
    -40.245         0.00000     0.00000     0.00000     0.00000
    -40.095         0.00000     0.00000     0.00000     0.00000
    -39.945         0.00000     0.00000     0.00000     0.00000
    -39.795         0.00000     0.00000     0.00000     0.00000
    -39.645         0.00000     0.00000     0.00000     0.00000
    -39.495         0.00000     0.00000     0.00000     0.00000
    -39.345         0.00000     0.00000     0.00000     0.00000
    -39.195         0.00000     0.00000     0.00000     0.00000
    -39.045         0.00000     0.00000     0.00000     0.00000
    -38.895         0.00000     0.00000     0.00000     0.00000
    -38.745         0.00000     0.00000     0.00000     0.00000
    -38.595         0.00000     0.00000     0.00000     0.00000
    -38.445         0.00000     0.00000     0.00000     0.00000
    -38.295         0.00000     0.00000     0.00000     0.00000
    -38.145         0.00000     0.00000     0.00000     0.00000
    -37.995         0.00000     0.00000     0.00000     0.00000
    -37.845         0.00000     0.00000     0.00000     0.00000
    -37.695         0.00000     0.00000     0.00000     0.00000
    -37.545         0.00000     0.00000     0.00000     0.00000
    -37.395         0.00000     0.00000     0.00000     0.00000
    -37.245         0.00000     0.00000     0.00000     0.00000
    -37.095         0.00000     0.00000     0.00000     0.00000
    -36.945         0.00000     0.00000     0.00000     0.00000
    -36.795         0.00000     0.00000     0.00000     0.00000
    -36.645         0.00000     0.00000     0.00000     0.00000
    -36.495         0.00000     0.00000     0.00000     0.00000
    -36.345         0.00000     0.00000     0.00000     0.00000
    -36.195         0.00000     0.00000     0.00000     0.00000
    -36.045         0.00000     0.00000     0.00000     0.00000
    -35.895         0.00000     0.00000     0.00000     0.00000
    -35.745         0.00000     0.00000     0.00000     0.00000
    -35.595         0.00000     0.00000     0.00000     0.00000
    -35.445         0.00000     0.00000     0.00000     0.00000
    -35.295         0.00000     0.00000     0.00000     0.00000
    -35.145         0.00000     0.00000     0.00000     0.00000
    -34.995         0.00000     0.00000     0.00000     0.00000
    -34.845         0.00000     0.00000     0.00000     0.00000
    -34.695         0.00000     0.00000     0.00000     0.00000
    -34.545         0.00000     0.00000     0.00000     0.00000
    -34.395         0.00000     0.00000     0.00000     0.00000
    -34.245         0.00000     0.00000     0.00000     0.00000
    -34.095         0.00000     0.00000     0.00000     0.00000
    -33.945         0.00000     0.00000     0.00000     0.00000
    -33.795         0.00000     0.00000     0.00000     0.00000
    -33.645         0.00000     0.00000     0.00000     0.00000
    -33.495         0.00000     0.00000     0.00000     0.00000
    -33.345         0.00000     0.00000     0.00000     0.00000
    -33.195         0.00000     0.00000     0.00000     0.00000
    -33.045         0.00000     0.00000     0.00000     0.00000
    -32.895         0.00000     0.00000     0.00000     0.00000
    -32.745         0.00000     0.00000     0.00000     0.00000
    -32.595         0.00000     0.00000     0.00000     0.00000
    -32.445         0.00000     0.00000     0.00000     0.00000
    -32.295         0.00000     0.00000     0.00000     0.00000
    -32.145         0.00000     0.00000     0.00000     0.00000
    -31.995         0.00000     0.00000     0.00000     0.00000
    -31.845         0.00000     0.00000     0.00000     0.00000
    -31.695         0.00000     0.00000     0.00000     0.00000
    -31.545         0.00000     0.00000     0.00000     0.00000
    -31.395         0.00000     0.00000     0.00000     0.00000
    -31.245         0.00000     0.00000     0.00000     0.00000
    -31.095         0.00000     0.00000     0.00000     0.00000
    -30.945         0.00000     0.00000     0.00000     0.00000
    -30.795         0.00000     0.00000     0.00000     0.00000
    -30.645         0.00000     0.00000     0.00000     0.00000
    -30.495         0.00000     0.00000     0.00000     0.00000
    -30.345         0.00000     0.00000     0.00000     0.00000
    -30.195         0.00000     0.00000     0.00000     0.00000
    -30.045         0.00000     0.00000     0.00000     0.00000
    -29.895         0.00000     0.00000     0.00000     0.00000
    -29.745         0.00000     0.00000     0.00000     0.00000
    -29.595         0.00000     0.00000     0.00000     0.00000
    -29.445         0.00000     0.00000     0.00000     0.00000
    -29.295         0.00000     0.00000     0.00000     0.00000
    -29.145         0.00000     0.00000     0.00000     0.00000
    -28.995         0.00000     0.00000     0.00000     0.00000
    -28.845         0.00000     0.00000     0.00000     0.00000
    -28.695         0.00000     0.00000     0.00000     0.00000
    -28.545         0.00000     0.00000     0.00000     0.00000
    -28.395         0.00000     0.00000     0.00000     0.00000
    -28.245         0.00000     0.00000     0.00000     0.00000
    -28.095         0.00000     0.00000     0.00000     0.00000
    -27.945         0.00000     0.00000     0.00000     0.00000
    -27.795         0.00000     0.00000     0.00000     0.00000
    -27.645         0.00000     0.00000     0.00000     0.00000
    -27.495         0.00000     0.00000     0.00000     0.00000
    -27.345         0.00000     0.00000     0.00000     0.00000
    -27.195         0.00000     0.00000     0.00000     0.00000
    -27.045         0.00000     0.00000     0.00000     0.00000
    -26.895         0.00000     0.00000     0.00000     0.00000
    -26.745         0.00000     0.00000     0.00000     0.00000
    -26.595         0.00000     0.00000     0.00000     0.00000
    -26.445         0.00000     0.00000     0.00000     0.00000
    -26.295         0.00000     0.00000     0.00000     0.00000
    -26.145         0.00000     0.00000     0.00000     0.00000
    -25.995         0.00000     0.00000     0.00000     0.00000
    -25.845         0.00000     0.00000     0.00000     0.00000
    -25.695         0.00000     0.00000     0.00000     0.00000
    -25.545         0.00000     0.00000     0.00000     0.00000
    -25.395         0.00000     0.00000     0.00000     0.00000
    -25.245         0.00000     0.00000     0.00000     0.00000
    -25.095         0.00000     0.00000     0.00000     0.00000
    -24.945         0.00000     0.00000     0.00000     0.00000
    -24.795         0.00000     0.00000     0.00000     0.00000
    -24.645         0.00000     0.00000     0.00000     0.00000
    -24.495         0.00000     0.00000     0.00000     0.00000
    -24.345         0.00000     0.00000     0.00000     0.00000
    -24.195         0.00000     0.00000     0.00000     0.00000
    -24.045         0.00000     0.00000     0.00000     0.00000
    -23.895         0.00000     0.00000     0.00000     0.00000
    -23.745         0.00000     0.00000     0.00000     0.00000
    -23.595         0.00000     0.00000     0.00000     0.00000
    -23.445         0.00000     0.00000     0.00000     0.00000
    -23.295         0.00000     0.00000     0.00000     0.00000
    -23.145         0.00000     0.00000     0.00000     0.00000
    -22.995         0.00000     0.00000     0.00000     0.00000
    -22.845         0.00000     0.00000     0.00000     0.00000
    -22.695         0.00000     0.00000     0.00000     0.00000
    -22.545         0.00000     0.00000     0.00000     0.00000
    -22.395         0.00000     0.00000     0.00000     0.00000
    -22.245         0.00000     0.00000     0.00000     0.00000
    -22.095         0.00000     0.00000     0.00000     0.00000
    -21.945         0.00000     0.00000     0.00000     0.00000
    -21.795         0.00000     0.00000     0.00000     0.00000
    -21.645         0.00000     0.00000     0.00000     0.00000
    -21.495         0.00000     0.00000     0.00000     0.00000
    -21.345         0.00000     0.00000     0.00000     0.00000
    -21.195         0.00000     0.00000     0.00000     0.00000
    -21.045         0.00000     0.00000     0.00000     0.00000
    -20.895         0.00000     0.00000     0.00000     0.00000
    -20.745         0.00000     0.00000     0.00000     0.00000
    -20.595         0.00000     0.00000     0.00000     0.00000
    -20.445         0.00000     0.00000     0.00000     0.00000
    -20.295         0.00000     0.00000     0.00000     0.00000
    -20.145         0.00000     0.00000     0.00000     0.00000
    -19.995         0.00000     0.00000     0.00000     0.00000
    -19.845         0.00000     0.00000     0.00000     0.00000
    -19.695         0.00000     0.00000     0.00000     0.00000
    -19.545         0.00000     0.00000     0.00000     0.00000
    -19.395         0.00000     0.00000     0.00000     0.00000
    -19.245         0.00000     0.00000     0.00000     0.00000
    -19.095         0.00000     0.00000     0.00000     0.00000
    -18.945         0.00000     0.00000     0.00000     0.00000
    -18.795         0.00000     0.00000     0.00000     0.00000
    -18.645         0.00000     0.00000     0.00000     0.00000
    -18.495         0.00000     0.00000     0.00000     0.00000
    -18.345         0.00000     0.00000     0.00000     0.00000
    -18.195         0.00000     0.00000     0.00000     0.00000
    -18.045         0.00000     0.00000     0.00000     0.00000
    -17.895         0.00000     0.00000     0.00000     0.00000
    -17.745         0.00000     0.00000     0.00000     0.00000
    -17.595         0.00000     0.00000     0.00000     0.00000
    -17.445         0.00000     0.00000     0.00000     0.00000
    -17.295         0.00000     0.00000     0.00000     0.00000
    -17.145         0.00000     0.00000     0.00000     0.00000
    -16.995         0.00000     0.00000     0.00000     0.00000
    -16.845         0.00000     0.00000     0.00000     0.00000
    -16.695         0.00000     0.00000     0.00000     0.00000
    -16.545         0.00000     0.00000     0.00000     0.00000
    -16.395         0.00000     0.00000     0.00000     0.00000
    -16.245         0.00000     0.00000     0.00000     0.00000
    -16.095         0.00000     0.00000     0.00000     0.00000
    -15.945         0.00000     0.00000     0.00000     0.00000
    -15.795         0.00000     0.00000     0.00000     0.00000
    -15.645         0.00000     0.00000     0.00000     0.00000
    -15.495         0.00000     0.00000     0.00000     0.00000
    -15.345         0.00000     0.00000     0.00000     0.00000
    -15.195         0.00000     0.00000     0.00000     0.00000
    -15.045         0.00000     0.00000     0.00000     0.00000
    -14.895         0.00000     0.00000     0.00000     0.00000
    -14.745         0.00000     0.00000     0.00000     0.00000
    -14.595         0.00000     0.00000     0.00000     0.00000
    -14.445         0.00000     0.00000     0.00000     0.00000
    -14.295         0.00000     0.00000     0.00000     0.00000
    -14.145         0.00000     0.00000     0.00000     0.00000
    -13.995         0.00000     0.00000     0.00000     0.00000
    -13.845         0.00000     0.00000     0.00000     0.00000
    -13.695         0.00000     0.00000     0.00000     0.00000
    -13.545         0.00000     0.00000     0.00000     0.00000
    -13.395         0.00000     0.00000     0.00000     0.00000
    -13.245         0.00000     0.00000     0.00000     0.00000
    -13.095         0.00000     0.00000     0.00000     0.00000
    -12.945         0.00000     0.00000     0.00000     0.00000
    -12.795         0.00000     0.00000     0.00000     0.00000
    -12.645         0.00000     0.00000     0.00000     0.00000
    -12.495         0.00000     0.00000     0.00000     0.00000
    -12.345         0.00000     0.00000     0.00000     0.00000
    -12.195         0.00000     0.00000     0.00000     0.00000
    -12.045         0.00000     0.00000     0.00000     0.00000
    -11.895         0.00000     0.00000     0.00000     0.00000
    -11.745         0.00000     0.00000     0.00000     0.00000
    -11.595         0.00000     0.00000     0.00000     0.00000
    -11.445         0.00000     0.00000     0.00000     0.00000
    -11.295         0.00000     0.00000     0.00000     0.00000
    -11.145         0.00000     0.00000     0.00000     0.00000
    -10.995         0.00000     0.00000     0.00000     0.00000
    -10.845         0.00000     0.00000     0.00000     0.00000
    -10.695         0.00000     0.00000     0.00000     0.00000
    -10.545         0.00000     0.00000     0.00000     0.00000
    -10.395         0.00000     0.00000     0.00000     0.00000
    -10.245         0.00000     0.00000     0.00000     0.00000
    -10.095         0.00000     0.00000     0.00000     0.00000
    -9.9450         0.00000     0.00000     0.00000     0.00000
    -9.7950         0.00000     0.00000     0.00000     0.00000
    -9.6450         0.00000     0.00000     0.00000     0.00000
    -9.4950         0.00000     0.00000     0.00000     0.00000
    -9.3450         0.00000     0.00000     0.00000     0.00000
    -9.1950         0.00000     0.00000     0.00000     0.00000
    -9.0450         0.00000     0.00000     0.00000     0.00000
    -8.8950         0.00000     0.00000     0.00000     0.00000
    -8.7450         0.00000     0.00000     0.00000     0.00000
    -8.5950         0.00000     0.00000     0.00000     0.00000
    -8.4450         0.00000     0.00000     0.00000     0.00000
    -8.2950         0.00000     0.00000     0.00000     0.00000
    -8.1450         0.00000     0.00000     0.00000     0.00000
    -7.9950         0.00000     0.00000     0.00000     0.00000
    -7.8450         0.00000     0.00000     0.00000     0.00000
    -7.6950         0.00000     0.00000     0.00000     0.00000
    -7.5450         0.00000     0.00000     0.00000     0.00000
    -7.3950         0.00000     0.00000     0.00000     0.00000
    -7.2450         0.00000     0.00000     0.00000     0.00000
    -7.0950         0.00000     0.00000     0.00000     0.00000
    -6.9450         0.00000     0.00000     0.00000     0.00000
    -6.7950         0.00000     0.00000     0.00000     0.00000
    -6.6450         0.00000     0.00000     0.00000     0.00000
    -6.4950         0.00000     0.00000     0.00000     0.00000
    -6.3450         0.00000     0.00000     0.00000     0.00000
    -6.1950         0.00000     0.00000     0.00000     0.00000
    -6.0450         0.00000     0.00000     0.00000     0.00000
    -5.8950         0.00000     0.00000     0.00000     0.00000
    -5.7450         0.00000     0.00000     0.00000     0.00000
    -5.5950         0.00000     0.00000     0.00000     0.00000
    -5.4450         0.00000     0.00000     0.00000     0.00000
    -5.2950         0.00000     0.00000     0.00000     0.00000
    -5.1450         0.00000     0.00000     0.00000     0.00000
    -4.9950         0.00000     0.00000     0.00000     0.00000
    -4.8450         0.00000     0.00000     0.00000     0.00000
    -4.6950         0.00000     0.00000     0.00000     0.00000
    -4.5450         0.00000     0.00000     0.00000     0.00000
    -4.3950         0.00000     0.00000     0.00000     0.00000
    -4.2450         0.00000     0.00000     0.00000     0.00000
    -4.0950         0.00000     0.00000     0.00000     0.00000
    -3.9450         0.00000     0.00000     0.00000     0.00000
    -3.7950         0.00000     0.00000     0.00000     0.00000
    -3.6450         0.00000     0.00000     0.00000     0.00000
    -3.4950         0.00000     0.00000     0.00000     0.00000
    -3.3450         0.00000     0.00000     0.00000     0.00000
    -3.1950         0.00000     0.00000     0.00000     0.00000
    -3.0450         0.00000     0.00000     0.00000     0.00000
    -2.8950         0.00000     0.00000     0.00000     0.00000
    -2.7450         0.00000     0.00000     0.00000     0.00000
    -2.5950         0.00000     0.00000     0.00000     0.00000
    -2.4450         0.00000     0.00000     0.00000     0.00000
    -2.2950         0.00000     0.00000     0.00000     0.00000
    -2.1450        -0.00000    -0.00000     0.00000     0.00000
    -1.9950         0.00000     0.00000     0.00000     0.00000
    -1.8450         0.00000     0.00000     0.00000     0.00000
    -1.6950         0.00001     0.00001     0.00000     0.00000
    -1.5450         0.00005     0.00005     0.00000     0.00001
    -1.3950        -0.00034     0.00016     0.00000    -0.00050
    -1.2450        -0.00232    -0.00008     0.00000    -0.00224
    -1.0950        -0.00934    -0.00045     0.00000    -0.00889
   -0.94500        -0.03714    -0.00188     0.00001    -0.03527
   -0.79500        -0.13638    -0.00372    -0.00032    -0.13233
   -0.64500        -0.60245    -0.00875    -0.00443    -0.58927
   -0.49500        -2.28801    -0.02148    -0.02883    -2.23771
   -0.34500        -5.11588    -0.04377    -0.07654    -4.99557
   -0.22700        -5.96527    -0.05445    -0.09416    -5.81666
   -0.21300        -6.05953    -0.05603    -0.09631    -5.90718
   -0.20700        -6.15222    -0.05751    -0.09825    -5.99645
   -0.20100        -6.24390    -0.05909    -0.10030    -6.08451
   -0.19500        -6.33474    -0.06061    -0.10240    -6.17173
   -0.18900        -6.42377    -0.06216    -0.10448    -6.25713
   -0.18300        -6.51327    -0.06387    -0.10667    -6.34273
   -0.17700        -6.60221    -0.06564    -0.10909    -6.42749
   -0.17100        -6.69046    -0.06746    -0.11128    -6.51172
   -0.16500        -6.77896    -0.06945    -0.11349    -6.59602
   -0.15900        -6.86681    -0.07146    -0.11576    -6.67959
   -0.15300        -6.95493    -0.07347    -0.11823    -6.76323
   -0.14700        -7.04291    -0.07556    -0.12067    -6.84668
   -0.14100        -7.13104    -0.07761    -0.12317    -6.93026
   -0.13500        -7.21961    -0.08001    -0.12589    -7.01371
   -0.12900        -7.30900    -0.08235    -0.12850    -7.09815
   -0.12300        -7.39914    -0.08496    -0.13128    -7.18290
   -0.11700        -7.49032    -0.08755    -0.13424    -7.26854
   -0.11100        -7.58294    -0.09022    -0.13722    -7.35550
   -0.10500        -7.67777    -0.09314    -0.14040    -7.44422
   -0.99000E-01    -7.77439    -0.09624    -0.14377    -7.53438
   -0.93000E-01    -7.87403    -0.09955    -0.14734    -7.62715
   -0.87000E-01    -7.97646    -0.10290    -0.15102    -7.72254
   -0.81000E-01    -8.08308    -0.10643    -0.15512    -7.82153
   -0.75000E-01    -8.19502    -0.11018    -0.15956    -7.92527
   -0.69000E-01    -8.31230    -0.11423    -0.16428    -8.03378
   -0.63000E-01    -8.43634    -0.11847    -0.16938    -8.14849
   -0.57000E-01    -8.56974    -0.12325    -0.17501    -8.27148
   -0.51000E-01    -8.71393    -0.12842    -0.18132    -8.40419
   -0.45000E-01    -8.87110    -0.13412    -0.18839    -8.54859
   -0.39000E-01    -9.04281    -0.14055    -0.19671    -8.70554
   -0.33000E-01    -9.23221    -0.14801    -0.20686    -8.87733
   -0.27000E-01    -9.44426    -0.15701    -0.22033    -9.06693
   -0.21300E-01    -9.60476    -0.16451    -0.23276    -9.20749
   -0.19500E-01    -9.62972    -0.16575    -0.23492    -9.22905
   -0.18900E-01    -9.65515    -0.16704    -0.23717    -9.25095
   -0.18300E-01    -9.68088    -0.16837    -0.23955    -9.27296
   -0.17700E-01    -9.70722    -0.16980    -0.24200    -9.29542
   -0.17100E-01    -9.73406    -0.17121    -0.24458    -9.31827
   -0.16500E-01    -9.76149    -0.17266    -0.24734    -9.34150
   -0.15900E-01    -9.78932    -0.17418    -0.25027    -9.36487
   -0.15300E-01    -9.81782    -0.17575    -0.25334    -9.38873
   -0.14700E-01    -9.84704    -0.17740    -0.25661    -9.41303
   -0.14100E-01    -9.87667    -0.17913    -0.26015    -9.43738
   -0.13500E-01    -9.90723    -0.18090    -0.26394    -9.46240
   -0.12900E-01    -9.93854    -0.18275    -0.26794    -9.48785
   -0.12300E-01    -9.97070    -0.18465    -0.27231    -9.51373
   -0.11700E-01   -10.00377    -0.18669    -0.27708    -9.53999
   -0.11100E-01   -10.03785    -0.18880    -0.28233    -9.56672
   -0.10500E-01   -10.07317    -0.19101    -0.28798    -9.59418
   -0.99000E-02   -10.10963    -0.19330    -0.29421    -9.62212
   -0.93000E-02   -10.14743    -0.19570    -0.30113    -9.65060
   -0.87000E-02   -10.18677    -0.19817    -0.30891    -9.67969
   -0.81000E-02   -10.22765    -0.20078    -0.31768    -9.70920
   -0.75000E-02   -10.27065    -0.20356    -0.32786    -9.73924
   -0.69000E-02   -10.31589    -0.20645    -0.33957    -9.76988
   -0.63000E-02   -10.36396    -0.20951    -0.35337    -9.80108
   -0.57000E-02   -10.41566    -0.21271    -0.37026    -9.83268
   -0.51000E-02   -10.47299    -0.21608    -0.39193    -9.86499
   -0.45000E-02   -10.53838    -0.21957    -0.42116    -9.89765
   -0.39000E-02   -10.61651    -0.22323    -0.46223    -9.93105
   -0.33000E-02   -10.71375    -0.22700    -0.52154    -9.96522
   -0.27000E-02   -10.83233    -0.23078    -0.60089   -10.00067
   -0.21000E-02   -10.94056    -0.23453    -0.66683   -10.03920
   -0.15000E-02   -11.02188    -0.23802    -0.69694   -10.08692
   -0.90000E-03   -11.11567    -0.24088    -0.70746   -10.16733
   -0.30000E-03   -12.55564    -0.24224    -0.70958   -11.60382
    0.30000E-03   -11.11683    -0.24013    -0.70821   -10.16848
    0.90000E-03   -11.03132    -0.22962    -0.70537   -10.09632
    0.15000E-02   -10.96793    -0.19954    -0.70190   -10.06650
    0.21000E-02   -10.88469    -0.13333    -0.69819   -10.05317
    0.27000E-02   -10.79520    -0.05359    -0.69441   -10.04720
    0.33000E-02   -10.72943     0.00574    -0.69069   -10.04448
    0.39000E-02   -10.68352     0.04677    -0.68705   -10.04325
    0.45000E-02   -10.65039     0.07582    -0.68355   -10.04266
    0.51000E-02   -10.62512     0.09746    -0.68020   -10.04238
    0.57000E-02   -10.60481     0.11445    -0.67702   -10.04224
    0.63000E-02   -10.58788     0.12826    -0.67397   -10.04217
    0.69000E-02   -10.57319     0.13999    -0.67105   -10.04213
    0.75000E-02   -10.56046     0.14993    -0.66829   -10.04210
    0.81000E-02   -10.54914     0.15865    -0.66571   -10.04208
    0.87000E-02   -10.53883     0.16645    -0.66322   -10.04206
    0.93000E-02   -10.52949     0.17339    -0.66085   -10.04204
    0.99000E-02   -10.52102     0.17960    -0.65860   -10.04202
    0.10500E-01   -10.51324     0.18520    -0.65644   -10.04200
    0.11100E-01   -10.50597     0.19043    -0.65442   -10.04198
    0.11700E-01   -10.49925     0.19518    -0.65246   -10.04196
    0.12300E-01   -10.49300     0.19955    -0.65062   -10.04194
    0.12900E-01   -10.48717     0.20358    -0.64883   -10.04192
    0.13500E-01   -10.48174     0.20727    -0.64712   -10.04189
    0.14100E-01   -10.47657     0.21077    -0.64547   -10.04186
    0.14700E-01   -10.47171     0.21404    -0.64392   -10.04184
    0.15300E-01   -10.46714     0.21706    -0.64239   -10.04181
    0.15900E-01   -10.46279     0.21990    -0.64091   -10.04178
    0.16500E-01   -10.45867     0.22259    -0.63952   -10.04174
    0.17100E-01   -10.45480     0.22512    -0.63821   -10.04172
    0.17700E-01   -10.45112     0.22749    -0.63692   -10.04168
    0.18300E-01   -10.44760     0.22970    -0.63565   -10.04165
    0.18900E-01   -10.44425     0.23185    -0.63448   -10.04161
    0.19500E-01   -10.44113     0.23378    -0.63333   -10.04158
    0.21300E-01   -10.42293     0.24500    -0.62662   -10.04131
    0.27000E-01   -10.40371     0.25652    -0.61936   -10.04087
    0.33000E-01   -10.39051     0.26406    -0.61427   -10.04030
    0.39000E-01   -10.38084     0.26938    -0.61055   -10.03967
    0.45000E-01   -10.37357     0.27327    -0.60789   -10.03895
    0.51000E-01   -10.36798     0.27604    -0.60591   -10.03812
    0.57000E-01   -10.36360     0.27815    -0.60453   -10.03722
    0.63000E-01   -10.36011     0.27972    -0.60361   -10.03623
    0.69000E-01   -10.35713     0.28094    -0.60288   -10.03519
    0.75000E-01   -10.35462     0.28174    -0.60233   -10.03403
    0.81000E-01   -10.35249     0.28236    -0.60195   -10.03289
    0.87000E-01   -10.35044     0.28290    -0.60166   -10.03168
    0.93000E-01   -10.34857     0.28324    -0.60144   -10.03038
    0.99000E-01   -10.34671     0.28354    -0.60126   -10.02898
    0.10500       -10.34494     0.28374    -0.60108   -10.02759
    0.11100       -10.34323     0.28391    -0.60097   -10.02618
    0.11700       -10.34154     0.28403    -0.60087   -10.02469
    0.12300       -10.33958     0.28412    -0.60064   -10.02306
    0.12900       -10.33772     0.28420    -0.60056   -10.02136
    0.13500       -10.33541     0.28467    -0.60048   -10.01959
    0.14100       -10.33310     0.28509    -0.60041   -10.01778
    0.14700       -10.33116     0.28515    -0.60034   -10.01597
    0.15300       -10.32931     0.28521    -0.60025   -10.01426
    0.15900       -10.32692     0.28528    -0.59988   -10.01232
    0.16500       -10.32469     0.28533    -0.59983   -10.01019
    0.17100       -10.32205     0.28563    -0.59949   -10.00818
    0.17700       -10.31974     0.28569    -0.59915   -10.00628
    0.18300       -10.31765     0.28574    -0.59910   -10.00429
    0.18900       -10.31528     0.28580    -0.59878   -10.00229
    0.19500       -10.31277     0.28586    -0.59846   -10.00016
    0.20100       -10.31041     0.28591    -0.59841    -9.99792
    0.20700       -10.30808     0.28597    -0.59835    -9.99569
    0.21300       -10.30588     0.28602    -0.59829    -9.99361
    0.22700       -10.28325     0.28662    -0.59640    -9.97346
    0.34500       -10.20970     0.28892    -0.59393    -9.90469
    0.49500       -10.12972     0.29110    -0.59125    -9.82957
    0.64500       -10.04357     0.29331    -0.58737    -9.74951
    0.79500        -9.95509     0.29652    -0.58392    -9.66769
    0.94500        -9.86693     0.29847    -0.58115    -9.58425
     1.0950        -9.77772     0.30041    -0.57781    -9.50032
     1.2450        -9.68847     0.30277    -0.57472    -9.41652
     1.3950        -9.60085     0.30493    -0.57185    -9.33393
     1.5450        -9.51373     0.30694    -0.56922    -9.25146
     1.6950        -9.43019     0.30882    -0.56677    -9.17224
     1.8450        -9.34948     0.31057    -0.56447    -9.09557
     1.9950        -9.27137     0.31221    -0.56231    -9.02128
     2.1450        -9.19545     0.31379    -0.56025    -8.94899
     2.2950        -9.12292     0.31527    -0.55831    -8.87988
     2.4450        -9.05277     0.31668    -0.55646    -8.81299
     2.5950        -8.98503     0.31802    -0.55470    -8.74835
     2.7450        -8.92003     0.31931    -0.55302    -8.68632
     2.8950        -8.85686     0.32051    -0.55142    -8.62596
     3.0450        -8.79628     0.32168    -0.54988    -8.56808
     3.1950        -8.73819     0.32279    -0.54841    -8.51256
     3.3450        -8.68247     0.32387    -0.54699    -8.45934
     3.4950        -8.62874     0.32490    -0.54563    -8.40800
     3.6450        -8.57643     0.32589    -0.54431    -8.35801
     3.7950        -8.52602     0.32686    -0.54304    -8.30984
     3.9450        -8.47719     0.32779    -0.54180    -8.26319
     4.0950        -8.43001     0.32869    -0.54062    -8.21808
     4.2450        -8.38438     0.32956    -0.53948    -8.17446
     4.3950        -8.34006     0.33040    -0.53836    -8.13210
     4.5450        -8.29712     0.33122    -0.53729    -8.09106
     4.6950        -8.25539     0.33201    -0.53623    -8.05117
     4.8450        -8.21481     0.33278    -0.53521    -8.01239
     4.9950        -8.17539     0.33354    -0.53421    -7.97472
     5.1450        -8.13706     0.33428    -0.53325    -7.93809
     5.2950        -8.09961     0.33500    -0.53232    -7.90230
     5.4450        -8.06270     0.33570    -0.53141    -7.86699
     5.5950        -8.02717     0.33638    -0.53052    -7.83302
     5.7450        -7.99251     0.33702    -0.52965    -7.79988
     5.8950        -7.95866     0.33768    -0.52880    -7.76754
     6.0450        -7.92561     0.33831    -0.52797    -7.73595
     6.1950        -7.89341     0.33891    -0.52717    -7.70516
     6.3450        -7.86184     0.33951    -0.52637    -7.67497
     6.4950        -7.83096     0.34010    -0.52560    -7.64545
     6.6450        -7.80073     0.34067    -0.52484    -7.61657
     6.7950        -7.77110     0.34124    -0.52409    -7.58825
     6.9450        -7.74207     0.34179    -0.52336    -7.56050
     7.0950        -7.71371     0.34233    -0.52265    -7.53339
     7.2450        -7.68590     0.34286    -0.52194    -7.50681
     7.3950        -7.65861     0.34338    -0.52125    -7.48074
     7.5450        -7.63181     0.34389    -0.52057    -7.45513
     7.6950        -7.60554     0.34440    -0.51991    -7.43002
     7.8450        -7.57971     0.34489    -0.51925    -7.40535
     7.9950        -7.55443     0.34538    -0.51862    -7.38120
     8.1450        -7.52960     0.34585    -0.51799    -7.35746
     8.2950        -7.50514     0.34632    -0.51738    -7.33408
     8.4450        -7.48116     0.34678    -0.51678    -7.31116
     8.5950        -7.45754     0.34723    -0.51619    -7.28857
     8.7450        -7.43433     0.34766    -0.51561    -7.26638
     8.8950        -7.41150     0.34809    -0.51503    -7.24456
     9.0450        -7.38904     0.34852    -0.51447    -7.22310
     9.1950        -7.36692     0.34895    -0.51391    -7.20195
     9.3450        -7.34517     0.34936    -0.51336    -7.18117
     9.4950        -7.32380     0.34976    -0.51283    -7.16074
     9.6450        -7.30278     0.35016    -0.51230    -7.14065
     9.7950        -7.28203     0.35056    -0.51177    -7.12082
     9.9450        -7.26155     0.35095    -0.51126    -7.10125
     10.095        -7.24137     0.35133    -0.51074    -7.08196
     10.245        -7.22144     0.35172    -0.51024    -7.06292
     10.395        -7.20181     0.35209    -0.50975    -7.04415
     10.545        -7.18249     0.35246    -0.50927    -7.02568
     10.695        -7.16346     0.35282    -0.50879    -7.00749
     10.845        -7.14463     0.35318    -0.50832    -6.98950
     10.995        -7.12610     0.35353    -0.50785    -6.97178
     11.145        -7.10781     0.35388    -0.50739    -6.95429
     11.295        -7.08974     0.35423    -0.50694    -6.93703
     11.445        -7.07192     0.35457    -0.50649    -6.92000
     11.595        -7.05432     0.35490    -0.50605    -6.90317
     11.745        -7.03695     0.35523    -0.50561    -6.88657
     11.895        -7.01982     0.35556    -0.50518    -6.87020
     12.045        -7.00290     0.35588    -0.50476    -6.85402
     12.195        -6.98617     0.35620    -0.50434    -6.83804
     12.345        -6.96964     0.35652    -0.50392    -6.82224
     12.495        -6.95334     0.35684    -0.50352    -6.80666
     12.645        -6.93720     0.35715    -0.50312    -6.79123
     12.795        -6.92121     0.35745    -0.50272    -6.77595
     12.945        -6.90548     0.35776    -0.50232    -6.76092
     13.095        -6.88993     0.35805    -0.50193    -6.74605
     13.245        -6.87453     0.35834    -0.50154    -6.73133
     13.395        -6.85932     0.35864    -0.50117    -6.71679
     13.545        -6.84427     0.35893    -0.50079    -6.70241
     13.695        -6.82936     0.35921    -0.50042    -6.68815
     13.845        -6.81464     0.35949    -0.50005    -6.67409
     13.995        -6.80007     0.35977    -0.49968    -6.66015
     14.145        -6.78565     0.36005    -0.49932    -6.64638
     14.295        -6.77139     0.36033    -0.49896    -6.63276
     14.445        -6.75732     0.36060    -0.49861    -6.61931
     14.595        -6.74331     0.36087    -0.49826    -6.60591
     14.745        -6.72948     0.36113    -0.49792    -6.59269
     14.895        -6.71578     0.36138    -0.49758    -6.57959
     15.045        -6.70220     0.36164    -0.49724    -6.56661
     15.195        -6.68877     0.36190    -0.49690    -6.55378
     15.345        -6.67550     0.36215    -0.49656    -6.54109
     15.495        -6.66239     0.36240    -0.49624    -6.52855
     15.645        -6.64944     0.36265    -0.49591    -6.51617
     15.795        -6.63655     0.36289    -0.49559    -6.50385
     15.945        -6.62379     0.36314    -0.49527    -6.49166
     16.095        -6.61116     0.36339    -0.49495    -6.47960
     16.245        -6.59863     0.36363    -0.49464    -6.46762
     16.395        -6.58622     0.36387    -0.49434    -6.45575
     16.545        -6.57395     0.36410    -0.49403    -6.44402
     16.695        -6.56176     0.36433    -0.49373    -6.43237
     16.845        -6.54971     0.36457    -0.49343    -6.42085
     16.995        -6.53773     0.36479    -0.49312    -6.40940
     17.145        -6.52589     0.36502    -0.49282    -6.39808
     17.295        -6.51413     0.36525    -0.49253    -6.38685
     17.445        -6.50250     0.36547    -0.49223    -6.37574
     17.595        -6.49097     0.36569    -0.49194    -6.36472
     17.745        -6.47956     0.36592    -0.49165    -6.35382
     17.895        -6.46826     0.36613    -0.49137    -6.34302
     18.045        -6.45704     0.36634    -0.49109    -6.33229
     18.195        -6.44586     0.36655    -0.49081    -6.32160
     18.345        -6.43478     0.36676    -0.49053    -6.31101
     18.495        -6.42381     0.36698    -0.49026    -6.30053
     18.645        -6.41289     0.36719    -0.48998    -6.29009
     18.795        -6.40212     0.36740    -0.48971    -6.27981
     18.945        -6.39142     0.36760    -0.48945    -6.26958
     19.095        -6.38080     0.36780    -0.48918    -6.25942
     19.245        -6.37033     0.36800    -0.48892    -6.24941
     19.395        -6.35986     0.36820    -0.48866    -6.23941
     19.545        -6.34948     0.36840    -0.48839    -6.22949
     19.695        -6.33921     0.36860    -0.48814    -6.21967
     19.845        -6.32901     0.36879    -0.48788    -6.20992
     19.995        -6.31892     0.36898    -0.48762    -6.20027
     20.145        -6.30891     0.36917    -0.48737    -6.19071
     20.295        -6.29894     0.36936    -0.48712    -6.18118
     20.445        -6.28908     0.36954    -0.48687    -6.17175
     20.595        -6.27928     0.36973    -0.48662    -6.16239
     20.745        -6.26958     0.36992    -0.48638    -6.15312
     20.895        -6.25990     0.37010    -0.48613    -6.14386
     21.045        -6.25028     0.37028    -0.48589    -6.13468
     21.195        -6.24081     0.37046    -0.48565    -6.12562
     21.345        -6.23137     0.37065    -0.48541    -6.11660
     21.495        -6.22197     0.37082    -0.48518    -6.10761
     21.645        -6.21265     0.37100    -0.48495    -6.09870
     21.795        -6.20343     0.37118    -0.48472    -6.08989
     21.945        -6.19424     0.37136    -0.48449    -6.08111
     22.095        -6.18516     0.37153    -0.48426    -6.07242
     22.245        -6.17609     0.37170    -0.48403    -6.06376
     22.395        -6.16709     0.37187    -0.48381    -6.05515
     22.545        -6.15814     0.37204    -0.48358    -6.04660
     22.695        -6.14925     0.37221    -0.48336    -6.03810
     22.845        -6.14044     0.37238    -0.48314    -6.02968
     22.995        -6.13165     0.37255    -0.48292    -6.02128
     23.145        -6.12297     0.37272    -0.48270    -6.01299
     23.295        -6.11432     0.37288    -0.48249    -6.00471
     23.445        -6.10573     0.37305    -0.48228    -5.99650
     23.595        -6.09721     0.37321    -0.48206    -5.98836
     23.745        -6.08877     0.37337    -0.48186    -5.98028
     23.895        -6.08036     0.37353    -0.48165    -5.97224
     24.045        -6.07198     0.37369    -0.48143    -5.96424
     24.195        -6.06366     0.37385    -0.48122    -5.95629
     24.345        -6.05543     0.37400    -0.48102    -5.94841
     24.495        -6.04722     0.37416    -0.48081    -5.94057
     24.645        -6.03908     0.37432    -0.48060    -5.93280
     24.795        -6.03097     0.37447    -0.48040    -5.92504
     24.945        -6.02293     0.37463    -0.48020    -5.91735
     25.095        -6.01496     0.37478    -0.48000    -5.90973
     25.245        -6.00698     0.37493    -0.47980    -5.90211
     25.395        -5.99907     0.37508    -0.47961    -5.89454
     25.545        -5.99120     0.37523    -0.47941    -5.88702
     25.695        -5.98340     0.37538    -0.47921    -5.87957
     25.845        -5.97568     0.37552    -0.47902    -5.87218
     25.995        -5.96797     0.37567    -0.47883    -5.86481
     26.145        -5.96033     0.37582    -0.47864    -5.85751
     26.295        -5.95273     0.37596    -0.47845    -5.85024
     26.445        -5.94516     0.37611    -0.47826    -5.84300
     26.595        -5.93763     0.37625    -0.47807    -5.83581
     26.745        -5.93016     0.37640    -0.47788    -5.82867
     26.895        -5.92272     0.37654    -0.47770    -5.82156
     27.045        -5.91533     0.37668    -0.47752    -5.81450
     27.195        -5.90800     0.37682    -0.47733    -5.80748
     27.345        -5.90071     0.37696    -0.47715    -5.80052
     27.495        -5.89346     0.37710    -0.47697    -5.79359
     27.645        -5.88623     0.37724    -0.47678    -5.78668
     27.795        -5.87903     0.37738    -0.47660    -5.77980
     27.945        -5.87187     0.37752    -0.47642    -5.77296
     28.095        -5.86478     0.37765    -0.47625    -5.76619
     28.245        -5.85771     0.37779    -0.47607    -5.75943
     28.395        -5.85070     0.37792    -0.47589    -5.75273
     28.545        -5.84372     0.37805    -0.47571    -5.74606
     28.695        -5.83680     0.37818    -0.47554    -5.73944
     28.845        -5.82992     0.37831    -0.47537    -5.73286
     28.995        -5.82306     0.37844    -0.47520    -5.72630
     29.145        -5.81622     0.37857    -0.47503    -5.71976
     29.295        -5.80946     0.37870    -0.47486    -5.71330
     29.445        -5.80271     0.37883    -0.47469    -5.70685
     29.595        -5.79598     0.37896    -0.47452    -5.70041
     29.745        -5.78928     0.37909    -0.47436    -5.69401
     29.895        -5.78264     0.37922    -0.47419    -5.68767
     30.045        -5.77604     0.37935    -0.47402    -5.68136
     30.195        -5.76946     0.37947    -0.47386    -5.67508
     30.345        -5.76292     0.37960    -0.47369    -5.66883
     30.495        -5.75640     0.37973    -0.47353    -5.66260
     30.645        -5.74990     0.37985    -0.47337    -5.65638
     30.795        -5.74347     0.37997    -0.47321    -5.65024
     30.945        -5.73704     0.38009    -0.47304    -5.64409
     31.095        -5.73067     0.38022    -0.47288    -5.63801
     31.245        -5.72432     0.38034    -0.47272    -5.63194
     31.395        -5.71801     0.38046    -0.47257    -5.62590
     31.545        -5.71173     0.38058    -0.47241    -5.61990
     31.695        -5.70546     0.38070    -0.47225    -5.61391
     31.845        -5.69922     0.38082    -0.47209    -5.60794
     31.995        -5.69305     0.38094    -0.47194    -5.60205
     32.145        -5.68691     0.38105    -0.47179    -5.59617
     32.295        -5.68080     0.38117    -0.47163    -5.59034
     32.445        -5.67471     0.38129    -0.47148    -5.58452
     32.595        -5.66863     0.38141    -0.47133    -5.57871
     32.745        -5.66255     0.38153    -0.47118    -5.57290
     32.895        -5.65655     0.38164    -0.47103    -5.56717
     33.045        -5.65057     0.38175    -0.47088    -5.56145
     33.195        -5.64459     0.38187    -0.47073    -5.55574
     33.345        -5.63868     0.38198    -0.47058    -5.55008
     33.495        -5.63278     0.38209    -0.47043    -5.54444
     33.645        -5.62689     0.38221    -0.47028    -5.53881
     33.795        -5.62105     0.38232    -0.47014    -5.53323
     33.945        -5.61524     0.38243    -0.46999    -5.52768
     34.095        -5.60946     0.38254    -0.46985    -5.52216
     34.245        -5.60372     0.38265    -0.46970    -5.51667
     34.395        -5.59799     0.38276    -0.46956    -5.51119
     34.545        -5.59228     0.38286    -0.46941    -5.50573
     34.695        -5.58660     0.38297    -0.46927    -5.50030
     34.845        -5.58094     0.38308    -0.46913    -5.49489
     34.995        -5.57531     0.38319    -0.46899    -5.48951
     35.145        -5.56971     0.38330    -0.46885    -5.48416
     35.295        -5.56413     0.38340    -0.46871    -5.47882
     35.445        -5.55857     0.38351    -0.46857    -5.47351
     35.595        -5.55302     0.38361    -0.46843    -5.46820
     35.745        -5.54752     0.38372    -0.46829    -5.46295
     35.895        -5.54205     0.38382    -0.46815    -5.45771
     36.045        -5.53657     0.38392    -0.46802    -5.45248
     36.195        -5.53115     0.38403    -0.46788    -5.44730
     36.345        -5.52575     0.38413    -0.46775    -5.44214
     36.495        -5.52039     0.38423    -0.46761    -5.43701
     36.645        -5.51505     0.38433    -0.46748    -5.43190
     36.795        -5.50970     0.38443    -0.46734    -5.42679
     36.945        -5.50440     0.38453    -0.46721    -5.42172
     37.095        -5.49912     0.38463    -0.46708    -5.41667
     37.245        -5.49382     0.38473    -0.46695    -5.41160
     37.395        -5.48858     0.38484    -0.46682    -5.40659
     37.545        -5.48334     0.38494    -0.46670    -5.40159
     37.695        -5.47814     0.38504    -0.46656    -5.39662
     37.845        -5.47298     0.38514    -0.46643    -5.39168
     37.995        -5.46783     0.38524    -0.46630    -5.38676
     38.145        -5.46270     0.38534    -0.46617    -5.38186
     38.295        -5.45757     0.38544    -0.46605    -5.37696
     38.445        -5.45247     0.38554    -0.46592    -5.37209
     38.595        -5.44740     0.38563    -0.46579    -5.36724
     38.745        -5.44235     0.38573    -0.46566    -5.36242
     38.895        -5.43734     0.38582    -0.46553    -5.35763
     39.045        -5.43232     0.38592    -0.46541    -5.35283
     39.195        -5.42730     0.38602    -0.46528    -5.34804
     39.345        -5.42234     0.38612    -0.46516    -5.34330
     39.495        -5.41739     0.38621    -0.46503    -5.33857
     39.645        -5.41247     0.38631    -0.46491    -5.33387
     39.795        -5.40756     0.38641    -0.46479    -5.32918
     39.945        -5.40266     0.38650    -0.46467    -5.32450
     40.095        -5.39779     0.38660    -0.46454    -5.31985
     40.245        -5.39294     0.38669    -0.46442    -5.31520
     40.395        -5.38812     0.38678    -0.46430    -5.31059
     40.545        -5.38329     0.38687    -0.46418    -5.30599
     40.695        -5.37847     0.38696    -0.46406    -5.30137
     40.845        -5.37370     0.38706    -0.46394    -5.29682
     40.995        -5.36895     0.38715    -0.46382    -5.29228
     41.145        -5.36421     0.38724    -0.46370    -5.28775
     41.295        -5.35949     0.38733    -0.46358    -5.28324
     41.445        -5.35478     0.38742    -0.46347    -5.27873
     41.595        -5.35008     0.38751    -0.46335    -5.27424
     41.745        -5.34541     0.38760    -0.46323    -5.26977
     41.895        -5.34077     0.38769    -0.46312    -5.26533
     42.045        -5.33613     0.38778    -0.46300    -5.26091
     42.195        -5.33151     0.38786    -0.46289    -5.25649
     42.345        -5.32692     0.38795    -0.46277    -5.25209
     42.495        -5.32234     0.38804    -0.46266    -5.24772
     42.645        -5.31777     0.38813    -0.46254    -5.24336
     42.795        -5.31323     0.38821    -0.46243    -5.23901
     42.945        -5.30869     0.38830    -0.46231    -5.23468
     43.095        -5.30417     0.38839    -0.46220    -5.23035
     43.245        -5.29968     0.38847    -0.46209    -5.22606
     43.395        -5.29522     0.38856    -0.46198    -5.22180
     43.545        -5.29075     0.38865    -0.46187    -5.21753
     43.695        -5.28631     0.38873    -0.46175    -5.21329
     43.845        -5.28191     0.38881    -0.46164    -5.20909
     43.995        -5.27751     0.38890    -0.46153    -5.20488
     44.145        -5.27312     0.38898    -0.46142    -5.20068
     44.295        -5.26875     0.38906    -0.46131    -5.19649
     44.445        -5.26438     0.38915    -0.46120    -5.19233
     44.595        -5.26004     0.38923    -0.46109    -5.18818
     44.745        -5.25572     0.38931    -0.46098    -5.18405
     44.895        -5.25140     0.38940    -0.46087    -5.17992
     45.045        -5.24708     0.38948    -0.46076    -5.17579
     45.195        -5.24278     0.38956    -0.46065    -5.17169
     45.345        -5.23852     0.38964    -0.46055    -5.16762
     45.495        -5.23426     0.38973    -0.46044    -5.16354
     45.645        -5.23003     0.38980    -0.46033    -5.15950
     45.795        -5.22580     0.38989    -0.46023    -5.15545
     45.945        -5.22158     0.38996    -0.46012    -5.15143
     46.095        -5.21739     0.39005    -0.46002    -5.14741
     46.245        -5.21322     0.39013    -0.45992    -5.14343
     46.395        -5.20906     0.39021    -0.45981    -5.13946
     46.545        -5.20490     0.39029    -0.45971    -5.13549
     46.695        -5.20075     0.39037    -0.45960    -5.13152
     46.845        -5.19663     0.39045    -0.45950    -5.12757
     46.995        -5.19254     0.39053    -0.45940    -5.12366
     47.145        -5.18843     0.39060    -0.45930    -5.11973
     47.295        -5.18434     0.39068    -0.45920    -5.11583
     47.445        -5.18027     0.39076    -0.45910    -5.11194
     47.595        -5.17620     0.39084    -0.45900    -5.10804
     47.745        -5.17214     0.39092    -0.45890    -5.10417
     47.895        -5.16812     0.39100    -0.45880    -5.10032
     48.045        -5.16410     0.39108    -0.45870    -5.09648
     48.195        -5.16010     0.39115    -0.45860    -5.09265
     48.345        -5.15611     0.39123    -0.45850    -5.08884
     48.495        -5.15210     0.39130    -0.45840    -5.08501
     48.645        -5.14810     0.39138    -0.45830    -5.08118
     48.795        -5.14416     0.39145    -0.45820    -5.07741
     48.945        -5.14023     0.39153    -0.45810    -5.07365
     49.095        -5.13630     0.39160    -0.45801    -5.06989
     49.245        -5.13239     0.39168    -0.45791    -5.06616
     49.395        -5.12848     0.39175    -0.45782    -5.06242
     49.545        -5.12459     0.39183    -0.45772    -5.05870
     49.695        -5.12072     0.39190    -0.45762    -5.05500
     49.845        -5.11684     0.39198    -0.45752    -5.05130
     49.995        -5.11299     0.39205    -0.45743    -5.04762
     50.145        -5.10918     0.39212    -0.45733    -5.04397
     50.295        -5.10537     0.39219    -0.45723    -5.04033
     50.445        -5.10155     0.39227    -0.45714    -5.03668
     50.595        -5.09773     0.39234    -0.45704    -5.03303
     50.745        -5.09394     0.39241    -0.45694    -5.02941
     50.895        -5.09016     0.39248    -0.45685    -5.02580
     51.045        -5.08639     0.39255    -0.45675    -5.02219
     51.195        -5.08265     0.39263    -0.45666    -5.01861
     51.345        -5.07892     0.39270    -0.45656    -5.01506
     51.495        -5.07520     0.39277    -0.45647    -5.01149
     51.645        -5.07147     0.39284    -0.45638    -5.00793
     51.795        -5.06777     0.39291    -0.45629    -5.00439
     51.945        -5.06408     0.39298    -0.45619    -5.00086
     52.095        -5.06040     0.39305    -0.45610    -4.99734
     52.245        -5.05673     0.39312    -0.45601    -4.99384
     52.395        -5.05306     0.39319    -0.45592    -4.99033
     52.545        -5.04941     0.39326    -0.45584    -4.98684
     52.695        -5.04579     0.39332    -0.45574    -4.98337
     52.845        -5.04217     0.39339    -0.45566    -4.97991
     52.995        -5.03856     0.39346    -0.45557    -4.97646
     53.145        -5.03497     0.39353    -0.45547    -4.97304
     53.295        -5.03138     0.39361    -0.45538    -4.96960
     53.445        -5.02780     0.39368    -0.45530    -4.96618
     53.595        -5.02421     0.39374    -0.45521    -4.96275
     53.745        -5.02065     0.39381    -0.45512    -4.95934
     53.895        -5.01708     0.39388    -0.45503    -4.95594
     54.045        -5.01354     0.39395    -0.45494    -4.95254
     54.195        -5.01002     0.39402    -0.45486    -4.94918
     54.345        -5.00650     0.39408    -0.45477    -4.94581
     54.495        -5.00298     0.39415    -0.45468    -4.94245
     54.645        -4.99949     0.39422    -0.45459    -4.93912
     54.795        -4.99601     0.39429    -0.45451    -4.93579
     54.945        -4.99255     0.39436    -0.45442    -4.93249
     55.095        -4.98908     0.39442    -0.45433    -4.92917
     59.433        -4.71725     0.39966    -0.44757    -4.66934
     80.646        -4.32006     0.40726    -0.43766    -4.28966
     111.21        -3.93404     0.41465    -0.42806    -3.92063
     153.36        -3.55936     0.42185    -0.41878    -3.56242
     211.49        -3.19658     0.42881    -0.40985    -3.21554
     291.64        -2.84527     0.43556    -0.40119    -2.87964
     402.18        -2.50563     0.44207    -0.39284    -2.55486
     554.60        -2.17738     0.44835    -0.38482    -2.24091
     764.80        -1.86007     0.45443    -0.37708    -1.93742
     1054.7        -1.55356     0.46030    -0.36963    -1.64424
     1454.4        -1.25729     0.46597    -0.36248    -1.36077
     2005.6        -0.97067     0.47143    -0.35559    -1.08651
     2765.8        -0.69361     0.47672    -0.34897    -0.82135
     3814.0        -0.42550     0.48180    -0.34258    -0.56472
     5259.5        -0.16583     0.48674    -0.33639    -0.31617
     7252.9         0.08559     0.49152    -0.33044    -0.07549
     10002.         0.32886     0.49615    -0.32473     0.15744
     13793.         0.56400     0.50061    -0.31921     0.38259
     19020.         0.79044     0.50491    -0.31386     0.59939
     26229.         1.00806     0.50908    -0.30869     0.80767
     36170.         1.21663     0.51311    -0.30368     1.00720
     49878.         1.41638     0.51700    -0.29884     1.19822
     68782.         1.60710     0.52073    -0.29417     1.38053
     94851.         1.78923     0.52432    -0.28965     1.55456
    0.13080E+06     1.96324     0.52775    -0.28529     1.72078
    0.18038E+06     2.12903     0.53100    -0.28111     1.87914
    0.24874E+06     2.28719     0.53412    -0.27710     2.03018
    0.34301E+06     2.43786     0.53707    -0.27328     2.17407
    0.47302E+06     2.58133     0.53991    -0.26963     2.31106
    0.65229E+06     2.71796     0.54259    -0.26615     2.44152
    0.89952E+06     2.84808     0.54516    -0.26284     2.56576
    0.12404E+07     2.97182     0.54762    -0.25968     2.68388
    0.17106E+07     3.08962     0.54995    -0.25666     2.79632
    0.23589E+07     3.20175     0.55217    -0.25378     2.90336
    0.32529E+07     3.30838     0.55428    -0.25105     3.00516
    0.44858E+07     3.40983     0.55629    -0.24846     3.10200
    0.61860E+07     3.50643     0.55821    -0.24598     3.19420
    0.85305E+07     3.59819     0.56002    -0.24363     3.28180
    0.11764E+08     3.68549     0.56174    -0.24137     3.36512
    0.16222E+08     3.76862     0.56338    -0.23923     3.44448
    0.22370E+08     3.84756     0.56494    -0.23720     3.51982
    0.30849E+08     3.92204     0.56643    -0.23526     3.59087
    0.42541E+08     3.99188     0.56783    -0.23342     3.65747
    0.58664E+08     4.05728     0.56916    -0.23165     3.71976
    0.80898E+08     4.11870     0.57043    -0.22999     3.77826
    0.11156E+09     4.17634     0.57162    -0.22840     3.83312
    0.15384E+09     4.23054     0.57271    -0.22691     3.88474
    0.21215E+09     4.28163     0.57375    -0.22549     3.93337
    0.29255E+09     4.32980     0.57473    -0.22416     3.97923
    0.40343E+09     4.37516     0.57565    -0.22292     4.02243
    0.55633E+09     4.41783     0.57651    -0.22175     4.06308
    0.76719E+09     4.45683     0.57732    -0.22066     4.10017
    0.10580E+10     4.49228     0.57809    -0.21963     4.13382
    0.14589E+10     4.52485     0.57881    -0.21866     4.16471
    0.20119E+10     4.55478     0.57945    -0.21774     4.19307
    0.27744E+10     4.58239     0.58005    -0.21688     4.21922
    0.38259E+10     4.60788     0.58060    -0.21608     4.24336
    0.52760E+10     4.63134     0.58110    -0.21536     4.26560
    0.72756E+10     4.65303     0.58156    -0.21469     4.28617
    0.10033E+11     4.67306     0.58199    -0.21409     4.30516
    0.13836E+11     4.69151     0.58239    -0.21352     4.32265
    0.19079E+11     4.70851     0.58275    -0.21300     4.33876
    0.26311E+11     4.72419     0.58309    -0.21254     4.35364
    0.36283E+11     4.73867     0.58340    -0.21210     4.36737
    0.50034E+11     4.75206     0.58368    -0.21169     4.38007
    0.68997E+11     4.76442     0.58394    -0.21132     4.39179
    0.10000E+12     4.91228     0.58709    -0.20687     4.53206
