    -99.945         0.00000     0.00000     0.00000     0.00000
    -99.795         0.00000     0.00000     0.00000     0.00000
    -99.645         0.00000     0.00000     0.00000     0.00000
    -99.495         0.00000     0.00000     0.00000     0.00000
    -99.345         0.00000     0.00000     0.00000     0.00000
    -99.195         0.00000     0.00000     0.00000     0.00000
    -99.045         0.00000     0.00000     0.00000     0.00000
    -98.895         0.00000     0.00000     0.00000     0.00000
    -98.745         0.00000     0.00000     0.00000     0.00000
    -98.595         0.00000     0.00000     0.00000     0.00000
    -98.445         0.00000     0.00000     0.00000     0.00000
    -98.295         0.00000     0.00000     0.00000     0.00000
    -98.145         0.00000     0.00000     0.00000     0.00000
    -97.995         0.00000     0.00000     0.00000     0.00000
    -97.845         0.00000     0.00000     0.00000     0.00000
    -97.695         0.00000     0.00000     0.00000     0.00000
    -97.545         0.00000     0.00000     0.00000     0.00000
    -97.395         0.00000     0.00000     0.00000     0.00000
    -97.245         0.00000     0.00000     0.00000     0.00000
    -97.095         0.00000     0.00000     0.00000     0.00000
    -96.945         0.00000     0.00000     0.00000     0.00000
    -96.795         0.00000     0.00000     0.00000     0.00000
    -96.645         0.00000     0.00000     0.00000     0.00000
    -96.495         0.00000     0.00000     0.00000     0.00000
    -96.345         0.00000     0.00000     0.00000     0.00000
    -96.195         0.00000     0.00000     0.00000     0.00000
    -96.045         0.00000     0.00000     0.00000     0.00000
    -95.895         0.00000     0.00000     0.00000     0.00000
    -95.745         0.00000     0.00000     0.00000     0.00000
    -95.595         0.00000     0.00000     0.00000     0.00000
    -95.445         0.00000     0.00000     0.00000     0.00000
    -95.295         0.00000     0.00000     0.00000     0.00000
    -95.145         0.00000     0.00000     0.00000     0.00000
    -94.995         0.00000     0.00000     0.00000     0.00000
    -94.845         0.00000     0.00000     0.00000     0.00000
    -94.695         0.00000     0.00000     0.00000     0.00000
    -94.545         0.00000     0.00000     0.00000     0.00000
    -94.395         0.00000     0.00000     0.00000     0.00000
    -94.245         0.00000     0.00000     0.00000     0.00000
    -94.095         0.00000     0.00000     0.00000     0.00000
    -93.945         0.00000     0.00000     0.00000     0.00000
    -93.795         0.00000     0.00000     0.00000     0.00000
    -93.645         0.00000     0.00000     0.00000     0.00000
    -93.495         0.00000     0.00000     0.00000     0.00000
    -93.345         0.00000     0.00000     0.00000     0.00000
    -93.195         0.00000     0.00000     0.00000     0.00000
    -93.045         0.00000     0.00000     0.00000     0.00000
    -92.895         0.00000     0.00000     0.00000     0.00000
    -92.745         0.00000     0.00000     0.00000     0.00000
    -92.595         0.00000     0.00000     0.00000     0.00000
    -92.445         0.00000     0.00000     0.00000     0.00000
    -92.295         0.00000     0.00000     0.00000     0.00000
    -92.145         0.00000     0.00000     0.00000     0.00000
    -91.995         0.00000     0.00000     0.00000     0.00000
    -91.845         0.00000     0.00000     0.00000     0.00000
    -91.695         0.00000     0.00000     0.00000     0.00000
    -91.545         0.00000     0.00000     0.00000     0.00000
    -91.395         0.00000     0.00000     0.00000     0.00000
    -91.245         0.00000     0.00000     0.00000     0.00000
    -91.095         0.00000     0.00000     0.00000     0.00000
    -90.945         0.00000     0.00000     0.00000     0.00000
    -90.795         0.00000     0.00000     0.00000     0.00000
    -90.645         0.00000     0.00000     0.00000     0.00000
    -90.495         0.00000     0.00000     0.00000     0.00000
    -90.345         0.00000     0.00000     0.00000     0.00000
    -90.195         0.00000     0.00000     0.00000     0.00000
    -90.045         0.00000     0.00000     0.00000     0.00000
    -89.895         0.00000     0.00000     0.00000     0.00000
    -89.745         0.00000     0.00000     0.00000     0.00000
    -89.595         0.00000     0.00000     0.00000     0.00000
    -89.445         0.00000     0.00000     0.00000     0.00000
    -89.295         0.00000     0.00000     0.00000     0.00000
    -89.145         0.00000     0.00000     0.00000     0.00000
    -88.995         0.00000     0.00000     0.00000     0.00000
    -88.845         0.00000     0.00000     0.00000     0.00000
    -88.695         0.00000     0.00000     0.00000     0.00000
    -88.545         0.00000     0.00000     0.00000     0.00000
    -88.395         0.00000     0.00000     0.00000     0.00000
    -88.245         0.00000     0.00000     0.00000     0.00000
    -88.095         0.00000     0.00000     0.00000     0.00000
    -87.945         0.00000     0.00000     0.00000     0.00000
    -87.795         0.00000     0.00000     0.00000     0.00000
    -87.645         0.00000     0.00000     0.00000     0.00000
    -87.495         0.00000     0.00000     0.00000     0.00000
    -87.345         0.00000     0.00000     0.00000     0.00000
    -87.195         0.00000     0.00000     0.00000     0.00000
    -87.045         0.00000     0.00000     0.00000     0.00000
    -86.895         0.00000     0.00000     0.00000     0.00000
    -86.745         0.00000     0.00000     0.00000     0.00000
    -86.595         0.00000     0.00000     0.00000     0.00000
    -86.445         0.00000     0.00000     0.00000     0.00000
    -86.295         0.00000     0.00000     0.00000     0.00000
    -86.145         0.00000     0.00000     0.00000     0.00000
    -85.995         0.00000     0.00000     0.00000     0.00000
    -85.845         0.00000     0.00000     0.00000     0.00000
    -85.695         0.00000     0.00000     0.00000     0.00000
    -85.545         0.00000     0.00000     0.00000     0.00000
    -85.395         0.00000     0.00000     0.00000     0.00000
    -85.245         0.00000     0.00000     0.00000     0.00000
    -85.095         0.00000     0.00000     0.00000     0.00000
    -84.945         0.00000     0.00000     0.00000     0.00000
    -84.795         0.00000     0.00000     0.00000     0.00000
    -84.645         0.00000     0.00000     0.00000     0.00000
    -84.495         0.00000     0.00000     0.00000     0.00000
    -84.345         0.00000     0.00000     0.00000     0.00000
    -84.195         0.00000     0.00000     0.00000     0.00000
    -84.045         0.00000     0.00000     0.00000     0.00000
    -83.895         0.00000     0.00000     0.00000     0.00000
    -83.745         0.00000     0.00000     0.00000     0.00000
    -83.595         0.00000     0.00000     0.00000     0.00000
    -83.445         0.00000     0.00000     0.00000     0.00000
    -83.295         0.00000     0.00000     0.00000     0.00000
    -83.145         0.00000     0.00000     0.00000     0.00000
    -82.995         0.00000     0.00000     0.00000     0.00000
    -82.845         0.00000     0.00000     0.00000     0.00000
    -82.695         0.00000     0.00000     0.00000     0.00000
    -82.545         0.00000     0.00000     0.00000     0.00000
    -82.395         0.00000     0.00000     0.00000     0.00000
    -82.245         0.00000     0.00000     0.00000     0.00000
    -82.095         0.00000     0.00000     0.00000     0.00000
    -81.945         0.00000     0.00000     0.00000     0.00000
    -81.795         0.00000     0.00000     0.00000     0.00000
    -81.645         0.00000     0.00000     0.00000     0.00000
    -81.495         0.00000     0.00000     0.00000     0.00000
    -81.345         0.00000     0.00000     0.00000     0.00000
    -81.195         0.00000     0.00000     0.00000     0.00000
    -81.045         0.00000     0.00000     0.00000     0.00000
    -80.895         0.00000     0.00000     0.00000     0.00000
    -80.745         0.00000     0.00000     0.00000     0.00000
    -80.595         0.00000     0.00000     0.00000     0.00000
    -80.445         0.00000     0.00000     0.00000     0.00000
    -80.295         0.00000     0.00000     0.00000     0.00000
    -80.145         0.00000     0.00000     0.00000     0.00000
    -79.995         0.00000     0.00000     0.00000     0.00000
    -79.845         0.00000     0.00000     0.00000     0.00000
    -79.695         0.00000     0.00000     0.00000     0.00000
    -79.545         0.00000     0.00000     0.00000     0.00000
    -79.395         0.00000     0.00000     0.00000     0.00000
    -79.245         0.00000     0.00000     0.00000     0.00000
    -79.095         0.00000     0.00000     0.00000     0.00000
    -78.945         0.00000     0.00000     0.00000     0.00000
    -78.795         0.00000     0.00000     0.00000     0.00000
    -78.645         0.00000     0.00000     0.00000     0.00000
    -78.495         0.00000     0.00000     0.00000     0.00000
    -78.345         0.00000     0.00000     0.00000     0.00000
    -78.195         0.00000     0.00000     0.00000     0.00000
    -78.045         0.00000     0.00000     0.00000     0.00000
    -77.895         0.00000     0.00000     0.00000     0.00000
    -77.745         0.00000     0.00000     0.00000     0.00000
    -77.595         0.00000     0.00000     0.00000     0.00000
    -77.445         0.00000     0.00000     0.00000     0.00000
    -77.295         0.00000     0.00000     0.00000     0.00000
    -77.145         0.00000     0.00000     0.00000     0.00000
    -76.995         0.00000     0.00000     0.00000     0.00000
    -76.845         0.00000     0.00000     0.00000     0.00000
    -76.695         0.00000     0.00000     0.00000     0.00000
    -76.545         0.00000     0.00000     0.00000     0.00000
    -76.395         0.00000     0.00000     0.00000     0.00000
    -76.245         0.00000     0.00000     0.00000     0.00000
    -76.095         0.00000     0.00000     0.00000     0.00000
    -75.945         0.00000     0.00000     0.00000     0.00000
    -75.795         0.00000     0.00000     0.00000     0.00000
    -75.645         0.00000     0.00000     0.00000     0.00000
    -75.495         0.00000     0.00000     0.00000     0.00000
    -75.345         0.00000     0.00000     0.00000     0.00000
    -75.195         0.00000     0.00000     0.00000     0.00000
    -75.045         0.00000     0.00000     0.00000     0.00000
    -74.895         0.00000     0.00000     0.00000     0.00000
    -74.745         0.00000     0.00000     0.00000     0.00000
    -74.595         0.00000     0.00000     0.00000     0.00000
    -74.445         0.00000     0.00000     0.00000     0.00000
    -74.295         0.00000     0.00000     0.00000     0.00000
    -74.145         0.00000     0.00000     0.00000     0.00000
    -73.995         0.00000     0.00000     0.00000     0.00000
    -73.845         0.00000     0.00000     0.00000     0.00000
    -73.695         0.00000     0.00000     0.00000     0.00000
    -73.545         0.00000     0.00000     0.00000     0.00000
    -73.395         0.00000     0.00000     0.00000     0.00000
    -73.245         0.00000     0.00000     0.00000     0.00000
    -73.095         0.00000     0.00000     0.00000     0.00000
    -72.945         0.00000     0.00000     0.00000     0.00000
    -72.795         0.00000     0.00000     0.00000     0.00000
    -72.645         0.00000     0.00000     0.00000     0.00000
    -72.495         0.00000     0.00000     0.00000     0.00000
    -72.345         0.00000     0.00000     0.00000     0.00000
    -72.195         0.00000     0.00000     0.00000     0.00000
    -72.045         0.00000     0.00000     0.00000     0.00000
    -71.895         0.00000     0.00000     0.00000     0.00000
    -71.745         0.00000     0.00000     0.00000     0.00000
    -71.595         0.00000     0.00000     0.00000     0.00000
    -71.445         0.00000     0.00000     0.00000     0.00000
    -71.295         0.00000     0.00000     0.00000     0.00000
    -71.145         0.00000     0.00000     0.00000     0.00000
    -70.995         0.00000     0.00000     0.00000     0.00000
    -70.845         0.00000     0.00000     0.00000     0.00000
    -70.695         0.00000     0.00000     0.00000     0.00000
    -70.545         0.00000     0.00000     0.00000     0.00000
    -70.395         0.00000     0.00000     0.00000     0.00000
    -70.245         0.00000     0.00000     0.00000     0.00000
    -70.095         0.00000     0.00000     0.00000     0.00000
    -69.945         0.00000     0.00000     0.00000     0.00000
    -69.795         0.00000     0.00000     0.00000     0.00000
    -69.645         0.00000     0.00000     0.00000     0.00000
    -69.495         0.00000     0.00000     0.00000     0.00000
    -69.345         0.00000     0.00000     0.00000     0.00000
    -69.195         0.00000     0.00000     0.00000     0.00000
    -69.045         0.00000     0.00000     0.00000     0.00000
    -68.895         0.00000     0.00000     0.00000     0.00000
    -68.745         0.00000     0.00000     0.00000     0.00000
    -68.595         0.00000     0.00000     0.00000     0.00000
    -68.445         0.00000     0.00000     0.00000     0.00000
    -68.295         0.00000     0.00000     0.00000     0.00000
    -68.145         0.00000     0.00000     0.00000     0.00000
    -67.995         0.00000     0.00000     0.00000     0.00000
    -67.845         0.00000     0.00000     0.00000     0.00000
    -67.695         0.00000     0.00000     0.00000     0.00000
    -67.545         0.00000     0.00000     0.00000     0.00000
    -67.395         0.00000     0.00000     0.00000     0.00000
    -67.245         0.00000     0.00000     0.00000     0.00000
    -67.095         0.00000     0.00000     0.00000     0.00000
    -66.945         0.00000     0.00000     0.00000     0.00000
    -66.795         0.00000     0.00000     0.00000     0.00000
    -66.645         0.00000     0.00000     0.00000     0.00000
    -66.495         0.00000     0.00000     0.00000     0.00000
    -66.345         0.00000     0.00000     0.00000     0.00000
    -66.195         0.00000     0.00000     0.00000     0.00000
    -66.045         0.00000     0.00000     0.00000     0.00000
    -65.895         0.00000     0.00000     0.00000     0.00000
    -65.745         0.00000     0.00000     0.00000     0.00000
    -65.595         0.00000     0.00000     0.00000     0.00000
    -65.445         0.00000     0.00000     0.00000     0.00000
    -65.295         0.00000     0.00000     0.00000     0.00000
    -65.145         0.00000     0.00000     0.00000     0.00000
    -64.995         0.00000     0.00000     0.00000     0.00000
    -64.845         0.00000     0.00000     0.00000     0.00000
    -64.695         0.00000     0.00000     0.00000     0.00000
    -64.545         0.00000     0.00000     0.00000     0.00000
    -64.395         0.00000     0.00000     0.00000     0.00000
    -64.245         0.00000     0.00000     0.00000     0.00000
    -64.095         0.00000     0.00000     0.00000     0.00000
    -63.945         0.00000     0.00000     0.00000     0.00000
    -63.795         0.00000     0.00000     0.00000     0.00000
    -63.645         0.00000     0.00000     0.00000     0.00000
    -63.495         0.00000     0.00000     0.00000     0.00000
    -63.345         0.00000     0.00000     0.00000     0.00000
    -63.195         0.00000     0.00000     0.00000     0.00000
    -63.045         0.00000     0.00000     0.00000     0.00000
    -62.895         0.00000     0.00000     0.00000     0.00000
    -62.745         0.00000     0.00000     0.00000     0.00000
    -62.595         0.00000     0.00000     0.00000     0.00000
    -62.445         0.00000     0.00000     0.00000     0.00000
    -62.295         0.00000     0.00000     0.00000     0.00000
    -62.145         0.00000     0.00000     0.00000     0.00000
    -61.995         0.00000     0.00000     0.00000     0.00000
    -61.845         0.00000     0.00000     0.00000     0.00000
    -61.695         0.00000     0.00000     0.00000     0.00000
    -61.545         0.00000     0.00000     0.00000     0.00000
    -61.395         0.00000     0.00000     0.00000     0.00000
    -61.245         0.00000     0.00000     0.00000     0.00000
    -61.095         0.00000     0.00000     0.00000     0.00000
    -60.945         0.00000     0.00000     0.00000     0.00000
    -60.795         0.00000     0.00000     0.00000     0.00000
    -60.645         0.00000     0.00000     0.00000     0.00000
    -60.495         0.00000     0.00000     0.00000     0.00000
    -60.345         0.00000     0.00000     0.00000     0.00000
    -60.195         0.00000     0.00000     0.00000     0.00000
    -60.045         0.00000     0.00000     0.00000     0.00000
    -59.895         0.00000     0.00000     0.00000     0.00000
    -59.745         0.00000     0.00000     0.00000     0.00000
    -59.595         0.00000     0.00000     0.00000     0.00000
    -59.445         0.00000     0.00000     0.00000     0.00000
    -59.295         0.00000     0.00000     0.00000     0.00000
    -59.145         0.00000     0.00000     0.00000     0.00000
    -58.995         0.00000     0.00000     0.00000     0.00000
    -58.845         0.00000     0.00000     0.00000     0.00000
    -58.695         0.00000     0.00000     0.00000     0.00000
    -58.545         0.00000     0.00000     0.00000     0.00000
    -58.395         0.00000     0.00000     0.00000     0.00000
    -58.245         0.00000     0.00000     0.00000     0.00000
    -58.095         0.00000     0.00000     0.00000     0.00000
    -57.945         0.00000     0.00000     0.00000     0.00000
    -57.795         0.00000     0.00000     0.00000     0.00000
    -57.645         0.00000     0.00000     0.00000     0.00000
    -57.495         0.00000     0.00000     0.00000     0.00000
    -57.345         0.00000     0.00000     0.00000     0.00000
    -57.195         0.00000     0.00000     0.00000     0.00000
    -57.045         0.00000     0.00000     0.00000     0.00000
    -56.895         0.00000     0.00000     0.00000     0.00000
    -56.745         0.00000     0.00000     0.00000     0.00000
    -56.595         0.00000     0.00000     0.00000     0.00000
    -56.445         0.00000     0.00000     0.00000     0.00000
    -56.295         0.00000     0.00000     0.00000     0.00000
    -56.145         0.00000     0.00000     0.00000     0.00000
    -55.995         0.00000     0.00000     0.00000     0.00000
    -55.845         0.00000     0.00000     0.00000     0.00000
    -55.695         0.00000     0.00000     0.00000     0.00000
    -55.545         0.00000     0.00000     0.00000     0.00000
    -55.395         0.00000     0.00000     0.00000     0.00000
    -55.245         0.00000     0.00000     0.00000     0.00000
    -55.095         0.00000     0.00000     0.00000     0.00000
    -54.945         0.00000     0.00000     0.00000     0.00000
    -54.795         0.00000     0.00000     0.00000     0.00000
    -54.645         0.00000     0.00000     0.00000     0.00000
    -54.495         0.00000     0.00000     0.00000     0.00000
    -54.345         0.00000     0.00000     0.00000     0.00000
    -54.195         0.00000     0.00000     0.00000     0.00000
    -54.045         0.00000     0.00000     0.00000     0.00000
    -53.895         0.00000     0.00000     0.00000     0.00000
    -53.745         0.00000     0.00000     0.00000     0.00000
    -53.595         0.00000     0.00000     0.00000     0.00000
    -53.445         0.00000     0.00000     0.00000     0.00000
    -53.295         0.00000     0.00000     0.00000     0.00000
    -53.145         0.00000     0.00000     0.00000     0.00000
    -52.995         0.00000     0.00000     0.00000     0.00000
    -52.845         0.00000     0.00000     0.00000     0.00000
    -52.695         0.00000     0.00000     0.00000     0.00000
    -52.545         0.00000     0.00000     0.00000     0.00000
    -52.395         0.00000     0.00000     0.00000     0.00000
    -52.245         0.00000     0.00000     0.00000     0.00000
    -52.095         0.00000     0.00000     0.00000     0.00000
    -51.945         0.00000     0.00000     0.00000     0.00000
    -51.795         0.00000     0.00000     0.00000     0.00000
    -51.645         0.00000     0.00000     0.00000     0.00000
    -51.495         0.00000     0.00000     0.00000     0.00000
    -51.345         0.00000     0.00000     0.00000     0.00000
    -51.195         0.00000     0.00000     0.00000     0.00000
    -51.045         0.00000     0.00000     0.00000     0.00000
    -50.895         0.00000     0.00000     0.00000     0.00000
    -50.745         0.00000     0.00000     0.00000     0.00000
    -50.595         0.00000     0.00000     0.00000     0.00000
    -50.445         0.00000     0.00000     0.00000     0.00000
    -50.295         0.00000     0.00000     0.00000     0.00000
    -50.145         0.00000     0.00000     0.00000     0.00000
    -49.995         0.00000     0.00000     0.00000     0.00000
    -49.845         0.00000     0.00000     0.00000     0.00000
    -49.695         0.00000     0.00000     0.00000     0.00000
    -49.545         0.00000     0.00000     0.00000     0.00000
    -49.395         0.00000     0.00000     0.00000     0.00000
    -49.245         0.00000     0.00000     0.00000     0.00000
    -49.095         0.00000     0.00000     0.00000     0.00000
    -48.945         0.00000     0.00000     0.00000     0.00000
    -48.795         0.00000     0.00000     0.00000     0.00000
    -48.645         0.00000     0.00000     0.00000     0.00000
    -48.495         0.00000     0.00000     0.00000     0.00000
    -48.345         0.00000     0.00000     0.00000     0.00000
    -48.195         0.00000     0.00000     0.00000     0.00000
    -48.045         0.00000     0.00000     0.00000     0.00000
    -47.895         0.00000     0.00000     0.00000     0.00000
    -47.745         0.00000     0.00000     0.00000     0.00000
    -47.595         0.00000     0.00000     0.00000     0.00000
    -47.445         0.00000     0.00000     0.00000     0.00000
    -47.295         0.00000     0.00000     0.00000     0.00000
    -47.145         0.00000     0.00000     0.00000     0.00000
    -46.995         0.00000     0.00000     0.00000     0.00000
    -46.845         0.00000     0.00000     0.00000     0.00000
    -46.695         0.00000     0.00000     0.00000     0.00000
    -46.545         0.00000     0.00000     0.00000     0.00000
    -46.395         0.00000     0.00000     0.00000     0.00000
    -46.245         0.00000     0.00000     0.00000     0.00000
    -46.095         0.00000     0.00000     0.00000     0.00000
    -45.945         0.00000     0.00000     0.00000     0.00000
    -45.795         0.00000     0.00000     0.00000     0.00000
    -45.645         0.00000     0.00000     0.00000     0.00000
    -45.495         0.00000     0.00000     0.00000     0.00000
    -45.345         0.00000     0.00000     0.00000     0.00000
    -45.195         0.00000     0.00000     0.00000     0.00000
    -45.045         0.00000     0.00000     0.00000     0.00000
    -44.895         0.00000     0.00000     0.00000     0.00000
    -44.745         0.00000     0.00000     0.00000     0.00000
    -44.595         0.00000     0.00000     0.00000     0.00000
    -44.445         0.00000     0.00000     0.00000     0.00000
    -44.295         0.00000     0.00000     0.00000     0.00000
    -44.145         0.00000     0.00000     0.00000     0.00000
    -43.995         0.00000     0.00000     0.00000     0.00000
    -43.845         0.00000     0.00000     0.00000     0.00000
    -43.695         0.00000     0.00000     0.00000     0.00000
    -43.545         0.00000     0.00000     0.00000     0.00000
    -43.395         0.00000     0.00000     0.00000     0.00000
    -43.245         0.00000     0.00000     0.00000     0.00000
    -43.095         0.00000     0.00000     0.00000     0.00000
    -42.945         0.00000     0.00000     0.00000     0.00000
    -42.795         0.00000     0.00000     0.00000     0.00000
    -42.645         0.00000     0.00000     0.00000     0.00000
    -42.495         0.00000     0.00000     0.00000     0.00000
    -42.345         0.00000     0.00000     0.00000     0.00000
    -42.195         0.00000     0.00000     0.00000     0.00000
    -42.045         0.00000     0.00000     0.00000     0.00000
    -41.895         0.00000     0.00000     0.00000     0.00000
    -41.745         0.00000     0.00000     0.00000     0.00000
    -41.595         0.00000     0.00000     0.00000     0.00000
    -41.445         0.00000     0.00000     0.00000     0.00000
    -41.295         0.00000     0.00000     0.00000     0.00000
    -41.145         0.00000     0.00000     0.00000     0.00000
    -40.995         0.00000     0.00000     0.00000     0.00000
    -40.845         0.00000     0.00000     0.00000     0.00000
    -40.695         0.00000     0.00000     0.00000     0.00000
    -40.545         0.00000     0.00000     0.00000     0.00000
    -40.395         0.00000     0.00000     0.00000     0.00000
    -40.245         0.00000     0.00000     0.00000     0.00000
    -40.095         0.00000     0.00000     0.00000     0.00000
    -39.945         0.00000     0.00000     0.00000     0.00000
    -39.795         0.00000     0.00000     0.00000     0.00000
    -39.645         0.00000     0.00000     0.00000     0.00000
    -39.495         0.00000     0.00000     0.00000     0.00000
    -39.345         0.00000     0.00000     0.00000     0.00000
    -39.195         0.00000     0.00000     0.00000     0.00000
    -39.045         0.00000     0.00000     0.00000     0.00000
    -38.895         0.00000     0.00000     0.00000     0.00000
    -38.745         0.00000     0.00000     0.00000     0.00000
    -38.595         0.00000     0.00000     0.00000     0.00000
    -38.445         0.00000     0.00000     0.00000     0.00000
    -38.295         0.00000     0.00000     0.00000     0.00000
    -38.145         0.00000     0.00000     0.00000     0.00000
    -37.995         0.00000     0.00000     0.00000     0.00000
    -37.845         0.00000     0.00000     0.00000     0.00000
    -37.695         0.00000     0.00000     0.00000     0.00000
    -37.545         0.00000     0.00000     0.00000     0.00000
    -37.395         0.00000     0.00000     0.00000     0.00000
    -37.245         0.00000     0.00000     0.00000     0.00000
    -37.095         0.00000     0.00000     0.00000     0.00000
    -36.945         0.00000     0.00000     0.00000     0.00000
    -36.795         0.00000     0.00000     0.00000     0.00000
    -36.645         0.00000     0.00000     0.00000     0.00000
    -36.495         0.00000     0.00000     0.00000     0.00000
    -36.345         0.00000     0.00000     0.00000     0.00000
    -36.195         0.00000     0.00000     0.00000     0.00000
    -36.045         0.00000     0.00000     0.00000     0.00000
    -35.895         0.00000     0.00000     0.00000     0.00000
    -35.745         0.00000     0.00000     0.00000     0.00000
    -35.595         0.00000     0.00000     0.00000     0.00000
    -35.445         0.00000     0.00000     0.00000     0.00000
    -35.295         0.00000     0.00000     0.00000     0.00000
    -35.145         0.00000     0.00000     0.00000     0.00000
    -34.995         0.00000     0.00000     0.00000     0.00000
    -34.845         0.00000     0.00000     0.00000     0.00000
    -34.695         0.00000     0.00000     0.00000     0.00000
    -34.545         0.00000     0.00000     0.00000     0.00000
    -34.395         0.00000     0.00000     0.00000     0.00000
    -34.245         0.00000     0.00000     0.00000     0.00000
    -34.095         0.00000     0.00000     0.00000     0.00000
    -33.945         0.00000     0.00000     0.00000     0.00000
    -33.795         0.00000     0.00000     0.00000     0.00000
    -33.645         0.00000     0.00000     0.00000     0.00000
    -33.495         0.00000     0.00000     0.00000     0.00000
    -33.345         0.00000     0.00000     0.00000     0.00000
    -33.195         0.00000     0.00000     0.00000     0.00000
    -33.045         0.00000     0.00000     0.00000     0.00000
    -32.895         0.00000     0.00000     0.00000     0.00000
    -32.745         0.00000     0.00000     0.00000     0.00000
    -32.595         0.00000     0.00000     0.00000     0.00000
    -32.445         0.00000     0.00000     0.00000     0.00000
    -32.295         0.00000     0.00000     0.00000     0.00000
    -32.145         0.00000     0.00000     0.00000     0.00000
    -31.995         0.00000     0.00000     0.00000     0.00000
    -31.845         0.00000     0.00000     0.00000     0.00000
    -31.695         0.00000     0.00000     0.00000     0.00000
    -31.545         0.00000     0.00000     0.00000     0.00000
    -31.395         0.00000     0.00000     0.00000     0.00000
    -31.245         0.00000     0.00000     0.00000     0.00000
    -31.095         0.00000     0.00000     0.00000     0.00000
    -30.945         0.00000     0.00000     0.00000     0.00000
    -30.795         0.00000     0.00000     0.00000     0.00000
    -30.645         0.00000     0.00000     0.00000     0.00000
    -30.495         0.00000     0.00000     0.00000     0.00000
    -30.345         0.00000     0.00000     0.00000     0.00000
    -30.195         0.00000     0.00000     0.00000     0.00000
    -30.045         0.00000     0.00000     0.00000     0.00000
    -29.895         0.00000     0.00000     0.00000     0.00000
    -29.745         0.00000     0.00000     0.00000     0.00000
    -29.595         0.00000     0.00000     0.00000     0.00000
    -29.445         0.00000     0.00000     0.00000     0.00000
    -29.295         0.00000     0.00000     0.00000     0.00000
    -29.145         0.00000     0.00000     0.00000     0.00000
    -28.995         0.00000     0.00000     0.00000     0.00000
    -28.845         0.00000     0.00000     0.00000     0.00000
    -28.695         0.00000     0.00000     0.00000     0.00000
    -28.545         0.00000     0.00000     0.00000     0.00000
    -28.395         0.00000     0.00000     0.00000     0.00000
    -28.245         0.00000     0.00000     0.00000     0.00000
    -28.095         0.00000     0.00000     0.00000     0.00000
    -27.945         0.00000     0.00000     0.00000     0.00000
    -27.795         0.00000     0.00000     0.00000     0.00000
    -27.645         0.00000     0.00000     0.00000     0.00000
    -27.495         0.00000     0.00000     0.00000     0.00000
    -27.345         0.00000     0.00000     0.00000     0.00000
    -27.195         0.00000     0.00000     0.00000     0.00000
    -27.045         0.00000     0.00000     0.00000     0.00000
    -26.895         0.00000     0.00000     0.00000     0.00000
    -26.745         0.00000     0.00000     0.00000     0.00000
    -26.595         0.00000     0.00000     0.00000     0.00000
    -26.445         0.00000     0.00000     0.00000     0.00000
    -26.295         0.00000     0.00000     0.00000     0.00000
    -26.145         0.00000     0.00000     0.00000     0.00000
    -25.995         0.00000     0.00000     0.00000     0.00000
    -25.845         0.00000     0.00000     0.00000     0.00000
    -25.695         0.00000     0.00000     0.00000     0.00000
    -25.545         0.00000     0.00000     0.00000     0.00000
    -25.395         0.00000     0.00000     0.00000     0.00000
    -25.245         0.00000     0.00000     0.00000     0.00000
    -25.095         0.00000     0.00000     0.00000     0.00000
    -24.945         0.00000     0.00000     0.00000     0.00000
    -24.795         0.00000     0.00000     0.00000     0.00000
    -24.645         0.00000     0.00000     0.00000     0.00000
    -24.495         0.00000     0.00000     0.00000     0.00000
    -24.345         0.00000     0.00000     0.00000     0.00000
    -24.195         0.00000     0.00000     0.00000     0.00000
    -24.045         0.00000     0.00000     0.00000     0.00000
    -23.895         0.00000     0.00000     0.00000     0.00000
    -23.745         0.00000     0.00000     0.00000     0.00000
    -23.595         0.00000     0.00000     0.00000     0.00000
    -23.445         0.00000     0.00000     0.00000     0.00000
    -23.295         0.00000     0.00000     0.00000     0.00000
    -23.145         0.00000     0.00000     0.00000     0.00000
    -22.995         0.00000     0.00000     0.00000     0.00000
    -22.845         0.00000     0.00000     0.00000     0.00000
    -22.695         0.00000     0.00000     0.00000     0.00000
    -22.545         0.00000     0.00000     0.00000     0.00000
    -22.395         0.00000     0.00000     0.00000     0.00000
    -22.245         0.00000     0.00000     0.00000     0.00000
    -22.095         0.00000     0.00000     0.00000     0.00000
    -21.945         0.00000     0.00000     0.00000     0.00000
    -21.795         0.00000     0.00000     0.00000     0.00000
    -21.645         0.00000     0.00000     0.00000     0.00000
    -21.495         0.00000     0.00000     0.00000     0.00000
    -21.345         0.00000     0.00000     0.00000     0.00000
    -21.195         0.00000     0.00000     0.00000     0.00000
    -21.045         0.00000     0.00000     0.00000     0.00000
    -20.895         0.00000     0.00000     0.00000     0.00000
    -20.745         0.00000     0.00000     0.00000     0.00000
    -20.595         0.00000     0.00000     0.00000     0.00000
    -20.445         0.00000     0.00000     0.00000     0.00000
    -20.295         0.00000     0.00000     0.00000     0.00000
    -20.145         0.00000     0.00000     0.00000     0.00000
    -19.995         0.00000     0.00000     0.00000     0.00000
    -19.845         0.00000     0.00000     0.00000     0.00000
    -19.695         0.00000     0.00000     0.00000     0.00000
    -19.545         0.00000     0.00000     0.00000     0.00000
    -19.395         0.00000     0.00000     0.00000     0.00000
    -19.245         0.00000     0.00000     0.00000     0.00000
    -19.095         0.00000     0.00000     0.00000     0.00000
    -18.945         0.00000     0.00000     0.00000     0.00000
    -18.795         0.00000     0.00000     0.00000     0.00000
    -18.645         0.00000     0.00000     0.00000     0.00000
    -18.495         0.00000     0.00000     0.00000     0.00000
    -18.345         0.00000     0.00000     0.00000     0.00000
    -18.195         0.00000     0.00000     0.00000     0.00000
    -18.045         0.00000     0.00000     0.00000     0.00000
    -17.895         0.00000     0.00000     0.00000     0.00000
    -17.745         0.00000     0.00000     0.00000     0.00000
    -17.595         0.00000     0.00000     0.00000     0.00000
    -17.445         0.00000     0.00000     0.00000     0.00000
    -17.295         0.00000     0.00000     0.00000     0.00000
    -17.145         0.00000     0.00000     0.00000     0.00000
    -16.995         0.00000     0.00000     0.00000     0.00000
    -16.845         0.00000     0.00000     0.00000     0.00000
    -16.695         0.00000     0.00000     0.00000     0.00000
    -16.545         0.00000     0.00000     0.00000     0.00000
    -16.395         0.00000     0.00000     0.00000     0.00000
    -16.245         0.00000     0.00000     0.00000     0.00000
    -16.095         0.00000     0.00000     0.00000     0.00000
    -15.945         0.00000     0.00000     0.00000     0.00000
    -15.795         0.00000     0.00000     0.00000     0.00000
    -15.645         0.00000     0.00000     0.00000     0.00000
    -15.495         0.00000     0.00000     0.00000     0.00000
    -15.345         0.00000     0.00000     0.00000     0.00000
    -15.195         0.00000     0.00000     0.00000     0.00000
    -15.045         0.00000     0.00000     0.00000     0.00000
    -14.895         0.00000     0.00000     0.00000     0.00000
    -14.745         0.00000     0.00000     0.00000     0.00000
    -14.595         0.00000     0.00000     0.00000     0.00000
    -14.445         0.00000     0.00000     0.00000     0.00000
    -14.295         0.00000     0.00000     0.00000     0.00000
    -14.145         0.00000     0.00000     0.00000     0.00000
    -13.995         0.00000     0.00000     0.00000     0.00000
    -13.845         0.00000     0.00000     0.00000     0.00000
    -13.695         0.00000     0.00000     0.00000     0.00000
    -13.545         0.00000     0.00000     0.00000     0.00000
    -13.395         0.00000     0.00000     0.00000     0.00000
    -13.245         0.00000     0.00000     0.00000     0.00000
    -13.095         0.00000     0.00000     0.00000     0.00000
    -12.945         0.00000     0.00000     0.00000     0.00000
    -12.795         0.00000     0.00000     0.00000     0.00000
    -12.645         0.00000     0.00000     0.00000     0.00000
    -12.495         0.00000     0.00000     0.00000     0.00000
    -12.345         0.00000     0.00000     0.00000     0.00000
    -12.195         0.00000     0.00000     0.00000     0.00000
    -12.045         0.00000     0.00000     0.00000     0.00000
    -11.895         0.00000     0.00000     0.00000     0.00000
    -11.745         0.00000     0.00000     0.00000     0.00000
    -11.595         0.00000     0.00000     0.00000     0.00000
    -11.445         0.00000     0.00000     0.00000     0.00000
    -11.295         0.00000     0.00000     0.00000     0.00000
    -11.145         0.00000     0.00000     0.00000     0.00000
    -10.995         0.00000     0.00000     0.00000     0.00000
    -10.845         0.00000     0.00000     0.00000     0.00000
    -10.695         0.00000     0.00000     0.00000     0.00000
    -10.545         0.00000     0.00000     0.00000     0.00000
    -10.395         0.00000     0.00000     0.00000     0.00000
    -10.245         0.00000     0.00000     0.00000     0.00000
    -10.095         0.00000     0.00000     0.00000     0.00000
    -9.9450         0.00000     0.00000     0.00000     0.00000
    -9.7950         0.00000     0.00000     0.00000     0.00000
    -9.6450         0.00000     0.00000     0.00000     0.00000
    -9.4950         0.00000     0.00000     0.00000     0.00000
    -9.3450         0.00000     0.00000     0.00000     0.00000
    -9.1950         0.00000     0.00000     0.00000     0.00000
    -9.0450         0.00000     0.00000     0.00000     0.00000
    -8.8950         0.00000     0.00000     0.00000     0.00000
    -8.7450         0.00000     0.00000     0.00000     0.00000
    -8.5950         0.00000     0.00000     0.00000     0.00000
    -8.4450         0.00000     0.00000     0.00000     0.00000
    -8.2950         0.00000     0.00000     0.00000     0.00000
    -8.1450         0.00000     0.00000     0.00000     0.00000
    -7.9950         0.00000     0.00000     0.00000     0.00000
    -7.8450         0.00000     0.00000     0.00000     0.00000
    -7.6950         0.00000     0.00000     0.00000     0.00000
    -7.5450         0.00000     0.00000     0.00000     0.00000
    -7.3950         0.00000     0.00000     0.00000     0.00000
    -7.2450         0.00000     0.00000     0.00000     0.00000
    -7.0950         0.00000     0.00000     0.00000     0.00000
    -6.9450         0.00000     0.00000     0.00000     0.00000
    -6.7950         0.00000     0.00000     0.00000     0.00000
    -6.6450         0.00000     0.00000     0.00000     0.00000
    -6.4950         0.00000     0.00000     0.00000     0.00000
    -6.3450         0.00000     0.00000     0.00000     0.00000
    -6.1950         0.00000     0.00000     0.00000     0.00000
    -6.0450         0.00000     0.00000     0.00000     0.00000
    -5.8950         0.00000     0.00000     0.00000     0.00000
    -5.7450         0.00000     0.00000     0.00000     0.00000
    -5.5950         0.00000     0.00000     0.00000     0.00000
    -5.4450         0.00000     0.00000     0.00000     0.00000
    -5.2950         0.00000     0.00000     0.00000     0.00000
    -5.1450         0.00000     0.00000     0.00000     0.00000
    -4.9950         0.00000     0.00000     0.00000     0.00000
    -4.8450         0.00000     0.00000     0.00000     0.00000
    -4.6950         0.00000     0.00000     0.00000     0.00000
    -4.5450         0.00000     0.00000     0.00000     0.00000
    -4.3950         0.00000     0.00000     0.00000     0.00000
    -4.2450         0.00000     0.00000     0.00000     0.00000
    -4.0950         0.00000     0.00000     0.00000     0.00000
    -3.9450         0.00000     0.00000     0.00000     0.00000
    -3.7950         0.00000     0.00000     0.00000     0.00000
    -3.6450         0.00000     0.00000     0.00000     0.00000
    -3.4950         0.00000     0.00000     0.00000     0.00000
    -3.3450         0.00000     0.00000     0.00000     0.00000
    -3.1950         0.00000     0.00000     0.00000     0.00000
    -3.0450         0.00000     0.00000     0.00000     0.00000
    -2.8950         0.00000     0.00000     0.00000     0.00000
    -2.7450         0.00000     0.00000     0.00000     0.00000
    -2.5950         0.00000     0.00000     0.00000     0.00000
    -2.4450         0.00000     0.00000     0.00000     0.00000
    -2.2950         0.00000     0.00000     0.00000     0.00000
    -2.1450         0.00000     0.00000     0.00000     0.00000
    -1.9950         0.00000     0.00000     0.00000     0.00000
    -1.8450         0.00000     0.00000     0.00000     0.00000
    -1.6950         0.00000     0.00000     0.00000     0.00000
    -1.5450         0.00000     0.00000     0.00000     0.00000
    -1.3950         0.00000     0.00000     0.00000     0.00000
    -1.2450        -0.00000    -0.00000     0.00000     0.00000
    -1.0950         0.00000     0.00000     0.00000     0.00000
   -0.94500         0.00003     0.00003     0.00000     0.00000
   -0.79500        -0.00054    -0.00031     0.00000    -0.00023
   -0.64500        -0.01549    -0.00106     0.00007    -0.01450
   -0.49500        -0.19211    -0.00333     0.00009    -0.18887
   -0.34500        -1.62048    -0.00818    -0.00192    -1.61038
   -0.22700        -2.34956    -0.01075    -0.00405    -2.33475
   -0.21300        -2.43007    -0.01113    -0.00437    -2.41457
   -0.20700        -2.50855    -0.01150    -0.00473    -2.49233
   -0.20100        -2.58368    -0.01189    -0.00468    -2.56711
   -0.19500        -2.65718    -0.01226    -0.00460    -2.64032
   -0.18900        -2.72881    -0.01266    -0.00499    -2.71116
   -0.18300        -2.79876    -0.01311    -0.00538    -2.78027
   -0.17700        -2.86664    -0.01354    -0.00560    -2.84749
   -0.17100        -2.93444    -0.01398    -0.00585    -2.91461
   -0.16500        -3.00172    -0.01443    -0.00631    -2.98098
   -0.15900        -3.06736    -0.01494    -0.00658    -3.04584
   -0.15300        -3.13267    -0.01545    -0.00705    -3.11016
   -0.14700        -3.19643    -0.01595    -0.00746    -3.17303
   -0.14100        -3.25965    -0.01652    -0.00787    -3.23525
   -0.13500        -3.32393    -0.01716    -0.00839    -3.29838
   -0.12900        -3.38636    -0.01780    -0.00873    -3.35984
   -0.12300        -3.44850    -0.01841    -0.00918    -3.42092
   -0.11700        -3.51116    -0.01905    -0.00972    -3.48239
   -0.11100        -3.57415    -0.01975    -0.01032    -3.54409
   -0.10500        -3.63772    -0.02051    -0.01084    -3.60637
   -0.99000E-01    -3.70174    -0.02124    -0.01152    -3.66897
   -0.93000E-01    -3.76567    -0.02202    -0.01221    -3.73144
   -0.87000E-01    -3.83125    -0.02284    -0.01288    -3.79554
   -0.81000E-01    -3.89869    -0.02369    -0.01365    -3.86136
   -0.75000E-01    -3.96821    -0.02470    -0.01446    -3.92905
   -0.69000E-01    -4.03984    -0.02575    -0.01536    -3.99874
   -0.63000E-01    -4.11488    -0.02687    -0.01637    -4.07165
   -0.57000E-01    -4.19372    -0.02809    -0.01749    -4.14814
   -0.51000E-01    -4.27773    -0.02936    -0.01876    -4.22961
   -0.45000E-01    -4.36927    -0.03084    -0.02021    -4.31821
   -0.39000E-01    -4.47008    -0.03246    -0.02190    -4.41572
   -0.33000E-01    -4.58374    -0.03444    -0.02395    -4.52535
   -0.27000E-01    -4.71426    -0.03685    -0.02659    -4.65081
   -0.21300E-01    -4.81433    -0.03889    -0.02897    -4.74647
   -0.19500E-01    -4.82963    -0.03923    -0.02937    -4.76104
   -0.18900E-01    -4.84535    -0.03958    -0.02977    -4.77601
   -0.18300E-01    -4.86142    -0.03996    -0.03019    -4.79126
   -0.17700E-01    -4.87772    -0.04036    -0.03063    -4.80673
   -0.17100E-01    -4.89428    -0.04076    -0.03111    -4.82241
   -0.16500E-01    -4.91109    -0.04120    -0.03162    -4.83827
   -0.15900E-01    -4.92833    -0.04165    -0.03215    -4.85453
   -0.15300E-01    -4.94586    -0.04210    -0.03268    -4.87107
   -0.14700E-01    -4.96375    -0.04258    -0.03327    -4.88790
   -0.14100E-01    -4.98196    -0.04309    -0.03391    -4.90496
   -0.13500E-01    -5.00078    -0.04364    -0.03460    -4.92254
   -0.12900E-01    -5.01992    -0.04419    -0.03529    -4.94044
   -0.12300E-01    -5.03966    -0.04476    -0.03605    -4.95885
   -0.11700E-01    -5.05989    -0.04538    -0.03688    -4.97763
   -0.11100E-01    -5.08065    -0.04604    -0.03777    -4.99683
   -0.10500E-01    -5.10203    -0.04675    -0.03871    -5.01657
   -0.99000E-02    -5.12406    -0.04751    -0.03980    -5.03675
   -0.93000E-02    -5.14714    -0.04835    -0.04096    -5.05783
   -0.87000E-02    -5.17086    -0.04921    -0.04224    -5.07940
   -0.81000E-02    -5.19566    -0.05012    -0.04367    -5.10187
   -0.75000E-02    -5.22144    -0.05115    -0.04525    -5.12504
   -0.69000E-02    -5.24833    -0.05223    -0.04700    -5.14909
   -0.63000E-02    -5.27679    -0.05341    -0.04906    -5.17432
   -0.57000E-02    -5.30678    -0.05473    -0.05142    -5.20064
   -0.51000E-02    -5.33854    -0.05619    -0.05421    -5.22814
   -0.45000E-02    -5.37250    -0.05784    -0.05754    -5.25712
   -0.39000E-02    -5.40868    -0.05965    -0.06165    -5.28738
   -0.33000E-02    -5.44741    -0.06169    -0.06691    -5.31882
   -0.27000E-02    -5.48917    -0.06398    -0.07409    -5.35111
   -0.21000E-02    -5.53561    -0.06656    -0.08515    -5.38390
   -0.15000E-02    -5.59174    -0.06942    -0.10408    -5.41823
   -0.90000E-03    -5.66609    -0.07240    -0.12820    -5.46549
   -0.30000E-03    -7.13546    -0.07452    -0.13357    -6.92737
    0.30000E-03    -5.66879    -0.06919    -0.13144    -5.46816
    0.90000E-03    -5.61086    -0.04524    -0.12846    -5.43716
    0.15000E-02    -5.58128    -0.02633    -0.12562    -5.42933
    0.21000E-02    -5.56560    -0.01529    -0.12307    -5.42723
    0.27000E-02    -5.55552    -0.00809    -0.12081    -5.42663
    0.33000E-02    -5.54804    -0.00279    -0.11880    -5.42645
    0.39000E-02    -5.54203     0.00137    -0.11702    -5.42638
    0.45000E-02    -5.53701     0.00476    -0.11543    -5.42635
    0.51000E-02    -5.53275     0.00757    -0.11399    -5.42633
    0.57000E-02    -5.52911     0.00995    -0.11275    -5.42632
    0.63000E-02    -5.52589     0.01200    -0.11158    -5.42630
    0.69000E-02    -5.52299     0.01380    -0.11050    -5.42629
    0.75000E-02    -5.52038     0.01539    -0.10949    -5.42628
    0.81000E-02    -5.51804     0.01683    -0.10860    -5.42626
    0.87000E-02    -5.51593     0.01808    -0.10777    -5.42624
    0.93000E-02    -5.51401     0.01923    -0.10701    -5.42623
    0.99000E-02    -5.51222     0.02028    -0.10630    -5.42621
    0.10500E-01    -5.51058     0.02124    -0.10563    -5.42619
    0.11100E-01    -5.50911     0.02210    -0.10503    -5.42618
    0.11700E-01    -5.50769     0.02292    -0.10445    -5.42616
    0.12300E-01    -5.50639     0.02366    -0.10391    -5.42613
    0.12900E-01    -5.50520     0.02434    -0.10342    -5.42611
    0.13500E-01    -5.50402     0.02501    -0.10294    -5.42609
    0.14100E-01    -5.50293     0.02563    -0.10250    -5.42606
    0.14700E-01    -5.50190     0.02620    -0.10206    -5.42603
    0.15300E-01    -5.50097     0.02672    -0.10168    -5.42601
    0.15900E-01    -5.50007     0.02721    -0.10130    -5.42598
    0.16500E-01    -5.49923     0.02769    -0.10096    -5.42595
    0.17100E-01    -5.49844     0.02812    -0.10064    -5.42592
    0.17700E-01    -5.49767     0.02854    -0.10032    -5.42589
    0.18300E-01    -5.49695     0.02893    -0.10002    -5.42587
    0.18900E-01    -5.49627     0.02931    -0.09974    -5.42583
    0.19500E-01    -5.49559     0.02967    -0.09946    -5.42580
    0.21300E-01    -5.49185     0.03162    -0.09792    -5.42555
    0.27000E-01    -5.48796     0.03351    -0.09641    -5.42507
    0.33000E-01    -5.48528     0.03469    -0.09544    -5.42453
    0.39000E-01    -5.48313     0.03550    -0.09474    -5.42388
    0.45000E-01    -5.48138     0.03606    -0.09423    -5.42321
    0.51000E-01    -5.47983     0.03647    -0.09387    -5.42242
    0.57000E-01    -5.47839     0.03675    -0.09359    -5.42156
    0.63000E-01    -5.47709     0.03697    -0.09340    -5.42067
    0.69000E-01    -5.47581     0.03711    -0.09321    -5.41971
    0.75000E-01    -5.47451     0.03721    -0.09310    -5.41862
    0.81000E-01    -5.47318     0.03730    -0.09301    -5.41746
    0.87000E-01    -5.47183     0.03734    -0.09293    -5.41623
    0.93000E-01    -5.47054     0.03739    -0.09289    -5.41504
    0.99000E-01    -5.46918     0.03742    -0.09285    -5.41374
    0.10500        -5.46769     0.03759    -0.09283    -5.41245
    0.11100        -5.46622     0.03762    -0.09280    -5.41103
    0.11700        -5.46475     0.03764    -0.09279    -5.40960
    0.12300        -5.46313     0.03765    -0.09269    -5.40809
    0.12900        -5.46157     0.03768    -0.09261    -5.40663
    0.13500        -5.45980     0.03777    -0.09254    -5.40502
    0.14100        -5.45796     0.03786    -0.09248    -5.40334
    0.14700        -5.45619     0.03795    -0.09243    -5.40171
    0.15300        -5.45429     0.03803    -0.09239    -5.39993
    0.15900        -5.45251     0.03805    -0.09235    -5.39821
    0.16500        -5.45055     0.03813    -0.09231    -5.39636
    0.17100        -5.44862     0.03820    -0.09228    -5.39455
    0.17700        -5.44665     0.03828    -0.09225    -5.39269
    0.18300        -5.44478     0.03830    -0.09222    -5.39086
    0.18900        -5.44293     0.03837    -0.09220    -5.38910
    0.19500        -5.44097     0.03845    -0.09217    -5.38725
    0.20100        -5.43888     0.03852    -0.09214    -5.38527
    0.20700        -5.43688     0.03859    -0.09212    -5.38336
    0.21300        -5.43460     0.03862    -0.09210    -5.38112
    0.22700        -5.41601     0.03921    -0.09189    -5.36333
    0.34500        -5.35540     0.03992    -0.09166    -5.30366
    0.49500        -5.29103     0.04067    -0.09121    -5.24048
    0.64500        -5.22296     0.04161    -0.09083    -5.17375
    0.79500        -5.15726     0.04244    -0.09049    -5.10921
    0.94500        -5.09238     0.04295    -0.09020    -5.04514
     1.0950        -5.02820     0.04362    -0.08992    -4.98190
     1.2450        -4.96554     0.04421    -0.08968    -4.92007
     1.3950        -4.90403     0.04476    -0.08944    -4.85935
     1.5450        -4.84438     0.04526    -0.08922    -4.80041
     1.6950        -4.78688     0.04573    -0.08902    -4.74360
     1.8450        -4.73134     0.04617    -0.08884    -4.68866
     1.9950        -4.67761     0.04658    -0.08867    -4.63552
     2.1450        -4.62616     0.04697    -0.08850    -4.58463
     2.2950        -4.57682     0.04734    -0.08834    -4.53582
     2.4450        -4.52938     0.04769    -0.08818    -4.48888
     2.5950        -4.48371     0.04801    -0.08803    -4.44369
     2.7450        -4.43981     0.04833    -0.08788    -4.40026
     2.8950        -4.39794     0.04863    -0.08776    -4.35881
     3.0450        -4.35762     0.04892    -0.08763    -4.31890
     3.1950        -4.31871     0.04919    -0.08750    -4.28040
     3.3450        -4.28156     0.04946    -0.08737    -4.24365
     3.4950        -4.24580     0.04972    -0.08725    -4.20826
     3.6450        -4.21133     0.04996    -0.08713    -4.17416
     3.7950        -4.17787     0.05020    -0.08702    -4.14105
     3.9450        -4.14553     0.05043    -0.08692    -4.10904
     4.0950        -4.11433     0.05064    -0.08681    -4.07816
     4.2450        -4.08416     0.05085    -0.08670    -4.04831
     4.3950        -4.05492     0.05106    -0.08661    -4.01938
     4.5450        -4.02663     0.05126    -0.08651    -3.99138
     4.6950        -3.99926     0.05146    -0.08642    -3.96430
     4.8450        -3.97270     0.05164    -0.08633    -3.93801
     4.9950        -3.94688     0.05183    -0.08625    -3.91246
     5.1450        -3.92182     0.05201    -0.08616    -3.88767
     5.2950        -3.89738     0.05219    -0.08608    -3.86348
     5.4450        -3.87361     0.05235    -0.08599    -3.83997
     5.5950        -3.85045     0.05251    -0.08591    -3.81705
     5.7450        -3.82792     0.05268    -0.08582    -3.79477
     5.8950        -3.80593     0.05283    -0.08575    -3.77301
     6.0450        -3.78446     0.05299    -0.08567    -3.75177
     6.1950        -3.76350     0.05314    -0.08560    -3.73104
     6.3450        -3.74307     0.05328    -0.08553    -3.71082
     6.4950        -3.72312     0.05343    -0.08546    -3.69108
     6.6450        -3.70353     0.05357    -0.08539    -3.67170
     6.7950        -3.68443     0.05370    -0.08532    -3.65281
     6.9450        -3.66576     0.05384    -0.08526    -3.63433
     7.0950        -3.64746     0.05397    -0.08520    -3.61623
     7.2450        -3.62951     0.05410    -0.08514    -3.59847
     7.3950        -3.61191     0.05423    -0.08507    -3.58106
     7.5450        -3.59469     0.05435    -0.08501    -3.56403
     7.6950        -3.57779     0.05448    -0.08495    -3.54732
     7.8450        -3.56122     0.05459    -0.08489    -3.53092
     7.9950        -3.54498     0.05471    -0.08483    -3.51486
     8.1450        -3.52901     0.05483    -0.08477    -3.49906
     8.2950        -3.51334     0.05494    -0.08472    -3.48356
     8.4450        -3.49795     0.05505    -0.08466    -3.46834
     8.5950        -3.48288     0.05516    -0.08460    -3.45343
     8.7450        -3.46804     0.05526    -0.08455    -3.43875
     8.8950        -3.45341     0.05536    -0.08450    -3.42428
     9.0450        -3.43907     0.05546    -0.08445    -3.41009
     9.1950        -3.42495     0.05556    -0.08440    -3.39611
     9.3450        -3.41107     0.05566    -0.08435    -3.38238
     9.4950        -3.39744     0.05576    -0.08430    -3.36890
     9.6450        -3.38401     0.05586    -0.08425    -3.35562
     9.7950        -3.37077     0.05596    -0.08420    -3.34252
     9.9450        -3.35776     0.05605    -0.08415    -3.32966
     10.095        -3.34494     0.05614    -0.08411    -3.31698
     10.245        -3.33229     0.05623    -0.08406    -3.30446
     10.395        -3.31983     0.05632    -0.08401    -3.29214
     10.545        -3.30756     0.05641    -0.08396    -3.28000
     10.695        -3.29548     0.05650    -0.08392    -3.26806
     10.845        -3.28354     0.05658    -0.08387    -3.25625
     10.995        -3.27182     0.05667    -0.08382    -3.24466
     11.145        -3.26025     0.05675    -0.08378    -3.23322
     11.295        -3.24881     0.05683    -0.08373    -3.22191
     11.445        -3.23754     0.05691    -0.08369    -3.21076
     11.595        -3.22638     0.05699    -0.08365    -3.19972
     11.745        -3.21542     0.05707    -0.08362    -3.18888
     11.895        -3.20458     0.05714    -0.08357    -3.17815
     12.045        -3.19390     0.05722    -0.08354    -3.16758
     12.195        -3.18333     0.05730    -0.08350    -3.15714
     12.345        -3.17290     0.05738    -0.08346    -3.14682
     12.495        -3.16259     0.05745    -0.08342    -3.13663
     12.645        -3.15239     0.05753    -0.08338    -3.12654
     12.795        -3.14235     0.05760    -0.08334    -3.11661
     12.945        -3.13242     0.05767    -0.08330    -3.10679
     13.095        -3.12262     0.05775    -0.08327    -3.09710
     13.245        -3.11292     0.05782    -0.08323    -3.08750
     13.395        -3.10330     0.05789    -0.08319    -3.07800
     13.545        -3.09386     0.05796    -0.08316    -3.06866
     13.695        -3.08450     0.05802    -0.08312    -3.05941
     13.845        -3.07526     0.05809    -0.08308    -3.05027
     13.995        -3.06613     0.05816    -0.08305    -3.04124
     14.145        -3.05707     0.05822    -0.08301    -3.03229
     14.295        -3.04814     0.05829    -0.08298    -3.02345
     14.445        -3.03930     0.05835    -0.08295    -3.01470
     14.595        -3.03053     0.05842    -0.08291    -3.00603
     14.745        -3.02186     0.05848    -0.08288    -2.99746
     14.895        -3.01330     0.05854    -0.08284    -2.98900
     15.045        -3.00482     0.05860    -0.08281    -2.98062
     15.195        -2.99641     0.05867    -0.08278    -2.97230
     15.345        -2.98810     0.05873    -0.08275    -2.96408
     15.495        -2.97987     0.05879    -0.08271    -2.95594
     15.645        -2.97172     0.05884    -0.08268    -2.94789
     15.795        -2.96368     0.05890    -0.08265    -2.93993
     15.945        -2.95568     0.05896    -0.08262    -2.93202
     16.095        -2.94780     0.05901    -0.08258    -2.92424
     16.245        -2.93998     0.05907    -0.08255    -2.91650
     16.395        -2.93223     0.05913    -0.08252    -2.90884
     16.545        -2.92456     0.05918    -0.08249    -2.90124
     16.695        -2.91695     0.05924    -0.08247    -2.89372
     16.845        -2.90942     0.05929    -0.08244    -2.88628
     16.995        -2.90196     0.05935    -0.08241    -2.87890
     17.145        -2.89458     0.05940    -0.08238    -2.87160
     17.295        -2.88724     0.05946    -0.08235    -2.86434
     17.445        -2.87998     0.05951    -0.08232    -2.85716
     17.595        -2.87278     0.05956    -0.08230    -2.85004
     17.745        -2.86565     0.05961    -0.08227    -2.84299
     17.895        -2.85857     0.05967    -0.08224    -2.83599
     18.045        -2.85156     0.05971    -0.08222    -2.82906
     18.195        -2.84464     0.05976    -0.08219    -2.82221
     18.345        -2.83773     0.05982    -0.08216    -2.81539
     18.495        -2.83092     0.05986    -0.08213    -2.80865
     18.645        -2.82415     0.05991    -0.08210    -2.80196
     18.795        -2.81745     0.05996    -0.08208    -2.79533
     18.945        -2.81079     0.06001    -0.08205    -2.78874
     19.095        -2.80417     0.06005    -0.08202    -2.78220
     19.245        -2.79764     0.06010    -0.08200    -2.77575
     19.395        -2.79116     0.06015    -0.08197    -2.76935
     19.545        -2.78475     0.06020    -0.08194    -2.76301
     19.695        -2.77835     0.06024    -0.08191    -2.75668
     19.845        -2.77201     0.06029    -0.08189    -2.75041
     19.995        -2.76571     0.06033    -0.08186    -2.74418
     20.145        -2.75948     0.06038    -0.08184    -2.73802
     20.295        -2.75329     0.06042    -0.08181    -2.73190
     20.445        -2.74716     0.06047    -0.08179    -2.72584
     20.595        -2.74107     0.06052    -0.08177    -2.71982
     20.745        -2.73505     0.06056    -0.08174    -2.71387
     20.895        -2.72903     0.06060    -0.08172    -2.70791
     21.045        -2.72310     0.06064    -0.08169    -2.70205
     21.195        -2.71719     0.06068    -0.08167    -2.69621
     21.345        -2.71134     0.06073    -0.08164    -2.69042
     21.495        -2.70552     0.06077    -0.08162    -2.68467
     21.645        -2.69976     0.06081    -0.08160    -2.67897
     21.795        -2.69404     0.06085    -0.08158    -2.67332
     21.945        -2.68834     0.06090    -0.08156    -2.66768
     22.095        -2.68270     0.06094    -0.08153    -2.66210
     22.245        -2.67709     0.06098    -0.08151    -2.65656
     22.395        -2.67153     0.06102    -0.08149    -2.65106
     22.545        -2.66602     0.06106    -0.08147    -2.64561
     22.695        -2.66052     0.06110    -0.08145    -2.64017
     22.845        -2.65508     0.06114    -0.08143    -2.63480
     22.995        -2.64967     0.06118    -0.08141    -2.62944
     23.145        -2.64429     0.06122    -0.08139    -2.62412
     23.295        -2.63896     0.06126    -0.08137    -2.61885
     23.445        -2.63366     0.06130    -0.08135    -2.61361
     23.595        -2.62838     0.06134    -0.08133    -2.60839
     23.745        -2.62316     0.06138    -0.08131    -2.60323
     23.895        -2.61798     0.06142    -0.08129    -2.59811
     24.045        -2.61282     0.06146    -0.08126    -2.59301
     24.195        -2.60771     0.06149    -0.08124    -2.58795
     24.345        -2.60262     0.06153    -0.08122    -2.58293
     24.495        -2.59757     0.06156    -0.08120    -2.57794
     24.645        -2.59256     0.06160    -0.08118    -2.57298
     24.795        -2.58757     0.06164    -0.08116    -2.56805
     24.945        -2.58263     0.06168    -0.08114    -2.56316
     25.095        -2.57770     0.06171    -0.08112    -2.55829
     25.245        -2.57279     0.06175    -0.08110    -2.55343
     25.395        -2.56791     0.06178    -0.08108    -2.54861
     25.545        -2.56307     0.06182    -0.08106    -2.54383
     25.695        -2.55826     0.06186    -0.08104    -2.53907
     25.845        -2.55348     0.06189    -0.08102    -2.53435
     25.995        -2.54877     0.06192    -0.08100    -2.52969
     26.145        -2.54407     0.06196    -0.08098    -2.52505
     26.295        -2.53938     0.06200    -0.08096    -2.52041
     26.445        -2.53473     0.06203    -0.08095    -2.51582
     26.595        -2.53011     0.06207    -0.08093    -2.51124
     26.745        -2.52553     0.06210    -0.08091    -2.50672
     26.895        -2.52096     0.06213    -0.08089    -2.50220
     27.045        -2.51640     0.06217    -0.08087    -2.49770
     27.195        -2.51191     0.06220    -0.08085    -2.49326
     27.345        -2.50742     0.06223    -0.08083    -2.48881
     27.495        -2.50296     0.06226    -0.08082    -2.48440
     27.645        -2.49853     0.06230    -0.08080    -2.48002
     27.795        -2.49413     0.06233    -0.08078    -2.47567
     27.945        -2.48973     0.06236    -0.08076    -2.47133
     28.095        -2.48540     0.06239    -0.08075    -2.46705
     28.245        -2.48108     0.06242    -0.08073    -2.46277
     28.395        -2.47677     0.06246    -0.08071    -2.45851
     28.545        -2.47248     0.06249    -0.08070    -2.45428
     28.695        -2.46824     0.06252    -0.08068    -2.45008
     28.845        -2.46399     0.06255    -0.08066    -2.44588
     28.995        -2.45979     0.06258    -0.08065    -2.44172
     29.145        -2.45558     0.06261    -0.08063    -2.43757
     29.295        -2.45144     0.06264    -0.08061    -2.43347
     29.445        -2.44729     0.06267    -0.08060    -2.42937
     29.595        -2.44318     0.06270    -0.08058    -2.42530
     29.745        -2.43908     0.06273    -0.08056    -2.42125
     29.895        -2.43501     0.06276    -0.08054    -2.41723
     30.045        -2.43096     0.06279    -0.08053    -2.41323
     30.195        -2.42693     0.06282    -0.08051    -2.40924
     30.345        -2.42290     0.06285    -0.08049    -2.40526
     30.495        -2.41893     0.06288    -0.08048    -2.40133
     30.645        -2.41497     0.06291    -0.08047    -2.39741
     30.795        -2.41104     0.06294    -0.08045    -2.39353
     30.945        -2.40709     0.06297    -0.08044    -2.38962
     31.095        -2.40318     0.06300    -0.08042    -2.38576
     31.245        -2.39930     0.06303    -0.08040    -2.38192
     31.395        -2.39544     0.06305    -0.08039    -2.37810
     31.545        -2.39160     0.06308    -0.08037    -2.37432
     31.695        -2.38778     0.06311    -0.08036    -2.37054
     31.845        -2.38397     0.06314    -0.08034    -2.36677
     31.995        -2.38018     0.06316    -0.08032    -2.36303
     32.145        -2.37642     0.06319    -0.08030    -2.35931
     32.295        -2.37267     0.06322    -0.08029    -2.35561
     32.445        -2.36894     0.06325    -0.08027    -2.35191
     32.595        -2.36522     0.06328    -0.08026    -2.34825
     32.745        -2.36153     0.06331    -0.08024    -2.34460
     32.895        -2.35788     0.06333    -0.08023    -2.34098
     33.045        -2.35421     0.06336    -0.08021    -2.33736
     33.195        -2.35058     0.06339    -0.08020    -2.33377
     33.345        -2.34696     0.06342    -0.08018    -2.33020
     33.495        -2.34338     0.06344    -0.08016    -2.32666
     33.645        -2.33979     0.06347    -0.08015    -2.32311
     33.795        -2.33623     0.06350    -0.08014    -2.31959
     33.945        -2.33268     0.06352    -0.08012    -2.31608
     34.095        -2.32914     0.06355    -0.08011    -2.31258
     34.245        -2.32561     0.06358    -0.08009    -2.30909
     34.395        -2.32212     0.06360    -0.08008    -2.30564
     34.545        -2.31864     0.06363    -0.08006    -2.30220
     34.695        -2.31516     0.06365    -0.08005    -2.29877
     34.845        -2.31172     0.06368    -0.08004    -2.29535
     34.995        -2.30828     0.06370    -0.08002    -2.29196
     35.145        -2.30486     0.06373    -0.08001    -2.28858
     35.295        -2.30146     0.06375    -0.07999    -2.28522
     35.445        -2.29807     0.06378    -0.07998    -2.28187
     35.595        -2.29468     0.06380    -0.07996    -2.27852
     35.745        -2.29133     0.06383    -0.07995    -2.27521
     35.895        -2.28800     0.06385    -0.07994    -2.27192
     36.045        -2.28467     0.06388    -0.07992    -2.26863
     36.195        -2.28137     0.06390    -0.07991    -2.26536
     36.345        -2.27806     0.06393    -0.07989    -2.26210
     36.495        -2.27478     0.06395    -0.07988    -2.25885
     36.645        -2.27151     0.06397    -0.07987    -2.25562
     36.795        -2.26828     0.06400    -0.07985    -2.25242
     36.945        -2.26505     0.06402    -0.07984    -2.24923
     37.095        -2.26183     0.06404    -0.07983    -2.24605
     37.245        -2.25862     0.06407    -0.07981    -2.24288
     37.395        -2.25543     0.06409    -0.07980    -2.23972
     37.545        -2.25225     0.06412    -0.07979    -2.23658
     37.695        -2.24908     0.06414    -0.07978    -2.23345
     37.845        -2.24592     0.06417    -0.07976    -2.23032
     37.995        -2.24279     0.06419    -0.07975    -2.22722
     38.145        -2.23966     0.06421    -0.07974    -2.22413
     38.295        -2.23654     0.06423    -0.07973    -2.22104
     38.445        -2.23345     0.06425    -0.07971    -2.21799
     38.595        -2.23036     0.06428    -0.07970    -2.21493
     38.745        -2.22727     0.06430    -0.07969    -2.21188
     38.895        -2.22421     0.06432    -0.07967    -2.20885
     39.045        -2.22116     0.06434    -0.07966    -2.20585
     39.195        -2.21813     0.06437    -0.07965    -2.20285
     39.345        -2.21511     0.06439    -0.07964    -2.19986
     39.495        -2.21212     0.06441    -0.07963    -2.19690
     39.645        -2.20911     0.06443    -0.07961    -2.19393
     39.795        -2.20613     0.06445    -0.07960    -2.19098
     39.945        -2.20318     0.06448    -0.07959    -2.18807
     40.095        -2.20022     0.06450    -0.07957    -2.18515
     40.245        -2.19726     0.06452    -0.07956    -2.18222
     40.395        -2.19433     0.06454    -0.07955    -2.17932
     40.545        -2.19140     0.06457    -0.07954    -2.17643
     40.695        -2.18850     0.06459    -0.07953    -2.17356
     40.845        -2.18559     0.06461    -0.07951    -2.17069
     40.995        -2.18269     0.06463    -0.07950    -2.16783
     41.145        -2.17984     0.06465    -0.07949    -2.16500
     41.295        -2.17697     0.06468    -0.07948    -2.16217
     41.445        -2.17413     0.06470    -0.07946    -2.15936
     41.595        -2.17126     0.06472    -0.07945    -2.15654
     41.745        -2.16845     0.06474    -0.07944    -2.15376
     41.895        -2.16563     0.06476    -0.07942    -2.15097
     42.045        -2.16283     0.06478    -0.07941    -2.14820
     42.195        -2.16002     0.06481    -0.07940    -2.14542
     42.345        -2.15724     0.06483    -0.07939    -2.14268
     42.495        -2.15445     0.06485    -0.07938    -2.13992
     42.645        -2.15168     0.06487    -0.07936    -2.13718
     42.795        -2.14892     0.06489    -0.07935    -2.13445
     42.945        -2.14615     0.06491    -0.07934    -2.13172
     43.095        -2.14341     0.06493    -0.07933    -2.12901
     43.245        -2.14069     0.06495    -0.07932    -2.12632
     43.395        -2.13798     0.06497    -0.07931    -2.12364
     43.545        -2.13527     0.06499    -0.07930    -2.12096
     43.695        -2.13260     0.06501    -0.07929    -2.11832
     43.845        -2.12992     0.06503    -0.07928    -2.11567
     43.995        -2.12726     0.06505    -0.07927    -2.11305
     44.145        -2.12459     0.06507    -0.07925    -2.11041
     44.295        -2.12194     0.06509    -0.07924    -2.10779
     44.445        -2.11931     0.06511    -0.07923    -2.10519
     44.595        -2.11667     0.06513    -0.07922    -2.10258
     44.745        -2.11404     0.06515    -0.07921    -2.09998
     44.895        -2.11143     0.06517    -0.07920    -2.09740
     45.045        -2.10881     0.06519    -0.07919    -2.09481
     45.195        -2.10622     0.06521    -0.07917    -2.09225
     45.345        -2.10363     0.06522    -0.07916    -2.08969
     45.495        -2.10105     0.06524    -0.07915    -2.08715
     45.645        -2.09848     0.06526    -0.07914    -2.08461
     45.795        -2.09593     0.06528    -0.07912    -2.08209
     45.945        -2.09338     0.06530    -0.07911    -2.07957
     46.095        -2.09084     0.06532    -0.07910    -2.07706
     46.245        -2.08830     0.06534    -0.07909    -2.07455
     46.395        -2.08578     0.06536    -0.07908    -2.07207
     46.545        -2.08326     0.06538    -0.07907    -2.06957
     46.695        -2.08074     0.06540    -0.07905    -2.06709
     46.845        -2.07824     0.06541    -0.07904    -2.06461
     46.995        -2.07575     0.06543    -0.07903    -2.06215
     47.145        -2.07327     0.06545    -0.07902    -2.05970
     47.295        -2.07079     0.06547    -0.07901    -2.05725
     47.445        -2.06832     0.06549    -0.07900    -2.05481
     47.595        -2.06588     0.06551    -0.07899    -2.05240
     47.745        -2.06345     0.06553    -0.07898    -2.05000
     47.895        -2.06101     0.06554    -0.07897    -2.04758
     48.045        -2.05858     0.06556    -0.07896    -2.04518
     48.195        -2.05618     0.06558    -0.07895    -2.04281
     48.345        -2.05376     0.06560    -0.07894    -2.04041
     48.495        -2.05135     0.06561    -0.07893    -2.03803
     48.645        -2.04895     0.06563    -0.07892    -2.03567
     48.795        -2.04657     0.06565    -0.07891    -2.03331
     48.945        -2.04419     0.06566    -0.07890    -2.03096
     49.095        -2.04183     0.06568    -0.07889    -2.02863
     49.245        -2.03946     0.06570    -0.07888    -2.02628
     49.395        -2.03710     0.06572    -0.07887    -2.02395
     49.545        -2.03475     0.06574    -0.07885    -2.02163
     49.695        -2.03240     0.06575    -0.07885    -2.01931
     49.845        -2.03007     0.06577    -0.07883    -2.01701
     49.995        -2.02773     0.06579    -0.07882    -2.01470
     50.145        -2.02541     0.06581    -0.07881    -2.01241
     50.295        -2.02310     0.06583    -0.07880    -2.01013
     50.445        -2.02080     0.06584    -0.07879    -2.00785
     50.595        -2.01851     0.06586    -0.07878    -2.00558
     50.745        -2.01622     0.06588    -0.07877    -2.00332
     50.895        -2.01393     0.06590    -0.07877    -2.00106
     51.045        -2.01166     0.06591    -0.07876    -1.99881
     51.195        -2.00940     0.06593    -0.07875    -1.99658
     51.345        -2.00715     0.06595    -0.07874    -1.99436
     51.495        -2.00489     0.06596    -0.07873    -1.99213
     51.645        -2.00263     0.06598    -0.07872    -1.98990
     51.795        -2.00039     0.06600    -0.07871    -1.98768
     51.945        -1.99817     0.06601    -0.07870    -1.98548
     52.095        -1.99594     0.06603    -0.07869    -1.98329
     52.245        -1.99374     0.06605    -0.07868    -1.98111
     52.395        -1.99153     0.06606    -0.07867    -1.97893
     52.545        -1.98935     0.06608    -0.07866    -1.97678
     52.695        -1.98716     0.06610    -0.07865    -1.97462
     52.845        -1.98498     0.06612    -0.07864    -1.97246
     52.995        -1.98280     0.06613    -0.07863    -1.97031
     53.145        -1.98062     0.06615    -0.07862    -1.96815
     53.295        -1.97845     0.06616    -0.07861    -1.96601
     53.445        -1.97630     0.06618    -0.07860    -1.96388
     53.595        -1.97414     0.06620    -0.07859    -1.96175
     53.745        -1.97198     0.06621    -0.07858    -1.95961
     53.895        -1.96986     0.06623    -0.07857    -1.95752
     54.045        -1.96773     0.06624    -0.07856    -1.95541
     54.195        -1.96561     0.06626    -0.07855    -1.95332
     54.345        -1.96350     0.06628    -0.07854    -1.95123
     54.495        -1.96139     0.06629    -0.07854    -1.94914
     54.645        -1.95928     0.06631    -0.07853    -1.94706
     54.795        -1.95717     0.06632    -0.07852    -1.94498
     54.945        -1.95508     0.06634    -0.07851    -1.94291
     55.095        -1.95299     0.06635    -0.07850    -1.94085
     59.433        -1.79000     0.06756    -0.07780    -1.77977
     80.646        -1.55352     0.06934    -0.07672    -1.54614
     111.21        -1.32604     0.07106    -0.07567    -1.32142
     153.36        -1.10745     0.07272    -0.07464    -1.10554
     211.49        -0.89769     0.07431    -0.07362    -0.89838
     291.64        -0.69650     0.07586    -0.07264    -0.69971
     402.18        -0.50421     0.07733    -0.07170    -0.50984
     554.60        -0.32039     0.07874    -0.07078    -0.32834
     764.80        -0.14456     0.08009    -0.06990    -0.15475
     1054.7         0.02328     0.08138    -0.06904     0.01094
     1454.4         0.18353     0.08262    -0.06822     0.16913
     2005.6         0.33654     0.08381    -0.06743     0.32017
     2765.8         0.48253     0.08494    -0.06668     0.46427
     3814.0         0.62189     0.08603    -0.06595     0.60182
     5259.5         0.75487     0.08706    -0.06526     0.73307
     7252.9         0.88162     0.08804    -0.06461     0.85818
     10002.         1.00252     0.08898    -0.06398     0.97752
     13793.         1.11782     0.08987    -0.06338     1.09132
     19020.         1.22772     0.09073    -0.06280     1.19979
     26229.         1.33259     0.09155    -0.06226     1.30331
     36170.         1.43244     0.09232    -0.06175     1.40186
     49878.         1.52755     0.09306    -0.06125     1.49574
     68782.         1.61811     0.09376    -0.06078     1.58512
     94851.         1.70428     0.09444    -0.06033     1.67018
    0.13080E+06     1.78631     0.09508    -0.05990     1.75114
    0.18038E+06     1.86426     0.09568    -0.05950     1.82808
    0.24874E+06     1.93832     0.09625    -0.05912     1.90119
    0.34301E+06     2.00858     0.09680    -0.05875     1.97053
    0.47302E+06     2.07534     0.09732    -0.05841     2.03643
    0.65229E+06     2.13882     0.09781    -0.05809     2.09909
    0.89952E+06     2.19904     0.09827    -0.05778     2.15855
    0.12404E+07     2.25623     0.09871    -0.05749     2.21500
    0.17106E+07     2.31048     0.09914    -0.05720     2.26854
    0.23589E+07     2.36212     0.09955    -0.05694     2.31952
    0.32529E+07     2.41103     0.09993    -0.05669     2.36780
    0.44858E+07     2.45745     0.10029    -0.05646     2.41362
    0.61860E+07     2.50150     0.10063    -0.05624     2.45710
    0.85305E+07     2.54336     0.10095    -0.05603     2.49843
    0.11764E+08     2.58308     0.10125    -0.05583     2.53765
    0.16222E+08     2.62073     0.10155    -0.05565     2.57483
    0.22370E+08     2.65646     0.10182    -0.05548     2.61012
    0.30849E+08     2.69026     0.10208    -0.05531     2.64349
    0.42541E+08     2.72207     0.10232    -0.05515     2.67490
    0.58664E+08     2.75203     0.10255    -0.05501     2.70449
    0.80898E+08     2.78015     0.10277    -0.05489     2.73226
    0.11156E+09     2.80667     0.10297    -0.05476     2.75846
    0.15384E+09     2.83168     0.10316    -0.05464     2.78316
    0.21215E+09     2.85528     0.10334    -0.05453     2.80647
    0.29255E+09     2.87755     0.10351    -0.05443     2.82847
    0.40343E+09     2.89855     0.10367    -0.05433     2.84921
    0.55633E+09     2.91839     0.10382    -0.05424     2.86881
    0.76719E+09     2.93653     0.10397    -0.05416     2.88673
    0.10580E+10     2.95294     0.10409    -0.05409     2.90294
    0.14589E+10     2.96797     0.10421    -0.05402     2.91779
    0.20119E+10     2.98181     0.10431    -0.05396     2.93146
    0.27744E+10     2.99458     0.10441    -0.05390     2.94408
    0.38259E+10     3.00634     0.10450    -0.05385     2.95570
    0.52760E+10     3.01721     0.10458    -0.05380     2.96643
    0.72756E+10     3.02722     0.10466    -0.05375     2.97632
    0.10033E+11     3.03647     0.10473    -0.05371     2.98546
    0.13836E+11     3.04497     0.10479    -0.05368     2.99385
    0.19079E+11     3.05282     0.10485    -0.05364     3.00161
    0.26311E+11     3.06008     0.10491    -0.05360     3.00878
    0.36283E+11     3.06677     0.10496    -0.05358     3.01538
    0.50034E+11     3.07294     0.10501    -0.05355     3.02148
    0.68997E+11     3.07865     0.10505    -0.05352     3.02712
    0.10000E+12     3.14712     0.10558    -0.05321     3.09476
