    -99.945         0.00000
    -99.795         0.00000
    -99.645         0.00000
    -99.495         0.00000
    -99.345         0.00000
    -99.195         0.00000
    -99.045         0.00000
    -98.895         0.00000
    -98.745         0.00000
    -98.595         0.00000
    -98.445         0.00000
    -98.295         0.00000
    -98.145         0.00000
    -97.995         0.00000
    -97.845         0.00000
    -97.695         0.00000
    -97.545         0.00000
    -97.395         0.00000
    -97.245         0.00000
    -97.095         0.00000
    -96.945         0.00000
    -96.795         0.00000
    -96.645         0.00000
    -96.495         0.00000
    -96.345         0.00000
    -96.195         0.00000
    -96.045         0.00000
    -95.895         0.00000
    -95.745         0.00000
    -95.595         0.00000
    -95.445         0.00000
    -95.295         0.00000
    -95.145         0.00000
    -94.995         0.00000
    -94.845         0.00000
    -94.695         0.00000
    -94.545         0.00000
    -94.395         0.00000
    -94.245         0.00000
    -94.095         0.00000
    -93.945         0.00000
    -93.795         0.00000
    -93.645         0.00000
    -93.495         0.00000
    -93.345         0.00000
    -93.195         0.00000
    -93.045         0.00000
    -92.895         0.00000
    -92.745         0.00000
    -92.595         0.00000
    -92.445         0.00000
    -92.295         0.00000
    -92.145         0.00000
    -91.995         0.00000
    -91.845         0.00000
    -91.695         0.00000
    -91.545         0.00000
    -91.395         0.00000
    -91.245         0.00000
    -91.095         0.00000
    -90.945         0.00000
    -90.795         0.00000
    -90.645         0.00000
    -90.495         0.00000
    -90.345         0.00000
    -90.195         0.00000
    -90.045         0.00000
    -89.895         0.00000
    -89.745         0.00000
    -89.595         0.00000
    -89.445         0.00000
    -89.295         0.00000
    -89.145         0.00000
    -88.995         0.00000
    -88.845         0.00000
    -88.695         0.00000
    -88.545         0.00000
    -88.395         0.00000
    -88.245         0.00000
    -88.095         0.00000
    -87.945         0.00000
    -87.795         0.00000
    -87.645         0.00000
    -87.495         0.00000
    -87.345         0.00000
    -87.195         0.00000
    -87.045         0.00000
    -86.895         0.00000
    -86.745         0.00000
    -86.595         0.00000
    -86.445         0.00000
    -86.295         0.00000
    -86.145         0.00000
    -85.995         0.00000
    -85.845         0.00000
    -85.695         0.00000
    -85.545         0.00000
    -85.395         0.00000
    -85.245         0.00000
    -85.095         0.00000
    -84.945         0.00000
    -84.795         0.00000
    -84.645         0.00000
    -84.495         0.00000
    -84.345         0.00000
    -84.195         0.00000
    -84.045         0.00000
    -83.895         0.00000
    -83.745         0.00000
    -83.595         0.00000
    -83.445         0.00000
    -83.295         0.00000
    -83.145         0.00000
    -82.995         0.00000
    -82.845         0.00000
    -82.695         0.00000
    -82.545         0.00000
    -82.395         0.00000
    -82.245         0.00000
    -82.095         0.00000
    -81.945         0.00000
    -81.795         0.00000
    -81.645         0.00000
    -81.495         0.00000
    -81.345         0.00000
    -81.195         0.00000
    -81.045         0.00000
    -80.895         0.00000
    -80.745         0.00000
    -80.595         0.00000
    -80.445         0.00000
    -80.295         0.00000
    -80.145         0.00000
    -79.995         0.00000
    -79.845         0.00000
    -79.695         0.00000
    -79.545         0.00000
    -79.395         0.00000
    -79.245         0.00000
    -79.095         0.00000
    -78.945         0.00000
    -78.795         0.00000
    -78.645         0.00000
    -78.495         0.00000
    -78.345         0.00000
    -78.195         0.00000
    -78.045         0.00000
    -77.895         0.00000
    -77.745         0.00000
    -77.595         0.00000
    -77.445         0.00000
    -77.295         0.00000
    -77.145         0.00000
    -76.995         0.00000
    -76.845         0.00000
    -76.695         0.00000
    -76.545         0.00000
    -76.395         0.00000
    -76.245         0.00000
    -76.095         0.00000
    -75.945         0.00000
    -75.795         0.00000
    -75.645         0.00000
    -75.495         0.00000
    -75.345         0.00000
    -75.195         0.00000
    -75.045         0.00000
    -74.895         0.00000
    -74.745         0.00000
    -74.595         0.00000
    -74.445         0.00000
    -74.295         0.00000
    -74.145         0.00000
    -73.995         0.00000
    -73.845         0.00000
    -73.695         0.00000
    -73.545         0.00000
    -73.395         0.00000
    -73.245         0.00000
    -73.095         0.00000
    -72.945         0.00000
    -72.795         0.00000
    -72.645         0.00000
    -72.495         0.00000
    -72.345         0.00000
    -72.195         0.00000
    -72.045         0.00000
    -71.895         0.00000
    -71.745         0.00000
    -71.595         0.00000
    -71.445         0.00000
    -71.295         0.00000
    -71.145         0.00000
    -70.995         0.00000
    -70.845         0.00000
    -70.695         0.00000
    -70.545         0.00000
    -70.395         0.00000
    -70.245         0.00000
    -70.095         0.00000
    -69.945         0.00000
    -69.795         0.00000
    -69.645         0.00000
    -69.495         0.00000
    -69.345         0.00000
    -69.195         0.00000
    -69.045         0.00000
    -68.895         0.00000
    -68.745         0.00000
    -68.595         0.00000
    -68.445         0.00000
    -68.295         0.00000
    -68.145         0.00000
    -67.995         0.00000
    -67.845         0.00000
    -67.695         0.00000
    -67.545         0.00000
    -67.395         0.00000
    -67.245         0.00000
    -67.095         0.00000
    -66.945         0.00000
    -66.795         0.00000
    -66.645         0.00000
    -66.495         0.00000
    -66.345         0.00000
    -66.195         0.00000
    -66.045         0.00000
    -65.895         0.00000
    -65.745         0.00000
    -65.595         0.00000
    -65.445         0.00000
    -65.295         0.00000
    -65.145         0.00000
    -64.995         0.00000
    -64.845         0.00000
    -64.695         0.00000
    -64.545         0.00000
    -64.395         0.00000
    -64.245         0.00000
    -64.095         0.00000
    -63.945         0.00000
    -63.795         0.00000
    -63.645         0.00000
    -63.495         0.00000
    -63.345         0.00000
    -63.195         0.00000
    -63.045         0.00000
    -62.895         0.00000
    -62.745         0.00000
    -62.595         0.00000
    -62.445         0.00000
    -62.295         0.00000
    -62.145         0.00000
    -61.995         0.00000
    -61.845         0.00000
    -61.695         0.00000
    -61.545         0.00000
    -61.395         0.00000
    -61.245         0.00000
    -61.095         0.00000
    -60.945         0.00000
    -60.795         0.00000
    -60.645         0.00000
    -60.495         0.00000
    -60.345         0.00000
    -60.195         0.00000
    -60.045         0.00000
    -59.895         0.00000
    -59.745         0.00000
    -59.595         0.00000
    -59.445         0.00000
    -59.295         0.00000
    -59.145         0.00000
    -58.995         0.00000
    -58.845         0.00000
    -58.695         0.00000
    -58.545         0.00000
    -58.395         0.00000
    -58.245         0.00000
    -58.095         0.00000
    -57.945         0.00000
    -57.795         0.00000
    -57.645         0.00000
    -57.495         0.00000
    -57.345         0.00000
    -57.195         0.00000
    -57.045         0.00000
    -56.895         0.00000
    -56.745         0.00000
    -56.595         0.00000
    -56.445         0.00000
    -56.295         0.00000
    -56.145         0.00000
    -55.995         0.00000
    -55.845         0.00000
    -55.695         0.00000
    -55.545         0.00000
    -55.395         0.00000
    -55.245         0.00000
    -55.095         0.00000
    -54.945         0.00000
    -54.795         0.00000
    -54.645         0.00000
    -54.495         0.00000
    -54.345         0.00000
    -54.195         0.00000
    -54.045         0.00000
    -53.895         0.00000
    -53.745         0.00000
    -53.595         0.00000
    -53.445         0.00000
    -53.295         0.00000
    -53.145         0.00000
    -52.995         0.00000
    -52.845         0.00000
    -52.695         0.00000
    -52.545         0.00000
    -52.395         0.00000
    -52.245         0.00000
    -52.095         0.00000
    -51.945         0.00000
    -51.795         0.00000
    -51.645         0.00000
    -51.495         0.00000
    -51.345         0.00000
    -51.195         0.00000
    -51.045         0.00000
    -50.895         0.00000
    -50.745         0.00000
    -50.595         0.00000
    -50.445         0.00000
    -50.295         0.00000
    -50.145         0.00000
    -49.995         0.00000
    -49.845         0.00000
    -49.695         0.00000
    -49.545         0.00000
    -49.395         0.00000
    -49.245         0.00000
    -49.095         0.00000
    -48.945         0.00000
    -48.795         0.00000
    -48.645         0.00000
    -48.495         0.00000
    -48.345         0.00000
    -48.195         0.00000
    -48.045         0.00000
    -47.895         0.00000
    -47.745         0.00000
    -47.595         0.00000
    -47.445         0.00000
    -47.295         0.00000
    -47.145         0.00000
    -46.995         0.00000
    -46.845         0.00000
    -46.695         0.00000
    -46.545         0.00000
    -46.395         0.00000
    -46.245         0.00000
    -46.095         0.00000
    -45.945         0.00000
    -45.795         0.00000
    -45.645         0.00000
    -45.495         0.00000
    -45.345         0.00000
    -45.195         0.00000
    -45.045         0.00000
    -44.895         0.00000
    -44.745         0.00000
    -44.595         0.00000
    -44.445         0.00000
    -44.295         0.00000
    -44.145         0.00000
    -43.995         0.00000
    -43.845         0.00000
    -43.695         0.00000
    -43.545         0.00000
    -43.395         0.00000
    -43.245         0.00000
    -43.095         0.00000
    -42.945         0.00000
    -42.795         0.00000
    -42.645         0.00000
    -42.495         0.00000
    -42.345         0.00000
    -42.195         0.00000
    -42.045         0.00000
    -41.895         0.00000
    -41.745         0.00000
    -41.595         0.00000
    -41.445         0.00000
    -41.295         0.00000
    -41.145         0.00000
    -40.995         0.00000
    -40.845         0.00000
    -40.695         0.00000
    -40.545         0.00000
    -40.395         0.00000
    -40.245         0.00000
    -40.095         0.00000
    -39.945         0.00000
    -39.795         0.00000
    -39.645         0.00000
    -39.495         0.00000
    -39.345         0.00000
    -39.195         0.00000
    -39.045         0.00000
    -38.895         0.00000
    -38.745         0.00000
    -38.595         0.00000
    -38.445         0.00000
    -38.295         0.00000
    -38.145         0.00000
    -37.995         0.00000
    -37.845         0.00000
    -37.695         0.00000
    -37.545         0.00000
    -37.395         0.00000
    -37.245         0.00000
    -37.095         0.00000
    -36.945         0.00000
    -36.795         0.00000
    -36.645         0.00000
    -36.495         0.00000
    -36.345         0.00000
    -36.195         0.00000
    -36.045         0.00000
    -35.895         0.00000
    -35.745         0.00000
    -35.595         0.00000
    -35.445         0.00000
    -35.295         0.00000
    -35.145         0.00000
    -34.995         0.00000
    -34.845         0.00000
    -34.695         0.00000
    -34.545         0.00000
    -34.395         0.00000
    -34.245         0.00000
    -34.095         0.00000
    -33.945         0.00000
    -33.795         0.00000
    -33.645         0.00000
    -33.495         0.00000
    -33.345         0.00000
    -33.195         0.00000
    -33.045         0.00000
    -32.895         0.00000
    -32.745         0.00000
    -32.595         0.00000
    -32.445         0.00000
    -32.295         0.00000
    -32.145         0.00000
    -31.995         0.00000
    -31.845         0.00000
    -31.695         0.00000
    -31.545         0.00000
    -31.395         0.00000
    -31.245         0.00000
    -31.095         0.00000
    -30.945         0.00000
    -30.795         0.00000
    -30.645         0.00000
    -30.495         0.00000
    -30.345         0.00000
    -30.195         0.00000
    -30.045         0.00000
    -29.895         0.00000
    -29.745         0.00000
    -29.595         0.00000
    -29.445         0.00000
    -29.295         0.00000
    -29.145         0.00000
    -28.995         0.00000
    -28.845         0.00000
    -28.695         0.00000
    -28.545         0.00000
    -28.395         0.00000
    -28.245         0.00000
    -28.095         0.00000
    -27.945         0.00000
    -27.795         0.00000
    -27.645         0.00000
    -27.495         0.00000
    -27.345         0.00000
    -27.195         0.00000
    -27.045         0.00000
    -26.895         0.00000
    -26.745         0.00000
    -26.595         0.00000
    -26.445         0.00000
    -26.295         0.00000
    -26.145         0.00000
    -25.995         0.00000
    -25.845         0.00000
    -25.695         0.00000
    -25.545         0.00000
    -25.395         0.00000
    -25.245         0.00000
    -25.095         0.00000
    -24.945         0.00000
    -24.795         0.00000
    -24.645         0.00000
    -24.495         0.00000
    -24.345         0.00000
    -24.195         0.00000
    -24.045         0.00000
    -23.895         0.00000
    -23.745         0.00000
    -23.595         0.00000
    -23.445         0.00000
    -23.295         0.00000
    -23.145         0.00000
    -22.995         0.00000
    -22.845         0.00000
    -22.695         0.00000
    -22.545         0.00000
    -22.395         0.00000
    -22.245         0.00000
    -22.095         0.00000
    -21.945         0.00000
    -21.795         0.00000
    -21.645         0.00000
    -21.495         0.00000
    -21.345         0.00000
    -21.195         0.00000
    -21.045         0.00000
    -20.895         0.00000
    -20.745         0.00000
    -20.595         0.00000
    -20.445         0.00000
    -20.295         0.00000
    -20.145         0.00000
    -19.995         0.00000
    -19.845         0.00000
    -19.695         0.00000
    -19.545         0.00000
    -19.395         0.00000
    -19.245         0.00000
    -19.095         0.00000
    -18.945         0.00000
    -18.795         0.00000
    -18.645         0.00000
    -18.495         0.00000
    -18.345         0.00000
    -18.195         0.00000
    -18.045         0.00000
    -17.895         0.00000
    -17.745         0.00000
    -17.595         0.00000
    -17.445         0.00000
    -17.295         0.00000
    -17.145         0.00000
    -16.995         0.00000
    -16.845         0.00000
    -16.695         0.00000
    -16.545         0.00000
    -16.395         0.00000
    -16.245         0.00000
    -16.095         0.00000
    -15.945         0.00000
    -15.795         0.00000
    -15.645         0.00000
    -15.495         0.00000
    -15.345         0.00000
    -15.195         0.00000
    -15.045         0.00000
    -14.895         0.00000
    -14.745         0.00000
    -14.595         0.00000
    -14.445         0.00000
    -14.295         0.00000
    -14.145         0.00000
    -13.995         0.00000
    -13.845         0.00000
    -13.695         0.00000
    -13.545         0.00000
    -13.395         0.00000
    -13.245         0.00000
    -13.095         0.00000
    -12.945         0.00000
    -12.795         0.00000
    -12.645         0.00000
    -12.495         0.00000
    -12.345         0.00000
    -12.195         0.00000
    -12.045         0.00000
    -11.895         0.00000
    -11.745         0.00000
    -11.595         0.00000
    -11.445         0.00000
    -11.295         0.00000
    -11.145         0.00000
    -10.995         0.00000
    -10.845         0.00000
    -10.695         0.00000
    -10.545         0.00000
    -10.395         0.00000
    -10.245         0.00000
    -10.095         0.00000
    -9.9450         0.00000
    -9.7950         0.00000
    -9.6450         0.00000
    -9.4950         0.00000
    -9.3450         0.00000
    -9.1950         0.00000
    -9.0450         0.00000
    -8.8950         0.00000
    -8.7450         0.00000
    -8.5950         0.00000
    -8.4450         0.00000
    -8.2950         0.00000
    -8.1450         0.00000
    -7.9950         0.00000
    -7.8450         0.00000
    -7.6950         0.00000
    -7.5450         0.00000
    -7.3950         0.00000
    -7.2450         0.00000
    -7.0950        -0.00002
    -6.9450        -0.00022
    -6.7950        -0.00211
    -6.6450        -0.00741
    -6.4950        -0.02094
    -6.3450        -0.04615
    -6.1950        -0.08772
    -6.0450        -0.15170
    -5.8950        -0.24572
    -5.7450        -0.37256
    -5.5950        -0.52812
    -5.4450        -0.70734
    -5.2950        -0.90744
    -5.1450        -1.12238
    -4.9950        -1.34208
    -4.8450        -1.56566
    -4.6950        -1.78718
    -4.5450        -2.00693
    -4.3950        -2.22105
    -4.2450        -2.42819
    -4.0950        -2.62843
    -3.9450        -2.81967
    -3.7950        -3.00598
    -3.6450        -3.18127
    -3.4950        -3.35124
    -3.3450        -3.51766
    -3.1950        -3.67983
    -3.0450        -3.83747
    -2.8950        -3.99515
    -2.7450        -4.15319
    -2.5950        -4.31577
    -2.4450        -4.48335
    -2.2950        -4.66045
    -2.1450        -4.85313
    -1.9950        -5.06879
    -1.8450        -5.31644
    -1.6950        -5.60828
    -1.5450        -5.96354
    -1.3950        -6.41368
    -1.2450        -6.98092
    -1.0950        -7.67919
   -0.94500        -8.54222
   -0.79500        -9.62422
   -0.64500       -10.97648
   -0.49500       -12.62447
   -0.34500       -14.76638
   -0.22700       -15.67297
   -0.21300       -15.79132
   -0.20700       -15.91232
   -0.20100       -16.03622
   -0.19500       -16.16294
   -0.18900       -16.29313
   -0.18300       -16.42688
   -0.17700       -16.56446
   -0.17100       -16.70585
   -0.16500       -16.85119
   -0.15900       -17.00153
   -0.15300       -17.15676
   -0.14700       -17.31730
   -0.14100       -17.48374
   -0.13500       -17.65615
   -0.12900       -17.83601
   -0.12300       -18.02322
   -0.11700       -18.21870
   -0.11100       -18.42354
   -0.10500       -18.63898
   -0.99000E-01   -18.86551
   -0.93000E-01   -19.10492
   -0.87000E-01   -19.35901
   -0.81000E-01   -19.62922
   -0.75000E-01   -19.91891
   -0.69000E-01   -20.23095
   -0.63000E-01   -20.56960
   -0.57000E-01   -20.94058
   -0.51000E-01   -21.35287
   -0.45000E-01   -21.81727
   -0.39000E-01   -22.35111
   -0.33000E-01   -22.98031
   -0.27000E-01   -23.75046
   -0.21300E-01   -24.39470
   -0.19500E-01   -24.50012
   -0.18900E-01   -24.60880
   -0.18300E-01   -24.72103
   -0.17700E-01   -24.83713
   -0.17100E-01   -24.95731
   -0.16500E-01   -25.08182
   -0.15900E-01   -25.21106
   -0.15300E-01   -25.34559
   -0.14700E-01   -25.48557
   -0.14100E-01   -25.63150
   -0.13500E-01   -25.78402
   -0.12900E-01   -25.94391
   -0.12300E-01   -26.11169
   -0.11700E-01   -26.28839
   -0.11100E-01   -26.47478
   -0.10500E-01   -26.67221
   -0.99000E-02   -26.88201
   -0.93000E-02   -27.10622
   -0.87000E-02   -27.34717
   -0.81000E-02   -27.60791
   -0.75000E-02   -27.89243
   -0.69000E-02   -28.20617
   -0.63000E-02   -28.55513
   -0.57000E-02   -28.94568
   -0.51000E-02   -29.38495
   -0.45000E-02   -29.88120
   -0.39000E-02   -30.44328
   -0.33000E-02   -31.08189
   -0.27000E-02   -31.81049
   -0.21000E-02   -32.65156
   -0.15000E-02   -33.64104
   -0.90000E-03   -34.62599
   -0.30000E-03   -35.04439
    0.30000E-03   -34.62620
    0.90000E-03   -33.64123
    0.15000E-02   -32.65195
    0.21000E-02   -31.81104
    0.27000E-02   -31.08275
    0.33000E-02   -30.44469
    0.39000E-02   -29.88316
    0.45000E-02   -29.38766
    0.51000E-02   -28.94904
    0.57000E-02   -28.55926
    0.63000E-02   -28.21117
    0.69000E-02   -27.89803
    0.75000E-02   -27.61403
    0.81000E-02   -27.35402
    0.87000E-02   -27.11371
    0.93000E-02   -26.88993
    0.99000E-02   -26.68052
    0.10500E-01   -26.48369
    0.11100E-01   -26.29793
    0.11700E-01   -26.12186
    0.12300E-01   -25.95466
    0.12900E-01   -25.79552
    0.13500E-01   -25.64356
    0.14100E-01   -25.49813
    0.14700E-01   -25.35863
    0.15300E-01   -25.22481
    0.15900E-01   -25.09612
    0.16500E-01   -24.97216
    0.17100E-01   -24.85267
    0.17700E-01   -24.73710
    0.18300E-01   -24.62537
    0.18900E-01   -24.51722
    0.19500E-01   -24.41253
    0.21300E-01   -23.77281
    0.27000E-01   -23.00966
    0.33000E-01   -22.39014
    0.39000E-01   -21.86973
    0.45000E-01   -21.42287
    0.51000E-01   -21.03270
    0.57000E-01   -20.68769
    0.63000E-01   -20.37935
    0.69000E-01   -20.10120
    0.75000E-01   -19.84858
    0.81000E-01   -19.61798
    0.87000E-01   -19.40574
    0.93000E-01   -19.20965
    0.99000E-01   -19.02809
    0.10500       -18.85953
    0.11100       -18.70170
    0.11700       -18.55386
    0.12300       -18.41542
    0.12900       -18.28475
    0.13500       -18.16209
    0.14100       -18.04592
    0.14700       -17.93608
    0.15300       -17.83172
    0.15900       -17.73255
    0.16500       -17.63850
    0.17100       -17.54899
    0.17700       -17.46308
    0.18300       -17.38100
    0.18900       -17.30251
    0.19500       -17.22719
    0.20100       -17.15456
    0.20700       -17.08456
    0.21300       -17.01790
    0.22700       -16.53668
    0.34500       -15.58983
    0.49500       -15.00223
    0.64500       -14.55632
    0.79500       -14.19128
    0.94500       -13.88479
     1.0950       -13.62360
     1.2450       -13.39950
     1.3950       -13.20387
     1.5450       -13.03201
     1.6950       -12.87813
     1.8450       -12.74107
     1.9950       -12.61655
     2.1450       -12.50416
     2.2950       -12.40205
     2.4450       -12.30703
     2.5950       -12.22062
     2.7450       -12.14402
     2.8950       -12.07291
     3.0450       -12.00764
     3.1950       -11.94568
     3.3450       -11.88745
     3.4950       -11.83531
     3.6450       -11.78538
     3.7950       -11.73843
     3.9450       -11.69392
     4.0950       -11.65159
     4.2450       -11.61071
     4.3950       -11.57240
     4.5450       -11.53551
     4.6950       -11.49992
     4.8450       -11.46595
     4.9950       -11.43288
     5.1450       -11.40093
     5.2950       -11.37026
     5.4450       -11.34051
     5.5950       -11.31162
     5.7450       -11.28330
     5.8950       -11.25599
     6.0450       -11.22944
     6.1950       -11.20347
     6.3450       -11.17841
     6.4950       -11.15384
     6.6450       -11.12972
     6.7950       -11.10628
     6.9450       -11.08331
     7.0950       -11.06090
     7.2450       -11.03904
     7.3950       -11.01769
     7.5450       -10.99681
     7.6950       -10.97633
     7.8450       -10.95624
     7.9950       -10.93658
     8.1450       -10.91731
     8.2950       -10.89836
     8.4450       -10.87975
     8.5950       -10.86151
     8.7450       -10.84355
     8.8950       -10.82598
     9.0450       -10.80865
     9.1950       -10.79164
     9.3450       -10.77493
     9.4950       -10.75853
     9.6450       -10.74238
     9.7950       -10.72647
     9.9450       -10.71078
     10.095       -10.69539
     10.245       -10.68024
     10.395       -10.66529
     10.545       -10.65053
     10.695       -10.63601
     10.845       -10.62169
     10.995       -10.60761
     11.145       -10.59369
     11.295       -10.57994
     11.445       -10.56643
     11.595       -10.55310
     11.745       -10.53996
     11.895       -10.52700
     12.045       -10.51414
     12.195       -10.50152
     12.345       -10.48904
     12.495       -10.47676
     12.645       -10.46457
     12.795       -10.45251
     12.945       -10.44064
     13.095       -10.42891
     13.245       -10.41735
     13.395       -10.40590
     13.545       -10.39458
     13.695       -10.38337
     13.845       -10.37229
     13.995       -10.36135
     14.145       -10.35053
     14.295       -10.33988
     14.445       -10.32927
     14.595       -10.31883
     14.745       -10.30850
     14.895       -10.29825
     15.045       -10.28811
     15.195       -10.27810
     15.345       -10.26819
     15.495       -10.25839
     15.645       -10.24865
     15.795       -10.23899
     15.945       -10.22940
     16.095       -10.21997
     16.245       -10.21062
     16.395       -10.20135
     16.545       -10.19217
     16.695       -10.18309
     16.845       -10.17406
     16.995       -10.16513
     17.145       -10.15629
     17.295       -10.14755
     17.445       -10.13888
     17.595       -10.13026
     17.745       -10.12176
     17.895       -10.11332
     18.045       -10.10497
     18.195       -10.09666
     18.345       -10.08843
     18.495       -10.08027
     18.645       -10.07217
     18.795       -10.06418
     18.945       -10.05622
     19.095       -10.04833
     19.245       -10.04055
     19.395       -10.03281
     19.545       -10.02511
     19.695       -10.01748
     19.845       -10.00990
     19.995       -10.00241
     20.145        -9.99498
     20.295        -9.98761
     20.445        -9.98027
     20.595        -9.97298
     20.745        -9.96576
     20.895        -9.95863
     21.045        -9.95153
     21.195        -9.94449
     21.345        -9.93748
     21.495        -9.93054
     21.645        -9.92364
     21.795        -9.91679
     21.945        -9.90998
     22.095        -9.90321
     22.245        -9.89651
     22.395        -9.88984
     22.545        -9.88323
     22.695        -9.87667
     22.845        -9.87017
     22.995        -9.86372
     23.145        -9.85729
     23.295        -9.85095
     23.445        -9.84459
     23.595        -9.83831
     23.745        -9.83204
     23.895        -9.82586
     24.045        -9.81968
     24.195        -9.81353
     24.345        -9.80742
     24.495        -9.80135
     24.645        -9.79535
     24.795        -9.78937
     24.945        -9.78344
     25.095        -9.77755
     25.245        -9.77168
     25.395        -9.76586
     25.545        -9.76009
     25.695        -9.75433
     25.845        -9.74862
     25.995        -9.74293
     26.145        -9.73729
     26.295        -9.73165
     26.445        -9.72610
     26.595        -9.72057
     26.745        -9.71510
     26.895        -9.70963
     27.045        -9.70419
     27.195        -9.69877
     27.345        -9.69340
     27.495        -9.68807
     27.645        -9.68275
     27.795        -9.67744
     27.945        -9.67220
     28.095        -9.66697
     28.245        -9.66176
     28.395        -9.65662
     28.545        -9.65151
     28.695        -9.64642
     28.845        -9.64133
     28.995        -9.63628
     29.145        -9.63125
     29.295        -9.62625
     29.445        -9.62129
     29.595        -9.61633
     29.745        -9.61142
     29.895        -9.60652
     30.045        -9.60167
     30.195        -9.59682
     30.345        -9.59201
     30.495        -9.58725
     30.645        -9.58247
     30.795        -9.57774
     30.945        -9.57304
     31.095        -9.56837
     31.245        -9.56373
     31.395        -9.55911
     31.545        -9.55449
     31.695        -9.54988
     31.845        -9.54533
     31.995        -9.54081
     32.145        -9.53628
     32.295        -9.53179
     32.445        -9.52732
     32.595        -9.52287
     32.745        -9.51843
     32.895        -9.51402
     33.045        -9.50962
     33.195        -9.50525
     33.345        -9.50092
     33.495        -9.49661
     33.645        -9.49233
     33.795        -9.48806
     33.945        -9.48381
     34.095        -9.47956
     34.245        -9.47535
     34.395        -9.47115
     34.545        -9.46697
     34.695        -9.46282
     34.845        -9.45868
     34.995        -9.45456
     35.145        -9.45045
     35.295        -9.44637
     35.445        -9.44232
     35.595        -9.43827
     35.745        -9.43425
     35.895        -9.43024
     36.045        -9.42624
     36.195        -9.42227
     36.345        -9.41832
     36.495        -9.41437
     36.645        -9.41045
     36.795        -9.40654
     36.945        -9.40264
     37.095        -9.39876
     37.245        -9.39492
     37.395        -9.39108
     37.545        -9.38727
     37.695        -9.38346
     37.845        -9.37967
     37.995        -9.37589
     38.145        -9.37214
     38.295        -9.36841
     38.445        -9.36468
     38.595        -9.36098
     38.745        -9.35727
     38.895        -9.35359
     39.045        -9.34993
     39.195        -9.34630
     39.345        -9.34267
     39.495        -9.33906
     39.645        -9.33545
     39.795        -9.33185
     39.945        -9.32828
     40.095        -9.32472
     40.245        -9.32116
     40.395        -9.31762
     40.545        -9.31410
     40.695        -9.31061
     40.845        -9.30713
     40.995        -9.30363
     41.145        -9.30019
     41.295        -9.29675
     41.445        -9.29331
     41.595        -9.28990
     41.745        -9.28651
     41.895        -9.28313
     42.045        -9.27975
     42.195        -9.27638
     42.345        -9.27303
     42.495        -9.26969
     42.645        -9.26636
     42.795        -9.26304
     42.945        -9.25974
     43.095        -9.25646
     43.245        -9.25318
     43.395        -9.24991
     43.545        -9.24664
     43.695        -9.24338
     43.845        -9.24016
     43.995        -9.23693
     44.145        -9.23372
     44.295        -9.23054
     44.445        -9.22736
     44.595        -9.22419
     44.745        -9.22102
     44.895        -9.21786
     45.045        -9.21471
     45.195        -9.21159
     45.345        -9.20848
     45.495        -9.20536
     45.645        -9.20228
     45.795        -9.19921
     45.945        -9.19615
     46.095        -9.19311
     46.245        -9.19007
     46.395        -9.18703
     46.545        -9.18401
     46.695        -9.18100
     46.845        -9.17800
     46.995        -9.17503
     47.145        -9.17203
     47.295        -9.16906
     47.445        -9.16611
     47.595        -9.16314
     47.745        -9.16022
     47.895        -9.15729
     48.045        -9.15438
     48.195        -9.15148
     48.345        -9.14859
     48.495        -9.14570
     48.645        -9.14281
     48.795        -9.13994
     48.945        -9.13705
     49.095        -9.13416
     49.245        -9.13130
     49.395        -9.12847
     49.545        -9.12564
     49.695        -9.12280
     49.845        -9.12000
     49.995        -9.11719
     50.145        -9.11440
     50.295        -9.11161
     50.445        -9.10884
     50.595        -9.10606
     50.745        -9.10329
     50.895        -9.10055
     51.045        -9.09780
     51.195        -9.09506
     51.345        -9.09236
     51.495        -9.08964
     51.645        -9.08694
     51.795        -9.08424
     51.945        -9.08155
     52.095        -9.07886
     52.245        -9.07621
     52.395        -9.07357
     52.545        -9.07093
     52.695        -9.06826
     52.845        -9.06563
     52.995        -9.06299
     53.145        -9.06035
     53.295        -9.05774
     53.445        -9.05514
     53.595        -9.05253
     53.745        -9.04996
     53.895        -9.04738
     54.045        -9.04481
     54.195        -9.04224
     54.345        -9.03967
     54.495        -9.03713
     54.645        -9.03457
     54.795        -9.03205
     54.945        -9.02954
     55.095        -9.02702
     59.433        -8.82996
     80.646        -8.54300
     111.21        -8.26525
     153.36        -7.99699
     211.49        -7.73801
     291.64        -7.48856
     402.18        -7.24828
     554.60        -7.01704
     764.80        -6.79427
     1054.7        -6.58010
     1454.4        -6.37432
     2005.6        -6.17643
     2765.8        -5.98595
     3814.0        -5.80279
     5259.5        -5.62667
     7252.9        -5.45723
     10002.        -5.29421
     13793.        -5.13770
     19020.        -4.98760
     26229.        -4.84398
     36170.        -4.70658
     49878.        -4.57538
     68782.        -4.45022
     94851.        -4.33079
    0.13080E+06    -4.21710
    0.18038E+06    -4.10869
    0.24874E+06    -4.00550
    0.34301E+06    -3.90725
    0.47302E+06    -3.81389
    0.65229E+06    -3.72491
    0.89952E+06    -3.64027
    0.12404E+07    -3.55976
    0.17106E+07    -3.48332
    0.23589E+07    -3.41053
    0.32529E+07    -3.34143
    0.44858E+07    -3.27553
    0.61860E+07    -3.21298
    0.85305E+07    -3.15346
    0.11764E+08    -3.09691
    0.16222E+08    -3.04311
    0.22370E+08    -2.99203
    0.30849E+08    -2.94366
    0.42541E+08    -2.89819
    0.58664E+08    -2.85563
    0.80898E+08    -2.81579
    0.11156E+09    -2.77845
    0.15384E+09    -2.74346
    0.21215E+09    -2.71057
    0.29255E+09    -2.67980
    0.40343E+09    -2.65082
    0.55633E+09    -2.62374
    0.76719E+09    -2.59899
    0.10580E+10    -2.57642
    0.14589E+10    -2.55570
    0.20119E+10    -2.53658
    0.27744E+10    -2.51894
    0.38259E+10    -2.50271
    0.52760E+10    -2.48773
    0.72756E+10    -2.47392
    0.10033E+11    -2.46111
    0.13836E+11    -2.44931
    0.19079E+11    -2.43842
    0.26311E+11    -2.42833
    0.36283E+11    -2.41907
    0.50034E+11    -2.41050
    0.68997E+11    -2.40257
    0.10000E+12    -2.30741
