    -99.945         0.00000     0.00000     0.00000     0.00000
    -99.795         0.00000     0.00000     0.00000     0.00000
    -99.645         0.00000     0.00000     0.00000     0.00000
    -99.495         0.00000     0.00000     0.00000     0.00000
    -99.345         0.00000     0.00000     0.00000     0.00000
    -99.195         0.00000     0.00000     0.00000     0.00000
    -99.045         0.00000     0.00000     0.00000     0.00000
    -98.895         0.00000     0.00000     0.00000     0.00000
    -98.745         0.00000     0.00000     0.00000     0.00000
    -98.595         0.00000     0.00000     0.00000     0.00000
    -98.445         0.00000     0.00000     0.00000     0.00000
    -98.295         0.00000     0.00000     0.00000     0.00000
    -98.145         0.00000     0.00000     0.00000     0.00000
    -97.995         0.00000     0.00000     0.00000     0.00000
    -97.845         0.00000     0.00000     0.00000     0.00000
    -97.695         0.00000     0.00000     0.00000     0.00000
    -97.545         0.00000     0.00000     0.00000     0.00000
    -97.395         0.00000     0.00000     0.00000     0.00000
    -97.245         0.00000     0.00000     0.00000     0.00000
    -97.095         0.00000     0.00000     0.00000     0.00000
    -96.945         0.00000     0.00000     0.00000     0.00000
    -96.795         0.00000     0.00000     0.00000     0.00000
    -96.645         0.00000     0.00000     0.00000     0.00000
    -96.495         0.00000     0.00000     0.00000     0.00000
    -96.345         0.00000     0.00000     0.00000     0.00000
    -96.195         0.00000     0.00000     0.00000     0.00000
    -96.045         0.00000     0.00000     0.00000     0.00000
    -95.895         0.00000     0.00000     0.00000     0.00000
    -95.745         0.00000     0.00000     0.00000     0.00000
    -95.595         0.00000     0.00000     0.00000     0.00000
    -95.445         0.00000     0.00000     0.00000     0.00000
    -95.295         0.00000     0.00000     0.00000     0.00000
    -95.145         0.00000     0.00000     0.00000     0.00000
    -94.995         0.00000     0.00000     0.00000     0.00000
    -94.845         0.00000     0.00000     0.00000     0.00000
    -94.695         0.00000     0.00000     0.00000     0.00000
    -94.545         0.00000     0.00000     0.00000     0.00000
    -94.395         0.00000     0.00000     0.00000     0.00000
    -94.245         0.00000     0.00000     0.00000     0.00000
    -94.095         0.00000     0.00000     0.00000     0.00000
    -93.945         0.00000     0.00000     0.00000     0.00000
    -93.795         0.00000     0.00000     0.00000     0.00000
    -93.645         0.00000     0.00000     0.00000     0.00000
    -93.495         0.00000     0.00000     0.00000     0.00000
    -93.345         0.00000     0.00000     0.00000     0.00000
    -93.195         0.00000     0.00000     0.00000     0.00000
    -93.045         0.00000     0.00000     0.00000     0.00000
    -92.895         0.00000     0.00000     0.00000     0.00000
    -92.745         0.00000     0.00000     0.00000     0.00000
    -92.595         0.00000     0.00000     0.00000     0.00000
    -92.445         0.00000     0.00000     0.00000     0.00000
    -92.295         0.00000     0.00000     0.00000     0.00000
    -92.145         0.00000     0.00000     0.00000     0.00000
    -91.995         0.00000     0.00000     0.00000     0.00000
    -91.845         0.00000     0.00000     0.00000     0.00000
    -91.695         0.00000     0.00000     0.00000     0.00000
    -91.545         0.00000     0.00000     0.00000     0.00000
    -91.395         0.00000     0.00000     0.00000     0.00000
    -91.245         0.00000     0.00000     0.00000     0.00000
    -91.095         0.00000     0.00000     0.00000     0.00000
    -90.945         0.00000     0.00000     0.00000     0.00000
    -90.795         0.00000     0.00000     0.00000     0.00000
    -90.645         0.00000     0.00000     0.00000     0.00000
    -90.495         0.00000     0.00000     0.00000     0.00000
    -90.345         0.00000     0.00000     0.00000     0.00000
    -90.195         0.00000     0.00000     0.00000     0.00000
    -90.045         0.00000     0.00000     0.00000     0.00000
    -89.895         0.00000     0.00000     0.00000     0.00000
    -89.745         0.00000     0.00000     0.00000     0.00000
    -89.595         0.00000     0.00000     0.00000     0.00000
    -89.445         0.00000     0.00000     0.00000     0.00000
    -89.295         0.00000     0.00000     0.00000     0.00000
    -89.145         0.00000     0.00000     0.00000     0.00000
    -88.995         0.00000     0.00000     0.00000     0.00000
    -88.845         0.00000     0.00000     0.00000     0.00000
    -88.695         0.00000     0.00000     0.00000     0.00000
    -88.545         0.00000     0.00000     0.00000     0.00000
    -88.395         0.00000     0.00000     0.00000     0.00000
    -88.245         0.00000     0.00000     0.00000     0.00000
    -88.095         0.00000     0.00000     0.00000     0.00000
    -87.945         0.00000     0.00000     0.00000     0.00000
    -87.795         0.00000     0.00000     0.00000     0.00000
    -87.645         0.00000     0.00000     0.00000     0.00000
    -87.495         0.00000     0.00000     0.00000     0.00000
    -87.345         0.00000     0.00000     0.00000     0.00000
    -87.195         0.00000     0.00000     0.00000     0.00000
    -87.045         0.00000     0.00000     0.00000     0.00000
    -86.895         0.00000     0.00000     0.00000     0.00000
    -86.745         0.00000     0.00000     0.00000     0.00000
    -86.595         0.00000     0.00000     0.00000     0.00000
    -86.445         0.00000     0.00000     0.00000     0.00000
    -86.295         0.00000     0.00000     0.00000     0.00000
    -86.145         0.00000     0.00000     0.00000     0.00000
    -85.995         0.00000     0.00000     0.00000     0.00000
    -85.845         0.00000     0.00000     0.00000     0.00000
    -85.695         0.00000     0.00000     0.00000     0.00000
    -85.545         0.00000     0.00000     0.00000     0.00000
    -85.395         0.00000     0.00000     0.00000     0.00000
    -85.245         0.00000     0.00000     0.00000     0.00000
    -85.095         0.00000     0.00000     0.00000     0.00000
    -84.945         0.00000     0.00000     0.00000     0.00000
    -84.795         0.00000     0.00000     0.00000     0.00000
    -84.645         0.00000     0.00000     0.00000     0.00000
    -84.495         0.00000     0.00000     0.00000     0.00000
    -84.345         0.00000     0.00000     0.00000     0.00000
    -84.195         0.00000     0.00000     0.00000     0.00000
    -84.045         0.00000     0.00000     0.00000     0.00000
    -83.895         0.00000     0.00000     0.00000     0.00000
    -83.745         0.00000     0.00000     0.00000     0.00000
    -83.595         0.00000     0.00000     0.00000     0.00000
    -83.445         0.00000     0.00000     0.00000     0.00000
    -83.295         0.00000     0.00000     0.00000     0.00000
    -83.145         0.00000     0.00000     0.00000     0.00000
    -82.995         0.00000     0.00000     0.00000     0.00000
    -82.845         0.00000     0.00000     0.00000     0.00000
    -82.695         0.00000     0.00000     0.00000     0.00000
    -82.545         0.00000     0.00000     0.00000     0.00000
    -82.395         0.00000     0.00000     0.00000     0.00000
    -82.245         0.00000     0.00000     0.00000     0.00000
    -82.095         0.00000     0.00000     0.00000     0.00000
    -81.945         0.00000     0.00000     0.00000     0.00000
    -81.795         0.00000     0.00000     0.00000     0.00000
    -81.645         0.00000     0.00000     0.00000     0.00000
    -81.495         0.00000     0.00000     0.00000     0.00000
    -81.345         0.00000     0.00000     0.00000     0.00000
    -81.195         0.00000     0.00000     0.00000     0.00000
    -81.045         0.00000     0.00000     0.00000     0.00000
    -80.895         0.00000     0.00000     0.00000     0.00000
    -80.745         0.00000     0.00000     0.00000     0.00000
    -80.595         0.00000     0.00000     0.00000     0.00000
    -80.445         0.00000     0.00000     0.00000     0.00000
    -80.295         0.00000     0.00000     0.00000     0.00000
    -80.145         0.00000     0.00000     0.00000     0.00000
    -79.995         0.00000     0.00000     0.00000     0.00000
    -79.845         0.00000     0.00000     0.00000     0.00000
    -79.695         0.00000     0.00000     0.00000     0.00000
    -79.545         0.00000     0.00000     0.00000     0.00000
    -79.395         0.00000     0.00000     0.00000     0.00000
    -79.245         0.00000     0.00000     0.00000     0.00000
    -79.095         0.00000     0.00000     0.00000     0.00000
    -78.945         0.00000     0.00000     0.00000     0.00000
    -78.795         0.00000     0.00000     0.00000     0.00000
    -78.645         0.00000     0.00000     0.00000     0.00000
    -78.495         0.00000     0.00000     0.00000     0.00000
    -78.345         0.00000     0.00000     0.00000     0.00000
    -78.195         0.00000     0.00000     0.00000     0.00000
    -78.045         0.00000     0.00000     0.00000     0.00000
    -77.895         0.00000     0.00000     0.00000     0.00000
    -77.745         0.00000     0.00000     0.00000     0.00000
    -77.595         0.00000     0.00000     0.00000     0.00000
    -77.445         0.00000     0.00000     0.00000     0.00000
    -77.295         0.00000     0.00000     0.00000     0.00000
    -77.145         0.00000     0.00000     0.00000     0.00000
    -76.995         0.00000     0.00000     0.00000     0.00000
    -76.845         0.00000     0.00000     0.00000     0.00000
    -76.695         0.00000     0.00000     0.00000     0.00000
    -76.545         0.00000     0.00000     0.00000     0.00000
    -76.395         0.00000     0.00000     0.00000     0.00000
    -76.245         0.00000     0.00000     0.00000     0.00000
    -76.095         0.00000     0.00000     0.00000     0.00000
    -75.945         0.00000     0.00000     0.00000     0.00000
    -75.795         0.00000     0.00000     0.00000     0.00000
    -75.645         0.00000     0.00000     0.00000     0.00000
    -75.495         0.00000     0.00000     0.00000     0.00000
    -75.345         0.00000     0.00000     0.00000     0.00000
    -75.195         0.00000     0.00000     0.00000     0.00000
    -75.045         0.00000     0.00000     0.00000     0.00000
    -74.895         0.00000     0.00000     0.00000     0.00000
    -74.745         0.00000     0.00000     0.00000     0.00000
    -74.595         0.00000     0.00000     0.00000     0.00000
    -74.445         0.00000     0.00000     0.00000     0.00000
    -74.295         0.00000     0.00000     0.00000     0.00000
    -74.145         0.00000     0.00000     0.00000     0.00000
    -73.995         0.00000     0.00000     0.00000     0.00000
    -73.845         0.00000     0.00000     0.00000     0.00000
    -73.695         0.00000     0.00000     0.00000     0.00000
    -73.545         0.00000     0.00000     0.00000     0.00000
    -73.395         0.00000     0.00000     0.00000     0.00000
    -73.245         0.00000     0.00000     0.00000     0.00000
    -73.095         0.00000     0.00000     0.00000     0.00000
    -72.945         0.00000     0.00000     0.00000     0.00000
    -72.795         0.00000     0.00000     0.00000     0.00000
    -72.645         0.00000     0.00000     0.00000     0.00000
    -72.495         0.00000     0.00000     0.00000     0.00000
    -72.345         0.00000     0.00000     0.00000     0.00000
    -72.195         0.00000     0.00000     0.00000     0.00000
    -72.045         0.00000     0.00000     0.00000     0.00000
    -71.895         0.00000     0.00000     0.00000     0.00000
    -71.745         0.00000     0.00000     0.00000     0.00000
    -71.595         0.00000     0.00000     0.00000     0.00000
    -71.445         0.00000     0.00000     0.00000     0.00000
    -71.295         0.00000     0.00000     0.00000     0.00000
    -71.145         0.00000     0.00000     0.00000     0.00000
    -70.995         0.00000     0.00000     0.00000     0.00000
    -70.845         0.00000     0.00000     0.00000     0.00000
    -70.695         0.00000     0.00000     0.00000     0.00000
    -70.545         0.00000     0.00000     0.00000     0.00000
    -70.395         0.00000     0.00000     0.00000     0.00000
    -70.245         0.00000     0.00000     0.00000     0.00000
    -70.095         0.00000     0.00000     0.00000     0.00000
    -69.945         0.00000     0.00000     0.00000     0.00000
    -69.795         0.00000     0.00000     0.00000     0.00000
    -69.645         0.00000     0.00000     0.00000     0.00000
    -69.495         0.00000     0.00000     0.00000     0.00000
    -69.345         0.00000     0.00000     0.00000     0.00000
    -69.195         0.00000     0.00000     0.00000     0.00000
    -69.045         0.00000     0.00000     0.00000     0.00000
    -68.895         0.00000     0.00000     0.00000     0.00000
    -68.745         0.00000     0.00000     0.00000     0.00000
    -68.595         0.00000     0.00000     0.00000     0.00000
    -68.445         0.00000     0.00000     0.00000     0.00000
    -68.295         0.00000     0.00000     0.00000     0.00000
    -68.145         0.00000     0.00000     0.00000     0.00000
    -67.995         0.00000     0.00000     0.00000     0.00000
    -67.845         0.00000     0.00000     0.00000     0.00000
    -67.695         0.00000     0.00000     0.00000     0.00000
    -67.545         0.00000     0.00000     0.00000     0.00000
    -67.395         0.00000     0.00000     0.00000     0.00000
    -67.245         0.00000     0.00000     0.00000     0.00000
    -67.095         0.00000     0.00000     0.00000     0.00000
    -66.945         0.00000     0.00000     0.00000     0.00000
    -66.795         0.00000     0.00000     0.00000     0.00000
    -66.645         0.00000     0.00000     0.00000     0.00000
    -66.495         0.00000     0.00000     0.00000     0.00000
    -66.345         0.00000     0.00000     0.00000     0.00000
    -66.195         0.00000     0.00000     0.00000     0.00000
    -66.045         0.00000     0.00000     0.00000     0.00000
    -65.895         0.00000     0.00000     0.00000     0.00000
    -65.745         0.00000     0.00000     0.00000     0.00000
    -65.595         0.00000     0.00000     0.00000     0.00000
    -65.445         0.00000     0.00000     0.00000     0.00000
    -65.295         0.00000     0.00000     0.00000     0.00000
    -65.145         0.00000     0.00000     0.00000     0.00000
    -64.995         0.00000     0.00000     0.00000     0.00000
    -64.845         0.00000     0.00000     0.00000     0.00000
    -64.695         0.00000     0.00000     0.00000     0.00000
    -64.545         0.00000     0.00000     0.00000     0.00000
    -64.395         0.00000     0.00000     0.00000     0.00000
    -64.245         0.00000     0.00000     0.00000     0.00000
    -64.095         0.00000     0.00000     0.00000     0.00000
    -63.945         0.00000     0.00000     0.00000     0.00000
    -63.795         0.00000     0.00000     0.00000     0.00000
    -63.645         0.00000     0.00000     0.00000     0.00000
    -63.495         0.00000     0.00000     0.00000     0.00000
    -63.345         0.00000     0.00000     0.00000     0.00000
    -63.195         0.00000     0.00000     0.00000     0.00000
    -63.045         0.00000     0.00000     0.00000     0.00000
    -62.895         0.00000     0.00000     0.00000     0.00000
    -62.745         0.00000     0.00000     0.00000     0.00000
    -62.595         0.00000     0.00000     0.00000     0.00000
    -62.445         0.00000     0.00000     0.00000     0.00000
    -62.295         0.00000     0.00000     0.00000     0.00000
    -62.145         0.00000     0.00000     0.00000     0.00000
    -61.995         0.00000     0.00000     0.00000     0.00000
    -61.845         0.00000     0.00000     0.00000     0.00000
    -61.695         0.00000     0.00000     0.00000     0.00000
    -61.545         0.00000     0.00000     0.00000     0.00000
    -61.395         0.00000     0.00000     0.00000     0.00000
    -61.245         0.00000     0.00000     0.00000     0.00000
    -61.095         0.00000     0.00000     0.00000     0.00000
    -60.945         0.00000     0.00000     0.00000     0.00000
    -60.795         0.00000     0.00000     0.00000     0.00000
    -60.645         0.00000     0.00000     0.00000     0.00000
    -60.495         0.00000     0.00000     0.00000     0.00000
    -60.345         0.00000     0.00000     0.00000     0.00000
    -60.195         0.00000     0.00000     0.00000     0.00000
    -60.045         0.00000     0.00000     0.00000     0.00000
    -59.895         0.00000     0.00000     0.00000     0.00000
    -59.745         0.00000     0.00000     0.00000     0.00000
    -59.595         0.00000     0.00000     0.00000     0.00000
    -59.445         0.00000     0.00000     0.00000     0.00000
    -59.295         0.00000     0.00000     0.00000     0.00000
    -59.145         0.00000     0.00000     0.00000     0.00000
    -58.995         0.00000     0.00000     0.00000     0.00000
    -58.845         0.00000     0.00000     0.00000     0.00000
    -58.695         0.00000     0.00000     0.00000     0.00000
    -58.545         0.00000     0.00000     0.00000     0.00000
    -58.395         0.00000     0.00000     0.00000     0.00000
    -58.245         0.00000     0.00000     0.00000     0.00000
    -58.095         0.00000     0.00000     0.00000     0.00000
    -57.945         0.00000     0.00000     0.00000     0.00000
    -57.795         0.00000     0.00000     0.00000     0.00000
    -57.645         0.00000     0.00000     0.00000     0.00000
    -57.495         0.00000     0.00000     0.00000     0.00000
    -57.345         0.00000     0.00000     0.00000     0.00000
    -57.195         0.00000     0.00000     0.00000     0.00000
    -57.045         0.00000     0.00000     0.00000     0.00000
    -56.895         0.00000     0.00000     0.00000     0.00000
    -56.745         0.00000     0.00000     0.00000     0.00000
    -56.595         0.00000     0.00000     0.00000     0.00000
    -56.445         0.00000     0.00000     0.00000     0.00000
    -56.295         0.00000     0.00000     0.00000     0.00000
    -56.145         0.00000     0.00000     0.00000     0.00000
    -55.995         0.00000     0.00000     0.00000     0.00000
    -55.845         0.00000     0.00000     0.00000     0.00000
    -55.695         0.00000     0.00000     0.00000     0.00000
    -55.545         0.00000     0.00000     0.00000     0.00000
    -55.395         0.00000     0.00000     0.00000     0.00000
    -55.245         0.00000     0.00000     0.00000     0.00000
    -55.095         0.00000     0.00000     0.00000     0.00000
    -54.945         0.00000     0.00000     0.00000     0.00000
    -54.795         0.00000     0.00000     0.00000     0.00000
    -54.645         0.00000     0.00000     0.00000     0.00000
    -54.495         0.00000     0.00000     0.00000     0.00000
    -54.345         0.00000     0.00000     0.00000     0.00000
    -54.195         0.00000     0.00000     0.00000     0.00000
    -54.045         0.00000     0.00000     0.00000     0.00000
    -53.895         0.00000     0.00000     0.00000     0.00000
    -53.745         0.00000     0.00000     0.00000     0.00000
    -53.595         0.00000     0.00000     0.00000     0.00000
    -53.445         0.00000     0.00000     0.00000     0.00000
    -53.295         0.00000     0.00000     0.00000     0.00000
    -53.145         0.00000     0.00000     0.00000     0.00000
    -52.995         0.00000     0.00000     0.00000     0.00000
    -52.845         0.00000     0.00000     0.00000     0.00000
    -52.695         0.00000     0.00000     0.00000     0.00000
    -52.545         0.00000     0.00000     0.00000     0.00000
    -52.395         0.00000     0.00000     0.00000     0.00000
    -52.245         0.00000     0.00000     0.00000     0.00000
    -52.095         0.00000     0.00000     0.00000     0.00000
    -51.945         0.00000     0.00000     0.00000     0.00000
    -51.795         0.00000     0.00000     0.00000     0.00000
    -51.645         0.00000     0.00000     0.00000     0.00000
    -51.495         0.00000     0.00000     0.00000     0.00000
    -51.345         0.00000     0.00000     0.00000     0.00000
    -51.195         0.00000     0.00000     0.00000     0.00000
    -51.045         0.00000     0.00000     0.00000     0.00000
    -50.895         0.00000     0.00000     0.00000     0.00000
    -50.745         0.00000     0.00000     0.00000     0.00000
    -50.595         0.00000     0.00000     0.00000     0.00000
    -50.445         0.00000     0.00000     0.00000     0.00000
    -50.295         0.00000     0.00000     0.00000     0.00000
    -50.145         0.00000     0.00000     0.00000     0.00000
    -49.995         0.00000     0.00000     0.00000     0.00000
    -49.845         0.00000     0.00000     0.00000     0.00000
    -49.695         0.00000     0.00000     0.00000     0.00000
    -49.545         0.00000     0.00000     0.00000     0.00000
    -49.395         0.00000     0.00000     0.00000     0.00000
    -49.245         0.00000     0.00000     0.00000     0.00000
    -49.095         0.00000     0.00000     0.00000     0.00000
    -48.945         0.00000     0.00000     0.00000     0.00000
    -48.795         0.00000     0.00000     0.00000     0.00000
    -48.645         0.00000     0.00000     0.00000     0.00000
    -48.495         0.00000     0.00000     0.00000     0.00000
    -48.345         0.00000     0.00000     0.00000     0.00000
    -48.195         0.00000     0.00000     0.00000     0.00000
    -48.045         0.00000     0.00000     0.00000     0.00000
    -47.895         0.00000     0.00000     0.00000     0.00000
    -47.745         0.00000     0.00000     0.00000     0.00000
    -47.595         0.00000     0.00000     0.00000     0.00000
    -47.445         0.00000     0.00000     0.00000     0.00000
    -47.295         0.00000     0.00000     0.00000     0.00000
    -47.145         0.00000     0.00000     0.00000     0.00000
    -46.995         0.00000     0.00000     0.00000     0.00000
    -46.845         0.00000     0.00000     0.00000     0.00000
    -46.695         0.00000     0.00000     0.00000     0.00000
    -46.545         0.00000     0.00000     0.00000     0.00000
    -46.395         0.00000     0.00000     0.00000     0.00000
    -46.245         0.00000     0.00000     0.00000     0.00000
    -46.095         0.00000     0.00000     0.00000     0.00000
    -45.945         0.00000     0.00000     0.00000     0.00000
    -45.795         0.00000     0.00000     0.00000     0.00000
    -45.645         0.00000     0.00000     0.00000     0.00000
    -45.495         0.00000     0.00000     0.00000     0.00000
    -45.345         0.00000     0.00000     0.00000     0.00000
    -45.195         0.00000     0.00000     0.00000     0.00000
    -45.045         0.00000     0.00000     0.00000     0.00000
    -44.895         0.00000     0.00000     0.00000     0.00000
    -44.745         0.00000     0.00000     0.00000     0.00000
    -44.595         0.00000     0.00000     0.00000     0.00000
    -44.445         0.00000     0.00000     0.00000     0.00000
    -44.295         0.00000     0.00000     0.00000     0.00000
    -44.145         0.00000     0.00000     0.00000     0.00000
    -43.995         0.00000     0.00000     0.00000     0.00000
    -43.845         0.00000     0.00000     0.00000     0.00000
    -43.695         0.00000     0.00000     0.00000     0.00000
    -43.545         0.00000     0.00000     0.00000     0.00000
    -43.395         0.00000     0.00000     0.00000     0.00000
    -43.245         0.00000     0.00000     0.00000     0.00000
    -43.095         0.00000     0.00000     0.00000     0.00000
    -42.945         0.00000     0.00000     0.00000     0.00000
    -42.795         0.00000     0.00000     0.00000     0.00000
    -42.645         0.00000     0.00000     0.00000     0.00000
    -42.495         0.00000     0.00000     0.00000     0.00000
    -42.345         0.00000     0.00000     0.00000     0.00000
    -42.195         0.00000     0.00000     0.00000     0.00000
    -42.045         0.00000     0.00000     0.00000     0.00000
    -41.895         0.00000     0.00000     0.00000     0.00000
    -41.745         0.00000     0.00000     0.00000     0.00000
    -41.595         0.00000     0.00000     0.00000     0.00000
    -41.445         0.00000     0.00000     0.00000     0.00000
    -41.295         0.00000     0.00000     0.00000     0.00000
    -41.145         0.00000     0.00000     0.00000     0.00000
    -40.995         0.00000     0.00000     0.00000     0.00000
    -40.845         0.00000     0.00000     0.00000     0.00000
    -40.695         0.00000     0.00000     0.00000     0.00000
    -40.545         0.00000     0.00000     0.00000     0.00000
    -40.395         0.00000     0.00000     0.00000     0.00000
    -40.245         0.00000     0.00000     0.00000     0.00000
    -40.095         0.00000     0.00000     0.00000     0.00000
    -39.945         0.00000     0.00000     0.00000     0.00000
    -39.795         0.00000     0.00000     0.00000     0.00000
    -39.645         0.00000     0.00000     0.00000     0.00000
    -39.495         0.00000     0.00000     0.00000     0.00000
    -39.345         0.00000     0.00000     0.00000     0.00000
    -39.195         0.00000     0.00000     0.00000     0.00000
    -39.045         0.00000     0.00000     0.00000     0.00000
    -38.895         0.00000     0.00000     0.00000     0.00000
    -38.745         0.00000     0.00000     0.00000     0.00000
    -38.595         0.00000     0.00000     0.00000     0.00000
    -38.445         0.00000     0.00000     0.00000     0.00000
    -38.295         0.00000     0.00000     0.00000     0.00000
    -38.145         0.00000     0.00000     0.00000     0.00000
    -37.995         0.00000     0.00000     0.00000     0.00000
    -37.845         0.00000     0.00000     0.00000     0.00000
    -37.695         0.00000     0.00000     0.00000     0.00000
    -37.545         0.00000     0.00000     0.00000     0.00000
    -37.395         0.00000     0.00000     0.00000     0.00000
    -37.245         0.00000     0.00000     0.00000     0.00000
    -37.095         0.00000     0.00000     0.00000     0.00000
    -36.945         0.00000     0.00000     0.00000     0.00000
    -36.795         0.00000     0.00000     0.00000     0.00000
    -36.645         0.00000     0.00000     0.00000     0.00000
    -36.495         0.00000     0.00000     0.00000     0.00000
    -36.345         0.00000     0.00000     0.00000     0.00000
    -36.195         0.00000     0.00000     0.00000     0.00000
    -36.045         0.00000     0.00000     0.00000     0.00000
    -35.895         0.00000     0.00000     0.00000     0.00000
    -35.745         0.00000     0.00000     0.00000     0.00000
    -35.595         0.00000     0.00000     0.00000     0.00000
    -35.445         0.00000     0.00000     0.00000     0.00000
    -35.295         0.00000     0.00000     0.00000     0.00000
    -35.145         0.00000     0.00000     0.00000     0.00000
    -34.995         0.00000     0.00000     0.00000     0.00000
    -34.845         0.00000     0.00000     0.00000     0.00000
    -34.695         0.00000     0.00000     0.00000     0.00000
    -34.545         0.00000     0.00000     0.00000     0.00000
    -34.395         0.00000     0.00000     0.00000     0.00000
    -34.245         0.00000     0.00000     0.00000     0.00000
    -34.095         0.00000     0.00000     0.00000     0.00000
    -33.945         0.00000     0.00000     0.00000     0.00000
    -33.795         0.00000     0.00000     0.00000     0.00000
    -33.645         0.00000     0.00000     0.00000     0.00000
    -33.495         0.00000     0.00000     0.00000     0.00000
    -33.345         0.00000     0.00000     0.00000     0.00000
    -33.195         0.00000     0.00000     0.00000     0.00000
    -33.045         0.00000     0.00000     0.00000     0.00000
    -32.895         0.00000     0.00000     0.00000     0.00000
    -32.745         0.00000     0.00000     0.00000     0.00000
    -32.595         0.00000     0.00000     0.00000     0.00000
    -32.445         0.00000     0.00000     0.00000     0.00000
    -32.295         0.00000     0.00000     0.00000     0.00000
    -32.145         0.00000     0.00000     0.00000     0.00000
    -31.995         0.00000     0.00000     0.00000     0.00000
    -31.845         0.00000     0.00000     0.00000     0.00000
    -31.695         0.00000     0.00000     0.00000     0.00000
    -31.545         0.00000     0.00000     0.00000     0.00000
    -31.395         0.00000     0.00000     0.00000     0.00000
    -31.245         0.00000     0.00000     0.00000     0.00000
    -31.095         0.00000     0.00000     0.00000     0.00000
    -30.945         0.00000     0.00000     0.00000     0.00000
    -30.795         0.00000     0.00000     0.00000     0.00000
    -30.645         0.00000     0.00000     0.00000     0.00000
    -30.495         0.00000     0.00000     0.00000     0.00000
    -30.345         0.00000     0.00000     0.00000     0.00000
    -30.195         0.00000     0.00000     0.00000     0.00000
    -30.045         0.00000     0.00000     0.00000     0.00000
    -29.895         0.00000     0.00000     0.00000     0.00000
    -29.745         0.00000     0.00000     0.00000     0.00000
    -29.595         0.00000     0.00000     0.00000     0.00000
    -29.445         0.00000     0.00000     0.00000     0.00000
    -29.295         0.00000     0.00000     0.00000     0.00000
    -29.145         0.00000     0.00000     0.00000     0.00000
    -28.995         0.00000     0.00000     0.00000     0.00000
    -28.845         0.00000     0.00000     0.00000     0.00000
    -28.695         0.00000     0.00000     0.00000     0.00000
    -28.545         0.00000     0.00000     0.00000     0.00000
    -28.395         0.00000     0.00000     0.00000     0.00000
    -28.245         0.00000     0.00000     0.00000     0.00000
    -28.095         0.00000     0.00000     0.00000     0.00000
    -27.945         0.00000     0.00000     0.00000     0.00000
    -27.795         0.00000     0.00000     0.00000     0.00000
    -27.645         0.00000     0.00000     0.00000     0.00000
    -27.495         0.00000     0.00000     0.00000     0.00000
    -27.345         0.00000     0.00000     0.00000     0.00000
    -27.195         0.00000     0.00000     0.00000     0.00000
    -27.045         0.00000     0.00000     0.00000     0.00000
    -26.895         0.00000     0.00000     0.00000     0.00000
    -26.745         0.00000     0.00000     0.00000     0.00000
    -26.595         0.00000     0.00000     0.00000     0.00000
    -26.445         0.00000     0.00000     0.00000     0.00000
    -26.295         0.00000     0.00000     0.00000     0.00000
    -26.145         0.00000     0.00000     0.00000     0.00000
    -25.995         0.00000     0.00000     0.00000     0.00000
    -25.845         0.00000     0.00000     0.00000     0.00000
    -25.695         0.00000     0.00000     0.00000     0.00000
    -25.545         0.00000     0.00000     0.00000     0.00000
    -25.395         0.00000     0.00000     0.00000     0.00000
    -25.245         0.00000     0.00000     0.00000     0.00000
    -25.095         0.00000     0.00000     0.00000     0.00000
    -24.945         0.00000     0.00000     0.00000     0.00000
    -24.795         0.00000     0.00000     0.00000     0.00000
    -24.645         0.00000     0.00000     0.00000     0.00000
    -24.495         0.00000     0.00000     0.00000     0.00000
    -24.345         0.00000     0.00000     0.00000     0.00000
    -24.195         0.00000     0.00000     0.00000     0.00000
    -24.045         0.00000     0.00000     0.00000     0.00000
    -23.895         0.00000     0.00000     0.00000     0.00000
    -23.745         0.00000     0.00000     0.00000     0.00000
    -23.595         0.00000     0.00000     0.00000     0.00000
    -23.445         0.00000     0.00000     0.00000     0.00000
    -23.295         0.00000     0.00000     0.00000     0.00000
    -23.145         0.00000     0.00000     0.00000     0.00000
    -22.995         0.00000     0.00000     0.00000     0.00000
    -22.845         0.00000     0.00000     0.00000     0.00000
    -22.695         0.00000     0.00000     0.00000     0.00000
    -22.545         0.00000     0.00000     0.00000     0.00000
    -22.395         0.00000     0.00000     0.00000     0.00000
    -22.245         0.00000     0.00000     0.00000     0.00000
    -22.095         0.00000     0.00000     0.00000     0.00000
    -21.945         0.00000     0.00000     0.00000     0.00000
    -21.795         0.00000     0.00000     0.00000     0.00000
    -21.645         0.00000     0.00000     0.00000     0.00000
    -21.495         0.00000     0.00000     0.00000     0.00000
    -21.345         0.00000     0.00000     0.00000     0.00000
    -21.195         0.00000     0.00000     0.00000     0.00000
    -21.045         0.00000     0.00000     0.00000     0.00000
    -20.895         0.00000     0.00000     0.00000     0.00000
    -20.745         0.00000     0.00000     0.00000     0.00000
    -20.595         0.00000     0.00000     0.00000     0.00000
    -20.445         0.00000     0.00000     0.00000     0.00000
    -20.295         0.00000     0.00000     0.00000     0.00000
    -20.145         0.00000     0.00000     0.00000     0.00000
    -19.995         0.00000     0.00000     0.00000     0.00000
    -19.845         0.00000     0.00000     0.00000     0.00000
    -19.695         0.00000     0.00000     0.00000     0.00000
    -19.545         0.00000     0.00000     0.00000     0.00000
    -19.395         0.00000     0.00000     0.00000     0.00000
    -19.245         0.00000     0.00000     0.00000     0.00000
    -19.095         0.00000     0.00000     0.00000     0.00000
    -18.945         0.00000     0.00000     0.00000     0.00000
    -18.795         0.00000     0.00000     0.00000     0.00000
    -18.645         0.00000     0.00000     0.00000     0.00000
    -18.495         0.00000     0.00000     0.00000     0.00000
    -18.345         0.00000     0.00000     0.00000     0.00000
    -18.195         0.00000     0.00000     0.00000     0.00000
    -18.045         0.00000     0.00000     0.00000     0.00000
    -17.895         0.00000     0.00000     0.00000     0.00000
    -17.745         0.00000     0.00000     0.00000     0.00000
    -17.595         0.00000     0.00000     0.00000     0.00000
    -17.445         0.00000     0.00000     0.00000     0.00000
    -17.295         0.00000     0.00000     0.00000     0.00000
    -17.145         0.00000     0.00000     0.00000     0.00000
    -16.995         0.00000     0.00000     0.00000     0.00000
    -16.845         0.00000     0.00000     0.00000     0.00000
    -16.695         0.00000     0.00000     0.00000     0.00000
    -16.545         0.00000     0.00000     0.00000     0.00000
    -16.395         0.00000     0.00000     0.00000     0.00000
    -16.245         0.00000     0.00000     0.00000     0.00000
    -16.095         0.00000     0.00000     0.00000     0.00000
    -15.945         0.00000     0.00000     0.00000     0.00000
    -15.795         0.00000     0.00000     0.00000     0.00000
    -15.645         0.00000     0.00000     0.00000     0.00000
    -15.495         0.00000     0.00000     0.00000     0.00000
    -15.345         0.00000     0.00000     0.00000     0.00000
    -15.195         0.00000     0.00000     0.00000     0.00000
    -15.045         0.00000     0.00000     0.00000     0.00000
    -14.895         0.00000     0.00000     0.00000     0.00000
    -14.745         0.00000     0.00000     0.00000     0.00000
    -14.595         0.00000     0.00000     0.00000     0.00000
    -14.445         0.00000     0.00000     0.00000     0.00000
    -14.295         0.00000     0.00000     0.00000     0.00000
    -14.145         0.00000     0.00000     0.00000     0.00000
    -13.995         0.00000     0.00000     0.00000     0.00000
    -13.845         0.00000     0.00000     0.00000     0.00000
    -13.695         0.00000     0.00000     0.00000     0.00000
    -13.545         0.00000     0.00000     0.00000     0.00000
    -13.395         0.00000     0.00000     0.00000     0.00000
    -13.245         0.00000     0.00000     0.00000     0.00000
    -13.095         0.00000     0.00000     0.00000     0.00000
    -12.945         0.00000     0.00000     0.00000     0.00000
    -12.795         0.00000     0.00000     0.00000     0.00000
    -12.645         0.00000     0.00000     0.00000     0.00000
    -12.495         0.00000     0.00000     0.00000     0.00000
    -12.345         0.00000     0.00000     0.00000     0.00000
    -12.195         0.00000     0.00000     0.00000     0.00000
    -12.045         0.00000     0.00000     0.00000     0.00000
    -11.895         0.00000     0.00000     0.00000     0.00000
    -11.745         0.00000     0.00000     0.00000     0.00000
    -11.595         0.00000     0.00000     0.00000     0.00000
    -11.445         0.00000     0.00000     0.00000     0.00000
    -11.295         0.00000     0.00000     0.00000     0.00000
    -11.145         0.00000     0.00000     0.00000     0.00000
    -10.995         0.00000     0.00000     0.00000     0.00000
    -10.845         0.00000     0.00000     0.00000     0.00000
    -10.695         0.00000     0.00000     0.00000     0.00000
    -10.545         0.00000     0.00000     0.00000     0.00000
    -10.395         0.00000     0.00000     0.00000     0.00000
    -10.245         0.00000     0.00000     0.00000     0.00000
    -10.095         0.00000     0.00000     0.00000     0.00000
    -9.9450         0.00000     0.00000     0.00000     0.00000
    -9.7950         0.00000     0.00000     0.00000     0.00000
    -9.6450         0.00000     0.00000     0.00000     0.00000
    -9.4950         0.00000     0.00000     0.00000     0.00000
    -9.3450         0.00000     0.00000     0.00000     0.00000
    -9.1950         0.00000     0.00000     0.00000     0.00000
    -9.0450         0.00000     0.00000     0.00000     0.00000
    -8.8950         0.00000     0.00000     0.00000     0.00000
    -8.7450         0.00000     0.00000     0.00000     0.00000
    -8.5950         0.00000     0.00000     0.00000     0.00000
    -8.4450         0.00000     0.00000     0.00000     0.00000
    -8.2950         0.00000     0.00000     0.00000     0.00000
    -8.1450         0.00000     0.00000     0.00000     0.00000
    -7.9950         0.00000     0.00000     0.00000     0.00000
    -7.8450         0.00000     0.00000     0.00000     0.00000
    -7.6950         0.00000     0.00000     0.00000     0.00000
    -7.5450         0.00000     0.00000     0.00000     0.00000
    -7.3950         0.00000     0.00000     0.00000     0.00000
    -7.2450         0.00000     0.00000     0.00000     0.00000
    -7.0950         0.00000     0.00000     0.00000     0.00000
    -6.9450         0.00000     0.00000     0.00000     0.00000
    -6.7950         0.00000     0.00000     0.00000     0.00000
    -6.6450         0.00000     0.00000     0.00000     0.00000
    -6.4950         0.00000     0.00000     0.00000     0.00000
    -6.3450         0.00000     0.00000     0.00000     0.00000
    -6.1950         0.00000     0.00000     0.00000     0.00000
    -6.0450         0.00000     0.00000     0.00000     0.00000
    -5.8950         0.00000     0.00000     0.00000     0.00000
    -5.7450         0.00000     0.00000     0.00000     0.00000
    -5.5950         0.00000     0.00000     0.00000     0.00000
    -5.4450         0.00000     0.00000     0.00000     0.00000
    -5.2950         0.00000     0.00000     0.00000     0.00000
    -5.1450         0.00000     0.00000     0.00000     0.00000
    -4.9950         0.00000     0.00000     0.00000     0.00000
    -4.8450         0.00000     0.00000     0.00000     0.00000
    -4.6950         0.00000     0.00000     0.00000     0.00000
    -4.5450         0.00000     0.00000     0.00000     0.00000
    -4.3950         0.00000     0.00000     0.00000     0.00000
    -4.2450         0.00000     0.00000     0.00000     0.00000
    -4.0950         0.00000     0.00000     0.00000     0.00000
    -3.9450         0.00000     0.00000     0.00000     0.00000
    -3.7950         0.00000     0.00000     0.00000     0.00000
    -3.6450         0.00000     0.00000     0.00000     0.00000
    -3.4950         0.00000     0.00000     0.00000     0.00000
    -3.3450         0.00000     0.00000     0.00000     0.00000
    -3.1950         0.00000     0.00000     0.00000     0.00000
    -3.0450         0.00000     0.00000     0.00000     0.00000
    -2.8950         0.00000     0.00000     0.00000     0.00000
    -2.7450         0.00000     0.00000     0.00000     0.00000
    -2.5950         0.00000     0.00000     0.00000     0.00000
    -2.4450         0.00000     0.00000     0.00000     0.00000
    -2.2950         0.00000     0.00000     0.00000     0.00000
    -2.1450         0.00000     0.00000     0.00000     0.00000
    -1.9950         0.00000     0.00000     0.00000     0.00000
    -1.8450         0.00000     0.00000     0.00000     0.00000
    -1.6950         0.00000     0.00000     0.00000     0.00000
    -1.5450         0.00000     0.00000     0.00000     0.00000
    -1.3950         0.00001     0.00001     0.00000     0.00000
    -1.2450        -0.00011    -0.00011     0.00000     0.00000
    -1.0950        -0.00013     0.00003     0.00000    -0.00016
   -0.94500        -0.00182    -0.00012    -0.00000    -0.00170
   -0.79500        -0.01324    -0.00048     0.00000    -0.01276
   -0.64500        -0.09219    -0.00200    -0.00096    -0.08924
   -0.49500        -0.69768    -0.00765    -0.00752    -0.68250
   -0.34500        -2.90486    -0.01657    -0.02536    -2.86293
   -0.22700        -3.67696    -0.02135    -0.03386    -3.62175
   -0.21300        -3.75866    -0.02174    -0.03489    -3.70203
   -0.20700        -3.83984    -0.02252    -0.03599    -3.78134
   -0.20100        -3.91884    -0.02328    -0.03689    -3.85867
   -0.19500        -3.99725    -0.02396    -0.03775    -3.93554
   -0.18900        -4.07525    -0.02476    -0.03887    -4.01162
   -0.18300        -4.15134    -0.02560    -0.04001    -4.08573
   -0.17700        -4.22710    -0.02644    -0.04116    -4.15951
   -0.17100        -4.30148    -0.02744    -0.04234    -4.23170
   -0.16500        -4.37450    -0.02812    -0.04353    -4.30285
   -0.15900        -4.44801    -0.02918    -0.04472    -4.37410
   -0.15300        -4.52104    -0.03023    -0.04595    -4.44487
   -0.14700        -4.59368    -0.03134    -0.04727    -4.51508
   -0.14100        -4.66577    -0.03244    -0.04859    -4.58475
   -0.13500        -4.73752    -0.03361    -0.04991    -4.65400
   -0.12900        -4.81050    -0.03486    -0.05132    -4.72433
   -0.12300        -4.88337    -0.03605    -0.05272    -4.79460
   -0.11700        -4.95619    -0.03732    -0.05423    -4.86464
   -0.11100        -5.03057    -0.03871    -0.05577    -4.93608
   -0.10500        -5.10545    -0.04029    -0.05741    -5.00775
   -0.99000E-01    -5.18184    -0.04189    -0.05915    -5.08081
   -0.93000E-01    -5.26008    -0.04360    -0.06105    -5.15543
   -0.87000E-01    -5.33974    -0.04550    -0.06301    -5.23123
   -0.81000E-01    -5.42219    -0.04749    -0.06529    -5.30941
   -0.75000E-01    -5.50836    -0.04968    -0.06762    -5.39106
   -0.69000E-01    -5.59749    -0.05192    -0.07026    -5.47531
   -0.63000E-01    -5.69187    -0.05445    -0.07322    -5.56420
   -0.57000E-01    -5.79186    -0.05713    -0.07654    -5.65819
   -0.51000E-01    -5.89997    -0.06030    -0.08029    -5.75937
   -0.45000E-01    -6.01874    -0.06396    -0.08460    -5.87018
   -0.39000E-01    -6.15120    -0.06820    -0.08987    -5.99313
   -0.33000E-01    -6.30046    -0.07324    -0.09622    -6.13100
   -0.27000E-01    -6.47020    -0.07965    -0.10470    -6.28586
   -0.21300E-01    -6.59901    -0.08523    -0.11219    -6.40160
   -0.19500E-01    -6.61908    -0.08615    -0.11345    -6.41949
   -0.18900E-01    -6.63954    -0.08710    -0.11480    -6.43765
   -0.18300E-01    -6.66032    -0.08809    -0.11618    -6.45605
   -0.17700E-01    -6.68142    -0.08910    -0.11769    -6.47463
   -0.17100E-01    -6.70284    -0.09016    -0.11920    -6.49348
   -0.16500E-01    -6.72468    -0.09125    -0.12082    -6.51261
   -0.15900E-01    -6.74724    -0.09239    -0.12254    -6.53231
   -0.15300E-01    -6.77008    -0.09359    -0.12431    -6.55217
   -0.14700E-01    -6.79366    -0.09486    -0.12626    -6.57255
   -0.14100E-01    -6.81784    -0.09617    -0.12832    -6.59335
   -0.13500E-01    -6.84262    -0.09758    -0.13053    -6.61451
   -0.12900E-01    -6.86783    -0.09906    -0.13283    -6.63594
   -0.12300E-01    -6.89393    -0.10059    -0.13533    -6.65801
   -0.11700E-01    -6.92088    -0.10221    -0.13804    -6.68062
   -0.11100E-01    -6.94853    -0.10393    -0.14098    -6.70363
   -0.10500E-01    -6.97699    -0.10573    -0.14415    -6.72712
   -0.99000E-02    -7.00665    -0.10767    -0.14761    -6.75138
   -0.93000E-02    -7.03704    -0.10976    -0.15137    -6.77591
   -0.87000E-02    -7.06895    -0.11191    -0.15559    -6.80145
   -0.81000E-02    -7.10233    -0.11421    -0.16031    -6.82782
   -0.75000E-02    -7.13718    -0.11668    -0.16557    -6.85493
   -0.69000E-02    -7.17368    -0.11937    -0.17154    -6.88277
   -0.63000E-02    -7.21234    -0.12228    -0.17839    -6.91167
   -0.57000E-02    -7.25317    -0.12534    -0.18645    -6.94138
   -0.51000E-02    -7.29673    -0.12865    -0.19605    -6.97202
   -0.45000E-02    -7.34344    -0.13218    -0.20774    -7.00352
   -0.39000E-02    -7.39434    -0.13603    -0.22259    -7.03573
   -0.33000E-02    -7.45164    -0.14020    -0.24302    -7.06843
   -0.27000E-02    -7.51981    -0.14464    -0.27360    -7.10157
   -0.21000E-02    -7.60677    -0.14930    -0.32190    -7.13557
   -0.15000E-02    -7.71290    -0.15408    -0.38514    -7.17368
   -0.90000E-03    -7.80663    -0.15846    -0.41570    -7.23247
   -0.30000E-03    -9.26654    -0.16099    -0.42065    -8.68489
    0.30000E-03    -7.80834    -0.15602    -0.41813    -7.23419
    0.90000E-03    -7.72775    -0.12562    -0.41374    -7.18839
    0.15000E-02    -7.64550    -0.06268    -0.40899    -7.17382
    0.21000E-02    -7.58766    -0.01445    -0.40431    -7.16890
    0.27000E-02    -7.55100     0.01612    -0.39989    -7.16723
    0.33000E-02    -7.52587     0.03657    -0.39579    -7.16665
    0.39000E-02    -7.50690     0.05148    -0.39195    -7.16643
    0.45000E-02    -7.49149     0.06324    -0.38838    -7.16635
    0.51000E-02    -7.47859     0.07283    -0.38511    -7.16631
    0.57000E-02    -7.46745     0.08090    -0.38206    -7.16629
    0.63000E-02    -7.45771     0.08781    -0.37926    -7.16627
    0.69000E-02    -7.44912     0.09381    -0.37668    -7.16625
    0.75000E-02    -7.44137     0.09909    -0.37423    -7.16624
    0.81000E-02    -7.43435     0.10381    -0.37195    -7.16622
    0.87000E-02    -7.42798     0.10806    -0.36984    -7.16620
    0.93000E-02    -7.42210     0.11192    -0.36782    -7.16619
    0.99000E-02    -7.41671     0.11541    -0.36595    -7.16617
    0.10500E-01    -7.41171     0.11859    -0.36414    -7.16615
    0.11100E-01    -7.40712     0.12147    -0.36246    -7.16613
    0.11700E-01    -7.40283     0.12415    -0.36087    -7.16611
    0.12300E-01    -7.39885     0.12665    -0.35941    -7.16609
    0.12900E-01    -7.39514     0.12894    -0.35801    -7.16607
    0.13500E-01    -7.39166     0.13105    -0.35666    -7.16605
    0.14100E-01    -7.38835     0.13308    -0.35541    -7.16603
    0.14700E-01    -7.38531     0.13493    -0.35424    -7.16600
    0.15300E-01    -7.38239     0.13667    -0.35309    -7.16597
    0.15900E-01    -7.37965     0.13828    -0.35198    -7.16594
    0.16500E-01    -7.37704     0.13982    -0.35094    -7.16592
    0.17100E-01    -7.37461     0.14128    -0.35000    -7.16589
    0.17700E-01    -7.37225     0.14264    -0.34903    -7.16586
    0.18300E-01    -7.37004     0.14392    -0.34814    -7.16583
    0.18900E-01    -7.36800     0.14507    -0.34728    -7.16579
    0.19500E-01    -7.36603     0.14619    -0.34645    -7.16577
    0.21300E-01    -7.35454     0.15255    -0.34158    -7.16551
    0.27000E-01    -7.34247     0.15893    -0.33634    -7.16506
    0.33000E-01    -7.33438     0.16308    -0.33294    -7.16451
    0.39000E-01    -7.32838     0.16593    -0.33043    -7.16388
    0.45000E-01    -7.32386     0.16794    -0.32860    -7.16320
    0.51000E-01    -7.32025     0.16939    -0.32723    -7.16241
    0.57000E-01    -7.31742     0.17035    -0.32624    -7.16153
    0.63000E-01    -7.31500     0.17108    -0.32548    -7.16060
    0.69000E-01    -7.31287     0.17161    -0.32491    -7.15957
    0.75000E-01    -7.31099     0.17199    -0.32443    -7.15856
    0.81000E-01    -7.30915     0.17227    -0.32407    -7.15735
    0.87000E-01    -7.30740     0.17246    -0.32377    -7.15609
    0.93000E-01    -7.30569     0.17262    -0.32348    -7.15482
    0.99000E-01    -7.30403     0.17274    -0.32329    -7.15348
    0.10500        -7.30235     0.17283    -0.32308    -7.15210
    0.11100        -7.30073     0.17290    -0.32295    -7.15069
    0.11700        -7.29911     0.17297    -0.32284    -7.14924
    0.12300        -7.29751     0.17302    -0.32277    -7.14777
    0.12900        -7.29573     0.17310    -0.32269    -7.14614
    0.13500        -7.29407     0.17315    -0.32266    -7.14456
    0.14100        -7.29214     0.17342    -0.32263    -7.14293
    0.14700        -7.29011     0.17367    -0.32258    -7.14119
    0.15300        -7.28828     0.17371    -0.32253    -7.13946
    0.15900        -7.28633     0.17392    -0.32251    -7.13774
    0.16500        -7.28437     0.17396    -0.32242    -7.13591
    0.17100        -7.28234     0.17416    -0.32236    -7.13414
    0.17700        -7.28036     0.17420    -0.32229    -7.13227
    0.18300        -7.27836     0.17439    -0.32224    -7.13051
    0.18900        -7.27605     0.17459    -0.32219    -7.12844
    0.19500        -7.27384     0.17477    -0.32214    -7.12647
    0.20100        -7.27154     0.17495    -0.32209    -7.12440
    0.20700        -7.26936     0.17513    -0.32206    -7.12243
    0.21300        -7.26714     0.17518    -0.32202    -7.12030
    0.22700        -7.24801     0.17571    -0.32167    -7.10206
    0.34500        -7.18246     0.17756    -0.32125    -7.03877
    0.49500        -7.10977     0.17981    -0.32054    -6.96904
    0.64500        -7.03594     0.18140    -0.31991    -6.89744
    0.79500        -6.96106     0.18348    -0.31936    -6.82518
    0.94500        -6.88702     0.18492    -0.31887    -6.75307
     1.0950        -6.81327     0.18624    -0.31840    -6.68111
     1.2450        -6.74008     0.18777    -0.31797    -6.60987
     1.3950        -6.66825     0.18915    -0.31757    -6.53983
     1.5450        -6.59819     0.19041    -0.31718    -6.47142
     1.6950        -6.53003     0.19160    -0.31682    -6.40481
     1.8450        -6.46415     0.19271    -0.31648    -6.34037
     1.9950        -6.40024     0.19374    -0.31614    -6.27784
     2.1450        -6.33886     0.19472    -0.31583    -6.21775
     2.2950        -6.27990     0.19564    -0.31553    -6.16001
     2.4450        -6.22279     0.19650    -0.31524    -6.10405
     2.5950        -6.16794     0.19732    -0.31498    -6.05029
     2.7450        -6.11553     0.19812    -0.31472    -5.99893
     2.8950        -6.06505     0.19887    -0.31445    -5.94946
     3.0450        -6.01667     0.19959    -0.31421    -5.90204
     3.1950        -5.97000     0.20028    -0.31397    -5.85630
     3.3450        -5.92458     0.20094    -0.31375    -5.81177
     3.4950        -5.88109     0.20158    -0.31353    -5.76914
     3.6450        -5.83929     0.20220    -0.31331    -5.72818
     3.7950        -5.79891     0.20280    -0.31310    -5.68861
     3.9450        -5.75978     0.20337    -0.31289    -5.65026
     4.0950        -5.72192     0.20392    -0.31269    -5.61315
     4.2450        -5.68528     0.20446    -0.31250    -5.57724
     4.3950        -5.64981     0.20498    -0.31232    -5.54247
     4.5450        -5.61547     0.20548    -0.31213    -5.50881
     4.6950        -5.58213     0.20597    -0.31195    -5.47615
     4.8450        -5.54976     0.20644    -0.31177    -5.44443
     4.9950        -5.51831     0.20691    -0.31159    -5.41363
     5.1450        -5.48772     0.20736    -0.31143    -5.38365
     5.2950        -5.45791     0.20779    -0.31128    -5.35442
     5.4450        -5.42889     0.20822    -0.31111    -5.32600
     5.5950        -5.40058     0.20863    -0.31096    -5.29825
     5.7450        -5.37297     0.20904    -0.31081    -5.27120
     5.8950        -5.34607     0.20943    -0.31067    -5.24483
     6.0450        -5.31975     0.20981    -0.31051    -5.21905
     6.1950        -5.29408     0.21018    -0.31035    -5.19391
     6.3450        -5.26900     0.21055    -0.31020    -5.16934
     6.4950        -5.24448     0.21091    -0.31008    -5.14531
     6.6450        -5.22047     0.21125    -0.30993    -5.12179
     6.7950        -5.19699     0.21160    -0.30981    -5.09878
     6.9450        -5.17401     0.21193    -0.30967    -5.07627
     7.0950        -5.15153     0.21226    -0.30955    -5.05425
     7.2450        -5.12948     0.21259    -0.30942    -5.03265
     7.3950        -5.10786     0.21291    -0.30930    -5.01147
     7.5450        -5.08668     0.21323    -0.30918    -4.99073
     7.6950        -5.06590     0.21354    -0.30905    -4.97038
     7.8450        -5.04546     0.21384    -0.30894    -4.95036
     7.9950        -5.02543     0.21413    -0.30883    -4.93073
     8.1450        -5.00575     0.21442    -0.30871    -4.91147
     8.2950        -4.98647     0.21470    -0.30860    -4.89257
     8.4450        -4.96751     0.21498    -0.30849    -4.87400
     8.5950        -4.94887     0.21526    -0.30838    -4.85574
     8.7450        -4.93053     0.21552    -0.30827    -4.83777
     8.8950        -4.91250     0.21579    -0.30816    -4.82013
     9.0450        -4.89482     0.21605    -0.30805    -4.80282
     9.1950        -4.87740     0.21630    -0.30794    -4.78576
     9.3450        -4.86024     0.21656    -0.30784    -4.76896
     9.4950        -4.84340     0.21680    -0.30775    -4.75246
     9.6450        -4.82681     0.21705    -0.30765    -4.73621
     9.7950        -4.81046     0.21729    -0.30754    -4.72020
     9.9450        -4.79438     0.21752    -0.30746    -4.70445
     10.095        -4.77849     0.21776    -0.30736    -4.68890
     10.245        -4.76290     0.21799    -0.30726    -4.67363
     10.395        -4.74749     0.21822    -0.30717    -4.65854
     10.545        -4.73229     0.21845    -0.30708    -4.64366
     10.695        -4.71736     0.21867    -0.30700    -4.62903
     10.845        -4.70265     0.21889    -0.30691    -4.61464
     10.995        -4.68814     0.21910    -0.30683    -4.60042
     11.145        -4.67378     0.21931    -0.30674    -4.58635
     11.295        -4.65958     0.21952    -0.30665    -4.57244
     11.445        -4.64561     0.21972    -0.30657    -4.55876
     11.595        -4.63181     0.21993    -0.30648    -4.54526
     11.745        -4.61816     0.22013    -0.30639    -4.53190
     11.895        -4.60472     0.22032    -0.30630    -4.51874
     12.045        -4.59143     0.22052    -0.30622    -4.50573
     12.195        -4.57837     0.22071    -0.30614    -4.49294
     12.345        -4.56546     0.22090    -0.30606    -4.48030
     12.495        -4.55265     0.22109    -0.30598    -4.46776
     12.645        -4.54004     0.22128    -0.30589    -4.45542
     12.795        -4.52756     0.22146    -0.30582    -4.44320
     12.945        -4.51525     0.22165    -0.30574    -4.43115
     13.095        -4.50305     0.22183    -0.30566    -4.41921
     13.245        -4.49099     0.22201    -0.30559    -4.40741
     13.395        -4.47908     0.22219    -0.30552    -4.39575
     13.545        -4.46734     0.22237    -0.30546    -4.38425
     13.695        -4.45573     0.22254    -0.30538    -4.37289
     13.845        -4.44420     0.22271    -0.30531    -4.36160
     13.995        -4.43281     0.22288    -0.30524    -4.35045
     14.145        -4.42154     0.22305    -0.30517    -4.33943
     14.295        -4.41044     0.22321    -0.30510    -4.32856
     14.445        -4.39943     0.22338    -0.30502    -4.31779
     14.595        -4.38852     0.22354    -0.30495    -4.30712
     14.745        -4.37776     0.22371    -0.30489    -4.29657
     14.895        -4.36708     0.22387    -0.30482    -4.28613
     15.045        -4.35652     0.22403    -0.30475    -4.27579
     15.195        -4.34607     0.22419    -0.30469    -4.26557
     15.345        -4.33570     0.22434    -0.30462    -4.25542
     15.495        -4.32543     0.22449    -0.30455    -4.24537
     15.645        -4.31528     0.22464    -0.30449    -4.23544
     15.795        -4.30524     0.22480    -0.30442    -4.22562
     15.945        -4.29530     0.22494    -0.30436    -4.21588
     16.095        -4.28546     0.22509    -0.30430    -4.20625
     16.245        -4.27572     0.22523    -0.30424    -4.19672
     16.395        -4.26606     0.22538    -0.30417    -4.18727
     16.545        -4.25649     0.22552    -0.30411    -4.17789
     16.695        -4.24703     0.22566    -0.30405    -4.16863
     16.845        -4.23765     0.22580    -0.30399    -4.15946
     16.995        -4.22831     0.22594    -0.30393    -4.15032
     17.145        -4.21910     0.22608    -0.30387    -4.14130
     17.295        -4.20996     0.22622    -0.30381    -4.13237
     17.445        -4.20094     0.22635    -0.30375    -4.12354
     17.595        -4.19199     0.22649    -0.30369    -4.11478
     17.745        -4.18307     0.22662    -0.30363    -4.10606
     17.895        -4.17427     0.22675    -0.30357    -4.09744
     18.045        -4.16553     0.22688    -0.30351    -4.08889
     18.195        -4.15688     0.22701    -0.30346    -4.08043
     18.345        -4.14830     0.22713    -0.30340    -4.07203
     18.495        -4.13977     0.22726    -0.30334    -4.06369
     18.645        -4.13133     0.22738    -0.30328    -4.05543
     18.795        -4.12295     0.22750    -0.30323    -4.04722
     18.945        -4.11466     0.22763    -0.30318    -4.03910
     19.095        -4.10642     0.22775    -0.30313    -4.03104
     19.245        -4.09824     0.22787    -0.30307    -4.02304
     19.395        -4.09014     0.22799    -0.30302    -4.01511
     19.545        -4.08210     0.22811    -0.30297    -4.00725
     19.695        -4.07409     0.22823    -0.30291    -3.99941
     19.845        -4.06615     0.22835    -0.30285    -3.99165
     19.995        -4.05830     0.22847    -0.30280    -3.98397
     20.145        -4.05051     0.22859    -0.30275    -3.97636
     20.295        -4.04278     0.22870    -0.30269    -3.96879
     20.445        -4.03508     0.22882    -0.30263    -3.96126
     20.595        -4.02748     0.22893    -0.30259    -3.95383
     20.745        -4.01994     0.22904    -0.30253    -3.94645
     20.895        -4.01245     0.22916    -0.30248    -3.93912
     21.045        -4.00501     0.22927    -0.30243    -3.93184
     21.195        -3.99762     0.22938    -0.30238    -3.92462
     21.345        -3.99029     0.22949    -0.30232    -3.91746
     21.495        -3.98299     0.22959    -0.30228    -3.91030
     21.645        -3.97575     0.22970    -0.30223    -3.90322
     21.795        -3.96858     0.22981    -0.30218    -3.89622
     21.945        -3.96143     0.22992    -0.30213    -3.88922
     22.095        -3.95435     0.23003    -0.30209    -3.88229
     22.245        -3.94733     0.23013    -0.30204    -3.87542
     22.395        -3.94034     0.23024    -0.30198    -3.86860
     22.545        -3.93343     0.23034    -0.30194    -3.86183
     22.695        -3.92654     0.23044    -0.30189    -3.85510
     22.845        -3.91973     0.23055    -0.30184    -3.84843
     22.995        -3.91292     0.23065    -0.30180    -3.84177
     23.145        -3.90619     0.23075    -0.30175    -3.83519
     23.295        -3.89952     0.23085    -0.30172    -3.82865
     23.445        -3.89288     0.23095    -0.30167    -3.82216
     23.595        -3.88628     0.23105    -0.30163    -3.81570
     23.745        -3.87973     0.23114    -0.30158    -3.80929
     23.895        -3.87323     0.23124    -0.30154    -3.80292
     24.045        -3.86678     0.23134    -0.30150    -3.79662
     24.195        -3.86036     0.23143    -0.30145    -3.79034
     24.345        -3.85394     0.23153    -0.30141    -3.78407
     24.495        -3.84760     0.23163    -0.30137    -3.77786
     24.645        -3.84131     0.23172    -0.30132    -3.77171
     24.795        -3.83505     0.23182    -0.30128    -3.76559
     24.945        -3.82882     0.23191    -0.30124    -3.75949
     25.095        -3.82263     0.23200    -0.30120    -3.75344
     25.245        -3.81650     0.23209    -0.30116    -3.74744
     25.395        -3.81040     0.23219    -0.30112    -3.74147
     25.545        -3.80434     0.23228    -0.30108    -3.73554
     25.695        -3.79830     0.23237    -0.30103    -3.72963
     25.845        -3.79230     0.23245    -0.30099    -3.72376
     25.995        -3.78637     0.23254    -0.30095    -3.71796
     26.145        -3.78046     0.23263    -0.30090    -3.71219
     26.295        -3.77455     0.23272    -0.30086    -3.70641
     26.445        -3.76874     0.23280    -0.30082    -3.70072
     26.595        -3.76295     0.23289    -0.30078    -3.69506
     26.745        -3.75716     0.23298    -0.30073    -3.68941
     26.895        -3.75143     0.23306    -0.30069    -3.68380
     27.045        -3.74573     0.23314    -0.30066    -3.67822
     27.195        -3.74006     0.23323    -0.30061    -3.67268
     27.345        -3.73440     0.23331    -0.30058    -3.66714
     27.495        -3.72881     0.23340    -0.30054    -3.66167
     27.645        -3.72320     0.23348    -0.30051    -3.65618
     27.795        -3.71767     0.23357    -0.30047    -3.65076
     27.945        -3.71218     0.23365    -0.30043    -3.64540
     28.095        -3.70669     0.23373    -0.30039    -3.64003
     28.245        -3.70123     0.23381    -0.30035    -3.63470
     28.395        -3.69582     0.23390    -0.30031    -3.62941
     28.545        -3.69043     0.23398    -0.30027    -3.62415
     28.695        -3.68508     0.23406    -0.30023    -3.61891
     28.845        -3.67974     0.23414    -0.30019    -3.61369
     28.995        -3.67445     0.23422    -0.30015    -3.60851
     29.145        -3.66919     0.23429    -0.30011    -3.60337
     29.295        -3.66395     0.23437    -0.30008    -3.59825
     29.445        -3.65874     0.23445    -0.30004    -3.59315
     29.595        -3.65357     0.23452    -0.30001    -3.58808
     29.745        -3.64840     0.23460    -0.29997    -3.58303
     29.895        -3.64328     0.23468    -0.29994    -3.57802
     30.045        -3.63818     0.23476    -0.29991    -3.57304
     30.195        -3.63313     0.23483    -0.29988    -3.56808
     30.345        -3.62808     0.23491    -0.29984    -3.56315
     30.495        -3.62305     0.23499    -0.29981    -3.55822
     30.645        -3.61805     0.23506    -0.29977    -3.55334
     30.795        -3.61308     0.23514    -0.29973    -3.54849
     30.945        -3.60813     0.23521    -0.29970    -3.54364
     31.095        -3.60322     0.23528    -0.29967    -3.53883
     31.245        -3.59830     0.23536    -0.29963    -3.53402
     31.395        -3.59343     0.23543    -0.29960    -3.52926
     31.545        -3.58860     0.23550    -0.29956    -3.52453
     31.695        -3.58378     0.23557    -0.29953    -3.51983
     31.845        -3.57897     0.23565    -0.29949    -3.51513
     31.995        -3.57421     0.23572    -0.29946    -3.51046
     32.145        -3.56947     0.23579    -0.29943    -3.50583
     32.295        -3.56475     0.23586    -0.29940    -3.50122
     32.445        -3.56004     0.23593    -0.29937    -3.49661
     32.595        -3.55535     0.23601    -0.29933    -3.49202
     32.745        -3.55068     0.23608    -0.29930    -3.48746
     32.895        -3.54605     0.23614    -0.29926    -3.48294
     33.045        -3.54146     0.23621    -0.29923    -3.47844
     33.195        -3.53687     0.23628    -0.29919    -3.47396
     33.345        -3.53232     0.23635    -0.29916    -3.46951
     33.495        -3.52777     0.23642    -0.29913    -3.46506
     33.645        -3.52326     0.23649    -0.29910    -3.46065
     33.795        -3.51877     0.23656    -0.29907    -3.45627
     33.945        -3.51430     0.23663    -0.29903    -3.45189
     34.095        -3.50985     0.23670    -0.29900    -3.44755
     34.245        -3.50541     0.23676    -0.29897    -3.44321
     34.395        -3.50099     0.23683    -0.29893    -3.43888
     34.545        -3.49659     0.23689    -0.29890    -3.43458
     34.695        -3.49224     0.23696    -0.29887    -3.43032
     34.845        -3.48787     0.23702    -0.29884    -3.42605
     34.995        -3.48354     0.23709    -0.29881    -3.42182
     35.145        -3.47921     0.23715    -0.29878    -3.41758
     35.295        -3.47492     0.23722    -0.29875    -3.41338
     35.445        -3.47064     0.23728    -0.29872    -3.40921
     35.595        -3.46639     0.23735    -0.29869    -3.40505
     35.745        -3.46217     0.23741    -0.29866    -3.40092
     35.895        -3.45795     0.23747    -0.29863    -3.39679
     36.045        -3.45375     0.23754    -0.29860    -3.39268
     36.195        -3.44956     0.23760    -0.29857    -3.38859
     36.345        -3.44541     0.23767    -0.29854    -3.38453
     36.495        -3.44127     0.23773    -0.29851    -3.38049
     36.645        -3.43713     0.23779    -0.29847    -3.37645
     36.795        -3.43302     0.23785    -0.29844    -3.37243
     36.945        -3.42893     0.23792    -0.29841    -3.36844
     37.095        -3.42486     0.23798    -0.29838    -3.36445
     37.245        -3.42080     0.23804    -0.29835    -3.36049
     37.395        -3.41678     0.23810    -0.29832    -3.35655
     37.545        -3.41278     0.23815    -0.29829    -3.35264
     37.695        -3.40878     0.23821    -0.29826    -3.34873
     37.845        -3.40479     0.23827    -0.29823    -3.34483
     37.995        -3.40082     0.23833    -0.29820    -3.34096
     38.145        -3.39688     0.23839    -0.29818    -3.33709
     38.295        -3.39294     0.23845    -0.29815    -3.33325
     38.445        -3.38904     0.23851    -0.29812    -3.32943
     38.595        -3.38513     0.23857    -0.29809    -3.32561
     38.745        -3.38125     0.23863    -0.29806    -3.32181
     38.895        -3.37738     0.23869    -0.29804    -3.31803
     39.045        -3.37355     0.23874    -0.29801    -3.31428
     39.195        -3.36970     0.23880    -0.29798    -3.31052
     39.345        -3.36590     0.23886    -0.29796    -3.30679
     39.495        -3.36210     0.23891    -0.29794    -3.30308
     39.645        -3.35830     0.23897    -0.29791    -3.29936
     39.795        -3.35452     0.23903    -0.29788    -3.29566
     39.945        -3.35076     0.23908    -0.29785    -3.29199
     40.095        -3.34703     0.23914    -0.29783    -3.28834
     40.245        -3.34332     0.23919    -0.29780    -3.28471
     40.395        -3.33962     0.23925    -0.29778    -3.28109
     40.545        -3.33591     0.23930    -0.29775    -3.27746
     40.695        -3.33223     0.23936    -0.29772    -3.27386
     40.845        -3.32857     0.23941    -0.29769    -3.27029
     40.995        -3.32490     0.23947    -0.29767    -3.26670
     41.145        -3.32128     0.23952    -0.29764    -3.26316
     41.295        -3.31766     0.23958    -0.29762    -3.25962
     41.445        -3.31406     0.23963    -0.29759    -3.25610
     41.595        -3.31046     0.23968    -0.29757    -3.25257
     41.745        -3.30688     0.23973    -0.29754    -3.24907
     41.895        -3.30329     0.23979    -0.29751    -3.24556
     42.045        -3.29973     0.23984    -0.29749    -3.24208
     42.195        -3.29616     0.23989    -0.29746    -3.23860
     42.345        -3.29265     0.23994    -0.29743    -3.23516
     42.495        -3.28915     0.24000    -0.29741    -3.23174
     42.645        -3.28564     0.24005    -0.29738    -3.22831
     42.795        -3.28216     0.24010    -0.29736    -3.22490
     42.945        -3.27868     0.24016    -0.29733    -3.22151
     43.095        -3.27522     0.24021    -0.29731    -3.21812
     43.245        -3.27176     0.24026    -0.29728    -3.21473
     43.395        -3.26834     0.24031    -0.29725    -3.21140
     43.545        -3.26491     0.24036    -0.29723    -3.20805
     43.695        -3.26150     0.24041    -0.29720    -3.20471
     43.845        -3.25811     0.24046    -0.29718    -3.20139
     43.995        -3.25473     0.24051    -0.29716    -3.19809
     44.145        -3.25136     0.24056    -0.29713    -3.19479
     44.295        -3.24801     0.24062    -0.29711    -3.19152
     44.445        -3.24467     0.24067    -0.29709    -3.18825
     44.595        -3.24134     0.24071    -0.29706    -3.18499
     44.745        -3.23799     0.24076    -0.29703    -3.18173
     44.895        -3.23467     0.24081    -0.29701    -3.17848
     45.045        -3.23137     0.24086    -0.29699    -3.17525
     45.195        -3.22807     0.24091    -0.29696    -3.17202
     45.345        -3.22481     0.24096    -0.29694    -3.16883
     45.495        -3.22153     0.24101    -0.29691    -3.16564
     45.645        -3.21830     0.24106    -0.29689    -3.16246
     45.795        -3.21505     0.24111    -0.29687    -3.15929
     45.945        -3.21183     0.24116    -0.29684    -3.15614
     46.095        -3.20862     0.24121    -0.29682    -3.15300
     46.245        -3.20540     0.24126    -0.29680    -3.14986
     46.395        -3.20219     0.24131    -0.29677    -3.14673
     46.545        -3.19899     0.24135    -0.29675    -3.14360
     46.695        -3.19584     0.24140    -0.29673    -3.14052
     46.845        -3.19267     0.24145    -0.29670    -3.13742
     46.995        -3.18953     0.24150    -0.29668    -3.13436
     47.145        -3.18641     0.24154    -0.29665    -3.13130
     47.295        -3.18329     0.24159    -0.29663    -3.12826
     47.445        -3.18017     0.24164    -0.29660    -3.12521
     47.595        -3.17705     0.24169    -0.29658    -3.12216
     47.745        -3.17397     0.24173    -0.29655    -3.11915
     47.895        -3.17087     0.24178    -0.29653    -3.11613
     48.045        -3.16780     0.24183    -0.29651    -3.11312
     48.195        -3.16474     0.24187    -0.29648    -3.11013
     48.345        -3.16168     0.24191    -0.29646    -3.10714
     48.495        -3.15864     0.24196    -0.29644    -3.10417
     48.645        -3.15561     0.24201    -0.29641    -3.10121
     48.795        -3.15260     0.24205    -0.29639    -3.09827
     48.945        -3.14958     0.24210    -0.29636    -3.09532
     49.095        -3.14658     0.24214    -0.29634    -3.09239
     49.245        -3.14359     0.24219    -0.29631    -3.08947
     49.395        -3.14060     0.24224    -0.29629    -3.08654
     49.545        -3.13763     0.24228    -0.29627    -3.08364
     49.695        -3.13467     0.24232    -0.29625    -3.08074
     49.845        -3.13171     0.24237    -0.29622    -3.07786
     49.995        -3.12876     0.24241    -0.29620    -3.07497
     50.145        -3.12584     0.24246    -0.29618    -3.07211
     50.295        -3.12292     0.24250    -0.29616    -3.06926
     50.445        -3.11999     0.24254    -0.29613    -3.06640
     50.595        -3.11710     0.24259    -0.29612    -3.06357
     50.745        -3.11420     0.24263    -0.29610    -3.06074
     50.895        -3.11130     0.24268    -0.29607    -3.05791
     51.045        -3.10842     0.24272    -0.29605    -3.05510
     51.195        -3.10555     0.24277    -0.29603    -3.05229
     51.345        -3.10267     0.24281    -0.29600    -3.04948
     51.495        -3.09981     0.24285    -0.29598    -3.04668
     51.645        -3.09696     0.24290    -0.29596    -3.04390
     51.795        -3.09413     0.24294    -0.29594    -3.04114
     51.945        -3.09132     0.24298    -0.29591    -3.03838
     52.095        -3.08851     0.24303    -0.29590    -3.03563
     52.245        -3.08568     0.24307    -0.29588    -3.03287
     52.395        -3.08289     0.24311    -0.29586    -3.03014
     52.545        -3.08008     0.24315    -0.29583    -3.02740
     52.695        -3.07731     0.24320    -0.29582    -3.02469
     52.845        -3.07454     0.24324    -0.29579    -3.02198
     52.995        -3.07177     0.24328    -0.29577    -3.01927
     53.145        -3.06902     0.24332    -0.29575    -3.01659
     53.295        -3.06627     0.24336    -0.29573    -3.01390
     53.445        -3.06352     0.24341    -0.29571    -3.01122
     53.595        -3.06080     0.24345    -0.29569    -3.00855
     53.745        -3.05807     0.24349    -0.29567    -3.00590
     53.895        -3.05536     0.24353    -0.29565    -3.00325
     54.045        -3.05265     0.24357    -0.29563    -3.00060
     54.195        -3.04995     0.24361    -0.29560    -2.99796
     54.345        -3.04725     0.24365    -0.29558    -2.99532
     54.495        -3.04456     0.24369    -0.29556    -2.99269
     54.645        -3.04189     0.24373    -0.29554    -2.99008
     54.795        -3.03923     0.24377    -0.29552    -2.98748
     54.945        -3.03657     0.24381    -0.29550    -2.98489
     55.095        -3.03392     0.24385    -0.29548    -2.98229
     59.433        -2.82663     0.24699    -0.29388    -2.77974
     80.646        -2.52497     0.25156    -0.29152    -2.48501
     111.21        -2.23338     0.25601    -0.28914    -2.20025
     153.36        -1.95170     0.26029    -0.28678    -1.92521
     211.49        -1.68012     0.26444    -0.28445    -1.66011
     291.64        -1.41875     0.26846    -0.28216    -1.40505
     402.18        -1.16756     0.27232    -0.27991    -1.15996
     554.60        -0.92607     0.27604    -0.27773    -0.92439
     764.80        -0.69401     0.27962    -0.27559    -0.69804
     1054.7        -0.47099     0.28305    -0.27354    -0.48051
     1454.4        -0.25698     0.28638    -0.27155    -0.27180
     2005.6        -0.05147     0.28954    -0.26963    -0.07138
     2765.8         0.14576     0.29260    -0.26778     0.12093
     3814.0         0.33514     0.29553    -0.26599     0.30560
     5259.5         0.51694     0.29833    -0.26429     0.48290
     7252.9         0.69166     0.30103    -0.26265     0.65328
     10002.         0.85913     0.30363    -0.26109     0.81659
     13793.         1.01971     0.30611    -0.25957     0.97317
     19020.         1.17348     0.30849    -0.25812     1.12310
     26229.         1.32061     0.31078    -0.25673     1.26656
     36170.         1.46120     0.31298    -0.25541     1.40363
     49878.         1.59534     0.31506    -0.25416     1.53444
     68782.         1.72350     0.31703    -0.25295     1.65943
     94851.         1.84550     0.31891    -0.25180     1.77839
    0.13080E+06     1.96168     0.32070    -0.25071     1.89168
    0.18038E+06     2.07251     0.32241    -0.24967     1.99977
    0.24874E+06     2.17794     0.32405    -0.24869     2.10258
    0.34301E+06     2.27826     0.32559    -0.24775     2.20042
    0.47302E+06     2.37352     0.32706    -0.24687     2.29333
    0.65229E+06     2.46421     0.32845    -0.24603     2.38179
    0.89952E+06     2.55033     0.32978    -0.24524     2.46580
    0.12404E+07     2.63229     0.33103    -0.24450     2.54576
    0.17106E+07     2.71012     0.33223    -0.24379     2.62169
    0.23589E+07     2.78411     0.33334    -0.24313     2.69390
    0.32529E+07     2.85435     0.33442    -0.24250     2.76243
    0.44858E+07     2.92113     0.33544    -0.24190     2.82759
    0.61860E+07     2.98459     0.33641    -0.24133     2.88950
    0.85305E+07     3.04485     0.33734    -0.24079     2.94831
    0.11764E+08     3.10209     0.33821    -0.24028     3.00416
    0.16222E+08     3.15648     0.33904    -0.23981     3.05725
    0.22370E+08     3.20812     0.33982    -0.23936     3.10766
    0.30849E+08     3.25694     0.34057    -0.23895     3.15532
    0.42541E+08     3.30274     0.34127    -0.23857     3.20004
    0.58664E+08     3.34570     0.34192    -0.23821     3.24199
    0.80898E+08     3.38605     0.34253    -0.23787     3.28139
    0.11156E+09     3.42405     0.34311    -0.23756     3.31850
    0.15384E+09     3.45976     0.34365    -0.23727     3.35338
    0.21215E+09     3.49346     0.34416    -0.23700     3.38630
    0.29255E+09     3.52524     0.34464    -0.23675     3.41735
    0.40343E+09     3.55519     0.34510    -0.23652     3.44661
    0.55633E+09     3.58344     0.34552    -0.23630     3.47421
    0.76719E+09     3.60926     0.34592    -0.23609     3.49943
    0.10580E+10     3.63259     0.34628    -0.23591     3.52222
    0.14589E+10     3.65401     0.34661    -0.23575     3.54315
    0.20119E+10     3.67373     0.34691    -0.23559     3.56241
    0.27744E+10     3.69191     0.34719    -0.23545     3.58017
    0.38259E+10     3.70867     0.34744    -0.23532     3.59655
    0.52760E+10     3.72410     0.34767    -0.23520     3.61163
    0.72756E+10     3.73838     0.34789    -0.23509     3.62558
    0.10033E+11     3.75156     0.34810    -0.23498     3.63844
    0.13836E+11     3.76369     0.34828    -0.23489     3.65030
    0.19079E+11     3.77492     0.34845    -0.23480     3.66127
    0.26311E+11     3.78525     0.34861    -0.23472     3.67136
    0.36283E+11     3.79479     0.34875    -0.23464     3.68068
    0.50034E+11     3.80360     0.34889    -0.23457     3.68928
    0.68997E+11     3.81172     0.34901    -0.23451     3.69721
    0.10000E+12     3.90916     0.35048    -0.23373     3.79241
