    -99.945         0.00000     0.00000     0.00000     0.00000
    -99.795         0.00000     0.00000     0.00000     0.00000
    -99.645         0.00000     0.00000     0.00000     0.00000
    -99.495         0.00000     0.00000     0.00000     0.00000
    -99.345         0.00000     0.00000     0.00000     0.00000
    -99.195         0.00000     0.00000     0.00000     0.00000
    -99.045         0.00000     0.00000     0.00000     0.00000
    -98.895         0.00000     0.00000     0.00000     0.00000
    -98.745         0.00000     0.00000     0.00000     0.00000
    -98.595         0.00000     0.00000     0.00000     0.00000
    -98.445         0.00000     0.00000     0.00000     0.00000
    -98.295         0.00000     0.00000     0.00000     0.00000
    -98.145         0.00000     0.00000     0.00000     0.00000
    -97.995         0.00000     0.00000     0.00000     0.00000
    -97.845         0.00000     0.00000     0.00000     0.00000
    -97.695         0.00000     0.00000     0.00000     0.00000
    -97.545         0.00000     0.00000     0.00000     0.00000
    -97.395         0.00000     0.00000     0.00000     0.00000
    -97.245         0.00000     0.00000     0.00000     0.00000
    -97.095         0.00000     0.00000     0.00000     0.00000
    -96.945         0.00000     0.00000     0.00000     0.00000
    -96.795         0.00000     0.00000     0.00000     0.00000
    -96.645         0.00000     0.00000     0.00000     0.00000
    -96.495         0.00000     0.00000     0.00000     0.00000
    -96.345         0.00000     0.00000     0.00000     0.00000
    -96.195         0.00000     0.00000     0.00000     0.00000
    -96.045         0.00000     0.00000     0.00000     0.00000
    -95.895         0.00000     0.00000     0.00000     0.00000
    -95.745         0.00000     0.00000     0.00000     0.00000
    -95.595         0.00000     0.00000     0.00000     0.00000
    -95.445         0.00000     0.00000     0.00000     0.00000
    -95.295         0.00000     0.00000     0.00000     0.00000
    -95.145         0.00000     0.00000     0.00000     0.00000
    -94.995         0.00000     0.00000     0.00000     0.00000
    -94.845         0.00000     0.00000     0.00000     0.00000
    -94.695         0.00000     0.00000     0.00000     0.00000
    -94.545         0.00000     0.00000     0.00000     0.00000
    -94.395         0.00000     0.00000     0.00000     0.00000
    -94.245         0.00000     0.00000     0.00000     0.00000
    -94.095         0.00000     0.00000     0.00000     0.00000
    -93.945         0.00000     0.00000     0.00000     0.00000
    -93.795         0.00000     0.00000     0.00000     0.00000
    -93.645         0.00000     0.00000     0.00000     0.00000
    -93.495         0.00000     0.00000     0.00000     0.00000
    -93.345         0.00000     0.00000     0.00000     0.00000
    -93.195         0.00000     0.00000     0.00000     0.00000
    -93.045         0.00000     0.00000     0.00000     0.00000
    -92.895         0.00000     0.00000     0.00000     0.00000
    -92.745         0.00000     0.00000     0.00000     0.00000
    -92.595         0.00000     0.00000     0.00000     0.00000
    -92.445         0.00000     0.00000     0.00000     0.00000
    -92.295         0.00000     0.00000     0.00000     0.00000
    -92.145         0.00000     0.00000     0.00000     0.00000
    -91.995         0.00000     0.00000     0.00000     0.00000
    -91.845         0.00000     0.00000     0.00000     0.00000
    -91.695         0.00000     0.00000     0.00000     0.00000
    -91.545         0.00000     0.00000     0.00000     0.00000
    -91.395         0.00000     0.00000     0.00000     0.00000
    -91.245         0.00000     0.00000     0.00000     0.00000
    -91.095         0.00000     0.00000     0.00000     0.00000
    -90.945         0.00000     0.00000     0.00000     0.00000
    -90.795         0.00000     0.00000     0.00000     0.00000
    -90.645         0.00000     0.00000     0.00000     0.00000
    -90.495         0.00000     0.00000     0.00000     0.00000
    -90.345         0.00000     0.00000     0.00000     0.00000
    -90.195         0.00000     0.00000     0.00000     0.00000
    -90.045         0.00000     0.00000     0.00000     0.00000
    -89.895         0.00000     0.00000     0.00000     0.00000
    -89.745         0.00000     0.00000     0.00000     0.00000
    -89.595         0.00000     0.00000     0.00000     0.00000
    -89.445         0.00000     0.00000     0.00000     0.00000
    -89.295         0.00000     0.00000     0.00000     0.00000
    -89.145         0.00000     0.00000     0.00000     0.00000
    -88.995         0.00000     0.00000     0.00000     0.00000
    -88.845         0.00000     0.00000     0.00000     0.00000
    -88.695         0.00000     0.00000     0.00000     0.00000
    -88.545         0.00000     0.00000     0.00000     0.00000
    -88.395         0.00000     0.00000     0.00000     0.00000
    -88.245         0.00000     0.00000     0.00000     0.00000
    -88.095         0.00000     0.00000     0.00000     0.00000
    -87.945         0.00000     0.00000     0.00000     0.00000
    -87.795         0.00000     0.00000     0.00000     0.00000
    -87.645         0.00000     0.00000     0.00000     0.00000
    -87.495         0.00000     0.00000     0.00000     0.00000
    -87.345         0.00000     0.00000     0.00000     0.00000
    -87.195         0.00000     0.00000     0.00000     0.00000
    -87.045         0.00000     0.00000     0.00000     0.00000
    -86.895         0.00000     0.00000     0.00000     0.00000
    -86.745         0.00000     0.00000     0.00000     0.00000
    -86.595         0.00000     0.00000     0.00000     0.00000
    -86.445         0.00000     0.00000     0.00000     0.00000
    -86.295         0.00000     0.00000     0.00000     0.00000
    -86.145         0.00000     0.00000     0.00000     0.00000
    -85.995         0.00000     0.00000     0.00000     0.00000
    -85.845         0.00000     0.00000     0.00000     0.00000
    -85.695         0.00000     0.00000     0.00000     0.00000
    -85.545         0.00000     0.00000     0.00000     0.00000
    -85.395         0.00000     0.00000     0.00000     0.00000
    -85.245         0.00000     0.00000     0.00000     0.00000
    -85.095         0.00000     0.00000     0.00000     0.00000
    -84.945         0.00000     0.00000     0.00000     0.00000
    -84.795         0.00000     0.00000     0.00000     0.00000
    -84.645         0.00000     0.00000     0.00000     0.00000
    -84.495         0.00000     0.00000     0.00000     0.00000
    -84.345         0.00000     0.00000     0.00000     0.00000
    -84.195         0.00000     0.00000     0.00000     0.00000
    -84.045         0.00000     0.00000     0.00000     0.00000
    -83.895         0.00000     0.00000     0.00000     0.00000
    -83.745         0.00000     0.00000     0.00000     0.00000
    -83.595         0.00000     0.00000     0.00000     0.00000
    -83.445         0.00000     0.00000     0.00000     0.00000
    -83.295         0.00000     0.00000     0.00000     0.00000
    -83.145         0.00000     0.00000     0.00000     0.00000
    -82.995         0.00000     0.00000     0.00000     0.00000
    -82.845         0.00000     0.00000     0.00000     0.00000
    -82.695         0.00000     0.00000     0.00000     0.00000
    -82.545         0.00000     0.00000     0.00000     0.00000
    -82.395         0.00000     0.00000     0.00000     0.00000
    -82.245         0.00000     0.00000     0.00000     0.00000
    -82.095         0.00000     0.00000     0.00000     0.00000
    -81.945         0.00000     0.00000     0.00000     0.00000
    -81.795         0.00000     0.00000     0.00000     0.00000
    -81.645         0.00000     0.00000     0.00000     0.00000
    -81.495         0.00000     0.00000     0.00000     0.00000
    -81.345         0.00000     0.00000     0.00000     0.00000
    -81.195         0.00000     0.00000     0.00000     0.00000
    -81.045         0.00000     0.00000     0.00000     0.00000
    -80.895         0.00000     0.00000     0.00000     0.00000
    -80.745         0.00000     0.00000     0.00000     0.00000
    -80.595         0.00000     0.00000     0.00000     0.00000
    -80.445         0.00000     0.00000     0.00000     0.00000
    -80.295         0.00000     0.00000     0.00000     0.00000
    -80.145         0.00000     0.00000     0.00000     0.00000
    -79.995         0.00000     0.00000     0.00000     0.00000
    -79.845         0.00000     0.00000     0.00000     0.00000
    -79.695         0.00000     0.00000     0.00000     0.00000
    -79.545         0.00000     0.00000     0.00000     0.00000
    -79.395         0.00000     0.00000     0.00000     0.00000
    -79.245         0.00000     0.00000     0.00000     0.00000
    -79.095         0.00000     0.00000     0.00000     0.00000
    -78.945         0.00000     0.00000     0.00000     0.00000
    -78.795         0.00000     0.00000     0.00000     0.00000
    -78.645         0.00000     0.00000     0.00000     0.00000
    -78.495         0.00000     0.00000     0.00000     0.00000
    -78.345         0.00000     0.00000     0.00000     0.00000
    -78.195         0.00000     0.00000     0.00000     0.00000
    -78.045         0.00000     0.00000     0.00000     0.00000
    -77.895         0.00000     0.00000     0.00000     0.00000
    -77.745         0.00000     0.00000     0.00000     0.00000
    -77.595         0.00000     0.00000     0.00000     0.00000
    -77.445         0.00000     0.00000     0.00000     0.00000
    -77.295         0.00000     0.00000     0.00000     0.00000
    -77.145         0.00000     0.00000     0.00000     0.00000
    -76.995         0.00000     0.00000     0.00000     0.00000
    -76.845         0.00000     0.00000     0.00000     0.00000
    -76.695         0.00000     0.00000     0.00000     0.00000
    -76.545         0.00000     0.00000     0.00000     0.00000
    -76.395         0.00000     0.00000     0.00000     0.00000
    -76.245         0.00000     0.00000     0.00000     0.00000
    -76.095         0.00000     0.00000     0.00000     0.00000
    -75.945         0.00000     0.00000     0.00000     0.00000
    -75.795         0.00000     0.00000     0.00000     0.00000
    -75.645         0.00000     0.00000     0.00000     0.00000
    -75.495         0.00000     0.00000     0.00000     0.00000
    -75.345         0.00000     0.00000     0.00000     0.00000
    -75.195         0.00000     0.00000     0.00000     0.00000
    -75.045         0.00000     0.00000     0.00000     0.00000
    -74.895         0.00000     0.00000     0.00000     0.00000
    -74.745         0.00000     0.00000     0.00000     0.00000
    -74.595         0.00000     0.00000     0.00000     0.00000
    -74.445         0.00000     0.00000     0.00000     0.00000
    -74.295         0.00000     0.00000     0.00000     0.00000
    -74.145         0.00000     0.00000     0.00000     0.00000
    -73.995         0.00000     0.00000     0.00000     0.00000
    -73.845         0.00000     0.00000     0.00000     0.00000
    -73.695         0.00000     0.00000     0.00000     0.00000
    -73.545         0.00000     0.00000     0.00000     0.00000
    -73.395         0.00000     0.00000     0.00000     0.00000
    -73.245         0.00000     0.00000     0.00000     0.00000
    -73.095         0.00000     0.00000     0.00000     0.00000
    -72.945         0.00000     0.00000     0.00000     0.00000
    -72.795         0.00000     0.00000     0.00000     0.00000
    -72.645         0.00000     0.00000     0.00000     0.00000
    -72.495         0.00000     0.00000     0.00000     0.00000
    -72.345         0.00000     0.00000     0.00000     0.00000
    -72.195         0.00000     0.00000     0.00000     0.00000
    -72.045         0.00000     0.00000     0.00000     0.00000
    -71.895         0.00000     0.00000     0.00000     0.00000
    -71.745         0.00000     0.00000     0.00000     0.00000
    -71.595         0.00000     0.00000     0.00000     0.00000
    -71.445         0.00000     0.00000     0.00000     0.00000
    -71.295         0.00000     0.00000     0.00000     0.00000
    -71.145         0.00000     0.00000     0.00000     0.00000
    -70.995         0.00000     0.00000     0.00000     0.00000
    -70.845         0.00000     0.00000     0.00000     0.00000
    -70.695         0.00000     0.00000     0.00000     0.00000
    -70.545         0.00000     0.00000     0.00000     0.00000
    -70.395         0.00000     0.00000     0.00000     0.00000
    -70.245         0.00000     0.00000     0.00000     0.00000
    -70.095         0.00000     0.00000     0.00000     0.00000
    -69.945         0.00000     0.00000     0.00000     0.00000
    -69.795         0.00000     0.00000     0.00000     0.00000
    -69.645         0.00000     0.00000     0.00000     0.00000
    -69.495         0.00000     0.00000     0.00000     0.00000
    -69.345         0.00000     0.00000     0.00000     0.00000
    -69.195         0.00000     0.00000     0.00000     0.00000
    -69.045         0.00000     0.00000     0.00000     0.00000
    -68.895         0.00000     0.00000     0.00000     0.00000
    -68.745         0.00000     0.00000     0.00000     0.00000
    -68.595         0.00000     0.00000     0.00000     0.00000
    -68.445         0.00000     0.00000     0.00000     0.00000
    -68.295         0.00000     0.00000     0.00000     0.00000
    -68.145         0.00000     0.00000     0.00000     0.00000
    -67.995         0.00000     0.00000     0.00000     0.00000
    -67.845         0.00000     0.00000     0.00000     0.00000
    -67.695         0.00000     0.00000     0.00000     0.00000
    -67.545         0.00000     0.00000     0.00000     0.00000
    -67.395         0.00000     0.00000     0.00000     0.00000
    -67.245         0.00000     0.00000     0.00000     0.00000
    -67.095         0.00000     0.00000     0.00000     0.00000
    -66.945         0.00000     0.00000     0.00000     0.00000
    -66.795         0.00000     0.00000     0.00000     0.00000
    -66.645         0.00000     0.00000     0.00000     0.00000
    -66.495         0.00000     0.00000     0.00000     0.00000
    -66.345         0.00000     0.00000     0.00000     0.00000
    -66.195         0.00000     0.00000     0.00000     0.00000
    -66.045         0.00000     0.00000     0.00000     0.00000
    -65.895         0.00000     0.00000     0.00000     0.00000
    -65.745         0.00000     0.00000     0.00000     0.00000
    -65.595         0.00000     0.00000     0.00000     0.00000
    -65.445         0.00000     0.00000     0.00000     0.00000
    -65.295         0.00000     0.00000     0.00000     0.00000
    -65.145         0.00000     0.00000     0.00000     0.00000
    -64.995         0.00000     0.00000     0.00000     0.00000
    -64.845         0.00000     0.00000     0.00000     0.00000
    -64.695         0.00000     0.00000     0.00000     0.00000
    -64.545         0.00000     0.00000     0.00000     0.00000
    -64.395         0.00000     0.00000     0.00000     0.00000
    -64.245         0.00000     0.00000     0.00000     0.00000
    -64.095         0.00000     0.00000     0.00000     0.00000
    -63.945         0.00000     0.00000     0.00000     0.00000
    -63.795         0.00000     0.00000     0.00000     0.00000
    -63.645         0.00000     0.00000     0.00000     0.00000
    -63.495         0.00000     0.00000     0.00000     0.00000
    -63.345         0.00000     0.00000     0.00000     0.00000
    -63.195         0.00000     0.00000     0.00000     0.00000
    -63.045         0.00000     0.00000     0.00000     0.00000
    -62.895         0.00000     0.00000     0.00000     0.00000
    -62.745         0.00000     0.00000     0.00000     0.00000
    -62.595         0.00000     0.00000     0.00000     0.00000
    -62.445         0.00000     0.00000     0.00000     0.00000
    -62.295         0.00000     0.00000     0.00000     0.00000
    -62.145         0.00000     0.00000     0.00000     0.00000
    -61.995         0.00000     0.00000     0.00000     0.00000
    -61.845         0.00000     0.00000     0.00000     0.00000
    -61.695         0.00000     0.00000     0.00000     0.00000
    -61.545         0.00000     0.00000     0.00000     0.00000
    -61.395         0.00000     0.00000     0.00000     0.00000
    -61.245         0.00000     0.00000     0.00000     0.00000
    -61.095         0.00000     0.00000     0.00000     0.00000
    -60.945         0.00000     0.00000     0.00000     0.00000
    -60.795         0.00000     0.00000     0.00000     0.00000
    -60.645         0.00000     0.00000     0.00000     0.00000
    -60.495         0.00000     0.00000     0.00000     0.00000
    -60.345         0.00000     0.00000     0.00000     0.00000
    -60.195         0.00000     0.00000     0.00000     0.00000
    -60.045         0.00000     0.00000     0.00000     0.00000
    -59.895         0.00000     0.00000     0.00000     0.00000
    -59.745         0.00000     0.00000     0.00000     0.00000
    -59.595         0.00000     0.00000     0.00000     0.00000
    -59.445         0.00000     0.00000     0.00000     0.00000
    -59.295         0.00000     0.00000     0.00000     0.00000
    -59.145         0.00000     0.00000     0.00000     0.00000
    -58.995         0.00000     0.00000     0.00000     0.00000
    -58.845         0.00000     0.00000     0.00000     0.00000
    -58.695         0.00000     0.00000     0.00000     0.00000
    -58.545         0.00000     0.00000     0.00000     0.00000
    -58.395         0.00000     0.00000     0.00000     0.00000
    -58.245         0.00000     0.00000     0.00000     0.00000
    -58.095         0.00000     0.00000     0.00000     0.00000
    -57.945         0.00000     0.00000     0.00000     0.00000
    -57.795         0.00000     0.00000     0.00000     0.00000
    -57.645         0.00000     0.00000     0.00000     0.00000
    -57.495         0.00000     0.00000     0.00000     0.00000
    -57.345         0.00000     0.00000     0.00000     0.00000
    -57.195         0.00000     0.00000     0.00000     0.00000
    -57.045         0.00000     0.00000     0.00000     0.00000
    -56.895         0.00000     0.00000     0.00000     0.00000
    -56.745         0.00000     0.00000     0.00000     0.00000
    -56.595         0.00000     0.00000     0.00000     0.00000
    -56.445         0.00000     0.00000     0.00000     0.00000
    -56.295         0.00000     0.00000     0.00000     0.00000
    -56.145         0.00000     0.00000     0.00000     0.00000
    -55.995         0.00000     0.00000     0.00000     0.00000
    -55.845         0.00000     0.00000     0.00000     0.00000
    -55.695         0.00000     0.00000     0.00000     0.00000
    -55.545         0.00000     0.00000     0.00000     0.00000
    -55.395         0.00000     0.00000     0.00000     0.00000
    -55.245         0.00000     0.00000     0.00000     0.00000
    -55.095         0.00000     0.00000     0.00000     0.00000
    -54.945         0.00000     0.00000     0.00000     0.00000
    -54.795         0.00000     0.00000     0.00000     0.00000
    -54.645         0.00000     0.00000     0.00000     0.00000
    -54.495         0.00000     0.00000     0.00000     0.00000
    -54.345         0.00000     0.00000     0.00000     0.00000
    -54.195         0.00000     0.00000     0.00000     0.00000
    -54.045         0.00000     0.00000     0.00000     0.00000
    -53.895         0.00000     0.00000     0.00000     0.00000
    -53.745         0.00000     0.00000     0.00000     0.00000
    -53.595         0.00000     0.00000     0.00000     0.00000
    -53.445         0.00000     0.00000     0.00000     0.00000
    -53.295         0.00000     0.00000     0.00000     0.00000
    -53.145         0.00000     0.00000     0.00000     0.00000
    -52.995         0.00000     0.00000     0.00000     0.00000
    -52.845         0.00000     0.00000     0.00000     0.00000
    -52.695         0.00000     0.00000     0.00000     0.00000
    -52.545         0.00000     0.00000     0.00000     0.00000
    -52.395         0.00000     0.00000     0.00000     0.00000
    -52.245         0.00000     0.00000     0.00000     0.00000
    -52.095         0.00000     0.00000     0.00000     0.00000
    -51.945         0.00000     0.00000     0.00000     0.00000
    -51.795         0.00000     0.00000     0.00000     0.00000
    -51.645         0.00000     0.00000     0.00000     0.00000
    -51.495         0.00000     0.00000     0.00000     0.00000
    -51.345         0.00000     0.00000     0.00000     0.00000
    -51.195         0.00000     0.00000     0.00000     0.00000
    -51.045         0.00000     0.00000     0.00000     0.00000
    -50.895         0.00000     0.00000     0.00000     0.00000
    -50.745         0.00000     0.00000     0.00000     0.00000
    -50.595         0.00000     0.00000     0.00000     0.00000
    -50.445         0.00000     0.00000     0.00000     0.00000
    -50.295         0.00000     0.00000     0.00000     0.00000
    -50.145         0.00000     0.00000     0.00000     0.00000
    -49.995         0.00000     0.00000     0.00000     0.00000
    -49.845         0.00000     0.00000     0.00000     0.00000
    -49.695         0.00000     0.00000     0.00000     0.00000
    -49.545         0.00000     0.00000     0.00000     0.00000
    -49.395         0.00000     0.00000     0.00000     0.00000
    -49.245         0.00000     0.00000     0.00000     0.00000
    -49.095         0.00000     0.00000     0.00000     0.00000
    -48.945         0.00000     0.00000     0.00000     0.00000
    -48.795         0.00000     0.00000     0.00000     0.00000
    -48.645         0.00000     0.00000     0.00000     0.00000
    -48.495         0.00000     0.00000     0.00000     0.00000
    -48.345         0.00000     0.00000     0.00000     0.00000
    -48.195         0.00000     0.00000     0.00000     0.00000
    -48.045         0.00000     0.00000     0.00000     0.00000
    -47.895         0.00000     0.00000     0.00000     0.00000
    -47.745         0.00000     0.00000     0.00000     0.00000
    -47.595         0.00000     0.00000     0.00000     0.00000
    -47.445         0.00000     0.00000     0.00000     0.00000
    -47.295         0.00000     0.00000     0.00000     0.00000
    -47.145         0.00000     0.00000     0.00000     0.00000
    -46.995         0.00000     0.00000     0.00000     0.00000
    -46.845         0.00000     0.00000     0.00000     0.00000
    -46.695         0.00000     0.00000     0.00000     0.00000
    -46.545         0.00000     0.00000     0.00000     0.00000
    -46.395         0.00000     0.00000     0.00000     0.00000
    -46.245         0.00000     0.00000     0.00000     0.00000
    -46.095         0.00000     0.00000     0.00000     0.00000
    -45.945         0.00000     0.00000     0.00000     0.00000
    -45.795         0.00000     0.00000     0.00000     0.00000
    -45.645         0.00000     0.00000     0.00000     0.00000
    -45.495         0.00000     0.00000     0.00000     0.00000
    -45.345         0.00000     0.00000     0.00000     0.00000
    -45.195         0.00000     0.00000     0.00000     0.00000
    -45.045         0.00000     0.00000     0.00000     0.00000
    -44.895         0.00000     0.00000     0.00000     0.00000
    -44.745         0.00000     0.00000     0.00000     0.00000
    -44.595         0.00000     0.00000     0.00000     0.00000
    -44.445         0.00000     0.00000     0.00000     0.00000
    -44.295         0.00000     0.00000     0.00000     0.00000
    -44.145         0.00000     0.00000     0.00000     0.00000
    -43.995         0.00000     0.00000     0.00000     0.00000
    -43.845         0.00000     0.00000     0.00000     0.00000
    -43.695         0.00000     0.00000     0.00000     0.00000
    -43.545         0.00000     0.00000     0.00000     0.00000
    -43.395         0.00000     0.00000     0.00000     0.00000
    -43.245         0.00000     0.00000     0.00000     0.00000
    -43.095         0.00000     0.00000     0.00000     0.00000
    -42.945         0.00000     0.00000     0.00000     0.00000
    -42.795         0.00000     0.00000     0.00000     0.00000
    -42.645         0.00000     0.00000     0.00000     0.00000
    -42.495         0.00000     0.00000     0.00000     0.00000
    -42.345         0.00000     0.00000     0.00000     0.00000
    -42.195         0.00000     0.00000     0.00000     0.00000
    -42.045         0.00000     0.00000     0.00000     0.00000
    -41.895         0.00000     0.00000     0.00000     0.00000
    -41.745         0.00000     0.00000     0.00000     0.00000
    -41.595         0.00000     0.00000     0.00000     0.00000
    -41.445         0.00000     0.00000     0.00000     0.00000
    -41.295         0.00000     0.00000     0.00000     0.00000
    -41.145         0.00000     0.00000     0.00000     0.00000
    -40.995         0.00000     0.00000     0.00000     0.00000
    -40.845         0.00000     0.00000     0.00000     0.00000
    -40.695         0.00000     0.00000     0.00000     0.00000
    -40.545         0.00000     0.00000     0.00000     0.00000
    -40.395         0.00000     0.00000     0.00000     0.00000
    -40.245         0.00000     0.00000     0.00000     0.00000
    -40.095         0.00000     0.00000     0.00000     0.00000
    -39.945         0.00000     0.00000     0.00000     0.00000
    -39.795         0.00000     0.00000     0.00000     0.00000
    -39.645         0.00000     0.00000     0.00000     0.00000
    -39.495         0.00000     0.00000     0.00000     0.00000
    -39.345         0.00000     0.00000     0.00000     0.00000
    -39.195         0.00000     0.00000     0.00000     0.00000
    -39.045         0.00000     0.00000     0.00000     0.00000
    -38.895         0.00000     0.00000     0.00000     0.00000
    -38.745         0.00000     0.00000     0.00000     0.00000
    -38.595         0.00000     0.00000     0.00000     0.00000
    -38.445         0.00000     0.00000     0.00000     0.00000
    -38.295         0.00000     0.00000     0.00000     0.00000
    -38.145         0.00000     0.00000     0.00000     0.00000
    -37.995         0.00000     0.00000     0.00000     0.00000
    -37.845         0.00000     0.00000     0.00000     0.00000
    -37.695         0.00000     0.00000     0.00000     0.00000
    -37.545         0.00000     0.00000     0.00000     0.00000
    -37.395         0.00000     0.00000     0.00000     0.00000
    -37.245         0.00000     0.00000     0.00000     0.00000
    -37.095         0.00000     0.00000     0.00000     0.00000
    -36.945         0.00000     0.00000     0.00000     0.00000
    -36.795         0.00000     0.00000     0.00000     0.00000
    -36.645         0.00000     0.00000     0.00000     0.00000
    -36.495         0.00000     0.00000     0.00000     0.00000
    -36.345         0.00000     0.00000     0.00000     0.00000
    -36.195         0.00000     0.00000     0.00000     0.00000
    -36.045         0.00000     0.00000     0.00000     0.00000
    -35.895         0.00000     0.00000     0.00000     0.00000
    -35.745         0.00000     0.00000     0.00000     0.00000
    -35.595         0.00000     0.00000     0.00000     0.00000
    -35.445         0.00000     0.00000     0.00000     0.00000
    -35.295         0.00000     0.00000     0.00000     0.00000
    -35.145         0.00000     0.00000     0.00000     0.00000
    -34.995         0.00000     0.00000     0.00000     0.00000
    -34.845         0.00000     0.00000     0.00000     0.00000
    -34.695         0.00000     0.00000     0.00000     0.00000
    -34.545         0.00000     0.00000     0.00000     0.00000
    -34.395         0.00000     0.00000     0.00000     0.00000
    -34.245         0.00000     0.00000     0.00000     0.00000
    -34.095         0.00000     0.00000     0.00000     0.00000
    -33.945         0.00000     0.00000     0.00000     0.00000
    -33.795         0.00000     0.00000     0.00000     0.00000
    -33.645         0.00000     0.00000     0.00000     0.00000
    -33.495         0.00000     0.00000     0.00000     0.00000
    -33.345         0.00000     0.00000     0.00000     0.00000
    -33.195         0.00000     0.00000     0.00000     0.00000
    -33.045         0.00000     0.00000     0.00000     0.00000
    -32.895         0.00000     0.00000     0.00000     0.00000
    -32.745         0.00000     0.00000     0.00000     0.00000
    -32.595         0.00000     0.00000     0.00000     0.00000
    -32.445         0.00000     0.00000     0.00000     0.00000
    -32.295         0.00000     0.00000     0.00000     0.00000
    -32.145         0.00000     0.00000     0.00000     0.00000
    -31.995         0.00000     0.00000     0.00000     0.00000
    -31.845         0.00000     0.00000     0.00000     0.00000
    -31.695         0.00000     0.00000     0.00000     0.00000
    -31.545         0.00000     0.00000     0.00000     0.00000
    -31.395         0.00000     0.00000     0.00000     0.00000
    -31.245         0.00000     0.00000     0.00000     0.00000
    -31.095         0.00000     0.00000     0.00000     0.00000
    -30.945         0.00000     0.00000     0.00000     0.00000
    -30.795         0.00000     0.00000     0.00000     0.00000
    -30.645         0.00000     0.00000     0.00000     0.00000
    -30.495         0.00000     0.00000     0.00000     0.00000
    -30.345         0.00000     0.00000     0.00000     0.00000
    -30.195         0.00000     0.00000     0.00000     0.00000
    -30.045         0.00000     0.00000     0.00000     0.00000
    -29.895         0.00000     0.00000     0.00000     0.00000
    -29.745         0.00000     0.00000     0.00000     0.00000
    -29.595         0.00000     0.00000     0.00000     0.00000
    -29.445         0.00000     0.00000     0.00000     0.00000
    -29.295         0.00000     0.00000     0.00000     0.00000
    -29.145         0.00000     0.00000     0.00000     0.00000
    -28.995         0.00000     0.00000     0.00000     0.00000
    -28.845         0.00000     0.00000     0.00000     0.00000
    -28.695         0.00000     0.00000     0.00000     0.00000
    -28.545         0.00000     0.00000     0.00000     0.00000
    -28.395         0.00000     0.00000     0.00000     0.00000
    -28.245         0.00000     0.00000     0.00000     0.00000
    -28.095         0.00000     0.00000     0.00000     0.00000
    -27.945         0.00000     0.00000     0.00000     0.00000
    -27.795         0.00000     0.00000     0.00000     0.00000
    -27.645         0.00000     0.00000     0.00000     0.00000
    -27.495         0.00000     0.00000     0.00000     0.00000
    -27.345         0.00000     0.00000     0.00000     0.00000
    -27.195         0.00000     0.00000     0.00000     0.00000
    -27.045         0.00000     0.00000     0.00000     0.00000
    -26.895         0.00000     0.00000     0.00000     0.00000
    -26.745         0.00000     0.00000     0.00000     0.00000
    -26.595         0.00000     0.00000     0.00000     0.00000
    -26.445         0.00000     0.00000     0.00000     0.00000
    -26.295         0.00000     0.00000     0.00000     0.00000
    -26.145         0.00000     0.00000     0.00000     0.00000
    -25.995         0.00000     0.00000     0.00000     0.00000
    -25.845         0.00000     0.00000     0.00000     0.00000
    -25.695         0.00000     0.00000     0.00000     0.00000
    -25.545         0.00000     0.00000     0.00000     0.00000
    -25.395         0.00000     0.00000     0.00000     0.00000
    -25.245         0.00000     0.00000     0.00000     0.00000
    -25.095         0.00000     0.00000     0.00000     0.00000
    -24.945         0.00000     0.00000     0.00000     0.00000
    -24.795         0.00000     0.00000     0.00000     0.00000
    -24.645         0.00000     0.00000     0.00000     0.00000
    -24.495         0.00000     0.00000     0.00000     0.00000
    -24.345         0.00000     0.00000     0.00000     0.00000
    -24.195         0.00000     0.00000     0.00000     0.00000
    -24.045         0.00000     0.00000     0.00000     0.00000
    -23.895         0.00000     0.00000     0.00000     0.00000
    -23.745         0.00000     0.00000     0.00000     0.00000
    -23.595         0.00000     0.00000     0.00000     0.00000
    -23.445         0.00000     0.00000     0.00000     0.00000
    -23.295         0.00000     0.00000     0.00000     0.00000
    -23.145         0.00000     0.00000     0.00000     0.00000
    -22.995         0.00000     0.00000     0.00000     0.00000
    -22.845         0.00000     0.00000     0.00000     0.00000
    -22.695         0.00000     0.00000     0.00000     0.00000
    -22.545         0.00000     0.00000     0.00000     0.00000
    -22.395         0.00000     0.00000     0.00000     0.00000
    -22.245         0.00000     0.00000     0.00000     0.00000
    -22.095         0.00000     0.00000     0.00000     0.00000
    -21.945         0.00000     0.00000     0.00000     0.00000
    -21.795         0.00000     0.00000     0.00000     0.00000
    -21.645         0.00000     0.00000     0.00000     0.00000
    -21.495         0.00000     0.00000     0.00000     0.00000
    -21.345         0.00000     0.00000     0.00000     0.00000
    -21.195         0.00000     0.00000     0.00000     0.00000
    -21.045         0.00000     0.00000     0.00000     0.00000
    -20.895         0.00000     0.00000     0.00000     0.00000
    -20.745         0.00000     0.00000     0.00000     0.00000
    -20.595         0.00000     0.00000     0.00000     0.00000
    -20.445         0.00000     0.00000     0.00000     0.00000
    -20.295         0.00000     0.00000     0.00000     0.00000
    -20.145         0.00000     0.00000     0.00000     0.00000
    -19.995         0.00000     0.00000     0.00000     0.00000
    -19.845         0.00000     0.00000     0.00000     0.00000
    -19.695         0.00000     0.00000     0.00000     0.00000
    -19.545         0.00000     0.00000     0.00000     0.00000
    -19.395         0.00000     0.00000     0.00000     0.00000
    -19.245         0.00000     0.00000     0.00000     0.00000
    -19.095         0.00000     0.00000     0.00000     0.00000
    -18.945         0.00000     0.00000     0.00000     0.00000
    -18.795         0.00000     0.00000     0.00000     0.00000
    -18.645         0.00000     0.00000     0.00000     0.00000
    -18.495         0.00000     0.00000     0.00000     0.00000
    -18.345         0.00000     0.00000     0.00000     0.00000
    -18.195         0.00000     0.00000     0.00000     0.00000
    -18.045         0.00000     0.00000     0.00000     0.00000
    -17.895         0.00000     0.00000     0.00000     0.00000
    -17.745         0.00000     0.00000     0.00000     0.00000
    -17.595         0.00000     0.00000     0.00000     0.00000
    -17.445         0.00000     0.00000     0.00000     0.00000
    -17.295         0.00000     0.00000     0.00000     0.00000
    -17.145         0.00000     0.00000     0.00000     0.00000
    -16.995         0.00000     0.00000     0.00000     0.00000
    -16.845         0.00000     0.00000     0.00000     0.00000
    -16.695         0.00000     0.00000     0.00000     0.00000
    -16.545         0.00000     0.00000     0.00000     0.00000
    -16.395         0.00000     0.00000     0.00000     0.00000
    -16.245         0.00000     0.00000     0.00000     0.00000
    -16.095         0.00000     0.00000     0.00000     0.00000
    -15.945         0.00000     0.00000     0.00000     0.00000
    -15.795         0.00000     0.00000     0.00000     0.00000
    -15.645         0.00000     0.00000     0.00000     0.00000
    -15.495         0.00000     0.00000     0.00000     0.00000
    -15.345         0.00000     0.00000     0.00000     0.00000
    -15.195         0.00000     0.00000     0.00000     0.00000
    -15.045         0.00000     0.00000     0.00000     0.00000
    -14.895         0.00000     0.00000     0.00000     0.00000
    -14.745         0.00000     0.00000     0.00000     0.00000
    -14.595         0.00000     0.00000     0.00000     0.00000
    -14.445         0.00000     0.00000     0.00000     0.00000
    -14.295         0.00000     0.00000     0.00000     0.00000
    -14.145         0.00000     0.00000     0.00000     0.00000
    -13.995         0.00000     0.00000     0.00000     0.00000
    -13.845         0.00000     0.00000     0.00000     0.00000
    -13.695         0.00000     0.00000     0.00000     0.00000
    -13.545         0.00000     0.00000     0.00000     0.00000
    -13.395         0.00000     0.00000     0.00000     0.00000
    -13.245         0.00000     0.00000     0.00000     0.00000
    -13.095         0.00000     0.00000     0.00000     0.00000
    -12.945         0.00000     0.00000     0.00000     0.00000
    -12.795         0.00000     0.00000     0.00000     0.00000
    -12.645         0.00000     0.00000     0.00000     0.00000
    -12.495         0.00000     0.00000     0.00000     0.00000
    -12.345         0.00000     0.00000     0.00000     0.00000
    -12.195         0.00000     0.00000     0.00000     0.00000
    -12.045         0.00000     0.00000     0.00000     0.00000
    -11.895         0.00000     0.00000     0.00000     0.00000
    -11.745         0.00000     0.00000     0.00000     0.00000
    -11.595         0.00000     0.00000     0.00000     0.00000
    -11.445         0.00000     0.00000     0.00000     0.00000
    -11.295         0.00000     0.00000     0.00000     0.00000
    -11.145         0.00000     0.00000     0.00000     0.00000
    -10.995         0.00000     0.00000     0.00000     0.00000
    -10.845         0.00000     0.00000     0.00000     0.00000
    -10.695         0.00000     0.00000     0.00000     0.00000
    -10.545         0.00000     0.00000     0.00000     0.00000
    -10.395         0.00000     0.00000     0.00000     0.00000
    -10.245         0.00000     0.00000     0.00000     0.00000
    -10.095         0.00000     0.00000     0.00000     0.00000
    -9.9450         0.00000     0.00000     0.00000     0.00000
    -9.7950         0.00000     0.00000     0.00000     0.00000
    -9.6450         0.00000     0.00000     0.00000     0.00000
    -9.4950         0.00000     0.00000     0.00000     0.00000
    -9.3450         0.00000     0.00000     0.00000     0.00000
    -9.1950         0.00000     0.00000     0.00000     0.00000
    -9.0450         0.00000     0.00000     0.00000     0.00000
    -8.8950         0.00000     0.00000     0.00000     0.00000
    -8.7450         0.00000     0.00000     0.00000     0.00000
    -8.5950         0.00000     0.00000     0.00000     0.00000
    -8.4450         0.00000     0.00000     0.00000     0.00000
    -8.2950         0.00000     0.00000     0.00000     0.00000
    -8.1450         0.00000     0.00000     0.00000     0.00000
    -7.9950         0.00000     0.00000     0.00000     0.00000
    -7.8450         0.00000     0.00000     0.00000     0.00000
    -7.6950         0.00000     0.00000     0.00000     0.00000
    -7.5450         0.00000     0.00000     0.00000     0.00000
    -7.3950         0.00000     0.00000     0.00000     0.00000
    -7.2450         0.00000     0.00000     0.00000     0.00000
    -7.0950         0.00000     0.00000     0.00000     0.00000
    -6.9450         0.00000     0.00000     0.00000     0.00000
    -6.7950         0.00000     0.00000     0.00000     0.00000
    -6.6450         0.00000     0.00000     0.00000     0.00000
    -6.4950         0.00000     0.00000     0.00000     0.00000
    -6.3450         0.00000     0.00000     0.00000     0.00000
    -6.1950         0.00000     0.00000     0.00000     0.00000
    -6.0450         0.00000     0.00000     0.00000     0.00000
    -5.8950         0.00000     0.00000     0.00000     0.00000
    -5.7450         0.00000     0.00000     0.00000     0.00000
    -5.5950         0.00000     0.00000     0.00000     0.00000
    -5.4450         0.00000     0.00000     0.00000     0.00000
    -5.2950         0.00000     0.00000     0.00000     0.00000
    -5.1450         0.00000     0.00000     0.00000     0.00000
    -4.9950         0.00000     0.00000     0.00000     0.00000
    -4.8450         0.00000     0.00000     0.00000     0.00000
    -4.6950         0.00000     0.00000     0.00000     0.00000
    -4.5450         0.00000     0.00000     0.00000     0.00000
    -4.3950         0.00000     0.00000     0.00000     0.00000
    -4.2450         0.00000     0.00000     0.00000     0.00000
    -4.0950         0.00000     0.00000     0.00000     0.00000
    -3.9450         0.00000     0.00000     0.00000     0.00000
    -3.7950         0.00000     0.00000     0.00000     0.00000
    -3.6450         0.00000     0.00000     0.00000     0.00000
    -3.4950         0.00000     0.00000     0.00000     0.00000
    -3.3450         0.00000     0.00000     0.00000     0.00000
    -3.1950         0.00000     0.00000     0.00000     0.00000
    -3.0450         0.00000     0.00000     0.00000     0.00000
    -2.8950         0.00000     0.00000     0.00000     0.00000
    -2.7450         0.00000     0.00000     0.00000     0.00000
    -2.5950         0.00000     0.00000     0.00000     0.00000
    -2.4450         0.00000     0.00000     0.00000     0.00000
    -2.2950         0.00000     0.00000     0.00000     0.00000
    -2.1450        -0.00000    -0.00000     0.00000     0.00000
    -1.9950        -0.00000    -0.00000     0.00000     0.00000
    -1.8450        -0.00000    -0.00000     0.00000     0.00000
    -1.6950         0.00000     0.00000     0.00000     0.00000
    -1.5450         0.00001     0.00001     0.00000    -0.00000
    -1.3950        -0.00014    -0.00015     0.00000     0.00001
    -1.2450        -0.00021    -0.00006     0.00000    -0.00015
    -1.0950        -0.00266    -0.00070    -0.00000    -0.00197
   -0.94500        -0.01462    -0.00228     0.00001    -0.01235
   -0.79500        -0.05963    -0.00521     0.00012    -0.05453
   -0.64500        -0.28644    -0.01051    -0.00136    -0.27457
   -0.49500        -1.48152    -0.02170    -0.01002    -1.44979
   -0.34500        -4.11803    -0.04151    -0.03098    -4.04554
   -0.22700        -4.93593    -0.05095    -0.04004    -4.84494
   -0.21300        -5.02549    -0.05214    -0.04129    -4.93206
   -0.20700        -5.11221    -0.05347    -0.04255    -5.01619
   -0.20100        -5.19780    -0.05474    -0.04380    -5.09926
   -0.19500        -5.28320    -0.05617    -0.04502    -5.18201
   -0.18900        -5.36708    -0.05757    -0.04634    -5.26317
   -0.18300        -5.45050    -0.05919    -0.04765    -5.34366
   -0.17700        -5.53099    -0.06060    -0.04905    -5.42134
   -0.17100        -5.61259    -0.06216    -0.05037    -5.50006
   -0.16500        -5.69395    -0.06366    -0.05179    -5.57850
   -0.15900        -5.77618    -0.06536    -0.05326    -5.65756
   -0.15300        -5.85600    -0.06694    -0.05470    -5.73436
   -0.14700        -5.93570    -0.06859    -0.05625    -5.81086
   -0.14100        -6.01640    -0.07038    -0.05784    -5.88818
   -0.13500        -6.09748    -0.07233    -0.05954    -5.96561
   -0.12900        -6.17931    -0.07417    -0.06122    -6.04392
   -0.12300        -6.26207    -0.07621    -0.06316    -6.12271
   -0.11700        -6.34500    -0.07831    -0.06517    -6.20153
   -0.11100        -6.42908    -0.08044    -0.06721    -6.28143
   -0.10500        -6.51492    -0.08264    -0.06937    -6.36292
   -0.99000E-01    -6.60272    -0.08501    -0.07168    -6.44602
   -0.93000E-01    -6.69291    -0.08748    -0.07427    -6.53116
   -0.87000E-01    -6.78652    -0.09015    -0.07699    -6.61939
   -0.81000E-01    -6.88276    -0.09291    -0.07994    -6.70990
   -0.75000E-01    -6.98331    -0.09591    -0.08316    -6.80424
   -0.69000E-01    -7.08826    -0.09920    -0.08668    -6.90238
   -0.63000E-01    -7.20017    -0.10275    -0.09056    -7.00686
   -0.57000E-01    -7.31991    -0.10648    -0.09473    -7.11870
   -0.51000E-01    -7.44951    -0.11079    -0.09961    -7.23911
   -0.45000E-01    -7.59237    -0.11572    -0.10516    -7.37148
   -0.39000E-01    -7.75021    -0.12121    -0.11163    -7.51737
   -0.33000E-01    -7.92568    -0.12793    -0.11974    -7.67802
   -0.27000E-01    -8.12235    -0.13610    -0.13050    -7.85576
   -0.21300E-01    -8.27238    -0.14301    -0.14033    -7.98903
   -0.19500E-01    -8.29584    -0.14417    -0.14204    -8.00963
   -0.18900E-01    -8.31975    -0.14534    -0.14386    -8.03055
   -0.18300E-01    -8.34388    -0.14657    -0.14573    -8.05157
   -0.17700E-01    -8.36841    -0.14783    -0.14773    -8.07285
   -0.17100E-01    -8.39343    -0.14916    -0.14990    -8.09437
   -0.16500E-01    -8.41885    -0.15051    -0.15215    -8.11619
   -0.15900E-01    -8.44502    -0.15195    -0.15453    -8.13854
   -0.15300E-01    -8.47156    -0.15337    -0.15704    -8.16115
   -0.14700E-01    -8.49879    -0.15489    -0.15967    -8.18424
   -0.14100E-01    -8.52660    -0.15649    -0.16250    -8.20761
   -0.13500E-01    -8.55522    -0.15816    -0.16560    -8.23146
   -0.12900E-01    -8.58450    -0.15987    -0.16891    -8.25572
   -0.12300E-01    -8.61477    -0.16169    -0.17246    -8.28062
   -0.11700E-01    -8.64582    -0.16357    -0.17630    -8.30595
   -0.11100E-01    -8.67764    -0.16553    -0.18042    -8.33169
   -0.10500E-01    -8.71066    -0.16761    -0.18494    -8.35811
   -0.99000E-02    -8.74467    -0.16979    -0.18987    -8.38501
   -0.93000E-02    -8.78013    -0.17209    -0.19535    -8.41269
   -0.87000E-02    -8.81695    -0.17447    -0.20147    -8.44101
   -0.81000E-02    -8.85532    -0.17702    -0.20832    -8.46997
   -0.75000E-02    -8.89524    -0.17970    -0.21599    -8.49956
   -0.69000E-02    -8.93717    -0.18260    -0.22475    -8.52982
   -0.63000E-02    -8.98132    -0.18560    -0.23501    -8.56071
   -0.57000E-02    -9.02838    -0.18877    -0.24727    -8.59233
   -0.51000E-02    -9.07918    -0.19216    -0.26233    -8.62469
   -0.45000E-02    -9.13495    -0.19575    -0.28155    -8.65764
   -0.39000E-02    -9.19847    -0.19951    -0.30796    -8.69101
   -0.33000E-02    -9.27465    -0.20344    -0.34623    -8.72498
   -0.27000E-02    -9.37009    -0.20756    -0.40276    -8.75977
   -0.21000E-02    -9.48409    -0.21171    -0.47562    -8.79675
   -0.15000E-02    -9.57919    -0.21573    -0.52278    -8.84067
   -0.90000E-03    -9.67064    -0.21918    -0.53898    -8.91248
   -0.30000E-03   -11.11785    -0.22096    -0.54199   -10.35491
    0.30000E-03    -9.67119    -0.21796    -0.54021    -8.91302
    0.90000E-03    -9.59042    -0.20176    -0.53675    -8.85191
    0.15000E-02    -9.51649    -0.15453    -0.53272    -8.82924
    0.21000E-02    -9.43033    -0.08153    -0.52856    -8.82025
    0.27000E-02    -9.36620    -0.02509    -0.52447    -8.81664
    0.33000E-02    -9.32259     0.01311    -0.52052    -8.81518
    0.39000E-02    -9.29188     0.03941    -0.51673    -8.81456
    0.45000E-02    -9.26874     0.05869    -0.51314    -8.81429
    0.51000E-02    -9.25031     0.07360    -0.50974    -8.81418
    0.57000E-02    -9.23481     0.08583    -0.50652    -8.81412
    0.63000E-02    -9.22154     0.09603    -0.50349    -8.81408
    0.69000E-02    -9.20988     0.10480    -0.50062    -8.81406
    0.75000E-02    -9.19947     0.11249    -0.49793    -8.81404
    0.81000E-02    -9.19015     0.11925    -0.49538    -8.81402
    0.87000E-02    -9.18169     0.12528    -0.49296    -8.81401
    0.93000E-02    -9.17402     0.13065    -0.49068    -8.81399
    0.99000E-02    -9.16696     0.13554    -0.48853    -8.81397
    0.10500E-01    -9.16044     0.14002    -0.48650    -8.81395
    0.11100E-01    -9.15448     0.14406    -0.48460    -8.81393
    0.11700E-01    -9.14889     0.14779    -0.48276    -8.81391
    0.12300E-01    -9.14372     0.15120    -0.48103    -8.81389
    0.12900E-01    -9.13877     0.15444    -0.47935    -8.81387
    0.13500E-01    -9.13416     0.15746    -0.47777    -8.81385
    0.14100E-01    -9.12988     0.16022    -0.47627    -8.81382
    0.14700E-01    -9.12586     0.16275    -0.47482    -8.81379
    0.15300E-01    -9.12201     0.16516    -0.47340    -8.81377
    0.15900E-01    -9.11835     0.16744    -0.47205    -8.81374
    0.16500E-01    -9.11493     0.16959    -0.47080    -8.81371
    0.17100E-01    -9.11159     0.17165    -0.46956    -8.81368
    0.17700E-01    -9.10847     0.17358    -0.46840    -8.81365
    0.18300E-01    -9.10558     0.17536    -0.46733    -8.81362
    0.18900E-01    -9.10273     0.17709    -0.46623    -8.81358
    0.19500E-01    -9.10004     0.17872    -0.46522    -8.81354
    0.21300E-01    -9.08435     0.18800    -0.45908    -8.81327
    0.27000E-01    -9.06769     0.19758    -0.45244    -8.81283
    0.33000E-01    -9.05583     0.20413    -0.44769    -8.81227
    0.39000E-01    -9.04701     0.20878    -0.44417    -8.81162
    0.45000E-01    -9.04019     0.21215    -0.44143    -8.81091
    0.51000E-01    -9.03486     0.21461    -0.43934    -8.81014
    0.57000E-01    -9.03051     0.21646    -0.43771    -8.80926
    0.63000E-01    -9.02702     0.21788    -0.43656    -8.80834
    0.69000E-01    -9.02401     0.21892    -0.43558    -8.80735
    0.75000E-01    -9.02114     0.21977    -0.43473    -8.80618
    0.81000E-01    -9.01861     0.22042    -0.43403    -8.80500
    0.87000E-01    -9.01641     0.22085    -0.43352    -8.80373
    0.93000E-01    -9.01433     0.22123    -0.43310    -8.80246
    0.99000E-01    -9.01234     0.22154    -0.43276    -8.80112
    0.10500        -9.01033     0.22179    -0.43247    -8.79965
    0.11100        -9.00847     0.22203    -0.43223    -8.79827
    0.11700        -9.00670     0.22219    -0.43207    -8.79682
    0.12300        -9.00501     0.22231    -0.43197    -8.79535
    0.12900        -9.00310     0.22243    -0.43184    -8.79368
    0.13500        -9.00119     0.22251    -0.43175    -8.79195
    0.14100        -8.99920     0.22258    -0.43165    -8.79013
    0.14700        -8.99729     0.22264    -0.43160    -8.78833
    0.15300        -8.99542     0.22269    -0.43153    -8.78658
    0.15900        -8.99336     0.22276    -0.43144    -8.78468
    0.16500        -8.99140     0.22284    -0.43141    -8.78283
    0.17100        -8.98910     0.22308    -0.43136    -8.78081
    0.17700        -8.98684     0.22312    -0.43124    -8.77872
    0.18300        -8.98486     0.22317    -0.43121    -8.77681
    0.18900        -8.98250     0.22337    -0.43117    -8.77471
    0.19500        -8.98012     0.22357    -0.43108    -8.77261
    0.20100        -8.97786     0.22376    -0.43099    -8.77063
    0.20700        -8.97548     0.22380    -0.43092    -8.76836
    0.21300        -8.97293     0.22399    -0.43084    -8.76607
    0.22700        -8.95203     0.22457    -0.43034    -8.74625
    0.34500        -8.88061     0.22595    -0.42924    -8.67732
    0.49500        -8.80372     0.22773    -0.42832    -8.60313
    0.64500        -8.72437     0.22919    -0.42749    -8.52608
    0.79500        -8.64371     0.23060    -0.42673    -8.44759
    0.94500        -8.56172     0.23213    -0.42604    -8.36781
     1.0950        -8.47970     0.23355    -0.42540    -8.28784
     1.2450        -8.39813     0.23481    -0.42483    -8.20810
     1.3950        -8.31800     0.23604    -0.42429    -8.12975
     1.5450        -8.23938     0.23740    -0.42378    -8.05300
     1.6950        -8.16242     0.23867    -0.42331    -7.97778
     1.8450        -8.08822     0.23987    -0.42285    -7.90524
     1.9950        -8.01663     0.24097    -0.42244    -7.83516
     2.1450        -7.94718     0.24204    -0.42204    -7.76717
     2.2950        -7.88025     0.24303    -0.42165    -7.70163
     2.4450        -7.81587     0.24396    -0.42128    -7.63855
     2.5950        -7.75402     0.24484    -0.42090    -7.57796
     2.7450        -7.69399     0.24572    -0.42053    -7.51918
     2.8950        -7.63674     0.24652    -0.42022    -7.46304
     3.0450        -7.58121     0.24731    -0.41990    -7.40862
     3.1950        -7.52805     0.24806    -0.41960    -7.35652
     3.3450        -7.47676     0.24878    -0.41929    -7.30625
     3.4950        -7.42701     0.24948    -0.41901    -7.25748
     3.6450        -7.37934     0.25016    -0.41875    -7.21075
     3.7950        -7.33314     0.25080    -0.41847    -7.16548
     3.9450        -7.28864     0.25144    -0.41820    -7.12188
     4.0950        -7.24554     0.25205    -0.41793    -7.07966
     4.2450        -7.20368     0.25264    -0.41767    -7.03864
     4.3950        -7.16317     0.25321    -0.41744    -6.99894
     4.5450        -7.12386     0.25377    -0.41720    -6.96043
     4.6950        -7.08565     0.25431    -0.41697    -6.92299
     4.8450        -7.04855     0.25483    -0.41675    -6.88663
     4.9950        -7.01247     0.25535    -0.41654    -6.85128
     5.1450        -6.97741     0.25584    -0.41632    -6.81692
     5.2950        -6.94332     0.25631    -0.41612    -6.78351
     5.4450        -6.91006     0.25678    -0.41592    -6.75091
     5.5950        -6.87764     0.25724    -0.41574    -6.71914
     5.7450        -6.84602     0.25768    -0.41554    -6.68817
     5.8950        -6.81513     0.25811    -0.41535    -6.65789
     6.0450        -6.78496     0.25853    -0.41516    -6.62833
     6.1950        -6.75553     0.25895    -0.41500    -6.59948
     6.3450        -6.72667     0.25936    -0.41480    -6.57123
     6.4950        -6.69850     0.25976    -0.41463    -6.54363
     6.6450        -6.67096     0.26015    -0.41445    -6.51666
     6.7950        -6.64392     0.26053    -0.41429    -6.49016
     6.9450        -6.61746     0.26091    -0.41411    -6.46425
     7.0950        -6.59156     0.26127    -0.41395    -6.43888
     7.2450        -6.56615     0.26163    -0.41380    -6.41398
     7.3950        -6.54123     0.26198    -0.41364    -6.38958
     7.5450        -6.51691     0.26233    -0.41349    -6.36574
     7.6950        -6.49299     0.26266    -0.41334    -6.34232
     7.8450        -6.46948     0.26300    -0.41319    -6.31929
     7.9950        -6.44641     0.26333    -0.41304    -6.29670
     8.1450        -6.42378     0.26364    -0.41289    -6.27453
     8.2950        -6.40148     0.26396    -0.41275    -6.25270
     8.4450        -6.37959     0.26428    -0.41261    -6.23126
     8.5950        -6.35815     0.26458    -0.41246    -6.21028
     8.7450        -6.33702     0.26489    -0.41233    -6.18958
     8.8950        -6.31627     0.26518    -0.41218    -6.16927
     9.0450        -6.29588     0.26547    -0.41205    -6.14930
     9.1950        -6.27580     0.26576    -0.41192    -6.12964
     9.3450        -6.25602     0.26604    -0.41178    -6.11028
     9.4950        -6.23648     0.26632    -0.41165    -6.09115
     9.6450        -6.21729     0.26659    -0.41153    -6.07235
     9.7950        -6.19837     0.26686    -0.41140    -6.05383
     9.9450        -6.17974     0.26713    -0.41127    -6.03559
     10.095        -6.16139     0.26739    -0.41115    -6.01763
     10.245        -6.14329     0.26765    -0.41104    -5.99990
     10.395        -6.12545     0.26790    -0.41092    -5.98244
     10.545        -6.10792     0.26815    -0.41081    -5.96525
     10.695        -6.09057     0.26839    -0.41069    -5.94828
     10.845        -6.07350     0.26863    -0.41058    -5.93156
     10.995        -6.05665     0.26888    -0.41047    -5.91506
     11.145        -6.04004     0.26911    -0.41036    -5.89879
     11.295        -6.02366     0.26934    -0.41025    -5.88275
     11.445        -6.00747     0.26958    -0.41014    -5.86691
     11.595        -5.99148     0.26981    -0.41003    -5.85126
     11.745        -5.97570     0.27003    -0.40992    -5.83580
     11.895        -5.96012     0.27026    -0.40982    -5.82055
     12.045        -5.94474     0.27048    -0.40971    -5.80551
     12.195        -5.92955     0.27069    -0.40961    -5.79063
     12.345        -5.91455     0.27090    -0.40951    -5.77595
     12.495        -5.89974     0.27111    -0.40940    -5.76145
     12.645        -5.88510     0.27132    -0.40930    -5.74712
     12.795        -5.87063     0.27153    -0.40920    -5.73296
     12.945        -5.85636     0.27173    -0.40910    -5.71899
     13.095        -5.84226     0.27193    -0.40901    -5.70518
     13.245        -5.82831     0.27213    -0.40891    -5.69152
     13.395        -5.81445     0.27233    -0.40882    -5.67797
     13.545        -5.80079     0.27252    -0.40872    -5.66459
     13.695        -5.78731     0.27272    -0.40863    -5.65140
     13.845        -5.77395     0.27291    -0.40854    -5.63832
     13.995        -5.76076     0.27310    -0.40845    -5.62541
     14.145        -5.74772     0.27328    -0.40836    -5.61264
     14.295        -5.73484     0.27346    -0.40827    -5.60003
     14.445        -5.72206     0.27365    -0.40819    -5.58752
     14.595        -5.70944     0.27383    -0.40810    -5.57517
     14.745        -5.69689     0.27401    -0.40801    -5.56290
     14.895        -5.68446     0.27420    -0.40792    -5.55074
     15.045        -5.67220     0.27437    -0.40783    -5.53874
     15.195        -5.66003     0.27454    -0.40775    -5.52682
     15.345        -5.64800     0.27471    -0.40767    -5.51505
     15.495        -5.63613     0.27488    -0.40759    -5.50343
     15.645        -5.62432     0.27506    -0.40750    -5.49187
     15.795        -5.61263     0.27523    -0.40742    -5.48044
     15.945        -5.60106     0.27539    -0.40734    -5.46911
     16.095        -5.58961     0.27555    -0.40726    -5.45790
     16.245        -5.57827     0.27571    -0.40718    -5.44680
     16.395        -5.56707     0.27588    -0.40710    -5.43585
     16.545        -5.55591     0.27603    -0.40702    -5.42493
     16.695        -5.54489     0.27619    -0.40694    -5.41414
     16.845        -5.53394     0.27635    -0.40687    -5.40343
     16.995        -5.52311     0.27651    -0.40679    -5.39282
     17.145        -5.51238     0.27666    -0.40672    -5.38232
     17.295        -5.50173     0.27681    -0.40664    -5.37190
     17.445        -5.49119     0.27697    -0.40657    -5.36159
     17.595        -5.48074     0.27711    -0.40649    -5.35137
     17.745        -5.47042     0.27726    -0.40641    -5.34127
     17.895        -5.46014     0.27741    -0.40633    -5.33122
     18.045        -5.44997     0.27756    -0.40626    -5.32126
     18.195        -5.43988     0.27770    -0.40619    -5.31139
     18.345        -5.42987     0.27784    -0.40611    -5.30160
     18.495        -5.41996     0.27799    -0.40604    -5.29190
     18.645        -5.41013     0.27813    -0.40597    -5.28228
     18.795        -5.40041     0.27827    -0.40590    -5.27277
     18.945        -5.39072     0.27841    -0.40583    -5.26329
     19.095        -5.38114     0.27855    -0.40576    -5.25393
     19.245        -5.37161     0.27869    -0.40569    -5.24460
     19.395        -5.36218     0.27883    -0.40563    -5.23538
     19.545        -5.35280     0.27896    -0.40557    -5.22619
     19.695        -5.34349     0.27909    -0.40549    -5.21709
     19.845        -5.33423     0.27922    -0.40542    -5.20803
     19.995        -5.32510     0.27936    -0.40535    -5.19910
     20.145        -5.31601     0.27949    -0.40528    -5.19022
     20.295        -5.30701     0.27962    -0.40523    -5.18141
     20.445        -5.29807     0.27975    -0.40516    -5.17266
     20.595        -5.28920     0.27988    -0.40510    -5.16398
     20.745        -5.28038     0.28001    -0.40503    -5.15535
     20.895        -5.27163     0.28013    -0.40497    -5.14679
     21.045        -5.26293     0.28026    -0.40490    -5.13828
     21.195        -5.25430     0.28038    -0.40484    -5.12985
     21.345        -5.24574     0.28051    -0.40478    -5.12147
     21.495        -5.23724     0.28063    -0.40471    -5.11316
     21.645        -5.22881     0.28076    -0.40465    -5.10491
     21.795        -5.22047     0.28088    -0.40459    -5.09675
     21.945        -5.21218     0.28100    -0.40453    -5.08865
     22.095        -5.20394     0.28112    -0.40447    -5.08059
     22.245        -5.19573     0.28124    -0.40441    -5.07255
     22.395        -5.18761     0.28135    -0.40435    -5.06462
     22.545        -5.17952     0.28147    -0.40430    -5.05669
     22.695        -5.17149     0.28158    -0.40424    -5.04883
     22.845        -5.16351     0.28171    -0.40418    -5.04104
     22.995        -5.15557     0.28182    -0.40412    -5.03327
     23.145        -5.14771     0.28193    -0.40406    -5.02558
     23.295        -5.13989     0.28204    -0.40400    -5.01793
     23.445        -5.13212     0.28216    -0.40395    -5.01033
     23.595        -5.12443     0.28227    -0.40390    -5.00280
     23.745        -5.11679     0.28238    -0.40384    -4.99532
     23.895        -5.10920     0.28249    -0.40378    -4.98790
     24.045        -5.10163     0.28260    -0.40372    -4.98051
     24.195        -5.09412     0.28270    -0.40367    -4.97316
     24.345        -5.08664     0.28281    -0.40361    -4.96584
     24.495        -5.07923     0.28292    -0.40356    -4.95859
     24.645        -5.07187     0.28302    -0.40352    -4.95137
     24.795        -5.06458     0.28313    -0.40347    -4.94424
     24.945        -5.05734     0.28323    -0.40341    -4.93716
     25.095        -5.05011     0.28334    -0.40336    -4.93009
     25.245        -5.04292     0.28345    -0.40330    -4.92306
     25.395        -5.03578     0.28355    -0.40324    -4.91609
     25.545        -5.02870     0.28365    -0.40319    -4.90915
     25.695        -5.02167     0.28376    -0.40314    -4.90228
     25.845        -5.01470     0.28386    -0.40309    -4.89546
     25.995        -5.00772     0.28396    -0.40304    -4.88864
     26.145        -5.00079     0.28406    -0.40299    -4.88186
     26.295        -4.99389     0.28416    -0.40293    -4.87512
     26.445        -4.98706     0.28426    -0.40288    -4.86845
     26.595        -4.98028     0.28436    -0.40283    -4.86181
     26.745        -4.97353     0.28445    -0.40278    -4.85521
     26.895        -4.96682     0.28455    -0.40273    -4.84864
     27.045        -4.96014     0.28464    -0.40267    -4.84211
     27.195        -4.95353     0.28474    -0.40262    -4.83564
     27.345        -4.94693     0.28484    -0.40258    -4.82918
     27.495        -4.94035     0.28493    -0.40253    -4.82275
     27.645        -4.93385     0.28502    -0.40248    -4.81639
     27.795        -4.92738     0.28512    -0.40244    -4.81005
     27.945        -4.92093     0.28521    -0.40239    -4.80374
     28.095        -4.91455     0.28530    -0.40234    -4.79751
     28.245        -4.90817     0.28539    -0.40230    -4.79127
     28.395        -4.90182     0.28549    -0.40225    -4.78506
     28.545        -4.89550     0.28558    -0.40220    -4.77888
     28.695        -4.88921     0.28567    -0.40215    -4.77273
     28.845        -4.88296     0.28576    -0.40211    -4.76661
     28.995        -4.87679     0.28585    -0.40206    -4.76058
     29.145        -4.87062     0.28594    -0.40202    -4.75454
     29.295        -4.86448     0.28603    -0.40197    -4.74854
     29.445        -4.85837     0.28612    -0.40192    -4.74256
     29.595        -4.85232     0.28620    -0.40187    -4.73665
     29.745        -4.84630     0.28630    -0.40183    -4.73076
     29.895        -4.84030     0.28638    -0.40178    -4.72490
     30.045        -4.83431     0.28647    -0.40173    -4.71904
     30.195        -4.82838     0.28655    -0.40169    -4.71324
     30.345        -4.82247     0.28664    -0.40164    -4.70747
     30.495        -4.81660     0.28672    -0.40160    -4.70172
     30.645        -4.81075     0.28681    -0.40155    -4.69600
     30.795        -4.80491     0.28689    -0.40151    -4.69030
     30.945        -4.79915     0.28698    -0.40146    -4.68466
     31.095        -4.79339     0.28706    -0.40142    -4.67903
     31.245        -4.78769     0.28714    -0.40138    -4.67346
     31.395        -4.78201     0.28722    -0.40134    -4.66790
     31.545        -4.77633     0.28731    -0.40130    -4.66234
     31.695        -4.77069     0.28739    -0.40125    -4.65683
     31.845        -4.76506     0.28747    -0.40121    -4.65132
     31.995        -4.75945     0.28755    -0.40117    -4.64584
     32.145        -4.75390     0.28763    -0.40113    -4.64040
     32.295        -4.74836     0.28771    -0.40109    -4.63498
     32.445        -4.74285     0.28779    -0.40105    -4.62959
     32.595        -4.73736     0.28787    -0.40100    -4.62423
     32.745        -4.73190     0.28795    -0.40096    -4.61889
     32.895        -4.72647     0.28803    -0.40091    -4.61359
     33.045        -4.72107     0.28811    -0.40087    -4.60831
     33.195        -4.71569     0.28818    -0.40083    -4.60305
     33.345        -4.71034     0.28826    -0.40078    -4.59782
     33.495        -4.70501     0.28834    -0.40074    -4.59261
     33.645        -4.69971     0.28842    -0.40070    -4.58743
     33.795        -4.69442     0.28849    -0.40066    -4.58225
     33.945        -4.68916     0.28857    -0.40061    -4.57711
     34.095        -4.68394     0.28864    -0.40057    -4.57201
     34.245        -4.67872     0.28872    -0.40054    -4.56691
     34.395        -4.67355     0.28879    -0.40049    -4.56185
     34.545        -4.66841     0.28887    -0.40045    -4.55683
     34.695        -4.66327     0.28894    -0.40042    -4.55180
     34.845        -4.65817     0.28902    -0.40038    -4.54681
     34.995        -4.65307     0.28909    -0.40034    -4.54182
     35.145        -4.64803     0.28916    -0.40030    -4.53689
     35.295        -4.64300     0.28924    -0.40026    -4.53198
     35.445        -4.63798     0.28931    -0.40022    -4.52706
     35.595        -4.63297     0.28938    -0.40019    -4.52217
     35.745        -4.62800     0.28945    -0.40015    -4.51731
     35.895        -4.62303     0.28952    -0.40011    -4.51244
     36.045        -4.61810     0.28959    -0.40007    -4.50762
     36.195        -4.61318     0.28967    -0.40003    -4.50282
     36.345        -4.60828     0.28974    -0.40000    -4.49803
     36.495        -4.60343     0.28981    -0.39996    -4.49328
     36.645        -4.59860     0.28988    -0.39992    -4.48856
     36.795        -4.59378     0.28995    -0.39988    -4.48385
     36.945        -4.58897     0.29002    -0.39985    -4.47914
     37.095        -4.58418     0.29009    -0.39981    -4.47446
     37.245        -4.57944     0.29016    -0.39978    -4.46982
     37.395        -4.57471     0.29023    -0.39974    -4.46520
     37.545        -4.56999     0.29030    -0.39971    -4.46058
     37.695        -4.56529     0.29037    -0.39967    -4.45598
     37.845        -4.56063     0.29043    -0.39964    -4.45143
     37.995        -4.55598     0.29050    -0.39960    -4.44688
     38.145        -4.55134     0.29057    -0.39956    -4.44234
     38.295        -4.54674     0.29063    -0.39953    -4.43784
     38.445        -4.54213     0.29070    -0.39949    -4.43334
     38.595        -4.53757     0.29077    -0.39945    -4.42888
     38.745        -4.53298     0.29083    -0.39941    -4.42440
     38.895        -4.52844     0.29090    -0.39937    -4.41997
     39.045        -4.52391     0.29097    -0.39934    -4.41555
     39.195        -4.51942     0.29104    -0.39930    -4.41115
     39.345        -4.51494     0.29110    -0.39926    -4.40678
     39.495        -4.51047     0.29117    -0.39923    -4.40241
     39.645        -4.50603     0.29123    -0.39919    -4.39807
     39.795        -4.50158     0.29130    -0.39916    -4.39372
     39.945        -4.49716     0.29136    -0.39913    -4.38939
     40.095        -4.49277     0.29143    -0.39909    -4.38510
     40.245        -4.48840     0.29149    -0.39906    -4.38084
     40.395        -4.48403     0.29155    -0.39902    -4.37656
     40.545        -4.47969     0.29162    -0.39899    -4.37232
     40.695        -4.47538     0.29168    -0.39895    -4.36811
     40.845        -4.47108     0.29174    -0.39892    -4.36391
     40.995        -4.46678     0.29181    -0.39888    -4.35971
     41.145        -4.46252     0.29187    -0.39885    -4.35554
     41.295        -4.45825     0.29193    -0.39881    -4.35137
     41.445        -4.45404     0.29200    -0.39877    -4.34726
     41.595        -4.44982     0.29206    -0.39874    -4.34313
     41.745        -4.44561     0.29212    -0.39871    -4.33902
     41.895        -4.44141     0.29218    -0.39867    -4.33492
     42.045        -4.43725     0.29224    -0.39864    -4.33086
     42.195        -4.43309     0.29230    -0.39861    -4.32679
     42.345        -4.42896     0.29237    -0.39857    -4.32275
     42.495        -4.42484     0.29243    -0.39854    -4.31873
     42.645        -4.42074     0.29249    -0.39851    -4.31472
     42.795        -4.41665     0.29255    -0.39847    -4.31073
     42.945        -4.41255     0.29261    -0.39844    -4.30672
     43.095        -4.40849     0.29267    -0.39841    -4.30276
     43.245        -4.40444     0.29273    -0.39837    -4.29880
     43.395        -4.40041     0.29279    -0.39834    -4.29486
     43.545        -4.39640     0.29285    -0.39831    -4.29094
     43.695        -4.39239     0.29290    -0.39828    -4.28702
     43.845        -4.38840     0.29296    -0.39825    -4.28312
     43.995        -4.38443     0.29302    -0.39822    -4.27923
     44.145        -4.38047     0.29308    -0.39819    -4.27536
     44.295        -4.37652     0.29313    -0.39815    -4.27150
     44.445        -4.37258     0.29319    -0.39812    -4.26764
     44.595        -4.36866     0.29325    -0.39809    -4.26382
     44.745        -4.36475     0.29330    -0.39806    -4.25999
     44.895        -4.36087     0.29336    -0.39803    -4.25620
     45.045        -4.35699     0.29342    -0.39800    -4.25241
     45.195        -4.35314     0.29348    -0.39797    -4.24864
     45.345        -4.34929     0.29353    -0.39794    -4.24488
     45.495        -4.34547     0.29359    -0.39791    -4.24115
     45.645        -4.34164     0.29365    -0.39788    -4.23741
     45.795        -4.33781     0.29370    -0.39785    -4.23366
     45.945        -4.33401     0.29376    -0.39782    -4.22995
     46.095        -4.33024     0.29381    -0.39779    -4.22626
     46.245        -4.32647     0.29387    -0.39776    -4.22258
     46.395        -4.32271     0.29392    -0.39773    -4.21891
     46.545        -4.31899     0.29398    -0.39770    -4.21526
     46.695        -4.31524     0.29403    -0.39767    -4.21160
     46.845        -4.31153     0.29409    -0.39764    -4.20797
     46.995        -4.30781     0.29414    -0.39761    -4.20434
     47.145        -4.30411     0.29419    -0.39758    -4.20072
     47.295        -4.30042     0.29425    -0.39756    -4.19711
     47.445        -4.29674     0.29430    -0.39753    -4.19352
     47.595        -4.29311     0.29435    -0.39750    -4.18997
     47.745        -4.28946     0.29441    -0.39747    -4.18640
     47.895        -4.28584     0.29446    -0.39744    -4.18286
     48.045        -4.28221     0.29452    -0.39741    -4.17932
     48.195        -4.27859     0.29457    -0.39738    -4.17578
     48.345        -4.27499     0.29462    -0.39735    -4.17227
     48.495        -4.27140     0.29468    -0.39732    -4.16876
     48.645        -4.26782     0.29473    -0.39729    -4.16526
     48.795        -4.26424     0.29478    -0.39726    -4.16176
     48.945        -4.26070     0.29483    -0.39723    -4.15830
     49.095        -4.25715     0.29488    -0.39720    -4.15483
     49.245        -4.25364     0.29494    -0.39717    -4.15140
     49.395        -4.25014     0.29499    -0.39715    -4.14798
     49.545        -4.24663     0.29504    -0.39712    -4.14454
     49.695        -4.24315     0.29509    -0.39709    -4.14115
     49.845        -4.23968     0.29514    -0.39707    -4.13776
     49.995        -4.23622     0.29519    -0.39704    -4.13437
     50.145        -4.23276     0.29524    -0.39701    -4.13099
     50.295        -4.22932     0.29530    -0.39699    -4.12763
     50.445        -4.22587     0.29535    -0.39696    -4.12426
     50.595        -4.22244     0.29540    -0.39694    -4.12090
     50.745        -4.21902     0.29545    -0.39691    -4.11756
     50.895        -4.21563     0.29550    -0.39688    -4.11424
     51.045        -4.21226     0.29555    -0.39686    -4.11095
     51.195        -4.20889     0.29560    -0.39683    -4.10765
     51.345        -4.20551     0.29565    -0.39681    -4.10435
     51.495        -4.20215     0.29570    -0.39678    -4.10107
     51.645        -4.19881     0.29575    -0.39675    -4.09781
     51.795        -4.19549     0.29580    -0.39672    -4.09457
     51.945        -4.19217     0.29584    -0.39669    -4.09133
     52.095        -4.18884     0.29589    -0.39666    -4.08808
     52.245        -4.18554     0.29594    -0.39664    -4.08485
     52.395        -4.18224     0.29599    -0.39661    -4.08162
     52.545        -4.17896     0.29604    -0.39658    -4.07842
     52.695        -4.17570     0.29608    -0.39656    -4.07522
     52.845        -4.17244     0.29613    -0.39653    -4.07204
     52.995        -4.16920     0.29618    -0.39650    -4.06888
     53.145        -4.16596     0.29623    -0.39648    -4.06571
     53.295        -4.16272     0.29628    -0.39645    -4.06254
     53.445        -4.15951     0.29632    -0.39643    -4.05940
     53.595        -4.15630     0.29637    -0.39640    -4.05627
     53.745        -4.15310     0.29642    -0.39637    -4.05314
     53.895        -4.14988     0.29647    -0.39635    -4.05001
     54.045        -4.14670     0.29651    -0.39632    -4.04689
     54.195        -4.14352     0.29656    -0.39629    -4.04379
     54.345        -4.14034     0.29661    -0.39627    -4.04068
     54.495        -4.13717     0.29665    -0.39625    -4.03757
     54.645        -4.13402     0.29670    -0.39623    -4.03449
     54.795        -4.13089     0.29674    -0.39620    -4.03143
     54.945        -4.12776     0.29679    -0.39617    -4.02838
     55.095        -4.12466     0.29683    -0.39615    -4.02535
     59.433        -3.88020     0.30044    -0.39419    -3.78645
     80.646        -3.52324     0.30572    -0.39117    -3.43779
     111.21        -3.17705     0.31086    -0.38821    -3.09970
     153.36        -2.84156     0.31585    -0.38522    -2.77218
     211.49        -2.51723     0.32069    -0.38234    -2.45558
     291.64        -2.20427     0.32538    -0.37949    -2.15015
     402.18        -1.90178     0.32992    -0.37668    -1.85503
     554.60        -1.61012     0.33431    -0.37394    -1.57049
     764.80        -1.32916     0.33854    -0.37128    -1.29642
     1054.7        -1.05810     0.34265    -0.36870    -1.03205
     1454.4        -0.79692     0.34662    -0.36622    -0.77732
     2005.6        -0.54487     0.35044    -0.36378    -0.53153
     2765.8        -0.30187     0.35413    -0.36144    -0.29455
     3814.0        -0.06749     0.35768    -0.35917    -0.06600
     5259.5         0.15872     0.36114    -0.35699     0.15457
     7252.9         0.37705     0.36446    -0.35487     0.36745
     10002.         0.58750     0.36765    -0.35285     0.57270
     13793.         0.79031     0.37073    -0.35087     0.77045
     19020.         0.98520     0.37368    -0.34901     0.96053
     26229.         1.17206     0.37652    -0.34723     1.14277
     36170.         1.35113     0.37925    -0.34551     1.31739
     49878.         1.52211     0.38186    -0.34390     1.48415
     68782.         1.68535     0.38434    -0.34235     1.64337
     94851.         1.84099     0.38671    -0.34088     1.79516
    0.13080E+06     1.98941     0.38897    -0.33947     1.93992
    0.18038E+06     2.13095     0.39111    -0.33815     2.07800
    0.24874E+06     2.26587     0.39316    -0.33687     2.20958
    0.34301E+06     2.39420     0.39510    -0.33567     2.33478
    0.47302E+06     2.51635     0.39695    -0.33454     2.45394
    0.65229E+06     2.63258     0.39871    -0.33345     2.56733
    0.89952E+06     2.74323     0.40038    -0.33244     2.67528
    0.12404E+07     2.84833     0.40197    -0.33148     2.77784
    0.17106E+07     2.94839     0.40347    -0.33057     2.87548
    0.23589E+07     3.04360     0.40490    -0.32969     2.96839
    0.32529E+07     3.13414     0.40626    -0.32888     3.05676
    0.44858E+07     3.22016     0.40756    -0.32810     3.14069
    0.61860E+07     3.30195     0.40878    -0.32736     3.22052
    0.85305E+07     3.37965     0.40996    -0.32668     3.29638
    0.11764E+08     3.45357     0.41107    -0.32604     3.36854
    0.16222E+08     3.52387     0.41212    -0.32543     3.43719
    0.22370E+08     3.59065     0.41310    -0.32486     3.50242
    0.30849E+08     3.65367     0.41404    -0.32433     3.56396
    0.42541E+08     3.71273     0.41492    -0.32382     3.62162
    0.58664E+08     3.76803     0.41575    -0.32335     3.67563
    0.80898E+08     3.81994     0.41653    -0.32291     3.72632
    0.11156E+09     3.86868     0.41727    -0.32252     3.77393
    0.15384E+09     3.91463     0.41795    -0.32215     3.81883
    0.21215E+09     3.95792     0.41859    -0.32180     3.86114
    0.29255E+09     3.99879     0.41920    -0.32147     3.90106
    0.40343E+09     4.03728     0.41977    -0.32117     3.93868
    0.55633E+09     4.07349     0.42030    -0.32089     3.97407
    0.76719E+09     4.10648     0.42080    -0.32063     4.00631
    0.10580E+10     4.13641     0.42125    -0.32040     4.03555
    0.14589E+10     4.16387     0.42166    -0.32019     4.06240
    0.20119E+10     4.18915     0.42204    -0.31999     4.08709
    0.27744E+10     4.21247     0.42240    -0.31980     4.10988
    0.38259E+10     4.23394     0.42273    -0.31963     4.13084
    0.52760E+10     4.25380     0.42303    -0.31947     4.15024
    0.72756E+10     4.27210     0.42330    -0.31932     4.16813
    0.10033E+11     4.28899     0.42355    -0.31920     4.18464
    0.13836E+11     4.30456     0.42379    -0.31907     4.19984
    0.19079E+11     4.31891     0.42400    -0.31895     4.21386
    0.26311E+11     4.33217     0.42420    -0.31885     4.22681
    0.36283E+11     4.34441     0.42438    -0.31875     4.23878
    0.50034E+11     4.35569     0.42455    -0.31866     4.24980
    0.68997E+11     4.36609     0.42470    -0.31858     4.25997
    0.10000E+12     4.49109     0.42656    -0.31759     4.38212
