    -99.945         0.00000     0.00000     0.00000     0.00000
    -99.795         0.00000     0.00000     0.00000     0.00000
    -99.645         0.00000     0.00000     0.00000     0.00000
    -99.495         0.00000     0.00000     0.00000     0.00000
    -99.345         0.00000     0.00000     0.00000     0.00000
    -99.195         0.00000     0.00000     0.00000     0.00000
    -99.045         0.00000     0.00000     0.00000     0.00000
    -98.895         0.00000     0.00000     0.00000     0.00000
    -98.745         0.00000     0.00000     0.00000     0.00000
    -98.595         0.00000     0.00000     0.00000     0.00000
    -98.445         0.00000     0.00000     0.00000     0.00000
    -98.295         0.00000     0.00000     0.00000     0.00000
    -98.145         0.00000     0.00000     0.00000     0.00000
    -97.995         0.00000     0.00000     0.00000     0.00000
    -97.845         0.00000     0.00000     0.00000     0.00000
    -97.695         0.00000     0.00000     0.00000     0.00000
    -97.545         0.00000     0.00000     0.00000     0.00000
    -97.395         0.00000     0.00000     0.00000     0.00000
    -97.245         0.00000     0.00000     0.00000     0.00000
    -97.095         0.00000     0.00000     0.00000     0.00000
    -96.945         0.00000     0.00000     0.00000     0.00000
    -96.795         0.00000     0.00000     0.00000     0.00000
    -96.645         0.00000     0.00000     0.00000     0.00000
    -96.495         0.00000     0.00000     0.00000     0.00000
    -96.345         0.00000     0.00000     0.00000     0.00000
    -96.195         0.00000     0.00000     0.00000     0.00000
    -96.045         0.00000     0.00000     0.00000     0.00000
    -95.895         0.00000     0.00000     0.00000     0.00000
    -95.745         0.00000     0.00000     0.00000     0.00000
    -95.595         0.00000     0.00000     0.00000     0.00000
    -95.445         0.00000     0.00000     0.00000     0.00000
    -95.295         0.00000     0.00000     0.00000     0.00000
    -95.145         0.00000     0.00000     0.00000     0.00000
    -94.995         0.00000     0.00000     0.00000     0.00000
    -94.845         0.00000     0.00000     0.00000     0.00000
    -94.695         0.00000     0.00000     0.00000     0.00000
    -94.545         0.00000     0.00000     0.00000     0.00000
    -94.395         0.00000     0.00000     0.00000     0.00000
    -94.245         0.00000     0.00000     0.00000     0.00000
    -94.095         0.00000     0.00000     0.00000     0.00000
    -93.945         0.00000     0.00000     0.00000     0.00000
    -93.795         0.00000     0.00000     0.00000     0.00000
    -93.645         0.00000     0.00000     0.00000     0.00000
    -93.495         0.00000     0.00000     0.00000     0.00000
    -93.345         0.00000     0.00000     0.00000     0.00000
    -93.195         0.00000     0.00000     0.00000     0.00000
    -93.045         0.00000     0.00000     0.00000     0.00000
    -92.895         0.00000     0.00000     0.00000     0.00000
    -92.745         0.00000     0.00000     0.00000     0.00000
    -92.595         0.00000     0.00000     0.00000     0.00000
    -92.445         0.00000     0.00000     0.00000     0.00000
    -92.295         0.00000     0.00000     0.00000     0.00000
    -92.145         0.00000     0.00000     0.00000     0.00000
    -91.995         0.00000     0.00000     0.00000     0.00000
    -91.845         0.00000     0.00000     0.00000     0.00000
    -91.695         0.00000     0.00000     0.00000     0.00000
    -91.545         0.00000     0.00000     0.00000     0.00000
    -91.395         0.00000     0.00000     0.00000     0.00000
    -91.245         0.00000     0.00000     0.00000     0.00000
    -91.095         0.00000     0.00000     0.00000     0.00000
    -90.945         0.00000     0.00000     0.00000     0.00000
    -90.795         0.00000     0.00000     0.00000     0.00000
    -90.645         0.00000     0.00000     0.00000     0.00000
    -90.495         0.00000     0.00000     0.00000     0.00000
    -90.345         0.00000     0.00000     0.00000     0.00000
    -90.195         0.00000     0.00000     0.00000     0.00000
    -90.045         0.00000     0.00000     0.00000     0.00000
    -89.895         0.00000     0.00000     0.00000     0.00000
    -89.745         0.00000     0.00000     0.00000     0.00000
    -89.595         0.00000     0.00000     0.00000     0.00000
    -89.445         0.00000     0.00000     0.00000     0.00000
    -89.295         0.00000     0.00000     0.00000     0.00000
    -89.145         0.00000     0.00000     0.00000     0.00000
    -88.995         0.00000     0.00000     0.00000     0.00000
    -88.845         0.00000     0.00000     0.00000     0.00000
    -88.695         0.00000     0.00000     0.00000     0.00000
    -88.545         0.00000     0.00000     0.00000     0.00000
    -88.395         0.00000     0.00000     0.00000     0.00000
    -88.245         0.00000     0.00000     0.00000     0.00000
    -88.095         0.00000     0.00000     0.00000     0.00000
    -87.945         0.00000     0.00000     0.00000     0.00000
    -87.795         0.00000     0.00000     0.00000     0.00000
    -87.645         0.00000     0.00000     0.00000     0.00000
    -87.495         0.00000     0.00000     0.00000     0.00000
    -87.345         0.00000     0.00000     0.00000     0.00000
    -87.195         0.00000     0.00000     0.00000     0.00000
    -87.045         0.00000     0.00000     0.00000     0.00000
    -86.895         0.00000     0.00000     0.00000     0.00000
    -86.745         0.00000     0.00000     0.00000     0.00000
    -86.595         0.00000     0.00000     0.00000     0.00000
    -86.445         0.00000     0.00000     0.00000     0.00000
    -86.295         0.00000     0.00000     0.00000     0.00000
    -86.145         0.00000     0.00000     0.00000     0.00000
    -85.995         0.00000     0.00000     0.00000     0.00000
    -85.845         0.00000     0.00000     0.00000     0.00000
    -85.695         0.00000     0.00000     0.00000     0.00000
    -85.545         0.00000     0.00000     0.00000     0.00000
    -85.395         0.00000     0.00000     0.00000     0.00000
    -85.245         0.00000     0.00000     0.00000     0.00000
    -85.095         0.00000     0.00000     0.00000     0.00000
    -84.945         0.00000     0.00000     0.00000     0.00000
    -84.795         0.00000     0.00000     0.00000     0.00000
    -84.645         0.00000     0.00000     0.00000     0.00000
    -84.495         0.00000     0.00000     0.00000     0.00000
    -84.345         0.00000     0.00000     0.00000     0.00000
    -84.195         0.00000     0.00000     0.00000     0.00000
    -84.045         0.00000     0.00000     0.00000     0.00000
    -83.895         0.00000     0.00000     0.00000     0.00000
    -83.745         0.00000     0.00000     0.00000     0.00000
    -83.595         0.00000     0.00000     0.00000     0.00000
    -83.445         0.00000     0.00000     0.00000     0.00000
    -83.295         0.00000     0.00000     0.00000     0.00000
    -83.145         0.00000     0.00000     0.00000     0.00000
    -82.995         0.00000     0.00000     0.00000     0.00000
    -82.845         0.00000     0.00000     0.00000     0.00000
    -82.695         0.00000     0.00000     0.00000     0.00000
    -82.545         0.00000     0.00000     0.00000     0.00000
    -82.395         0.00000     0.00000     0.00000     0.00000
    -82.245         0.00000     0.00000     0.00000     0.00000
    -82.095         0.00000     0.00000     0.00000     0.00000
    -81.945         0.00000     0.00000     0.00000     0.00000
    -81.795         0.00000     0.00000     0.00000     0.00000
    -81.645         0.00000     0.00000     0.00000     0.00000
    -81.495         0.00000     0.00000     0.00000     0.00000
    -81.345         0.00000     0.00000     0.00000     0.00000
    -81.195         0.00000     0.00000     0.00000     0.00000
    -81.045         0.00000     0.00000     0.00000     0.00000
    -80.895         0.00000     0.00000     0.00000     0.00000
    -80.745         0.00000     0.00000     0.00000     0.00000
    -80.595         0.00000     0.00000     0.00000     0.00000
    -80.445         0.00000     0.00000     0.00000     0.00000
    -80.295         0.00000     0.00000     0.00000     0.00000
    -80.145         0.00000     0.00000     0.00000     0.00000
    -79.995         0.00000     0.00000     0.00000     0.00000
    -79.845         0.00000     0.00000     0.00000     0.00000
    -79.695         0.00000     0.00000     0.00000     0.00000
    -79.545         0.00000     0.00000     0.00000     0.00000
    -79.395         0.00000     0.00000     0.00000     0.00000
    -79.245         0.00000     0.00000     0.00000     0.00000
    -79.095         0.00000     0.00000     0.00000     0.00000
    -78.945         0.00000     0.00000     0.00000     0.00000
    -78.795         0.00000     0.00000     0.00000     0.00000
    -78.645         0.00000     0.00000     0.00000     0.00000
    -78.495         0.00000     0.00000     0.00000     0.00000
    -78.345         0.00000     0.00000     0.00000     0.00000
    -78.195         0.00000     0.00000     0.00000     0.00000
    -78.045         0.00000     0.00000     0.00000     0.00000
    -77.895         0.00000     0.00000     0.00000     0.00000
    -77.745         0.00000     0.00000     0.00000     0.00000
    -77.595         0.00000     0.00000     0.00000     0.00000
    -77.445         0.00000     0.00000     0.00000     0.00000
    -77.295         0.00000     0.00000     0.00000     0.00000
    -77.145         0.00000     0.00000     0.00000     0.00000
    -76.995         0.00000     0.00000     0.00000     0.00000
    -76.845         0.00000     0.00000     0.00000     0.00000
    -76.695         0.00000     0.00000     0.00000     0.00000
    -76.545         0.00000     0.00000     0.00000     0.00000
    -76.395         0.00000     0.00000     0.00000     0.00000
    -76.245         0.00000     0.00000     0.00000     0.00000
    -76.095         0.00000     0.00000     0.00000     0.00000
    -75.945         0.00000     0.00000     0.00000     0.00000
    -75.795         0.00000     0.00000     0.00000     0.00000
    -75.645         0.00000     0.00000     0.00000     0.00000
    -75.495         0.00000     0.00000     0.00000     0.00000
    -75.345         0.00000     0.00000     0.00000     0.00000
    -75.195         0.00000     0.00000     0.00000     0.00000
    -75.045         0.00000     0.00000     0.00000     0.00000
    -74.895         0.00000     0.00000     0.00000     0.00000
    -74.745         0.00000     0.00000     0.00000     0.00000
    -74.595         0.00000     0.00000     0.00000     0.00000
    -74.445         0.00000     0.00000     0.00000     0.00000
    -74.295         0.00000     0.00000     0.00000     0.00000
    -74.145         0.00000     0.00000     0.00000     0.00000
    -73.995         0.00000     0.00000     0.00000     0.00000
    -73.845         0.00000     0.00000     0.00000     0.00000
    -73.695         0.00000     0.00000     0.00000     0.00000
    -73.545         0.00000     0.00000     0.00000     0.00000
    -73.395         0.00000     0.00000     0.00000     0.00000
    -73.245         0.00000     0.00000     0.00000     0.00000
    -73.095         0.00000     0.00000     0.00000     0.00000
    -72.945         0.00000     0.00000     0.00000     0.00000
    -72.795         0.00000     0.00000     0.00000     0.00000
    -72.645         0.00000     0.00000     0.00000     0.00000
    -72.495         0.00000     0.00000     0.00000     0.00000
    -72.345         0.00000     0.00000     0.00000     0.00000
    -72.195         0.00000     0.00000     0.00000     0.00000
    -72.045         0.00000     0.00000     0.00000     0.00000
    -71.895         0.00000     0.00000     0.00000     0.00000
    -71.745         0.00000     0.00000     0.00000     0.00000
    -71.595         0.00000     0.00000     0.00000     0.00000
    -71.445         0.00000     0.00000     0.00000     0.00000
    -71.295         0.00000     0.00000     0.00000     0.00000
    -71.145         0.00000     0.00000     0.00000     0.00000
    -70.995         0.00000     0.00000     0.00000     0.00000
    -70.845         0.00000     0.00000     0.00000     0.00000
    -70.695         0.00000     0.00000     0.00000     0.00000
    -70.545         0.00000     0.00000     0.00000     0.00000
    -70.395         0.00000     0.00000     0.00000     0.00000
    -70.245         0.00000     0.00000     0.00000     0.00000
    -70.095         0.00000     0.00000     0.00000     0.00000
    -69.945         0.00000     0.00000     0.00000     0.00000
    -69.795         0.00000     0.00000     0.00000     0.00000
    -69.645         0.00000     0.00000     0.00000     0.00000
    -69.495         0.00000     0.00000     0.00000     0.00000
    -69.345         0.00000     0.00000     0.00000     0.00000
    -69.195         0.00000     0.00000     0.00000     0.00000
    -69.045         0.00000     0.00000     0.00000     0.00000
    -68.895         0.00000     0.00000     0.00000     0.00000
    -68.745         0.00000     0.00000     0.00000     0.00000
    -68.595         0.00000     0.00000     0.00000     0.00000
    -68.445         0.00000     0.00000     0.00000     0.00000
    -68.295         0.00000     0.00000     0.00000     0.00000
    -68.145         0.00000     0.00000     0.00000     0.00000
    -67.995         0.00000     0.00000     0.00000     0.00000
    -67.845         0.00000     0.00000     0.00000     0.00000
    -67.695         0.00000     0.00000     0.00000     0.00000
    -67.545         0.00000     0.00000     0.00000     0.00000
    -67.395         0.00000     0.00000     0.00000     0.00000
    -67.245         0.00000     0.00000     0.00000     0.00000
    -67.095         0.00000     0.00000     0.00000     0.00000
    -66.945         0.00000     0.00000     0.00000     0.00000
    -66.795         0.00000     0.00000     0.00000     0.00000
    -66.645         0.00000     0.00000     0.00000     0.00000
    -66.495         0.00000     0.00000     0.00000     0.00000
    -66.345         0.00000     0.00000     0.00000     0.00000
    -66.195         0.00000     0.00000     0.00000     0.00000
    -66.045         0.00000     0.00000     0.00000     0.00000
    -65.895         0.00000     0.00000     0.00000     0.00000
    -65.745         0.00000     0.00000     0.00000     0.00000
    -65.595         0.00000     0.00000     0.00000     0.00000
    -65.445         0.00000     0.00000     0.00000     0.00000
    -65.295         0.00000     0.00000     0.00000     0.00000
    -65.145         0.00000     0.00000     0.00000     0.00000
    -64.995         0.00000     0.00000     0.00000     0.00000
    -64.845         0.00000     0.00000     0.00000     0.00000
    -64.695         0.00000     0.00000     0.00000     0.00000
    -64.545         0.00000     0.00000     0.00000     0.00000
    -64.395         0.00000     0.00000     0.00000     0.00000
    -64.245         0.00000     0.00000     0.00000     0.00000
    -64.095         0.00000     0.00000     0.00000     0.00000
    -63.945         0.00000     0.00000     0.00000     0.00000
    -63.795         0.00000     0.00000     0.00000     0.00000
    -63.645         0.00000     0.00000     0.00000     0.00000
    -63.495         0.00000     0.00000     0.00000     0.00000
    -63.345         0.00000     0.00000     0.00000     0.00000
    -63.195         0.00000     0.00000     0.00000     0.00000
    -63.045         0.00000     0.00000     0.00000     0.00000
    -62.895         0.00000     0.00000     0.00000     0.00000
    -62.745         0.00000     0.00000     0.00000     0.00000
    -62.595         0.00000     0.00000     0.00000     0.00000
    -62.445         0.00000     0.00000     0.00000     0.00000
    -62.295         0.00000     0.00000     0.00000     0.00000
    -62.145         0.00000     0.00000     0.00000     0.00000
    -61.995         0.00000     0.00000     0.00000     0.00000
    -61.845         0.00000     0.00000     0.00000     0.00000
    -61.695         0.00000     0.00000     0.00000     0.00000
    -61.545         0.00000     0.00000     0.00000     0.00000
    -61.395         0.00000     0.00000     0.00000     0.00000
    -61.245         0.00000     0.00000     0.00000     0.00000
    -61.095         0.00000     0.00000     0.00000     0.00000
    -60.945         0.00000     0.00000     0.00000     0.00000
    -60.795         0.00000     0.00000     0.00000     0.00000
    -60.645         0.00000     0.00000     0.00000     0.00000
    -60.495         0.00000     0.00000     0.00000     0.00000
    -60.345         0.00000     0.00000     0.00000     0.00000
    -60.195         0.00000     0.00000     0.00000     0.00000
    -60.045         0.00000     0.00000     0.00000     0.00000
    -59.895         0.00000     0.00000     0.00000     0.00000
    -59.745         0.00000     0.00000     0.00000     0.00000
    -59.595         0.00000     0.00000     0.00000     0.00000
    -59.445         0.00000     0.00000     0.00000     0.00000
    -59.295         0.00000     0.00000     0.00000     0.00000
    -59.145         0.00000     0.00000     0.00000     0.00000
    -58.995         0.00000     0.00000     0.00000     0.00000
    -58.845         0.00000     0.00000     0.00000     0.00000
    -58.695         0.00000     0.00000     0.00000     0.00000
    -58.545         0.00000     0.00000     0.00000     0.00000
    -58.395         0.00000     0.00000     0.00000     0.00000
    -58.245         0.00000     0.00000     0.00000     0.00000
    -58.095         0.00000     0.00000     0.00000     0.00000
    -57.945         0.00000     0.00000     0.00000     0.00000
    -57.795         0.00000     0.00000     0.00000     0.00000
    -57.645         0.00000     0.00000     0.00000     0.00000
    -57.495         0.00000     0.00000     0.00000     0.00000
    -57.345         0.00000     0.00000     0.00000     0.00000
    -57.195         0.00000     0.00000     0.00000     0.00000
    -57.045         0.00000     0.00000     0.00000     0.00000
    -56.895         0.00000     0.00000     0.00000     0.00000
    -56.745         0.00000     0.00000     0.00000     0.00000
    -56.595         0.00000     0.00000     0.00000     0.00000
    -56.445         0.00000     0.00000     0.00000     0.00000
    -56.295         0.00000     0.00000     0.00000     0.00000
    -56.145         0.00000     0.00000     0.00000     0.00000
    -55.995         0.00000     0.00000     0.00000     0.00000
    -55.845         0.00000     0.00000     0.00000     0.00000
    -55.695         0.00000     0.00000     0.00000     0.00000
    -55.545         0.00000     0.00000     0.00000     0.00000
    -55.395         0.00000     0.00000     0.00000     0.00000
    -55.245         0.00000     0.00000     0.00000     0.00000
    -55.095         0.00000     0.00000     0.00000     0.00000
    -54.945         0.00000     0.00000     0.00000     0.00000
    -54.795         0.00000     0.00000     0.00000     0.00000
    -54.645         0.00000     0.00000     0.00000     0.00000
    -54.495         0.00000     0.00000     0.00000     0.00000
    -54.345         0.00000     0.00000     0.00000     0.00000
    -54.195         0.00000     0.00000     0.00000     0.00000
    -54.045         0.00000     0.00000     0.00000     0.00000
    -53.895         0.00000     0.00000     0.00000     0.00000
    -53.745         0.00000     0.00000     0.00000     0.00000
    -53.595         0.00000     0.00000     0.00000     0.00000
    -53.445         0.00000     0.00000     0.00000     0.00000
    -53.295         0.00000     0.00000     0.00000     0.00000
    -53.145         0.00000     0.00000     0.00000     0.00000
    -52.995         0.00000     0.00000     0.00000     0.00000
    -52.845         0.00000     0.00000     0.00000     0.00000
    -52.695         0.00000     0.00000     0.00000     0.00000
    -52.545         0.00000     0.00000     0.00000     0.00000
    -52.395         0.00000     0.00000     0.00000     0.00000
    -52.245         0.00000     0.00000     0.00000     0.00000
    -52.095         0.00000     0.00000     0.00000     0.00000
    -51.945         0.00000     0.00000     0.00000     0.00000
    -51.795         0.00000     0.00000     0.00000     0.00000
    -51.645         0.00000     0.00000     0.00000     0.00000
    -51.495         0.00000     0.00000     0.00000     0.00000
    -51.345         0.00000     0.00000     0.00000     0.00000
    -51.195         0.00000     0.00000     0.00000     0.00000
    -51.045         0.00000     0.00000     0.00000     0.00000
    -50.895         0.00000     0.00000     0.00000     0.00000
    -50.745         0.00000     0.00000     0.00000     0.00000
    -50.595         0.00000     0.00000     0.00000     0.00000
    -50.445         0.00000     0.00000     0.00000     0.00000
    -50.295         0.00000     0.00000     0.00000     0.00000
    -50.145         0.00000     0.00000     0.00000     0.00000
    -49.995         0.00000     0.00000     0.00000     0.00000
    -49.845         0.00000     0.00000     0.00000     0.00000
    -49.695         0.00000     0.00000     0.00000     0.00000
    -49.545         0.00000     0.00000     0.00000     0.00000
    -49.395         0.00000     0.00000     0.00000     0.00000
    -49.245         0.00000     0.00000     0.00000     0.00000
    -49.095         0.00000     0.00000     0.00000     0.00000
    -48.945         0.00000     0.00000     0.00000     0.00000
    -48.795         0.00000     0.00000     0.00000     0.00000
    -48.645         0.00000     0.00000     0.00000     0.00000
    -48.495         0.00000     0.00000     0.00000     0.00000
    -48.345         0.00000     0.00000     0.00000     0.00000
    -48.195         0.00000     0.00000     0.00000     0.00000
    -48.045         0.00000     0.00000     0.00000     0.00000
    -47.895         0.00000     0.00000     0.00000     0.00000
    -47.745         0.00000     0.00000     0.00000     0.00000
    -47.595         0.00000     0.00000     0.00000     0.00000
    -47.445         0.00000     0.00000     0.00000     0.00000
    -47.295         0.00000     0.00000     0.00000     0.00000
    -47.145         0.00000     0.00000     0.00000     0.00000
    -46.995         0.00000     0.00000     0.00000     0.00000
    -46.845         0.00000     0.00000     0.00000     0.00000
    -46.695         0.00000     0.00000     0.00000     0.00000
    -46.545         0.00000     0.00000     0.00000     0.00000
    -46.395         0.00000     0.00000     0.00000     0.00000
    -46.245         0.00000     0.00000     0.00000     0.00000
    -46.095         0.00000     0.00000     0.00000     0.00000
    -45.945         0.00000     0.00000     0.00000     0.00000
    -45.795         0.00000     0.00000     0.00000     0.00000
    -45.645         0.00000     0.00000     0.00000     0.00000
    -45.495         0.00000     0.00000     0.00000     0.00000
    -45.345         0.00000     0.00000     0.00000     0.00000
    -45.195         0.00000     0.00000     0.00000     0.00000
    -45.045         0.00000     0.00000     0.00000     0.00000
    -44.895         0.00000     0.00000     0.00000     0.00000
    -44.745         0.00000     0.00000     0.00000     0.00000
    -44.595         0.00000     0.00000     0.00000     0.00000
    -44.445         0.00000     0.00000     0.00000     0.00000
    -44.295         0.00000     0.00000     0.00000     0.00000
    -44.145         0.00000     0.00000     0.00000     0.00000
    -43.995         0.00000     0.00000     0.00000     0.00000
    -43.845         0.00000     0.00000     0.00000     0.00000
    -43.695         0.00000     0.00000     0.00000     0.00000
    -43.545         0.00000     0.00000     0.00000     0.00000
    -43.395         0.00000     0.00000     0.00000     0.00000
    -43.245         0.00000     0.00000     0.00000     0.00000
    -43.095         0.00000     0.00000     0.00000     0.00000
    -42.945         0.00000     0.00000     0.00000     0.00000
    -42.795         0.00000     0.00000     0.00000     0.00000
    -42.645         0.00000     0.00000     0.00000     0.00000
    -42.495         0.00000     0.00000     0.00000     0.00000
    -42.345         0.00000     0.00000     0.00000     0.00000
    -42.195         0.00000     0.00000     0.00000     0.00000
    -42.045         0.00000     0.00000     0.00000     0.00000
    -41.895         0.00000     0.00000     0.00000     0.00000
    -41.745         0.00000     0.00000     0.00000     0.00000
    -41.595         0.00000     0.00000     0.00000     0.00000
    -41.445         0.00000     0.00000     0.00000     0.00000
    -41.295         0.00000     0.00000     0.00000     0.00000
    -41.145         0.00000     0.00000     0.00000     0.00000
    -40.995         0.00000     0.00000     0.00000     0.00000
    -40.845         0.00000     0.00000     0.00000     0.00000
    -40.695         0.00000     0.00000     0.00000     0.00000
    -40.545         0.00000     0.00000     0.00000     0.00000
    -40.395         0.00000     0.00000     0.00000     0.00000
    -40.245         0.00000     0.00000     0.00000     0.00000
    -40.095         0.00000     0.00000     0.00000     0.00000
    -39.945         0.00000     0.00000     0.00000     0.00000
    -39.795         0.00000     0.00000     0.00000     0.00000
    -39.645         0.00000     0.00000     0.00000     0.00000
    -39.495         0.00000     0.00000     0.00000     0.00000
    -39.345         0.00000     0.00000     0.00000     0.00000
    -39.195         0.00000     0.00000     0.00000     0.00000
    -39.045         0.00000     0.00000     0.00000     0.00000
    -38.895         0.00000     0.00000     0.00000     0.00000
    -38.745         0.00000     0.00000     0.00000     0.00000
    -38.595         0.00000     0.00000     0.00000     0.00000
    -38.445         0.00000     0.00000     0.00000     0.00000
    -38.295         0.00000     0.00000     0.00000     0.00000
    -38.145         0.00000     0.00000     0.00000     0.00000
    -37.995         0.00000     0.00000     0.00000     0.00000
    -37.845         0.00000     0.00000     0.00000     0.00000
    -37.695         0.00000     0.00000     0.00000     0.00000
    -37.545         0.00000     0.00000     0.00000     0.00000
    -37.395         0.00000     0.00000     0.00000     0.00000
    -37.245         0.00000     0.00000     0.00000     0.00000
    -37.095         0.00000     0.00000     0.00000     0.00000
    -36.945         0.00000     0.00000     0.00000     0.00000
    -36.795         0.00000     0.00000     0.00000     0.00000
    -36.645         0.00000     0.00000     0.00000     0.00000
    -36.495         0.00000     0.00000     0.00000     0.00000
    -36.345         0.00000     0.00000     0.00000     0.00000
    -36.195         0.00000     0.00000     0.00000     0.00000
    -36.045         0.00000     0.00000     0.00000     0.00000
    -35.895         0.00000     0.00000     0.00000     0.00000
    -35.745         0.00000     0.00000     0.00000     0.00000
    -35.595         0.00000     0.00000     0.00000     0.00000
    -35.445         0.00000     0.00000     0.00000     0.00000
    -35.295         0.00000     0.00000     0.00000     0.00000
    -35.145         0.00000     0.00000     0.00000     0.00000
    -34.995         0.00000     0.00000     0.00000     0.00000
    -34.845         0.00000     0.00000     0.00000     0.00000
    -34.695         0.00000     0.00000     0.00000     0.00000
    -34.545         0.00000     0.00000     0.00000     0.00000
    -34.395         0.00000     0.00000     0.00000     0.00000
    -34.245         0.00000     0.00000     0.00000     0.00000
    -34.095         0.00000     0.00000     0.00000     0.00000
    -33.945         0.00000     0.00000     0.00000     0.00000
    -33.795         0.00000     0.00000     0.00000     0.00000
    -33.645         0.00000     0.00000     0.00000     0.00000
    -33.495         0.00000     0.00000     0.00000     0.00000
    -33.345         0.00000     0.00000     0.00000     0.00000
    -33.195         0.00000     0.00000     0.00000     0.00000
    -33.045         0.00000     0.00000     0.00000     0.00000
    -32.895         0.00000     0.00000     0.00000     0.00000
    -32.745         0.00000     0.00000     0.00000     0.00000
    -32.595         0.00000     0.00000     0.00000     0.00000
    -32.445         0.00000     0.00000     0.00000     0.00000
    -32.295         0.00000     0.00000     0.00000     0.00000
    -32.145         0.00000     0.00000     0.00000     0.00000
    -31.995         0.00000     0.00000     0.00000     0.00000
    -31.845         0.00000     0.00000     0.00000     0.00000
    -31.695         0.00000     0.00000     0.00000     0.00000
    -31.545         0.00000     0.00000     0.00000     0.00000
    -31.395         0.00000     0.00000     0.00000     0.00000
    -31.245         0.00000     0.00000     0.00000     0.00000
    -31.095         0.00000     0.00000     0.00000     0.00000
    -30.945         0.00000     0.00000     0.00000     0.00000
    -30.795         0.00000     0.00000     0.00000     0.00000
    -30.645         0.00000     0.00000     0.00000     0.00000
    -30.495         0.00000     0.00000     0.00000     0.00000
    -30.345         0.00000     0.00000     0.00000     0.00000
    -30.195         0.00000     0.00000     0.00000     0.00000
    -30.045         0.00000     0.00000     0.00000     0.00000
    -29.895         0.00000     0.00000     0.00000     0.00000
    -29.745         0.00000     0.00000     0.00000     0.00000
    -29.595         0.00000     0.00000     0.00000     0.00000
    -29.445         0.00000     0.00000     0.00000     0.00000
    -29.295         0.00000     0.00000     0.00000     0.00000
    -29.145         0.00000     0.00000     0.00000     0.00000
    -28.995         0.00000     0.00000     0.00000     0.00000
    -28.845         0.00000     0.00000     0.00000     0.00000
    -28.695         0.00000     0.00000     0.00000     0.00000
    -28.545         0.00000     0.00000     0.00000     0.00000
    -28.395         0.00000     0.00000     0.00000     0.00000
    -28.245         0.00000     0.00000     0.00000     0.00000
    -28.095         0.00000     0.00000     0.00000     0.00000
    -27.945         0.00000     0.00000     0.00000     0.00000
    -27.795         0.00000     0.00000     0.00000     0.00000
    -27.645         0.00000     0.00000     0.00000     0.00000
    -27.495         0.00000     0.00000     0.00000     0.00000
    -27.345         0.00000     0.00000     0.00000     0.00000
    -27.195         0.00000     0.00000     0.00000     0.00000
    -27.045         0.00000     0.00000     0.00000     0.00000
    -26.895         0.00000     0.00000     0.00000     0.00000
    -26.745         0.00000     0.00000     0.00000     0.00000
    -26.595         0.00000     0.00000     0.00000     0.00000
    -26.445         0.00000     0.00000     0.00000     0.00000
    -26.295         0.00000     0.00000     0.00000     0.00000
    -26.145         0.00000     0.00000     0.00000     0.00000
    -25.995         0.00000     0.00000     0.00000     0.00000
    -25.845         0.00000     0.00000     0.00000     0.00000
    -25.695         0.00000     0.00000     0.00000     0.00000
    -25.545         0.00000     0.00000     0.00000     0.00000
    -25.395         0.00000     0.00000     0.00000     0.00000
    -25.245         0.00000     0.00000     0.00000     0.00000
    -25.095         0.00000     0.00000     0.00000     0.00000
    -24.945         0.00000     0.00000     0.00000     0.00000
    -24.795         0.00000     0.00000     0.00000     0.00000
    -24.645         0.00000     0.00000     0.00000     0.00000
    -24.495         0.00000     0.00000     0.00000     0.00000
    -24.345         0.00000     0.00000     0.00000     0.00000
    -24.195         0.00000     0.00000     0.00000     0.00000
    -24.045         0.00000     0.00000     0.00000     0.00000
    -23.895         0.00000     0.00000     0.00000     0.00000
    -23.745         0.00000     0.00000     0.00000     0.00000
    -23.595         0.00000     0.00000     0.00000     0.00000
    -23.445         0.00000     0.00000     0.00000     0.00000
    -23.295         0.00000     0.00000     0.00000     0.00000
    -23.145         0.00000     0.00000     0.00000     0.00000
    -22.995         0.00000     0.00000     0.00000     0.00000
    -22.845         0.00000     0.00000     0.00000     0.00000
    -22.695         0.00000     0.00000     0.00000     0.00000
    -22.545         0.00000     0.00000     0.00000     0.00000
    -22.395         0.00000     0.00000     0.00000     0.00000
    -22.245         0.00000     0.00000     0.00000     0.00000
    -22.095         0.00000     0.00000     0.00000     0.00000
    -21.945         0.00000     0.00000     0.00000     0.00000
    -21.795         0.00000     0.00000     0.00000     0.00000
    -21.645         0.00000     0.00000     0.00000     0.00000
    -21.495         0.00000     0.00000     0.00000     0.00000
    -21.345         0.00000     0.00000     0.00000     0.00000
    -21.195         0.00000     0.00000     0.00000     0.00000
    -21.045         0.00000     0.00000     0.00000     0.00000
    -20.895         0.00000     0.00000     0.00000     0.00000
    -20.745         0.00000     0.00000     0.00000     0.00000
    -20.595         0.00000     0.00000     0.00000     0.00000
    -20.445         0.00000     0.00000     0.00000     0.00000
    -20.295         0.00000     0.00000     0.00000     0.00000
    -20.145         0.00000     0.00000     0.00000     0.00000
    -19.995         0.00000     0.00000     0.00000     0.00000
    -19.845         0.00000     0.00000     0.00000     0.00000
    -19.695         0.00000     0.00000     0.00000     0.00000
    -19.545         0.00000     0.00000     0.00000     0.00000
    -19.395         0.00000     0.00000     0.00000     0.00000
    -19.245         0.00000     0.00000     0.00000     0.00000
    -19.095         0.00000     0.00000     0.00000     0.00000
    -18.945         0.00000     0.00000     0.00000     0.00000
    -18.795         0.00000     0.00000     0.00000     0.00000
    -18.645         0.00000     0.00000     0.00000     0.00000
    -18.495         0.00000     0.00000     0.00000     0.00000
    -18.345         0.00000     0.00000     0.00000     0.00000
    -18.195         0.00000     0.00000     0.00000     0.00000
    -18.045         0.00000     0.00000     0.00000     0.00000
    -17.895         0.00000     0.00000     0.00000     0.00000
    -17.745         0.00000     0.00000     0.00000     0.00000
    -17.595         0.00000     0.00000     0.00000     0.00000
    -17.445         0.00000     0.00000     0.00000     0.00000
    -17.295         0.00000     0.00000     0.00000     0.00000
    -17.145         0.00000     0.00000     0.00000     0.00000
    -16.995         0.00000     0.00000     0.00000     0.00000
    -16.845         0.00000     0.00000     0.00000     0.00000
    -16.695         0.00000     0.00000     0.00000     0.00000
    -16.545         0.00000     0.00000     0.00000     0.00000
    -16.395         0.00000     0.00000     0.00000     0.00000
    -16.245         0.00000     0.00000     0.00000     0.00000
    -16.095         0.00000     0.00000     0.00000     0.00000
    -15.945         0.00000     0.00000     0.00000     0.00000
    -15.795         0.00000     0.00000     0.00000     0.00000
    -15.645         0.00000     0.00000     0.00000     0.00000
    -15.495         0.00000     0.00000     0.00000     0.00000
    -15.345         0.00000     0.00000     0.00000     0.00000
    -15.195         0.00000     0.00000     0.00000     0.00000
    -15.045         0.00000     0.00000     0.00000     0.00000
    -14.895         0.00000     0.00000     0.00000     0.00000
    -14.745         0.00000     0.00000     0.00000     0.00000
    -14.595         0.00000     0.00000     0.00000     0.00000
    -14.445         0.00000     0.00000     0.00000     0.00000
    -14.295         0.00000     0.00000     0.00000     0.00000
    -14.145         0.00000     0.00000     0.00000     0.00000
    -13.995         0.00000     0.00000     0.00000     0.00000
    -13.845         0.00000     0.00000     0.00000     0.00000
    -13.695         0.00000     0.00000     0.00000     0.00000
    -13.545         0.00000     0.00000     0.00000     0.00000
    -13.395         0.00000     0.00000     0.00000     0.00000
    -13.245         0.00000     0.00000     0.00000     0.00000
    -13.095         0.00000     0.00000     0.00000     0.00000
    -12.945         0.00000     0.00000     0.00000     0.00000
    -12.795         0.00000     0.00000     0.00000     0.00000
    -12.645         0.00000     0.00000     0.00000     0.00000
    -12.495         0.00000     0.00000     0.00000     0.00000
    -12.345         0.00000     0.00000     0.00000     0.00000
    -12.195         0.00000     0.00000     0.00000     0.00000
    -12.045         0.00000     0.00000     0.00000     0.00000
    -11.895         0.00000     0.00000     0.00000     0.00000
    -11.745         0.00000     0.00000     0.00000     0.00000
    -11.595         0.00000     0.00000     0.00000     0.00000
    -11.445         0.00000     0.00000     0.00000     0.00000
    -11.295         0.00000     0.00000     0.00000     0.00000
    -11.145         0.00000     0.00000     0.00000     0.00000
    -10.995         0.00000     0.00000     0.00000     0.00000
    -10.845         0.00000     0.00000     0.00000     0.00000
    -10.695         0.00000     0.00000     0.00000     0.00000
    -10.545         0.00000     0.00000     0.00000     0.00000
    -10.395         0.00000     0.00000     0.00000     0.00000
    -10.245         0.00000     0.00000     0.00000     0.00000
    -10.095         0.00000     0.00000     0.00000     0.00000
    -9.9450         0.00000     0.00000     0.00000     0.00000
    -9.7950         0.00000     0.00000     0.00000     0.00000
    -9.6450         0.00000     0.00000     0.00000     0.00000
    -9.4950         0.00000     0.00000     0.00000     0.00000
    -9.3450         0.00000     0.00000     0.00000     0.00000
    -9.1950         0.00000     0.00000     0.00000     0.00000
    -9.0450         0.00000     0.00000     0.00000     0.00000
    -8.8950         0.00000     0.00000     0.00000     0.00000
    -8.7450         0.00000     0.00000     0.00000     0.00000
    -8.5950         0.00000     0.00000     0.00000     0.00000
    -8.4450         0.00000     0.00000     0.00000     0.00000
    -8.2950         0.00000     0.00000     0.00000     0.00000
    -8.1450         0.00000     0.00000     0.00000     0.00000
    -7.9950         0.00000     0.00000     0.00000     0.00000
    -7.8450         0.00000     0.00000     0.00000     0.00000
    -7.6950         0.00000     0.00000     0.00000     0.00000
    -7.5450         0.00000     0.00000     0.00000     0.00000
    -7.3950         0.00000     0.00000     0.00000     0.00000
    -7.2450         0.00000     0.00000     0.00000     0.00000
    -7.0950         0.00000     0.00000     0.00000     0.00000
    -6.9450         0.00000     0.00000     0.00000     0.00000
    -6.7950         0.00000     0.00000     0.00000     0.00000
    -6.6450         0.00000     0.00000     0.00000     0.00000
    -6.4950         0.00000     0.00000     0.00000     0.00000
    -6.3450         0.00000     0.00000     0.00000     0.00000
    -6.1950         0.00000     0.00000     0.00000     0.00000
    -6.0450         0.00000     0.00000     0.00000     0.00000
    -5.8950         0.00000     0.00000     0.00000     0.00000
    -5.7450         0.00000     0.00000     0.00000     0.00000
    -5.5950         0.00000     0.00000     0.00000     0.00000
    -5.4450         0.00000     0.00000     0.00000     0.00000
    -5.2950         0.00000     0.00000     0.00000     0.00000
    -5.1450         0.00000     0.00000     0.00000     0.00000
    -4.9950         0.00000     0.00000     0.00000     0.00000
    -4.8450         0.00000     0.00000     0.00000     0.00000
    -4.6950         0.00000     0.00000     0.00000     0.00000
    -4.5450         0.00000     0.00000     0.00000     0.00000
    -4.3950         0.00000     0.00000     0.00000     0.00000
    -4.2450         0.00000     0.00000     0.00000     0.00000
    -4.0950         0.00000     0.00000     0.00000     0.00000
    -3.9450         0.00000     0.00000     0.00000     0.00000
    -3.7950         0.00000     0.00000     0.00000     0.00000
    -3.6450         0.00000     0.00000     0.00000     0.00000
    -3.4950         0.00000     0.00000     0.00000     0.00000
    -3.3450         0.00000     0.00000     0.00000     0.00000
    -3.1950         0.00000     0.00000     0.00000     0.00000
    -3.0450         0.00000     0.00000     0.00000     0.00000
    -2.8950         0.00000     0.00000     0.00000     0.00000
    -2.7450         0.00000     0.00000     0.00000     0.00000
    -2.5950         0.00000     0.00000     0.00000     0.00000
    -2.4450         0.00000     0.00000     0.00000     0.00000
    -2.2950         0.00000     0.00000     0.00000     0.00000
    -2.1450         0.00000     0.00000     0.00000     0.00000
    -1.9950         0.00000     0.00000     0.00000     0.00000
    -1.8450         0.00000     0.00000     0.00000     0.00000
    -1.6950         0.00000     0.00000     0.00000     0.00000
    -1.5450         0.00000     0.00000     0.00000     0.00000
    -1.3950         0.00000     0.00000     0.00000     0.00000
    -1.2450         0.00001     0.00001     0.00000     0.00000
    -1.0950         0.00015     0.00005     0.00000     0.00010
   -0.94500        -0.00135     0.00023    -0.00000    -0.00158
   -0.79500        -0.01382    -0.00024     0.00001    -0.01359
   -0.64500        -0.09076    -0.00105     0.00024    -0.08995
   -0.49500        -0.67749    -0.00304     0.00243    -0.67689
   -0.34500        -2.83866    -0.00958     0.00846    -2.83754
   -0.22700        -3.59752    -0.01291     0.00949    -3.59411
   -0.21300        -3.67686    -0.01332     0.00979    -3.67333
   -0.20700        -3.75514    -0.01367     0.01071    -3.75219
   -0.20100        -3.83240    -0.01419     0.01112    -3.82933
   -0.19500        -3.91007    -0.01468     0.01159    -3.90699
   -0.18900        -3.98586    -0.01522     0.01218    -3.98282
   -0.18300        -4.06214    -0.01575     0.01226    -4.05865
   -0.17700        -4.13498    -0.01622     0.01266    -4.13142
   -0.17100        -4.20636    -0.01673     0.01410    -4.20373
   -0.16500        -4.27848    -0.01725     0.01470    -4.27593
   -0.15900        -4.34930    -0.01769     0.01475    -4.34635
   -0.15300        -4.42065    -0.01826     0.01446    -4.41686
   -0.14700        -4.49173    -0.01888     0.01444    -4.48728
   -0.14100        -4.56143    -0.01957     0.01482    -4.55668
   -0.13500        -4.63228    -0.02031     0.01456    -4.62652
   -0.12900        -4.70355    -0.02102     0.01437    -4.69690
   -0.12300        -4.77394    -0.02162     0.01439    -4.76671
   -0.11700        -4.84556    -0.02239     0.01423    -4.83740
   -0.11100        -4.91689    -0.02311     0.01392    -4.90769
   -0.10500        -4.99031    -0.02397     0.01364    -4.97997
   -0.99000E-01    -5.06426    -0.02483     0.01334    -5.05277
   -0.93000E-01    -5.14024    -0.02577     0.01278    -5.12724
   -0.87000E-01    -5.21817    -0.02676     0.01217    -5.20358
   -0.81000E-01    -5.29814    -0.02784     0.01132    -5.28161
   -0.75000E-01    -5.38070    -0.02900     0.01056    -5.36225
   -0.69000E-01    -5.46729    -0.03027     0.00958    -5.44661
   -0.63000E-01    -5.55758    -0.03159     0.00860    -5.53459
   -0.57000E-01    -5.65358    -0.03302     0.00751    -5.62807
   -0.51000E-01    -5.75717    -0.03471     0.00619    -5.72865
   -0.45000E-01    -5.87082    -0.03660     0.00452    -5.83874
   -0.39000E-01    -5.99642    -0.03866     0.00250    -5.96026
   -0.33000E-01    -6.13769    -0.04114     0.00001    -6.09656
   -0.27000E-01    -6.29637    -0.04416    -0.00340    -6.24881
   -0.21300E-01    -6.41652    -0.04670    -0.00657    -6.36325
   -0.19500E-01    -6.43506    -0.04712    -0.00711    -6.38083
   -0.18900E-01    -6.45391    -0.04755    -0.00769    -6.39868
   -0.18300E-01    -6.47306    -0.04800    -0.00829    -6.41677
   -0.17700E-01    -6.49256    -0.04847    -0.00893    -6.43516
   -0.17100E-01    -6.51246    -0.04895    -0.00960    -6.45391
   -0.16500E-01    -6.53276    -0.04946    -0.01031    -6.47299
   -0.15900E-01    -6.55344    -0.05000    -0.01107    -6.49237
   -0.15300E-01    -6.57450    -0.05056    -0.01188    -6.51206
   -0.14700E-01    -6.59609    -0.05114    -0.01272    -6.53222
   -0.14100E-01    -6.61820    -0.05174    -0.01362    -6.55283
   -0.13500E-01    -6.64090    -0.05237    -0.01459    -6.57394
   -0.12900E-01    -6.66399    -0.05305    -0.01563    -6.59531
   -0.12300E-01    -6.68770    -0.05374    -0.01677    -6.61720
   -0.11700E-01    -6.71199    -0.05446    -0.01797    -6.63956
   -0.11100E-01    -6.73698    -0.05524    -0.01927    -6.66247
   -0.10500E-01    -6.76287    -0.05608    -0.02070    -6.68609
   -0.99000E-02    -6.78948    -0.05695    -0.02228    -6.71024
   -0.93000E-02    -6.81695    -0.05786    -0.02404    -6.73504
   -0.87000E-02    -6.84545    -0.05886    -0.02597    -6.76062
   -0.81000E-02    -6.87481    -0.05991    -0.02815    -6.78676
   -0.75000E-02    -6.90539    -0.06103    -0.03061    -6.81375
   -0.69000E-02    -6.93734    -0.06223    -0.03339    -6.84172
   -0.63000E-02    -6.97063    -0.06354    -0.03666    -6.87044
   -0.57000E-02    -7.00547    -0.06495    -0.04047    -6.90005
   -0.51000E-02    -7.04185    -0.06647    -0.04500    -6.93038
   -0.45000E-02    -7.08025    -0.06811    -0.05060    -6.96153
   -0.39000E-02    -7.12106    -0.06991    -0.05783    -6.99332
   -0.33000E-02    -7.16533    -0.07185    -0.06779    -7.02569
   -0.27000E-02    -7.21551    -0.07393    -0.08293    -7.05864
   -0.21000E-02    -7.27593    -0.07617    -0.10732    -7.09245
   -0.15000E-02    -7.34845    -0.07847    -0.13968    -7.13030
   -0.90000E-03    -7.42497    -0.08062    -0.15542    -7.18894
   -0.30000E-03    -8.88132    -0.08188    -0.15794    -8.64151
    0.30000E-03    -7.42648    -0.07934    -0.15668    -7.19046
    0.90000E-03    -7.36291    -0.06357    -0.15452    -7.14482
    0.15000E-02    -7.31380    -0.03137    -0.15220    -7.13023
    0.21000E-02    -7.28213    -0.00689    -0.14995    -7.12528
    0.27000E-02    -7.26317     0.00824    -0.14784    -7.12357
    0.33000E-02    -7.25073     0.01813    -0.14589    -7.12296
    0.39000E-02    -7.24152     0.02529    -0.14408    -7.12274
    0.45000E-02    -7.23423     0.03085    -0.14244    -7.12264
    0.51000E-02    -7.22818     0.03537    -0.14095    -7.12260
    0.57000E-02    -7.22303     0.03912    -0.13958    -7.12257
    0.63000E-02    -7.21848     0.04234    -0.13828    -7.12255
    0.69000E-02    -7.21447     0.04513    -0.13707    -7.12253
    0.75000E-02    -7.21094     0.04754    -0.13596    -7.12252
    0.81000E-02    -7.20770     0.04971    -0.13491    -7.12250
    0.87000E-02    -7.20485     0.05159    -0.13395    -7.12249
    0.93000E-02    -7.20221     0.05331    -0.13305    -7.12247
    0.99000E-02    -7.19974     0.05490    -0.13219    -7.12245
    0.10500E-01    -7.19752     0.05632    -0.13140    -7.12243
    0.11100E-01    -7.19554     0.05754    -0.13067    -7.12241
    0.11700E-01    -7.19366     0.05873    -0.13000    -7.12239
    0.12300E-01    -7.19188     0.05982    -0.12933    -7.12237
    0.12900E-01    -7.19018     0.06084    -0.12868    -7.12234
    0.13500E-01    -7.18864     0.06179    -0.12811    -7.12232
    0.14100E-01    -7.18717     0.06270    -0.12757    -7.12230
    0.14700E-01    -7.18582     0.06350    -0.12705    -7.12227
    0.15300E-01    -7.18455     0.06427    -0.12657    -7.12225
    0.15900E-01    -7.18340     0.06495    -0.12613    -7.12222
    0.16500E-01    -7.18226     0.06563    -0.12570    -7.12219
    0.17100E-01    -7.18120     0.06625    -0.12528    -7.12216
    0.17700E-01    -7.18015     0.06684    -0.12485    -7.12213
    0.18300E-01    -7.17919     0.06739    -0.12449    -7.12210
    0.18900E-01    -7.17830     0.06792    -0.12416    -7.12206
    0.19500E-01    -7.17752     0.06835    -0.12384    -7.12203
    0.21300E-01    -7.17261     0.07112    -0.12195    -7.12178
    0.27000E-01    -7.16752     0.07379    -0.11998    -7.12134
    0.33000E-01    -7.16411     0.07543    -0.11870    -7.12084
    0.39000E-01    -7.16159     0.07649    -0.11784    -7.12024
    0.45000E-01    -7.15959     0.07720    -0.11724    -7.11955
    0.51000E-01    -7.15793     0.07765    -0.11679    -7.11879
    0.57000E-01    -7.15639     0.07799    -0.11645    -7.11793
    0.63000E-01    -7.15505     0.07818    -0.11619    -7.11704
    0.69000E-01    -7.15372     0.07835    -0.11600    -7.11606
    0.75000E-01    -7.15235     0.07847    -0.11583    -7.11499
    0.81000E-01    -7.15096     0.07853    -0.11569    -7.11380
    0.87000E-01    -7.14972     0.07858    -0.11560    -7.11271
    0.93000E-01    -7.14824     0.07866    -0.11546    -7.11144
    0.99000E-01    -7.14684     0.07871    -0.11540    -7.11015
    0.10500        -7.14530     0.07874    -0.11531    -7.10873
    0.11100        -7.14384     0.07876    -0.11527    -7.10734
    0.11700        -7.14219     0.07879    -0.11505    -7.10593
    0.12300        -7.14042     0.07894    -0.11487    -7.10448
    0.12900        -7.13865     0.07896    -0.11473    -7.10287
    0.13500        -7.13694     0.07909    -0.11470    -7.10133
    0.14100        -7.13516     0.07923    -0.11461    -7.09977
    0.14700        -7.13347     0.07935    -0.11460    -7.09822
    0.15300        -7.13172     0.07947    -0.11454    -7.09665
    0.15900        -7.12970     0.07959    -0.11448    -7.09481
    0.16500        -7.12764     0.07971    -0.11443    -7.09292
    0.17100        -7.12566     0.07983    -0.11439    -7.09109
    0.17700        -7.12363     0.07994    -0.11435    -7.08922
    0.18300        -7.12159     0.08004    -0.11431    -7.08733
    0.18900        -7.11948     0.08016    -0.11428    -7.08535
    0.19500        -7.11750     0.08018    -0.11426    -7.08342
    0.20100        -7.11554     0.08029    -0.11423    -7.08160
    0.20700        -7.11346     0.08040    -0.11421    -7.07964
    0.21300        -7.11123     0.08051    -0.11418    -7.07755
    0.22700        -7.09283     0.08079    -0.11401    -7.05962
    0.34500        -7.02987     0.08180    -0.11358    -6.99808
    0.49500        -6.96072     0.08257    -0.11322    -6.93008
    0.64500        -6.88857     0.08408    -0.11289    -6.85975
    0.79500        -6.81636     0.08537    -0.11261    -6.78913
    0.94500        -6.74401     0.08620    -0.11235    -6.71786
     1.0950        -6.67172     0.08725    -0.11210    -6.64686
     1.2450        -6.60049     0.08797    -0.11188    -6.57658
     1.3950        -6.53040     0.08885    -0.11168    -6.50757
     1.5450        -6.46208     0.08965    -0.11149    -6.44024
     1.6950        -6.39451     0.09039    -0.11131    -6.37360
     1.8450        -6.33024     0.09110    -0.11112    -6.31022
     1.9950        -6.26829     0.09176    -0.11096    -6.24909
     2.1450        -6.20783     0.09238    -0.11079    -6.18942
     2.2950        -6.15005     0.09298    -0.11065    -6.13238
     2.4450        -6.09483     0.09353    -0.11049    -6.07787
     2.5950        -6.04172     0.09407    -0.11035    -6.02544
     2.7450        -5.99064     0.09457    -0.11022    -5.97498
     2.8950        -5.94165     0.09505    -0.11011    -5.92659
     3.0450        -5.89441     0.09551    -0.10998    -5.87994
     3.1950        -5.84828     0.09596    -0.10987    -5.83437
     3.3450        -5.80409     0.09638    -0.10976    -5.79071
     3.4950        -5.76190     0.09679    -0.10965    -5.74903
     3.6450        -5.72091     0.09719    -0.10954    -5.70856
     3.7950        -5.68142     0.09757    -0.10944    -5.66955
     3.9450        -5.64329     0.09793    -0.10934    -5.63188
     4.0950        -5.60632     0.09828    -0.10924    -5.59536
     4.2450        -5.57072     0.09862    -0.10916    -5.56018
     4.3950        -5.53625     0.09895    -0.10907    -5.52613
     4.5450        -5.50283     0.09927    -0.10898    -5.49312
     4.6950        -5.47035     0.09958    -0.10890    -5.46103
     4.8450        -5.43884     0.09988    -0.10881    -5.42991
     4.9950        -5.40786     0.10017    -0.10873    -5.39930
     5.1450        -5.37806     0.10046    -0.10865    -5.36987
     5.2950        -5.34905     0.10074    -0.10858    -5.34122
     5.4450        -5.32079     0.10102    -0.10850    -5.31331
     5.5950        -5.29325     0.10128    -0.10843    -5.28610
     5.7450        -5.26643     0.10154    -0.10836    -5.25961
     5.8950        -5.24029     0.10180    -0.10829    -5.23380
     6.0450        -5.21474     0.10204    -0.10822    -5.20857
     6.1950        -5.18988     0.10228    -0.10816    -5.18400
     6.3450        -5.16546     0.10251    -0.10808    -5.15989
     6.4950        -5.14158     0.10275    -0.10801    -5.13632
     6.6450        -5.11830     0.10297    -0.10795    -5.11333
     6.7950        -5.09548     0.10319    -0.10788    -5.09080
     6.9450        -5.07315     0.10341    -0.10781    -5.06875
     7.0950        -5.05124     0.10362    -0.10775    -5.04711
     7.2450        -5.02978     0.10383    -0.10769    -5.02592
     7.3950        -5.00874     0.10403    -0.10763    -5.00515
     7.5450        -4.98813     0.10423    -0.10757    -4.98478
     7.6950        -4.96794     0.10442    -0.10751    -4.96485
     7.8450        -4.94811     0.10461    -0.10746    -4.94526
     7.9950        -4.92865     0.10480    -0.10740    -4.92605
     8.1450        -4.90951     0.10499    -0.10734    -4.90716
     8.2950        -4.89072     0.10517    -0.10729    -4.88861
     8.4450        -4.87230     0.10535    -0.10723    -4.87042
     8.5950        -4.85415     0.10553    -0.10717    -4.85250
     8.7450        -4.83631     0.10570    -0.10712    -4.83489
     8.8950        -4.81878     0.10587    -0.10707    -4.81758
     9.0450        -4.80157     0.10604    -0.10702    -4.80059
     9.1950        -4.78464     0.10621    -0.10697    -4.78389
     9.3450        -4.76796     0.10637    -0.10691    -4.76742
     9.4950        -4.75155     0.10653    -0.10686    -4.75121
     9.6450        -4.73539     0.10669    -0.10681    -4.73527
     9.7950        -4.71950     0.10684    -0.10676    -4.71958
     9.9450        -4.70383     0.10699    -0.10672    -4.70411
     10.095        -4.68843     0.10714    -0.10667    -4.68891
     10.245        -4.67321     0.10729    -0.10662    -4.67387
     10.395        -4.65821     0.10743    -0.10659    -4.65906
     10.545        -4.64345     0.10758    -0.10654    -4.64448
     10.695        -4.62891     0.10772    -0.10650    -4.63013
     10.845        -4.61455     0.10786    -0.10646    -4.61595
     10.995        -4.60040     0.10800    -0.10642    -4.60198
     11.145        -4.58642     0.10813    -0.10638    -4.58817
     11.295        -4.57264     0.10826    -0.10634    -4.57456
     11.445        -4.55907     0.10839    -0.10630    -4.56116
     11.595        -4.54564     0.10852    -0.10626    -4.54790
     11.745        -4.53242     0.10865    -0.10622    -4.53485
     11.895        -4.51934     0.10878    -0.10618    -4.52194
     12.045        -4.50644     0.10890    -0.10613    -4.50921
     12.195        -4.49371     0.10902    -0.10609    -4.49664
     12.345        -4.48112     0.10915    -0.10605    -4.48422
     12.495        -4.46873     0.10926    -0.10602    -4.47197
     12.645        -4.45643     0.10938    -0.10598    -4.45983
     12.795        -4.44425     0.10950    -0.10594    -4.44781
     12.945        -4.43226     0.10962    -0.10590    -4.43597
     13.095        -4.42040     0.10973    -0.10587    -4.42427
     13.245        -4.40873     0.10985    -0.10583    -4.41274
     13.395        -4.39715     0.10996    -0.10580    -4.40131
     13.545        -4.38569     0.11007    -0.10576    -4.38999
     13.695        -4.37438     0.11018    -0.10572    -4.37883
     13.845        -4.36319     0.11029    -0.10569    -4.36779
     13.995        -4.35211     0.11039    -0.10565    -4.35685
     14.145        -4.34117     0.11050    -0.10561    -4.34606
     14.295        -4.33036     0.11060    -0.10558    -4.33538
     14.445        -4.31967     0.11071    -0.10555    -4.32483
     14.595        -4.30907     0.11081    -0.10552    -4.31436
     14.745        -4.29859     0.11091    -0.10549    -4.30401
     14.895        -4.28821     0.11101    -0.10545    -4.29377
     15.045        -4.27795     0.11111    -0.10542    -4.28364
     15.195        -4.26778     0.11121    -0.10539    -4.27360
     15.345        -4.25777     0.11130    -0.10536    -4.26371
     15.495        -4.24781     0.11140    -0.10533    -4.25388
     15.645        -4.23795     0.11149    -0.10530    -4.24415
     15.795        -4.22821     0.11159    -0.10527    -4.23453
     15.945        -4.21856     0.11168    -0.10524    -4.22500
     16.095        -4.20899     0.11177    -0.10521    -4.21555
     16.245        -4.19951     0.11187    -0.10518    -4.20620
     16.395        -4.19014     0.11196    -0.10516    -4.19694
     16.545        -4.18085     0.11205    -0.10513    -4.18776
     16.695        -4.17166     0.11214    -0.10511    -4.17870
     16.845        -4.16250     0.11223    -0.10508    -4.16965
     16.995        -4.15348     0.11232    -0.10505    -4.16075
     17.145        -4.14453     0.11241    -0.10502    -4.15192
     17.295        -4.13567     0.11249    -0.10499    -4.14318
     17.445        -4.12686     0.11258    -0.10496    -4.13448
     17.595        -4.11815     0.11266    -0.10493    -4.12588
     17.745        -4.10949     0.11275    -0.10490    -4.11734
     17.895        -4.10093     0.11283    -0.10487    -4.10889
     18.045        -4.09242     0.11291    -0.10484    -4.10049
     18.195        -4.08397     0.11300    -0.10481    -4.09216
     18.345        -4.07564     0.11308    -0.10478    -4.08394
     18.495        -4.06733     0.11316    -0.10476    -4.07573
     18.645        -4.05911     0.11324    -0.10473    -4.06762
     18.795        -4.05097     0.11332    -0.10470    -4.05959
     18.945        -4.04291     0.11340    -0.10468    -4.05163
     19.095        -4.03493     0.11347    -0.10465    -4.04375
     19.245        -4.02700     0.11355    -0.10463    -4.03592
     19.395        -4.01914     0.11363    -0.10461    -4.02816
     19.545        -4.01131     0.11370    -0.10458    -4.02043
     19.695        -4.00357     0.11378    -0.10455    -4.01280
     19.845        -3.99588     0.11385    -0.10453    -4.00521
     19.995        -3.98827     0.11393    -0.10450    -3.99769
     20.145        -3.98070     0.11400    -0.10448    -3.99022
     20.295        -3.97320     0.11407    -0.10445    -3.98282
     20.445        -3.96577     0.11414    -0.10443    -3.97548
     20.595        -3.95835     0.11422    -0.10441    -3.96815
     20.745        -3.95100     0.11429    -0.10439    -3.96090
     20.895        -3.94369     0.11436    -0.10436    -3.95369
     21.045        -3.93646     0.11443    -0.10434    -3.94655
     21.195        -3.92925     0.11450    -0.10432    -3.93943
     21.345        -3.92214     0.11457    -0.10429    -3.93242
     21.495        -3.91507     0.11464    -0.10427    -3.92544
     21.645        -3.90805     0.11471    -0.10425    -3.91851
     21.795        -3.90108     0.11478    -0.10422    -3.91164
     21.945        -3.89419     0.11485    -0.10420    -3.90483
     22.095        -3.88733     0.11491    -0.10418    -3.89806
     22.245        -3.88053     0.11498    -0.10416    -3.89135
     22.395        -3.87376     0.11504    -0.10414    -3.88466
     22.545        -3.86702     0.11511    -0.10411    -3.87801
     22.695        -3.86034     0.11517    -0.10409    -3.87142
     22.845        -3.85372     0.11524    -0.10407    -3.86489
     22.995        -3.84716     0.11530    -0.10405    -3.85841
     23.145        -3.84062     0.11537    -0.10403    -3.85196
     23.295        -3.83415     0.11543    -0.10401    -3.84557
     23.445        -3.82767     0.11549    -0.10399    -3.83917
     23.595        -3.82125     0.11556    -0.10396    -3.83284
     23.745        -3.81489     0.11562    -0.10394    -3.82657
     23.895        -3.80857     0.11568    -0.10391    -3.82034
     24.045        -3.80229     0.11574    -0.10389    -3.81414
     24.195        -3.79604     0.11580    -0.10387    -3.80797
     24.345        -3.78984     0.11586    -0.10385    -3.80186
     24.495        -3.78370     0.11592    -0.10383    -3.79579
     24.645        -3.77756     0.11598    -0.10381    -3.78974
     24.795        -3.77146     0.11604    -0.10379    -3.78371
     24.945        -3.76542     0.11610    -0.10377    -3.77775
     25.095        -3.75941     0.11616    -0.10375    -3.77183
     25.245        -3.75346     0.11622    -0.10372    -3.76596
     25.395        -3.74754     0.11628    -0.10370    -3.76011
     25.545        -3.74164     0.11633    -0.10369    -3.75429
     25.695        -3.73575     0.11639    -0.10366    -3.74848
     25.845        -3.72991     0.11645    -0.10364    -3.74272
     25.995        -3.72414     0.11651    -0.10362    -3.73702
     26.145        -3.71841     0.11656    -0.10361    -3.73136
     26.295        -3.71270     0.11662    -0.10359    -3.72573
     26.445        -3.70699     0.11668    -0.10357    -3.72010
     26.595        -3.70135     0.11673    -0.10355    -3.71453
     26.745        -3.69576     0.11678    -0.10353    -3.70902
     26.895        -3.69017     0.11684    -0.10350    -3.70350
     27.045        -3.68463     0.11690    -0.10349    -3.69804
     27.195        -3.67912     0.11695    -0.10347    -3.69261
     27.345        -3.67366     0.11700    -0.10345    -3.68722
     27.495        -3.66819     0.11706    -0.10343    -3.68182
     27.645        -3.66276     0.11711    -0.10341    -3.67646
     27.795        -3.65740     0.11716    -0.10339    -3.67117
     27.945        -3.65205     0.11722    -0.10338    -3.66589
     28.095        -3.64673     0.11727    -0.10336    -3.66064
     28.245        -3.64144     0.11732    -0.10334    -3.65542
     28.395        -3.63618     0.11737    -0.10332    -3.65023
     28.545        -3.63096     0.11742    -0.10331    -3.64508
     28.695        -3.62579     0.11747    -0.10329    -3.63997
     28.845        -3.62061     0.11752    -0.10328    -3.63485
     28.995        -3.61545     0.11757    -0.10326    -3.62975
     29.145        -3.61032     0.11762    -0.10325    -3.62470
     29.295        -3.60522     0.11767    -0.10323    -3.61967
     29.445        -3.60018     0.11772    -0.10321    -3.61469
     29.595        -3.59513     0.11777    -0.10320    -3.60971
     29.745        -3.59012     0.11782    -0.10318    -3.60475
     29.895        -3.58513     0.11787    -0.10316    -3.59983
     30.045        -3.58018     0.11791    -0.10315    -3.59495
     30.195        -3.57526     0.11796    -0.10313    -3.59009
     30.345        -3.57035     0.11801    -0.10312    -3.58524
     30.495        -3.56545     0.11806    -0.10310    -3.58041
     30.645        -3.56061     0.11810    -0.10309    -3.57563
     30.795        -3.55576     0.11815    -0.10307    -3.57084
     30.945        -3.55096     0.11820    -0.10305    -3.56611
     31.095        -3.54619     0.11825    -0.10303    -3.56140
     31.245        -3.54141     0.11829    -0.10301    -3.55668
     31.395        -3.53668     0.11834    -0.10300    -3.55202
     31.545        -3.53199     0.11838    -0.10298    -3.54739
     31.695        -3.52730     0.11843    -0.10297    -3.54276
     31.845        -3.52265     0.11847    -0.10295    -3.53817
     31.995        -3.51804     0.11852    -0.10294    -3.53362
     32.145        -3.51343     0.11857    -0.10292    -3.52907
     32.295        -3.50883     0.11861    -0.10291    -3.52453
     32.445        -3.50428     0.11866    -0.10289    -3.52004
     32.595        -3.49973     0.11870    -0.10287    -3.51556
     32.745        -3.49523     0.11874    -0.10286    -3.51112
     32.895        -3.49073     0.11879    -0.10284    -3.50669
     33.045        -3.48625     0.11883    -0.10282    -3.50227
     33.195        -3.48180     0.11888    -0.10280    -3.49788
     33.345        -3.47737     0.11892    -0.10279    -3.49350
     33.495        -3.47295     0.11896    -0.10277    -3.48914
     33.645        -3.46856     0.11901    -0.10276    -3.48481
     33.795        -3.46420     0.11905    -0.10274    -3.48050
     33.945        -3.45985     0.11909    -0.10273    -3.47621
     34.095        -3.45552     0.11913    -0.10271    -3.47194
     34.245        -3.45123     0.11918    -0.10270    -3.46771
     34.395        -3.44692     0.11922    -0.10269    -3.46346
     34.545        -3.44265     0.11926    -0.10267    -3.45924
     34.695        -3.43840     0.11930    -0.10265    -3.45505
     34.845        -3.43418     0.11934    -0.10264    -3.45088
     34.995        -3.42999     0.11938    -0.10263    -3.44675
     35.145        -3.42580     0.11942    -0.10261    -3.44261
     35.295        -3.42165     0.11946    -0.10260    -3.43852
     35.445        -3.41752     0.11950    -0.10258    -3.43444
     35.595        -3.41338     0.11954    -0.10257    -3.43035
     35.745        -3.40925     0.11958    -0.10255    -3.42628
     35.895        -3.40515     0.11962    -0.10254    -3.42224
     36.045        -3.40106     0.11966    -0.10252    -3.41820
     36.195        -3.39698     0.11970    -0.10251    -3.41418
     36.345        -3.39296     0.11974    -0.10249    -3.41021
     36.495        -3.38892     0.11978    -0.10248    -3.40622
     36.645        -3.38492     0.11982    -0.10246    -3.40228
     36.795        -3.38095     0.11986    -0.10245    -3.39836
     36.945        -3.37699     0.11990    -0.10243    -3.39445
     37.095        -3.37302     0.11993    -0.10242    -3.39054
     37.245        -3.36908     0.11997    -0.10240    -3.38665
     37.395        -3.36517     0.12001    -0.10239    -3.38279
     37.545        -3.36128     0.12005    -0.10238    -3.37895
     37.695        -3.35740     0.12009    -0.10236    -3.37512
     37.845        -3.35353     0.12012    -0.10235    -3.37130
     37.995        -3.34968     0.12016    -0.10234    -3.36750
     38.145        -3.34584     0.12020    -0.10232    -3.36372
     38.295        -3.34203     0.12024    -0.10231    -3.35996
     38.445        -3.33823     0.12028    -0.10230    -3.35620
     38.595        -3.33445     0.12031    -0.10228    -3.35248
     38.745        -3.33069     0.12035    -0.10227    -3.34876
     38.895        -3.32694     0.12038    -0.10226    -3.34507
     39.045        -3.32319     0.12042    -0.10224    -3.34137
     39.195        -3.31945     0.12046    -0.10223    -3.33768
     39.345        -3.31573     0.12049    -0.10221    -3.33401
     39.495        -3.31203     0.12053    -0.10220    -3.33035
     39.645        -3.30835     0.12056    -0.10219    -3.32673
     39.795        -3.30470     0.12060    -0.10218    -3.32312
     39.945        -3.30104     0.12063    -0.10216    -3.31951
     40.095        -3.29741     0.12067    -0.10215    -3.31593
     40.245        -3.29378     0.12071    -0.10214    -3.31235
     40.395        -3.29019     0.12074    -0.10213    -3.30880
     40.545        -3.28661     0.12078    -0.10212    -3.30528
     40.695        -3.28305     0.12081    -0.10210    -3.30176
     40.845        -3.27949     0.12084    -0.10209    -3.29825
     40.995        -3.27595     0.12088    -0.10207    -3.29476
     41.145        -3.27243     0.12091    -0.10206    -3.29128
     41.295        -3.26891     0.12095    -0.10205    -3.28781
     41.445        -3.26540     0.12098    -0.10204    -3.28435
     41.595        -3.26191     0.12102    -0.10202    -3.28090
     41.745        -3.25842     0.12105    -0.10200    -3.27746
     41.895        -3.25495     0.12108    -0.10199    -3.27404
     42.045        -3.25151     0.12112    -0.10198    -3.27065
     42.195        -3.24808     0.12115    -0.10197    -3.26727
     42.345        -3.24465     0.12119    -0.10196    -3.26388
     42.495        -3.24124     0.12122    -0.10194    -3.26052
     42.645        -3.23786     0.12125    -0.10193    -3.25718
     42.795        -3.23447     0.12128    -0.10192    -3.25383
     42.945        -3.23109     0.12132    -0.10191    -3.25050
     43.095        -3.22773     0.12135    -0.10190    -3.24718
     43.245        -3.22439     0.12138    -0.10189    -3.24389
     43.395        -3.22105     0.12142    -0.10188    -3.24059
     43.545        -3.21773     0.12145    -0.10186    -3.23732
     43.695        -3.21442     0.12149    -0.10185    -3.23405
     43.845        -3.21112     0.12152    -0.10184    -3.23080
     43.995        -3.20784     0.12155    -0.10183    -3.22756
     44.145        -3.20456     0.12159    -0.10182    -3.22433
     44.295        -3.20131     0.12162    -0.10180    -3.22112
     44.445        -3.19806     0.12165    -0.10179    -3.21792
     44.595        -3.19482     0.12168    -0.10178    -3.21472
     44.745        -3.19160     0.12171    -0.10177    -3.21155
     44.895        -3.18839     0.12175    -0.10176    -3.20838
     45.045        -3.18521     0.12178    -0.10175    -3.20524
     45.195        -3.18201     0.12181    -0.10173    -3.20209
     45.345        -3.17883     0.12184    -0.10172    -3.19895
     45.495        -3.17566     0.12187    -0.10171    -3.19582
     45.645        -3.17250     0.12190    -0.10170    -3.19270
     45.795        -3.16935     0.12193    -0.10169    -3.18960
     45.945        -3.16623     0.12197    -0.10168    -3.18652
     46.095        -3.16311     0.12200    -0.10167    -3.18344
     46.245        -3.16001     0.12203    -0.10166    -3.18037
     46.395        -3.15691     0.12206    -0.10165    -3.17732
     46.545        -3.15381     0.12209    -0.10163    -3.17427
     46.695        -3.15071     0.12212    -0.10162    -3.17121
     46.845        -3.14765     0.12215    -0.10161    -3.16818
     46.995        -3.14460     0.12217    -0.10160    -3.16517
     47.145        -3.14157     0.12220    -0.10159    -3.16218
     47.295        -3.13852     0.12223    -0.10158    -3.15917
     47.445        -3.13552     0.12226    -0.10157    -3.15621
     47.595        -3.13249     0.12229    -0.10156    -3.15322
     47.745        -3.12949     0.12232    -0.10155    -3.15026
     47.895        -3.12648     0.12235    -0.10154    -3.14729
     48.045        -3.12351     0.12238    -0.10153    -3.14435
     48.195        -3.12052     0.12241    -0.10152    -3.14141
     48.345        -3.11757     0.12244    -0.10151    -3.13849
     48.495        -3.11461     0.12247    -0.10150    -3.13558
     48.645        -3.11165     0.12250    -0.10149    -3.13266
     48.795        -3.10872     0.12252    -0.10148    -3.12976
     48.945        -3.10581     0.12255    -0.10148    -3.12688
     49.095        -3.10289     0.12258    -0.10147    -3.12401
     49.245        -3.10000     0.12261    -0.10145    -3.12116
     49.395        -3.09710     0.12264    -0.10144    -3.11829
     49.545        -3.09422     0.12266    -0.10143    -3.11545
     49.695        -3.09135     0.12269    -0.10142    -3.11261
     49.845        -3.08850     0.12272    -0.10141    -3.10981
     49.995        -3.08565     0.12275    -0.10140    -3.10700
     50.145        -3.08280     0.12278    -0.10139    -3.10418
     50.295        -3.07995     0.12280    -0.10138    -3.10138
     50.445        -3.07713     0.12283    -0.10137    -3.09859
     50.595        -3.07430     0.12286    -0.10136    -3.09580
     50.745        -3.07149     0.12289    -0.10135    -3.09303
     50.895        -3.06868     0.12292    -0.10134    -3.09026
     51.045        -3.06588     0.12294    -0.10133    -3.08750
     51.195        -3.06309     0.12297    -0.10132    -3.08474
     51.345        -3.06031     0.12300    -0.10131    -3.08199
     51.495        -3.05754     0.12302    -0.10130    -3.07926
     51.645        -3.05479     0.12305    -0.10129    -3.07655
     51.795        -3.05202     0.12308    -0.10128    -3.07382
     51.945        -3.04928     0.12311    -0.10127    -3.07112
     52.095        -3.04655     0.12313    -0.10126    -3.06843
     52.245        -3.04384     0.12316    -0.10125    -3.06575
     52.395        -3.04113     0.12319    -0.10124    -3.06308
     52.545        -3.03840     0.12322    -0.10123    -3.06039
     52.695        -3.03572     0.12324    -0.10122    -3.05775
     52.845        -3.03301     0.12327    -0.10121    -3.05507
     52.995        -3.03033     0.12330    -0.10120    -3.05243
     53.145        -3.02766     0.12333    -0.10119    -3.04980
     53.295        -3.02501     0.12335    -0.10118    -3.04717
     53.445        -3.02235     0.12338    -0.10117    -3.04455
     53.595        -3.01968     0.12340    -0.10116    -3.04192
     53.745        -3.01702     0.12343    -0.10115    -3.03930
     53.895        -3.01438     0.12345    -0.10114    -3.03669
     54.045        -3.01175     0.12348    -0.10113    -3.03410
     54.195        -3.00913     0.12351    -0.10112    -3.03151
     54.345        -3.00652     0.12353    -0.10111    -3.02893
     54.495        -3.00393     0.12356    -0.10110    -3.02638
     54.645        -3.00132     0.12359    -0.10110    -3.02381
     54.795        -2.99871     0.12361    -0.10109    -3.02124
     54.945        -2.99612     0.12364    -0.10108    -3.01869
     55.095        -2.99355     0.12367    -0.10107    -3.01615
     59.433        -2.79240     0.12565    -0.10032    -2.81774
     80.646        -2.49963     0.12854    -0.09923    -2.52894
     111.21        -2.21660     0.13133    -0.09808    -2.24985
     153.36        -1.94338     0.13402    -0.09700    -1.98041
     211.49        -1.68007     0.13663    -0.09590    -1.72080
     291.64        -1.42658     0.13913    -0.09484    -1.47088
     402.18        -1.18283     0.14156    -0.09378    -1.23060
     554.60        -0.94861     0.14389    -0.09277    -0.99973
     764.80        -0.72367     0.14613    -0.09179    -0.77800
     1054.7        -0.50767     0.14826    -0.09082    -0.56511
     1454.4        -0.30023     0.15032    -0.08990    -0.36065
     2005.6        -0.10117     0.15228    -0.08899    -0.16447
     2765.8         0.09013     0.15419    -0.08812     0.02406
     3814.0         0.27371     0.15600    -0.08730     0.20501
     5259.5         0.44991     0.15774    -0.08649     0.37866
     7252.9         0.61910     0.15942    -0.08573     0.54540
     10002.         0.78158     0.16103    -0.08498     0.70553
     13793.         0.93721     0.16256    -0.08429     0.85894
     19020.         1.08640     0.16404    -0.08361     1.00596
     26229.         1.22906     0.16547    -0.08296     1.14656
     36170.         1.36549     0.16684    -0.08234     1.28099
     49878.         1.49570     0.16816    -0.08175     1.40929
     68782.         1.61993     0.16941    -0.08119     1.53170
     94851.         1.73844     0.17060    -0.08066     1.64849
    0.13080E+06     1.85123     0.17175    -0.08015     1.75962
    0.18038E+06     1.95867     0.17284    -0.07967     1.86550
    0.24874E+06     2.06091     0.17388    -0.07921     1.96625
    0.34301E+06     2.15817     0.17487    -0.07878     2.06208
    0.47302E+06     2.25068     0.17581    -0.07839     2.15326
    0.65229E+06     2.33863     0.17671    -0.07800     2.23992
    0.89952E+06     2.42231     0.17756    -0.07764     2.32239
    0.12404E+07     2.50176     0.17838    -0.07729     2.40067
    0.17106E+07     2.57716     0.17914    -0.07697     2.47499
    0.23589E+07     2.64895     0.17987    -0.07666     2.54573
    0.32529E+07     2.71718     0.18056    -0.07638     2.61300
    0.44858E+07     2.78202     0.18122    -0.07611     2.67691
    0.61860E+07     2.84353     0.18185    -0.07586     2.73755
    0.85305E+07     2.90208     0.18244    -0.07562     2.79526
    0.11764E+08     2.95766     0.18300    -0.07540     2.85006
    0.16222E+08     3.01041     0.18354    -0.07518     2.90206
    0.22370E+08     3.06053     0.18405    -0.07499     2.95146
    0.30849E+08     3.10792     0.18454    -0.07480     2.99819
    0.42541E+08     3.15240     0.18500    -0.07463     3.04203
    0.58664E+08     3.19407     0.18544    -0.07447     3.08310
    0.80898E+08     3.23324     0.18585    -0.07432     3.12172
    0.11156E+09     3.27008     0.18624    -0.07418     3.15803
    0.15384E+09     3.30487     0.18660    -0.07406     3.19232
    0.21215E+09     3.33760     0.18694    -0.07393     3.22459
    0.29255E+09     3.36851     0.18727    -0.07382     3.25506
    0.40343E+09     3.39762     0.18757    -0.07371     3.28376
    0.55633E+09     3.42507     0.18786    -0.07361     3.31083
    0.76719E+09     3.45013     0.18814    -0.07353     3.33552
    0.10580E+10     3.47278     0.18839    -0.07344     3.35784
    0.14589E+10     3.49364     0.18863    -0.07337     3.37838
    0.20119E+10     3.51282     0.18884    -0.07330     3.39728
    0.27744E+10     3.53047     0.18903    -0.07324     3.41467
    0.38259E+10     3.54676     0.18922    -0.07318     3.43072
    0.52760E+10     3.56180     0.18938    -0.07312     3.44554
    0.72756E+10     3.57565     0.18953    -0.07307     3.45918
    0.10033E+11     3.58843     0.18968    -0.07302     3.47178
    0.13836E+11     3.60020     0.18981    -0.07298     3.48337
    0.19079E+11     3.61110     0.18993    -0.07294     3.49411
    0.26311E+11     3.62116     0.19005    -0.07291     3.50402
    0.36283E+11     3.63041     0.19015    -0.07287     3.51314
    0.50034E+11     3.63897     0.19025    -0.07284     3.52157
    0.68997E+11     3.64685     0.19033    -0.07281     3.52933
    0.10000E+12     3.74151     0.19138    -0.07245     3.62259
