    -99.945         0.00000     0.00000     0.00000     0.00000
    -99.795         0.00000     0.00000     0.00000     0.00000
    -99.645         0.00000     0.00000     0.00000     0.00000
    -99.495         0.00000     0.00000     0.00000     0.00000
    -99.345         0.00000     0.00000     0.00000     0.00000
    -99.195         0.00000     0.00000     0.00000     0.00000
    -99.045         0.00000     0.00000     0.00000     0.00000
    -98.895         0.00000     0.00000     0.00000     0.00000
    -98.745         0.00000     0.00000     0.00000     0.00000
    -98.595         0.00000     0.00000     0.00000     0.00000
    -98.445         0.00000     0.00000     0.00000     0.00000
    -98.295         0.00000     0.00000     0.00000     0.00000
    -98.145         0.00000     0.00000     0.00000     0.00000
    -97.995         0.00000     0.00000     0.00000     0.00000
    -97.845         0.00000     0.00000     0.00000     0.00000
    -97.695         0.00000     0.00000     0.00000     0.00000
    -97.545         0.00000     0.00000     0.00000     0.00000
    -97.395         0.00000     0.00000     0.00000     0.00000
    -97.245         0.00000     0.00000     0.00000     0.00000
    -97.095         0.00000     0.00000     0.00000     0.00000
    -96.945         0.00000     0.00000     0.00000     0.00000
    -96.795         0.00000     0.00000     0.00000     0.00000
    -96.645         0.00000     0.00000     0.00000     0.00000
    -96.495         0.00000     0.00000     0.00000     0.00000
    -96.345         0.00000     0.00000     0.00000     0.00000
    -96.195         0.00000     0.00000     0.00000     0.00000
    -96.045         0.00000     0.00000     0.00000     0.00000
    -95.895         0.00000     0.00000     0.00000     0.00000
    -95.745         0.00000     0.00000     0.00000     0.00000
    -95.595         0.00000     0.00000     0.00000     0.00000
    -95.445         0.00000     0.00000     0.00000     0.00000
    -95.295         0.00000     0.00000     0.00000     0.00000
    -95.145         0.00000     0.00000     0.00000     0.00000
    -94.995         0.00000     0.00000     0.00000     0.00000
    -94.845         0.00000     0.00000     0.00000     0.00000
    -94.695         0.00000     0.00000     0.00000     0.00000
    -94.545         0.00000     0.00000     0.00000     0.00000
    -94.395         0.00000     0.00000     0.00000     0.00000
    -94.245         0.00000     0.00000     0.00000     0.00000
    -94.095         0.00000     0.00000     0.00000     0.00000
    -93.945         0.00000     0.00000     0.00000     0.00000
    -93.795         0.00000     0.00000     0.00000     0.00000
    -93.645         0.00000     0.00000     0.00000     0.00000
    -93.495         0.00000     0.00000     0.00000     0.00000
    -93.345         0.00000     0.00000     0.00000     0.00000
    -93.195         0.00000     0.00000     0.00000     0.00000
    -93.045         0.00000     0.00000     0.00000     0.00000
    -92.895         0.00000     0.00000     0.00000     0.00000
    -92.745         0.00000     0.00000     0.00000     0.00000
    -92.595         0.00000     0.00000     0.00000     0.00000
    -92.445         0.00000     0.00000     0.00000     0.00000
    -92.295         0.00000     0.00000     0.00000     0.00000
    -92.145         0.00000     0.00000     0.00000     0.00000
    -91.995         0.00000     0.00000     0.00000     0.00000
    -91.845         0.00000     0.00000     0.00000     0.00000
    -91.695         0.00000     0.00000     0.00000     0.00000
    -91.545         0.00000     0.00000     0.00000     0.00000
    -91.395         0.00000     0.00000     0.00000     0.00000
    -91.245         0.00000     0.00000     0.00000     0.00000
    -91.095         0.00000     0.00000     0.00000     0.00000
    -90.945         0.00000     0.00000     0.00000     0.00000
    -90.795         0.00000     0.00000     0.00000     0.00000
    -90.645         0.00000     0.00000     0.00000     0.00000
    -90.495         0.00000     0.00000     0.00000     0.00000
    -90.345         0.00000     0.00000     0.00000     0.00000
    -90.195         0.00000     0.00000     0.00000     0.00000
    -90.045         0.00000     0.00000     0.00000     0.00000
    -89.895         0.00000     0.00000     0.00000     0.00000
    -89.745         0.00000     0.00000     0.00000     0.00000
    -89.595         0.00000     0.00000     0.00000     0.00000
    -89.445         0.00000     0.00000     0.00000     0.00000
    -89.295         0.00000     0.00000     0.00000     0.00000
    -89.145         0.00000     0.00000     0.00000     0.00000
    -88.995         0.00000     0.00000     0.00000     0.00000
    -88.845         0.00000     0.00000     0.00000     0.00000
    -88.695         0.00000     0.00000     0.00000     0.00000
    -88.545         0.00000     0.00000     0.00000     0.00000
    -88.395         0.00000     0.00000     0.00000     0.00000
    -88.245         0.00000     0.00000     0.00000     0.00000
    -88.095         0.00000     0.00000     0.00000     0.00000
    -87.945         0.00000     0.00000     0.00000     0.00000
    -87.795         0.00000     0.00000     0.00000     0.00000
    -87.645         0.00000     0.00000     0.00000     0.00000
    -87.495         0.00000     0.00000     0.00000     0.00000
    -87.345         0.00000     0.00000     0.00000     0.00000
    -87.195         0.00000     0.00000     0.00000     0.00000
    -87.045         0.00000     0.00000     0.00000     0.00000
    -86.895         0.00000     0.00000     0.00000     0.00000
    -86.745         0.00000     0.00000     0.00000     0.00000
    -86.595         0.00000     0.00000     0.00000     0.00000
    -86.445         0.00000     0.00000     0.00000     0.00000
    -86.295         0.00000     0.00000     0.00000     0.00000
    -86.145         0.00000     0.00000     0.00000     0.00000
    -85.995         0.00000     0.00000     0.00000     0.00000
    -85.845         0.00000     0.00000     0.00000     0.00000
    -85.695         0.00000     0.00000     0.00000     0.00000
    -85.545         0.00000     0.00000     0.00000     0.00000
    -85.395         0.00000     0.00000     0.00000     0.00000
    -85.245         0.00000     0.00000     0.00000     0.00000
    -85.095         0.00000     0.00000     0.00000     0.00000
    -84.945         0.00000     0.00000     0.00000     0.00000
    -84.795         0.00000     0.00000     0.00000     0.00000
    -84.645         0.00000     0.00000     0.00000     0.00000
    -84.495         0.00000     0.00000     0.00000     0.00000
    -84.345         0.00000     0.00000     0.00000     0.00000
    -84.195         0.00000     0.00000     0.00000     0.00000
    -84.045         0.00000     0.00000     0.00000     0.00000
    -83.895         0.00000     0.00000     0.00000     0.00000
    -83.745         0.00000     0.00000     0.00000     0.00000
    -83.595         0.00000     0.00000     0.00000     0.00000
    -83.445         0.00000     0.00000     0.00000     0.00000
    -83.295         0.00000     0.00000     0.00000     0.00000
    -83.145         0.00000     0.00000     0.00000     0.00000
    -82.995         0.00000     0.00000     0.00000     0.00000
    -82.845         0.00000     0.00000     0.00000     0.00000
    -82.695         0.00000     0.00000     0.00000     0.00000
    -82.545         0.00000     0.00000     0.00000     0.00000
    -82.395         0.00000     0.00000     0.00000     0.00000
    -82.245         0.00000     0.00000     0.00000     0.00000
    -82.095         0.00000     0.00000     0.00000     0.00000
    -81.945         0.00000     0.00000     0.00000     0.00000
    -81.795         0.00000     0.00000     0.00000     0.00000
    -81.645         0.00000     0.00000     0.00000     0.00000
    -81.495         0.00000     0.00000     0.00000     0.00000
    -81.345         0.00000     0.00000     0.00000     0.00000
    -81.195         0.00000     0.00000     0.00000     0.00000
    -81.045         0.00000     0.00000     0.00000     0.00000
    -80.895         0.00000     0.00000     0.00000     0.00000
    -80.745         0.00000     0.00000     0.00000     0.00000
    -80.595         0.00000     0.00000     0.00000     0.00000
    -80.445         0.00000     0.00000     0.00000     0.00000
    -80.295         0.00000     0.00000     0.00000     0.00000
    -80.145         0.00000     0.00000     0.00000     0.00000
    -79.995         0.00000     0.00000     0.00000     0.00000
    -79.845         0.00000     0.00000     0.00000     0.00000
    -79.695         0.00000     0.00000     0.00000     0.00000
    -79.545         0.00000     0.00000     0.00000     0.00000
    -79.395         0.00000     0.00000     0.00000     0.00000
    -79.245         0.00000     0.00000     0.00000     0.00000
    -79.095         0.00000     0.00000     0.00000     0.00000
    -78.945         0.00000     0.00000     0.00000     0.00000
    -78.795         0.00000     0.00000     0.00000     0.00000
    -78.645         0.00000     0.00000     0.00000     0.00000
    -78.495         0.00000     0.00000     0.00000     0.00000
    -78.345         0.00000     0.00000     0.00000     0.00000
    -78.195         0.00000     0.00000     0.00000     0.00000
    -78.045         0.00000     0.00000     0.00000     0.00000
    -77.895         0.00000     0.00000     0.00000     0.00000
    -77.745         0.00000     0.00000     0.00000     0.00000
    -77.595         0.00000     0.00000     0.00000     0.00000
    -77.445         0.00000     0.00000     0.00000     0.00000
    -77.295         0.00000     0.00000     0.00000     0.00000
    -77.145         0.00000     0.00000     0.00000     0.00000
    -76.995         0.00000     0.00000     0.00000     0.00000
    -76.845         0.00000     0.00000     0.00000     0.00000
    -76.695         0.00000     0.00000     0.00000     0.00000
    -76.545         0.00000     0.00000     0.00000     0.00000
    -76.395         0.00000     0.00000     0.00000     0.00000
    -76.245         0.00000     0.00000     0.00000     0.00000
    -76.095         0.00000     0.00000     0.00000     0.00000
    -75.945         0.00000     0.00000     0.00000     0.00000
    -75.795         0.00000     0.00000     0.00000     0.00000
    -75.645         0.00000     0.00000     0.00000     0.00000
    -75.495         0.00000     0.00000     0.00000     0.00000
    -75.345         0.00000     0.00000     0.00000     0.00000
    -75.195         0.00000     0.00000     0.00000     0.00000
    -75.045         0.00000     0.00000     0.00000     0.00000
    -74.895         0.00000     0.00000     0.00000     0.00000
    -74.745         0.00000     0.00000     0.00000     0.00000
    -74.595         0.00000     0.00000     0.00000     0.00000
    -74.445         0.00000     0.00000     0.00000     0.00000
    -74.295         0.00000     0.00000     0.00000     0.00000
    -74.145         0.00000     0.00000     0.00000     0.00000
    -73.995         0.00000     0.00000     0.00000     0.00000
    -73.845         0.00000     0.00000     0.00000     0.00000
    -73.695         0.00000     0.00000     0.00000     0.00000
    -73.545         0.00000     0.00000     0.00000     0.00000
    -73.395         0.00000     0.00000     0.00000     0.00000
    -73.245         0.00000     0.00000     0.00000     0.00000
    -73.095         0.00000     0.00000     0.00000     0.00000
    -72.945         0.00000     0.00000     0.00000     0.00000
    -72.795         0.00000     0.00000     0.00000     0.00000
    -72.645         0.00000     0.00000     0.00000     0.00000
    -72.495         0.00000     0.00000     0.00000     0.00000
    -72.345         0.00000     0.00000     0.00000     0.00000
    -72.195         0.00000     0.00000     0.00000     0.00000
    -72.045         0.00000     0.00000     0.00000     0.00000
    -71.895         0.00000     0.00000     0.00000     0.00000
    -71.745         0.00000     0.00000     0.00000     0.00000
    -71.595         0.00000     0.00000     0.00000     0.00000
    -71.445         0.00000     0.00000     0.00000     0.00000
    -71.295         0.00000     0.00000     0.00000     0.00000
    -71.145         0.00000     0.00000     0.00000     0.00000
    -70.995         0.00000     0.00000     0.00000     0.00000
    -70.845         0.00000     0.00000     0.00000     0.00000
    -70.695         0.00000     0.00000     0.00000     0.00000
    -70.545         0.00000     0.00000     0.00000     0.00000
    -70.395         0.00000     0.00000     0.00000     0.00000
    -70.245         0.00000     0.00000     0.00000     0.00000
    -70.095         0.00000     0.00000     0.00000     0.00000
    -69.945         0.00000     0.00000     0.00000     0.00000
    -69.795         0.00000     0.00000     0.00000     0.00000
    -69.645         0.00000     0.00000     0.00000     0.00000
    -69.495         0.00000     0.00000     0.00000     0.00000
    -69.345         0.00000     0.00000     0.00000     0.00000
    -69.195         0.00000     0.00000     0.00000     0.00000
    -69.045         0.00000     0.00000     0.00000     0.00000
    -68.895         0.00000     0.00000     0.00000     0.00000
    -68.745         0.00000     0.00000     0.00000     0.00000
    -68.595         0.00000     0.00000     0.00000     0.00000
    -68.445         0.00000     0.00000     0.00000     0.00000
    -68.295         0.00000     0.00000     0.00000     0.00000
    -68.145         0.00000     0.00000     0.00000     0.00000
    -67.995         0.00000     0.00000     0.00000     0.00000
    -67.845         0.00000     0.00000     0.00000     0.00000
    -67.695         0.00000     0.00000     0.00000     0.00000
    -67.545         0.00000     0.00000     0.00000     0.00000
    -67.395         0.00000     0.00000     0.00000     0.00000
    -67.245         0.00000     0.00000     0.00000     0.00000
    -67.095         0.00000     0.00000     0.00000     0.00000
    -66.945         0.00000     0.00000     0.00000     0.00000
    -66.795         0.00000     0.00000     0.00000     0.00000
    -66.645         0.00000     0.00000     0.00000     0.00000
    -66.495         0.00000     0.00000     0.00000     0.00000
    -66.345         0.00000     0.00000     0.00000     0.00000
    -66.195         0.00000     0.00000     0.00000     0.00000
    -66.045         0.00000     0.00000     0.00000     0.00000
    -65.895         0.00000     0.00000     0.00000     0.00000
    -65.745         0.00000     0.00000     0.00000     0.00000
    -65.595         0.00000     0.00000     0.00000     0.00000
    -65.445         0.00000     0.00000     0.00000     0.00000
    -65.295         0.00000     0.00000     0.00000     0.00000
    -65.145         0.00000     0.00000     0.00000     0.00000
    -64.995         0.00000     0.00000     0.00000     0.00000
    -64.845         0.00000     0.00000     0.00000     0.00000
    -64.695         0.00000     0.00000     0.00000     0.00000
    -64.545         0.00000     0.00000     0.00000     0.00000
    -64.395         0.00000     0.00000     0.00000     0.00000
    -64.245         0.00000     0.00000     0.00000     0.00000
    -64.095         0.00000     0.00000     0.00000     0.00000
    -63.945         0.00000     0.00000     0.00000     0.00000
    -63.795         0.00000     0.00000     0.00000     0.00000
    -63.645         0.00000     0.00000     0.00000     0.00000
    -63.495         0.00000     0.00000     0.00000     0.00000
    -63.345         0.00000     0.00000     0.00000     0.00000
    -63.195         0.00000     0.00000     0.00000     0.00000
    -63.045         0.00000     0.00000     0.00000     0.00000
    -62.895         0.00000     0.00000     0.00000     0.00000
    -62.745         0.00000     0.00000     0.00000     0.00000
    -62.595         0.00000     0.00000     0.00000     0.00000
    -62.445         0.00000     0.00000     0.00000     0.00000
    -62.295         0.00000     0.00000     0.00000     0.00000
    -62.145         0.00000     0.00000     0.00000     0.00000
    -61.995         0.00000     0.00000     0.00000     0.00000
    -61.845         0.00000     0.00000     0.00000     0.00000
    -61.695         0.00000     0.00000     0.00000     0.00000
    -61.545         0.00000     0.00000     0.00000     0.00000
    -61.395         0.00000     0.00000     0.00000     0.00000
    -61.245         0.00000     0.00000     0.00000     0.00000
    -61.095         0.00000     0.00000     0.00000     0.00000
    -60.945         0.00000     0.00000     0.00000     0.00000
    -60.795         0.00000     0.00000     0.00000     0.00000
    -60.645         0.00000     0.00000     0.00000     0.00000
    -60.495         0.00000     0.00000     0.00000     0.00000
    -60.345         0.00000     0.00000     0.00000     0.00000
    -60.195         0.00000     0.00000     0.00000     0.00000
    -60.045         0.00000     0.00000     0.00000     0.00000
    -59.895         0.00000     0.00000     0.00000     0.00000
    -59.745         0.00000     0.00000     0.00000     0.00000
    -59.595         0.00000     0.00000     0.00000     0.00000
    -59.445         0.00000     0.00000     0.00000     0.00000
    -59.295         0.00000     0.00000     0.00000     0.00000
    -59.145         0.00000     0.00000     0.00000     0.00000
    -58.995         0.00000     0.00000     0.00000     0.00000
    -58.845         0.00000     0.00000     0.00000     0.00000
    -58.695         0.00000     0.00000     0.00000     0.00000
    -58.545         0.00000     0.00000     0.00000     0.00000
    -58.395         0.00000     0.00000     0.00000     0.00000
    -58.245         0.00000     0.00000     0.00000     0.00000
    -58.095         0.00000     0.00000     0.00000     0.00000
    -57.945         0.00000     0.00000     0.00000     0.00000
    -57.795         0.00000     0.00000     0.00000     0.00000
    -57.645         0.00000     0.00000     0.00000     0.00000
    -57.495         0.00000     0.00000     0.00000     0.00000
    -57.345         0.00000     0.00000     0.00000     0.00000
    -57.195         0.00000     0.00000     0.00000     0.00000
    -57.045         0.00000     0.00000     0.00000     0.00000
    -56.895         0.00000     0.00000     0.00000     0.00000
    -56.745         0.00000     0.00000     0.00000     0.00000
    -56.595         0.00000     0.00000     0.00000     0.00000
    -56.445         0.00000     0.00000     0.00000     0.00000
    -56.295         0.00000     0.00000     0.00000     0.00000
    -56.145         0.00000     0.00000     0.00000     0.00000
    -55.995         0.00000     0.00000     0.00000     0.00000
    -55.845         0.00000     0.00000     0.00000     0.00000
    -55.695         0.00000     0.00000     0.00000     0.00000
    -55.545         0.00000     0.00000     0.00000     0.00000
    -55.395         0.00000     0.00000     0.00000     0.00000
    -55.245         0.00000     0.00000     0.00000     0.00000
    -55.095         0.00000     0.00000     0.00000     0.00000
    -54.945         0.00000     0.00000     0.00000     0.00000
    -54.795         0.00000     0.00000     0.00000     0.00000
    -54.645         0.00000     0.00000     0.00000     0.00000
    -54.495         0.00000     0.00000     0.00000     0.00000
    -54.345         0.00000     0.00000     0.00000     0.00000
    -54.195         0.00000     0.00000     0.00000     0.00000
    -54.045         0.00000     0.00000     0.00000     0.00000
    -53.895         0.00000     0.00000     0.00000     0.00000
    -53.745         0.00000     0.00000     0.00000     0.00000
    -53.595         0.00000     0.00000     0.00000     0.00000
    -53.445         0.00000     0.00000     0.00000     0.00000
    -53.295         0.00000     0.00000     0.00000     0.00000
    -53.145         0.00000     0.00000     0.00000     0.00000
    -52.995         0.00000     0.00000     0.00000     0.00000
    -52.845         0.00000     0.00000     0.00000     0.00000
    -52.695         0.00000     0.00000     0.00000     0.00000
    -52.545         0.00000     0.00000     0.00000     0.00000
    -52.395         0.00000     0.00000     0.00000     0.00000
    -52.245         0.00000     0.00000     0.00000     0.00000
    -52.095         0.00000     0.00000     0.00000     0.00000
    -51.945         0.00000     0.00000     0.00000     0.00000
    -51.795         0.00000     0.00000     0.00000     0.00000
    -51.645         0.00000     0.00000     0.00000     0.00000
    -51.495         0.00000     0.00000     0.00000     0.00000
    -51.345         0.00000     0.00000     0.00000     0.00000
    -51.195         0.00000     0.00000     0.00000     0.00000
    -51.045         0.00000     0.00000     0.00000     0.00000
    -50.895         0.00000     0.00000     0.00000     0.00000
    -50.745         0.00000     0.00000     0.00000     0.00000
    -50.595         0.00000     0.00000     0.00000     0.00000
    -50.445         0.00000     0.00000     0.00000     0.00000
    -50.295         0.00000     0.00000     0.00000     0.00000
    -50.145         0.00000     0.00000     0.00000     0.00000
    -49.995         0.00000     0.00000     0.00000     0.00000
    -49.845         0.00000     0.00000     0.00000     0.00000
    -49.695         0.00000     0.00000     0.00000     0.00000
    -49.545         0.00000     0.00000     0.00000     0.00000
    -49.395         0.00000     0.00000     0.00000     0.00000
    -49.245         0.00000     0.00000     0.00000     0.00000
    -49.095         0.00000     0.00000     0.00000     0.00000
    -48.945         0.00000     0.00000     0.00000     0.00000
    -48.795         0.00000     0.00000     0.00000     0.00000
    -48.645         0.00000     0.00000     0.00000     0.00000
    -48.495         0.00000     0.00000     0.00000     0.00000
    -48.345         0.00000     0.00000     0.00000     0.00000
    -48.195         0.00000     0.00000     0.00000     0.00000
    -48.045         0.00000     0.00000     0.00000     0.00000
    -47.895         0.00000     0.00000     0.00000     0.00000
    -47.745         0.00000     0.00000     0.00000     0.00000
    -47.595         0.00000     0.00000     0.00000     0.00000
    -47.445         0.00000     0.00000     0.00000     0.00000
    -47.295         0.00000     0.00000     0.00000     0.00000
    -47.145         0.00000     0.00000     0.00000     0.00000
    -46.995         0.00000     0.00000     0.00000     0.00000
    -46.845         0.00000     0.00000     0.00000     0.00000
    -46.695         0.00000     0.00000     0.00000     0.00000
    -46.545         0.00000     0.00000     0.00000     0.00000
    -46.395         0.00000     0.00000     0.00000     0.00000
    -46.245         0.00000     0.00000     0.00000     0.00000
    -46.095         0.00000     0.00000     0.00000     0.00000
    -45.945         0.00000     0.00000     0.00000     0.00000
    -45.795         0.00000     0.00000     0.00000     0.00000
    -45.645         0.00000     0.00000     0.00000     0.00000
    -45.495         0.00000     0.00000     0.00000     0.00000
    -45.345         0.00000     0.00000     0.00000     0.00000
    -45.195         0.00000     0.00000     0.00000     0.00000
    -45.045         0.00000     0.00000     0.00000     0.00000
    -44.895         0.00000     0.00000     0.00000     0.00000
    -44.745         0.00000     0.00000     0.00000     0.00000
    -44.595         0.00000     0.00000     0.00000     0.00000
    -44.445         0.00000     0.00000     0.00000     0.00000
    -44.295         0.00000     0.00000     0.00000     0.00000
    -44.145         0.00000     0.00000     0.00000     0.00000
    -43.995         0.00000     0.00000     0.00000     0.00000
    -43.845         0.00000     0.00000     0.00000     0.00000
    -43.695         0.00000     0.00000     0.00000     0.00000
    -43.545         0.00000     0.00000     0.00000     0.00000
    -43.395         0.00000     0.00000     0.00000     0.00000
    -43.245         0.00000     0.00000     0.00000     0.00000
    -43.095         0.00000     0.00000     0.00000     0.00000
    -42.945         0.00000     0.00000     0.00000     0.00000
    -42.795         0.00000     0.00000     0.00000     0.00000
    -42.645         0.00000     0.00000     0.00000     0.00000
    -42.495         0.00000     0.00000     0.00000     0.00000
    -42.345         0.00000     0.00000     0.00000     0.00000
    -42.195         0.00000     0.00000     0.00000     0.00000
    -42.045         0.00000     0.00000     0.00000     0.00000
    -41.895         0.00000     0.00000     0.00000     0.00000
    -41.745         0.00000     0.00000     0.00000     0.00000
    -41.595         0.00000     0.00000     0.00000     0.00000
    -41.445         0.00000     0.00000     0.00000     0.00000
    -41.295         0.00000     0.00000     0.00000     0.00000
    -41.145         0.00000     0.00000     0.00000     0.00000
    -40.995         0.00000     0.00000     0.00000     0.00000
    -40.845         0.00000     0.00000     0.00000     0.00000
    -40.695         0.00000     0.00000     0.00000     0.00000
    -40.545         0.00000     0.00000     0.00000     0.00000
    -40.395         0.00000     0.00000     0.00000     0.00000
    -40.245         0.00000     0.00000     0.00000     0.00000
    -40.095         0.00000     0.00000     0.00000     0.00000
    -39.945         0.00000     0.00000     0.00000     0.00000
    -39.795         0.00000     0.00000     0.00000     0.00000
    -39.645         0.00000     0.00000     0.00000     0.00000
    -39.495         0.00000     0.00000     0.00000     0.00000
    -39.345         0.00000     0.00000     0.00000     0.00000
    -39.195         0.00000     0.00000     0.00000     0.00000
    -39.045         0.00000     0.00000     0.00000     0.00000
    -38.895         0.00000     0.00000     0.00000     0.00000
    -38.745         0.00000     0.00000     0.00000     0.00000
    -38.595         0.00000     0.00000     0.00000     0.00000
    -38.445         0.00000     0.00000     0.00000     0.00000
    -38.295         0.00000     0.00000     0.00000     0.00000
    -38.145         0.00000     0.00000     0.00000     0.00000
    -37.995         0.00000     0.00000     0.00000     0.00000
    -37.845         0.00000     0.00000     0.00000     0.00000
    -37.695         0.00000     0.00000     0.00000     0.00000
    -37.545         0.00000     0.00000     0.00000     0.00000
    -37.395         0.00000     0.00000     0.00000     0.00000
    -37.245         0.00000     0.00000     0.00000     0.00000
    -37.095         0.00000     0.00000     0.00000     0.00000
    -36.945         0.00000     0.00000     0.00000     0.00000
    -36.795         0.00000     0.00000     0.00000     0.00000
    -36.645         0.00000     0.00000     0.00000     0.00000
    -36.495         0.00000     0.00000     0.00000     0.00000
    -36.345         0.00000     0.00000     0.00000     0.00000
    -36.195         0.00000     0.00000     0.00000     0.00000
    -36.045         0.00000     0.00000     0.00000     0.00000
    -35.895         0.00000     0.00000     0.00000     0.00000
    -35.745         0.00000     0.00000     0.00000     0.00000
    -35.595         0.00000     0.00000     0.00000     0.00000
    -35.445         0.00000     0.00000     0.00000     0.00000
    -35.295         0.00000     0.00000     0.00000     0.00000
    -35.145         0.00000     0.00000     0.00000     0.00000
    -34.995         0.00000     0.00000     0.00000     0.00000
    -34.845         0.00000     0.00000     0.00000     0.00000
    -34.695         0.00000     0.00000     0.00000     0.00000
    -34.545         0.00000     0.00000     0.00000     0.00000
    -34.395         0.00000     0.00000     0.00000     0.00000
    -34.245         0.00000     0.00000     0.00000     0.00000
    -34.095         0.00000     0.00000     0.00000     0.00000
    -33.945         0.00000     0.00000     0.00000     0.00000
    -33.795         0.00000     0.00000     0.00000     0.00000
    -33.645         0.00000     0.00000     0.00000     0.00000
    -33.495         0.00000     0.00000     0.00000     0.00000
    -33.345         0.00000     0.00000     0.00000     0.00000
    -33.195         0.00000     0.00000     0.00000     0.00000
    -33.045         0.00000     0.00000     0.00000     0.00000
    -32.895         0.00000     0.00000     0.00000     0.00000
    -32.745         0.00000     0.00000     0.00000     0.00000
    -32.595         0.00000     0.00000     0.00000     0.00000
    -32.445         0.00000     0.00000     0.00000     0.00000
    -32.295         0.00000     0.00000     0.00000     0.00000
    -32.145         0.00000     0.00000     0.00000     0.00000
    -31.995         0.00000     0.00000     0.00000     0.00000
    -31.845         0.00000     0.00000     0.00000     0.00000
    -31.695         0.00000     0.00000     0.00000     0.00000
    -31.545         0.00000     0.00000     0.00000     0.00000
    -31.395         0.00000     0.00000     0.00000     0.00000
    -31.245         0.00000     0.00000     0.00000     0.00000
    -31.095         0.00000     0.00000     0.00000     0.00000
    -30.945         0.00000     0.00000     0.00000     0.00000
    -30.795         0.00000     0.00000     0.00000     0.00000
    -30.645         0.00000     0.00000     0.00000     0.00000
    -30.495         0.00000     0.00000     0.00000     0.00000
    -30.345         0.00000     0.00000     0.00000     0.00000
    -30.195         0.00000     0.00000     0.00000     0.00000
    -30.045         0.00000     0.00000     0.00000     0.00000
    -29.895         0.00000     0.00000     0.00000     0.00000
    -29.745         0.00000     0.00000     0.00000     0.00000
    -29.595         0.00000     0.00000     0.00000     0.00000
    -29.445         0.00000     0.00000     0.00000     0.00000
    -29.295         0.00000     0.00000     0.00000     0.00000
    -29.145         0.00000     0.00000     0.00000     0.00000
    -28.995         0.00000     0.00000     0.00000     0.00000
    -28.845         0.00000     0.00000     0.00000     0.00000
    -28.695         0.00000     0.00000     0.00000     0.00000
    -28.545         0.00000     0.00000     0.00000     0.00000
    -28.395         0.00000     0.00000     0.00000     0.00000
    -28.245         0.00000     0.00000     0.00000     0.00000
    -28.095         0.00000     0.00000     0.00000     0.00000
    -27.945         0.00000     0.00000     0.00000     0.00000
    -27.795         0.00000     0.00000     0.00000     0.00000
    -27.645         0.00000     0.00000     0.00000     0.00000
    -27.495         0.00000     0.00000     0.00000     0.00000
    -27.345         0.00000     0.00000     0.00000     0.00000
    -27.195         0.00000     0.00000     0.00000     0.00000
    -27.045         0.00000     0.00000     0.00000     0.00000
    -26.895         0.00000     0.00000     0.00000     0.00000
    -26.745         0.00000     0.00000     0.00000     0.00000
    -26.595         0.00000     0.00000     0.00000     0.00000
    -26.445         0.00000     0.00000     0.00000     0.00000
    -26.295         0.00000     0.00000     0.00000     0.00000
    -26.145         0.00000     0.00000     0.00000     0.00000
    -25.995         0.00000     0.00000     0.00000     0.00000
    -25.845         0.00000     0.00000     0.00000     0.00000
    -25.695         0.00000     0.00000     0.00000     0.00000
    -25.545         0.00000     0.00000     0.00000     0.00000
    -25.395         0.00000     0.00000     0.00000     0.00000
    -25.245         0.00000     0.00000     0.00000     0.00000
    -25.095         0.00000     0.00000     0.00000     0.00000
    -24.945         0.00000     0.00000     0.00000     0.00000
    -24.795         0.00000     0.00000     0.00000     0.00000
    -24.645         0.00000     0.00000     0.00000     0.00000
    -24.495         0.00000     0.00000     0.00000     0.00000
    -24.345         0.00000     0.00000     0.00000     0.00000
    -24.195         0.00000     0.00000     0.00000     0.00000
    -24.045         0.00000     0.00000     0.00000     0.00000
    -23.895         0.00000     0.00000     0.00000     0.00000
    -23.745         0.00000     0.00000     0.00000     0.00000
    -23.595         0.00000     0.00000     0.00000     0.00000
    -23.445         0.00000     0.00000     0.00000     0.00000
    -23.295         0.00000     0.00000     0.00000     0.00000
    -23.145         0.00000     0.00000     0.00000     0.00000
    -22.995         0.00000     0.00000     0.00000     0.00000
    -22.845         0.00000     0.00000     0.00000     0.00000
    -22.695         0.00000     0.00000     0.00000     0.00000
    -22.545         0.00000     0.00000     0.00000     0.00000
    -22.395         0.00000     0.00000     0.00000     0.00000
    -22.245         0.00000     0.00000     0.00000     0.00000
    -22.095         0.00000     0.00000     0.00000     0.00000
    -21.945         0.00000     0.00000     0.00000     0.00000
    -21.795         0.00000     0.00000     0.00000     0.00000
    -21.645         0.00000     0.00000     0.00000     0.00000
    -21.495         0.00000     0.00000     0.00000     0.00000
    -21.345         0.00000     0.00000     0.00000     0.00000
    -21.195         0.00000     0.00000     0.00000     0.00000
    -21.045         0.00000     0.00000     0.00000     0.00000
    -20.895         0.00000     0.00000     0.00000     0.00000
    -20.745         0.00000     0.00000     0.00000     0.00000
    -20.595         0.00000     0.00000     0.00000     0.00000
    -20.445         0.00000     0.00000     0.00000     0.00000
    -20.295         0.00000     0.00000     0.00000     0.00000
    -20.145         0.00000     0.00000     0.00000     0.00000
    -19.995         0.00000     0.00000     0.00000     0.00000
    -19.845         0.00000     0.00000     0.00000     0.00000
    -19.695         0.00000     0.00000     0.00000     0.00000
    -19.545         0.00000     0.00000     0.00000     0.00000
    -19.395         0.00000     0.00000     0.00000     0.00000
    -19.245         0.00000     0.00000     0.00000     0.00000
    -19.095         0.00000     0.00000     0.00000     0.00000
    -18.945         0.00000     0.00000     0.00000     0.00000
    -18.795         0.00000     0.00000     0.00000     0.00000
    -18.645         0.00000     0.00000     0.00000     0.00000
    -18.495         0.00000     0.00000     0.00000     0.00000
    -18.345         0.00000     0.00000     0.00000     0.00000
    -18.195         0.00000     0.00000     0.00000     0.00000
    -18.045         0.00000     0.00000     0.00000     0.00000
    -17.895         0.00000     0.00000     0.00000     0.00000
    -17.745         0.00000     0.00000     0.00000     0.00000
    -17.595         0.00000     0.00000     0.00000     0.00000
    -17.445         0.00000     0.00000     0.00000     0.00000
    -17.295         0.00000     0.00000     0.00000     0.00000
    -17.145         0.00000     0.00000     0.00000     0.00000
    -16.995         0.00000     0.00000     0.00000     0.00000
    -16.845         0.00000     0.00000     0.00000     0.00000
    -16.695         0.00000     0.00000     0.00000     0.00000
    -16.545         0.00000     0.00000     0.00000     0.00000
    -16.395         0.00000     0.00000     0.00000     0.00000
    -16.245         0.00000     0.00000     0.00000     0.00000
    -16.095         0.00000     0.00000     0.00000     0.00000
    -15.945         0.00000     0.00000     0.00000     0.00000
    -15.795         0.00000     0.00000     0.00000     0.00000
    -15.645         0.00000     0.00000     0.00000     0.00000
    -15.495         0.00000     0.00000     0.00000     0.00000
    -15.345        -0.00007    -0.00007     0.00000     0.00000
    -15.195        -0.00024    -0.00024     0.00000     0.00000
    -15.045        -0.00024    -0.00024     0.00000     0.00000
    -14.895        -0.00024    -0.00024     0.00000     0.00000
    -14.745        -0.00042    -0.00042     0.00000     0.00000
    -14.595        -0.00087    -0.00087     0.00000     0.00000
    -14.445        -0.00183    -0.00183     0.00000     0.00000
    -14.295        -0.00294    -0.00294     0.00000     0.00000
    -14.145        -0.00465    -0.00465     0.00000     0.00000
    -13.995        -0.00734    -0.00734     0.00000     0.00000
    -13.845        -0.01000    -0.01000     0.00000     0.00000
    -13.695        -0.01351    -0.01351     0.00000     0.00000
    -13.545        -0.01927    -0.01927     0.00000     0.00000
    -13.395        -0.02609    -0.02609     0.00000     0.00000
    -13.245        -0.03559    -0.03559     0.00000     0.00000
    -13.095        -0.04375    -0.04375     0.00000     0.00000
    -12.945        -0.05519    -0.05519     0.00000     0.00000
    -12.795        -0.06628    -0.06628     0.00000     0.00000
    -12.645        -0.07802    -0.07802     0.00000     0.00000
    -12.495        -0.08798    -0.08798     0.00000     0.00000
    -12.345        -0.09889    -0.09889     0.00000     0.00000
    -12.195        -0.11083    -0.11083     0.00000     0.00000
    -12.045        -0.12165    -0.12165     0.00000     0.00000
    -11.895        -0.13291    -0.13291     0.00000     0.00000
    -11.745        -0.14418    -0.14418     0.00000     0.00000
    -11.595        -0.15454    -0.15454     0.00000     0.00000
    -11.445        -0.16627    -0.16627     0.00000     0.00000
    -11.295        -0.17705    -0.17705     0.00000     0.00000
    -11.145        -0.18644    -0.18644     0.00000     0.00000
    -10.995        -0.19642    -0.19642     0.00000     0.00000
    -10.845        -0.20595    -0.20595     0.00000     0.00000
    -10.695        -0.21629    -0.21616    -0.00012     0.00000
    -10.545        -0.22555    -0.22525    -0.00029     0.00000
    -10.395        -0.23482    -0.23390    -0.00092     0.00000
    -10.245        -0.24408    -0.24222    -0.00186     0.00000
    -10.095        -0.25475    -0.25104    -0.00372     0.00000
    -9.9450        -0.26577    -0.25956    -0.00621     0.00000
    -9.7950        -0.27676    -0.26731    -0.00945     0.00000
    -9.6450        -0.28848    -0.27507    -0.01341     0.00000
    -9.4950        -0.30013    -0.28223    -0.01791     0.00000
    -9.3450        -0.31428    -0.29006    -0.02422     0.00000
    -9.1950        -0.32583    -0.29715    -0.02868     0.00000
    -9.0450        -0.33994    -0.30527    -0.03467     0.00000
    -8.8950        -0.35369    -0.31254    -0.04115     0.00000
    -8.7450        -0.36798    -0.31998    -0.04799     0.00000
    -8.5950        -0.38148    -0.32657    -0.05492     0.00000
    -8.4450        -0.39609    -0.33422    -0.06187     0.00000
    -8.2950        -0.41143    -0.34235    -0.06907     0.00000
    -8.1450        -0.42538    -0.34934    -0.07604     0.00000
    -7.9950        -0.43998    -0.35630    -0.08368     0.00000
    -7.8450        -0.45491    -0.36463    -0.09028     0.00000
    -7.6950        -0.46984    -0.37236    -0.09749     0.00000
    -7.5450        -0.48547    -0.38050    -0.10497     0.00000
    -7.3950        -0.49960    -0.38819    -0.11141     0.00000
    -7.2450        -0.51483    -0.39623    -0.11860     0.00000
    -7.0950        -0.52910    -0.40432    -0.12477    -0.00002
    -6.9450        -0.54445    -0.41299    -0.13109    -0.00038
    -6.7950        -0.56184    -0.42147    -0.13784    -0.00253
    -6.6450        -0.58397    -0.42989    -0.14465    -0.00942
    -6.4950        -0.61538    -0.43910    -0.15145    -0.02482
    -6.3450        -0.65994    -0.44904    -0.15861    -0.05230
    -6.1950        -0.72042    -0.45863    -0.16556    -0.09622
    -6.0450        -0.80368    -0.46886    -0.17243    -0.16240
    -5.8950        -0.91645    -0.48047    -0.18007    -0.25591
    -5.7450        -1.06102    -0.49246    -0.18792    -0.38065
    -5.5950        -1.22943    -0.50519    -0.19580    -0.52844
    -5.4450        -1.42453    -0.51839    -0.20453    -0.70162
    -5.2950        -1.63843    -0.53235    -0.21350    -0.89259
    -5.1450        -1.86459    -0.54672    -0.22303    -1.09484
    -4.9950        -2.09947    -0.56281    -0.23436    -1.30230
    -4.8450        -2.33976    -0.58005    -0.24548    -1.51423
    -4.6950        -2.57956    -0.59785    -0.25804    -1.72367
    -4.5450        -2.81706    -0.61622    -0.27188    -1.92896
    -4.3950        -3.05308    -0.63667    -0.28697    -2.12944
    -4.2450        -3.28526    -0.65819    -0.30302    -2.32405
    -4.0950        -3.51021    -0.68046    -0.32034    -2.50941
    -3.9450        -3.73263    -0.70488    -0.33923    -2.68852
    -3.7950        -3.95389    -0.73104    -0.35914    -2.86372
    -3.6450        -4.17138    -0.75755    -0.38158    -3.03226
    -3.4950        -4.38356    -0.78487    -0.40529    -3.19339
    -3.3450        -4.59633    -0.81397    -0.43151    -3.35085
    -3.1950        -4.80651    -0.84457    -0.45966    -3.50228
    -3.0450        -5.01834    -0.87782    -0.48940    -3.65113
    -2.8950        -5.23777    -0.91424    -0.52299    -3.80053
    -2.7450        -5.46454    -0.95297    -0.56067    -3.95091
    -2.5950        -5.70337    -0.99605    -0.60288    -4.10444
    -2.4450        -5.95708    -1.04260    -0.65194    -4.26254
    -2.2950        -6.23305    -1.09512    -0.70666    -4.43127
    -2.1450        -6.53502    -1.15223    -0.76709    -4.61570
    -1.9950        -6.87327    -1.21594    -0.83487    -4.82245
    -1.8450        -7.25722    -1.28746    -0.90941    -5.06034
    -1.6950        -7.70613    -1.36914    -0.99311    -5.34389
    -1.5450        -8.24959    -1.46371    -1.08755    -5.69834
    -1.3950        -8.91303    -1.57516    -1.19711    -6.14075
    -1.2450        -9.73076    -1.70493    -1.32658    -6.69924
    -1.0950       -10.72983    -1.86006    -1.48125    -7.38851
   -0.94500       -11.96730    -2.05204    -1.67253    -8.24273
   -0.79500       -13.51671    -2.29749    -1.91915    -9.30007
   -0.64500       -15.49001    -2.62533    -2.25358   -10.61110
   -0.49500       -18.13759    -3.09840    -2.74045   -12.29874
   -0.34500       -21.94054    -3.86578    -3.54932   -14.52544
   -0.22700       -23.62819    -4.23864    -3.94779   -15.44175
   -0.21300       -23.85081    -4.28901    -4.00169   -15.56011
   -0.20700       -24.07925    -4.34105    -4.05733   -15.68086
   -0.20100       -24.31332    -4.39430    -4.11486   -15.80416
   -0.19500       -24.55328    -4.44945    -4.17407   -15.92976
   -0.18900       -24.80045    -4.50611    -4.23571   -16.05863
   -0.18300       -25.05454    -4.56461    -4.29948   -16.19045
   -0.17700       -25.31552    -4.62508    -4.36493   -16.32551
   -0.17100       -25.58529    -4.68759    -4.43315   -16.46455
   -0.16500       -25.86351    -4.75218    -4.50376   -16.60757
   -0.15900       -26.14955    -4.81884    -4.57673   -16.75398
   -0.15300       -26.44641    -4.88788    -4.65306   -16.90547
   -0.14700       -26.75335    -4.95945    -4.73211   -17.06179
   -0.14100       -27.07085    -5.03360    -4.81414   -17.22312
   -0.13500       -27.40020    -5.11054    -4.89938   -17.39028
   -0.12900       -27.74168    -5.19007    -4.98827   -17.56333
   -0.12300       -28.09674    -5.27282    -5.08066   -17.74326
   -0.11700       -28.46727    -5.35862    -5.17743   -17.93122
   -0.11100       -28.85357    -5.44785    -5.27854   -18.12719
   -0.10500       -29.25761    -5.54076    -5.38419   -18.33267
   -0.99000E-01   -29.68133    -5.63740    -5.49548   -18.54845
   -0.93000E-01   -30.12690    -5.73809    -5.61258   -18.77623
   -0.87000E-01   -30.59664    -5.84343    -5.73611   -19.01710
   -0.81000E-01   -31.09442    -5.95393    -5.86709   -19.27340
   -0.75000E-01   -31.62298    -6.06978    -6.00603   -19.54717
   -0.69000E-01   -32.18804    -6.19154    -6.15454   -19.84196
   -0.63000E-01   -32.79622    -6.32010    -6.31453   -20.16159
   -0.57000E-01   -33.46077    -6.45694    -6.49190   -20.51193
   -0.51000E-01   -34.19539    -6.60478    -6.69079   -20.89982
   -0.45000E-01   -35.00934    -6.76805    -6.90586   -21.33543
   -0.39000E-01   -35.90373    -6.94289    -7.12576   -21.83509
   -0.33000E-01   -36.88372    -7.11885    -7.34184   -22.42303
   -0.27000E-01   -37.97458    -7.28693    -7.54560   -23.14205
   -0.21300E-01   -38.80508    -7.39205    -7.66989   -23.74314
   -0.19500E-01   -38.93460    -7.40662    -7.68666   -23.84131
   -0.18900E-01   -39.06669    -7.42090    -7.70303   -23.94276
   -0.18300E-01   -39.20143    -7.43497    -7.71893   -24.04753
   -0.17700E-01   -39.33894    -7.44877    -7.73442   -24.15575
   -0.17100E-01   -39.47956    -7.46228    -7.74948   -24.26780
   -0.16500E-01   -39.62342    -7.47549    -7.76409   -24.38384
   -0.15900E-01   -39.77093    -7.48831    -7.77823   -24.50439
   -0.15300E-01   -39.92255    -7.50084    -7.79193   -24.62978
   -0.14700E-01   -40.07843    -7.51299    -7.80516   -24.76028
   -0.14100E-01   -40.23910    -7.52473    -7.81790   -24.89647
   -0.13500E-01   -40.40513    -7.53612    -7.83015   -25.03886
   -0.12900E-01   -40.57666    -7.54706    -7.84187   -25.18774
   -0.12300E-01   -40.75489    -7.55755    -7.85313   -25.34420
   -0.11700E-01   -40.94012    -7.56762    -7.86381   -25.50868
   -0.11100E-01   -41.13358    -7.57722    -7.87399   -25.68237
   -0.10500E-01   -41.33628    -7.58638    -7.88364   -25.86626
   -0.99000E-02   -41.54952    -7.59505    -7.89276   -26.06171
   -0.93000E-02   -41.77501    -7.60326    -7.90138   -26.27037
   -0.87000E-02   -42.01470    -7.61095    -7.90944   -26.49432
   -0.81000E-02   -42.27104    -7.61815    -7.91694   -26.73595
   -0.75000E-02   -42.54796    -7.62484    -7.92390   -26.99922
   -0.69000E-02   -42.85027    -7.63102    -7.93032   -27.28893
   -0.63000E-02   -43.18429    -7.63669    -7.93619   -27.61142
   -0.57000E-02   -43.55690    -7.64184    -7.94149   -27.97357
   -0.51000E-02   -43.97592    -7.64647    -7.94625   -28.38320
   -0.45000E-02   -44.44997    -7.65056    -7.95044   -28.84897
   -0.39000E-02   -44.98875    -7.65412    -7.95407   -29.38056
   -0.33000E-02   -45.60356    -7.65713    -7.95714   -29.98929
   -0.27000E-02   -46.30847    -7.65961    -7.95965   -30.68921
   -0.21000E-02   -47.12424    -7.66154    -7.96161   -31.50109
   -0.15000E-02   -48.09418    -7.66292    -7.96300   -32.46826
   -0.90000E-03   -49.10384    -7.66375    -7.96384   -33.47625
   -0.30000E-03   -49.54948    -7.66403    -7.96412   -33.92133
    0.30000E-03   -49.10425    -7.66376    -7.96384   -33.47666
    0.90000E-03   -48.09502    -7.66292    -7.96301   -32.46909
    0.15000E-02   -47.12540    -7.66152    -7.96163   -31.50225
    0.21000E-02   -46.31010    -7.65957    -7.95969   -30.69084
    0.27000E-02   -45.60597    -7.65707    -7.95721   -29.99170
    0.33000E-02   -44.99209    -7.65399    -7.95420   -29.38390
    0.39000E-02   -44.45411    -7.65035    -7.95064   -28.85311
    0.45000E-02   -43.98078    -7.64618    -7.94654   -28.38806
    0.51000E-02   -43.56236    -7.64145    -7.94191   -27.97900
    0.57000E-02   -43.19027    -7.63616    -7.93676   -27.61735
    0.63000E-02   -42.85681    -7.63031    -7.93108   -27.29542
    0.69000E-02   -42.55480    -7.62389    -7.92489   -27.00602
    0.75000E-02   -42.27833    -7.61692    -7.91819   -26.74322
    0.81000E-02   -42.02223    -7.60942    -7.91099   -26.50182
    0.87000E-02   -41.78298    -7.60137    -7.90328   -26.27833
    0.93000E-02   -41.55786    -7.59279    -7.89510   -26.06997
    0.99000E-02   -41.34482    -7.58364    -7.88645   -25.87473
    0.10500E-01   -41.14236    -7.57400    -7.87729   -25.69108
    0.11100E-01   -40.94925    -7.56383    -7.86766   -25.51776
    0.11700E-01   -40.76428    -7.55315    -7.85763   -25.35350
    0.12300E-01   -40.58656    -7.54196    -7.84714   -25.19747
    0.12900E-01   -40.41532    -7.53026    -7.83619   -25.04886
    0.13500E-01   -40.24981    -7.51805    -7.82489   -24.90687
    0.14100E-01   -40.08952    -7.50536    -7.81311   -24.77105
    0.14700E-01   -39.93398    -7.49215    -7.80103   -24.64080
    0.15300E-01   -39.78277    -7.47848    -7.78850   -24.51580
    0.15900E-01   -39.63552    -7.46435    -7.77561   -24.39555
    0.16500E-01   -39.49194    -7.44976    -7.76244   -24.27974
    0.17100E-01   -39.35158    -7.43469    -7.74892   -24.16797
    0.17700E-01   -39.21424    -7.41916    -7.73514   -24.05993
    0.18300E-01   -39.07999    -7.40317    -7.72111   -23.95572
    0.18900E-01   -38.94835    -7.38684    -7.70677   -23.85475
    0.19500E-01   -38.81934    -7.37005    -7.69221   -23.75708
    0.21300E-01   -37.99203    -7.24558    -7.58701   -23.15943
    0.27000E-01   -36.90827    -7.04121    -7.41857   -22.44850
    0.33000E-01   -35.94083    -6.82459    -7.24266   -21.87358
    0.39000E-01   -35.06668    -6.60442    -7.06835   -21.39390
    0.45000E-01   -34.28077    -6.38974    -6.90606   -20.98497
    0.51000E-01   -33.57976    -6.19065    -6.75895   -20.63016
    0.57000E-01   -32.95381    -6.01304    -6.62235   -20.31842
    0.63000E-01   -32.38846    -5.85277    -6.49393   -20.04177
    0.69000E-01   -31.87113    -5.70473    -6.37207   -19.79432
    0.75000E-01   -31.39293    -5.56621    -6.25616   -19.57055
    0.81000E-01   -30.94897    -5.43577    -6.14573   -19.36747
    0.87000E-01   -30.53458    -5.31254    -6.04023   -19.18182
    0.93000E-01   -30.14641    -5.19566    -5.93919   -19.01156
    0.99000E-01   -29.78089    -5.08428    -5.84237   -18.85424
    0.10500       -29.43523    -4.97774    -5.74919   -18.70830
    0.11100       -29.10784    -4.87625    -5.65954   -18.57206
    0.11700       -28.79770    -4.77917    -5.57345   -18.44509
    0.12300       -28.50296    -4.68629    -5.49072   -18.32595
    0.12900       -28.22175    -4.59705    -5.41092   -18.21378
    0.13500       -27.95354    -4.51139    -5.33420   -18.10794
    0.14100       -27.69665    -4.42903    -5.26001   -18.00761
    0.14700       -27.45133    -4.35010    -5.18866   -17.91257
    0.15300       -27.21619    -4.27404    -5.11982   -17.82233
    0.15900       -26.99010    -4.20050    -5.05303   -17.73657
    0.16500       -26.77315    -4.12990    -4.98839   -17.65485
    0.17100       -26.56434    -4.06156    -4.92602   -17.57677
    0.17700       -26.36330    -3.99568    -4.86558   -17.50204
    0.18300       -26.16956    -3.93214    -4.80687   -17.43054
    0.18900       -25.98217    -3.87032    -4.74994   -17.36191
    0.19500       -25.80161    -3.81062    -4.69499   -17.29600
    0.20100       -25.62677    -3.75281    -4.64157   -17.23239
    0.20700       -25.45784    -3.69700    -4.58972   -17.17113
    0.21300       -25.29432    -3.64280    -4.53931   -17.11222
    0.22700       -24.09650    -3.24598    -4.16635   -16.68417
    0.34500       -21.65869    -2.44036    -3.39690   -15.82143
    0.49500       -20.15171    -1.95300    -2.92424   -15.27447
    0.64500       -19.07053    -1.61660    -2.59805   -14.85589
    0.79500       -18.23436    -1.36794    -2.35636   -14.51005
    0.94500       -17.55961    -1.17519    -2.16882   -14.21560
     1.0950       -17.00349    -1.02165    -2.01826   -13.96358
     1.2450       -16.53466    -0.89626    -1.89534   -13.74306
     1.3950       -16.13543    -0.79329    -1.79204   -13.55010
     1.5450       -15.78977    -0.70716    -1.70380   -13.37880
     1.6950       -15.48768    -0.63427    -1.62822   -13.22520
     1.8450       -15.21900    -0.57175    -1.56136   -13.08589
     1.9950       -14.98070    -0.51948    -1.50171   -12.95951
     2.1450       -14.76620    -0.47541    -1.44769   -12.84310
     2.2950       -14.57557    -0.43743    -1.39923   -12.73891
     2.4450       -14.40368    -0.40432    -1.35542   -12.64394
     2.5950       -14.24755    -0.37589    -1.31556   -12.55611
     2.7450       -14.10596    -0.35141    -1.27968   -12.47488
     2.8950       -13.97989    -0.33017    -1.24689   -12.40283
     3.0450       -13.86247    -0.31110    -1.21676   -12.33461
     3.1950       -13.75465    -0.29436    -1.18845   -12.27184
     3.3450       -13.65338    -0.27942    -1.16202   -12.21194
     3.4950       -13.55871    -0.26589    -1.13760   -12.15522
     3.6450       -13.47183    -0.25345    -1.11430   -12.10408
     3.7950       -13.38878    -0.24229    -1.09284   -12.05365
     3.9450       -13.31175    -0.23235    -1.07248   -12.00692
     4.0950       -13.23976    -0.22307    -1.05388   -11.96281
     4.2450       -13.17117    -0.21534    -1.03599   -11.91985
     4.3950       -13.10649    -0.20740    -1.01965   -11.87944
     4.5450       -13.04543    -0.19995    -1.00419   -11.84129
     4.6950       -12.98735    -0.19345    -0.99003   -11.80387
     4.8450       -12.93268    -0.18800    -0.97699   -11.76770
     4.9950       -12.87978    -0.18275    -0.96427   -11.73276
     5.1450       -12.82969    -0.17737    -0.95279   -11.69953
     5.2950       -12.78211    -0.17311    -0.94232   -11.66668
     5.4450       -12.73629    -0.16895    -0.93212   -11.63522
     5.5950       -12.69401    -0.16503    -0.92437   -11.60461
     5.7450       -12.65309    -0.16198    -0.91636   -11.57474
     5.8950       -12.61457    -0.15862    -0.91011   -11.54585
     6.0450       -12.57708    -0.15543    -0.90393   -11.51772
     6.1950       -12.54174    -0.15364    -0.89769   -11.49042
     6.3450       -12.50818    -0.15101    -0.89339   -11.46378
     6.4950       -12.47440    -0.14850    -0.88817   -11.43773
     6.6450       -12.44336    -0.14673    -0.88430   -11.41233
     6.7950       -12.41340    -0.14484    -0.88095   -11.38761
     6.9450       -12.38473    -0.14325    -0.87812   -11.36336
     7.0950       -12.35637    -0.14203    -0.87465   -11.33970
     7.2450       -12.32991    -0.14123    -0.87224   -11.31643
     7.3950       -12.30249    -0.14026    -0.86864   -11.29358
     7.5450       -12.27717    -0.13932    -0.86646   -11.27139
     7.6950       -12.25225    -0.13840    -0.86420   -11.24965
     7.8450       -12.22877    -0.13770    -0.86273   -11.22834
     7.9950       -12.20528    -0.13681    -0.86107   -11.20741
     8.1450       -12.18226    -0.13614    -0.85923   -11.18690
     8.2950       -12.16018    -0.13551    -0.85785   -11.16682
     8.4450       -12.13824    -0.13489    -0.85628   -11.14707
     8.5950       -12.11721    -0.13429    -0.85521   -11.12771
     8.7450       -12.09651    -0.13371    -0.85416   -11.10863
     8.8950       -12.07619    -0.13314    -0.85315   -11.08989
     9.0450       -12.05622    -0.13260    -0.85217   -11.07145
     9.1950       -12.03666    -0.13207    -0.85121   -11.05339
     9.3450       -12.01739    -0.13154    -0.85029   -11.03556
     9.4950       -11.99848    -0.13104    -0.84939   -11.01805
     9.6450       -11.97985    -0.13054    -0.84851   -11.00080
     9.7950       -11.96160    -0.13005    -0.84766   -10.98389
     9.9450       -11.94364    -0.12958    -0.84683   -10.96723
     10.095       -11.92592    -0.12912    -0.84602   -10.95078
     10.245       -11.90847    -0.12867    -0.84522   -10.93458
     10.395       -11.89127    -0.12823    -0.84444   -10.91861
     10.545       -11.87436    -0.12780    -0.84368   -10.90288
     10.695       -11.85748    -0.12712    -0.84294   -10.88741
     10.845       -11.84102    -0.12670    -0.84222   -10.87210
     10.995       -11.82482    -0.12630    -0.84151   -10.85701
     11.145       -11.80887    -0.12591    -0.84081   -10.84215
     11.295       -11.79315    -0.12552    -0.84013   -10.82751
     11.445       -11.77761    -0.12513    -0.83946   -10.81302
     11.595       -11.76235    -0.12476    -0.83880   -10.79879
     11.745       -11.74729    -0.12439    -0.83816   -10.78474
     11.895       -11.73245    -0.12403    -0.83754   -10.77089
     12.045       -11.71779    -0.12368    -0.83691   -10.75720
     12.195       -11.70329    -0.12332    -0.83630   -10.74366
     12.345       -11.68902    -0.12298    -0.83571   -10.73033
     12.495       -11.67489    -0.12264    -0.83512   -10.71713
     12.645       -11.66097    -0.12230    -0.83455   -10.70412
     12.795       -11.64722    -0.12198    -0.83398   -10.69126
     12.945       -11.63360    -0.12165    -0.83342   -10.67853
     13.095       -11.62017    -0.12133    -0.83287   -10.66597
     13.245       -11.60690    -0.12102    -0.83233   -10.65355
     13.395       -11.59379    -0.12071    -0.83179   -10.64128
     13.545       -11.58082    -0.12042    -0.83127   -10.62913
     13.695       -11.56800    -0.12011    -0.83076   -10.61713
     13.845       -11.55534    -0.11982    -0.83024   -10.60527
     13.995       -11.54278    -0.11953    -0.82974   -10.59351
     14.145       -11.53036    -0.11926    -0.82925   -10.58186
     14.295       -11.51809    -0.11898    -0.82876   -10.57034
     14.445       -11.50595    -0.11870    -0.82828   -10.55897
     14.595       -11.49398    -0.11843    -0.82781   -10.54774
     14.745       -11.48216    -0.11817    -0.82734   -10.53666
     14.895       -11.47045    -0.11790    -0.82688   -10.52567
     15.045       -11.45884    -0.11764    -0.82642   -10.51478
     15.195       -11.44734    -0.11739    -0.82597   -10.50398
     15.345       -11.43594    -0.11713    -0.82553   -10.49327
     15.495       -11.42471    -0.11688    -0.82509   -10.48273
     15.645       -11.41358    -0.11663    -0.82466   -10.47229
     15.795       -11.40258    -0.11639    -0.82423   -10.46196
     15.945       -11.39166    -0.11615    -0.82380   -10.45171
     16.095       -11.38086    -0.11590    -0.82339   -10.44157
     16.245       -11.37014    -0.11566    -0.82297   -10.43150
     16.395       -11.35949    -0.11543    -0.82256   -10.42150
     16.545       -11.34896    -0.11521    -0.82215   -10.41160
     16.695       -11.33856    -0.11497    -0.82176   -10.40183
     16.845       -11.32827    -0.11475    -0.82136   -10.39216
     16.995       -11.31806    -0.11453    -0.82096   -10.38257
     17.145       -11.30795    -0.11431    -0.82058   -10.37306
     17.295       -11.29792    -0.11409    -0.82020   -10.36363
     17.445       -11.28796    -0.11388    -0.81982   -10.35426
     17.595       -11.27811    -0.11366    -0.81944   -10.34501
     17.745       -11.26839    -0.11345    -0.81907   -10.33587
     17.895       -11.25874    -0.11324    -0.81870   -10.32680
     18.045       -11.24915    -0.11303    -0.81834   -10.31777
     18.195       -11.23967    -0.11283    -0.81798   -10.30885
     18.345       -11.23031    -0.11263    -0.81762   -10.30005
     18.495       -11.22097    -0.11243    -0.81727   -10.29127
     18.645       -11.21173    -0.11223    -0.81693   -10.28257
     18.795       -11.20255    -0.11204    -0.81658   -10.27393
     18.945       -11.19347    -0.11184    -0.81624   -10.26539
     19.095       -11.18447    -0.11165    -0.81590   -10.25693
     19.245       -11.17552    -0.11146    -0.81556   -10.24851
     19.395       -11.16665    -0.11126    -0.81523   -10.24016
     19.545       -11.15788    -0.11107    -0.81490   -10.23190
     19.695       -11.14921    -0.11089    -0.81458   -10.22374
     19.845       -11.14053    -0.11071    -0.81425   -10.21556
     19.995       -11.13191    -0.11052    -0.81393   -10.20745
     20.145       -11.12336    -0.11034    -0.81360   -10.19942
     20.295       -11.11490    -0.11016    -0.81329   -10.19145
     20.445       -11.10647    -0.10998    -0.81297   -10.18351
     20.595       -11.09812    -0.10980    -0.81266   -10.17566
     20.745       -11.08985    -0.10962    -0.81235   -10.16787
     20.895       -11.08162    -0.10945    -0.81205   -10.16011
     21.045       -11.07346    -0.10928    -0.81175   -10.15243
     21.195       -11.06536    -0.10910    -0.81145   -10.14481
     21.345       -11.05735    -0.10893    -0.81116   -10.13726
     21.495       -11.04937    -0.10877    -0.81086   -10.12974
     21.645       -11.04149    -0.10860    -0.81057   -10.12231
     21.795       -11.03364    -0.10844    -0.81028   -10.11492
     21.945       -11.02588    -0.10828    -0.80999   -10.10762
     22.095       -11.01816    -0.10812    -0.80971   -10.10033
     22.245       -11.01047    -0.10796    -0.80943   -10.09309
     22.395       -11.00286    -0.10780    -0.80915   -10.08592
     22.545       -10.99528    -0.10764    -0.80886   -10.07878
     22.695       -10.98779    -0.10749    -0.80858   -10.07172
     22.845       -10.98032    -0.10733    -0.80831   -10.06468
     22.995       -10.97293    -0.10717    -0.80804   -10.05771
     23.145       -10.96559    -0.10703    -0.80777   -10.05079
     23.295       -10.95828    -0.10688    -0.80751   -10.04389
     23.445       -10.95103    -0.10672    -0.80724   -10.03707
     23.595       -10.94382    -0.10657    -0.80698   -10.03027
     23.745       -10.93665    -0.10643    -0.80671   -10.02351
     23.895       -10.92955    -0.10628    -0.80645   -10.01682
     24.045       -10.92247    -0.10613    -0.80619   -10.01015
     24.195       -10.91545    -0.10599    -0.80593   -10.00353
     24.345       -10.90848    -0.10585    -0.80569    -9.99694
     24.495       -10.90157    -0.10570    -0.80544    -9.99043
     24.645       -10.89467    -0.10556    -0.80519    -9.98393
     24.795       -10.88786    -0.10542    -0.80494    -9.97751
     24.945       -10.88107    -0.10528    -0.80469    -9.97110
     25.095       -10.87430    -0.10514    -0.80444    -9.96472
     25.245       -10.86762    -0.10501    -0.80419    -9.95843
     25.395       -10.86098    -0.10487    -0.80395    -9.95216
     25.545       -10.85437    -0.10473    -0.80370    -9.94593
     25.695       -10.84777    -0.10460    -0.80347    -9.93971
     25.845       -10.84124    -0.10447    -0.80322    -9.93355
     25.995       -10.83473    -0.10434    -0.80299    -9.92741
     26.145       -10.82824    -0.10420    -0.80275    -9.92129
     26.295       -10.82181    -0.10407    -0.80252    -9.91522
     26.445       -10.81542    -0.10393    -0.80229    -9.90920
     26.595       -10.80904    -0.10380    -0.80206    -9.90318
     26.745       -10.80272    -0.10367    -0.80183    -9.89722
     26.895       -10.79644    -0.10354    -0.80161    -9.89129
     27.045       -10.79017    -0.10341    -0.80138    -9.88538
     27.195       -10.78399    -0.10328    -0.80116    -9.87955
     27.345       -10.77780    -0.10315    -0.80093    -9.87371
     27.495       -10.77170    -0.10303    -0.80071    -9.86796
     27.645       -10.76562    -0.10290    -0.80050    -9.86223
     27.795       -10.75957    -0.10278    -0.80028    -9.85651
     27.945       -10.75351    -0.10265    -0.80006    -9.85080
     28.095       -10.74754    -0.10253    -0.79985    -9.84516
     28.245       -10.74155    -0.10241    -0.79963    -9.83951
     28.395       -10.73563    -0.10229    -0.79942    -9.83392
     28.545       -10.72976    -0.10217    -0.79921    -9.82838
     28.695       -10.72391    -0.10205    -0.79900    -9.82286
     28.845       -10.71806    -0.10193    -0.79879    -9.81735
     28.995       -10.71226    -0.10181    -0.79858    -9.81187
     29.145       -10.70651    -0.10170    -0.79838    -9.80644
     29.295       -10.70078    -0.10158    -0.79817    -9.80102
     29.445       -10.69507    -0.10146    -0.79797    -9.79564
     29.595       -10.68943    -0.10135    -0.79777    -9.79031
     29.745       -10.68378    -0.10124    -0.79756    -9.78498
     29.895       -10.67819    -0.10112    -0.79736    -9.77970
     30.045       -10.67265    -0.10101    -0.79716    -9.77448
     30.195       -10.66716    -0.10090    -0.79696    -9.76930
     30.345       -10.66164    -0.10078    -0.79676    -9.76409
     30.495       -10.65618    -0.10067    -0.79657    -9.75894
     30.645       -10.65074    -0.10057    -0.79637    -9.75380
     30.795       -10.64528    -0.10046    -0.79618    -9.74865
     30.945       -10.63988    -0.10035    -0.79598    -9.74355
     31.095       -10.63451    -0.10023    -0.79579    -9.73849
     31.245       -10.62917    -0.10013    -0.79560    -9.73344
     31.395       -10.62387    -0.10002    -0.79540    -9.72844
     31.545       -10.61858    -0.09991    -0.79521    -9.72345
     31.695       -10.61331    -0.09980    -0.79503    -9.71848
     31.845       -10.60806    -0.09970    -0.79484    -9.71352
     31.995       -10.60285    -0.09960    -0.79466    -9.70860
     32.145       -10.59767    -0.09949    -0.79447    -9.70370
     32.295       -10.59251    -0.09939    -0.79429    -9.69883
     32.445       -10.58736    -0.09929    -0.79410    -9.69397
     32.595       -10.58225    -0.09918    -0.79392    -9.68914
     32.745       -10.57717    -0.09908    -0.79374    -9.68436
     32.895       -10.57212    -0.09898    -0.79356    -9.67958
     33.045       -10.56711    -0.09888    -0.79337    -9.67486
     33.195       -10.56209    -0.09878    -0.79320    -9.67011
     33.345       -10.55712    -0.09867    -0.79302    -9.66542
     33.495       -10.55215    -0.09858    -0.79284    -9.66073
     33.645       -10.54720    -0.09848    -0.79267    -9.65606
     33.795       -10.54228    -0.09838    -0.79249    -9.65141
     33.945       -10.53739    -0.09829    -0.79231    -9.64679
     34.095       -10.53254    -0.09819    -0.79214    -9.64221
     34.245       -10.52771    -0.09809    -0.79197    -9.63764
     34.395       -10.52289    -0.09800    -0.79181    -9.63308
     34.545       -10.51809    -0.09790    -0.79164    -9.62855
     34.695       -10.51331    -0.09780    -0.79146    -9.62404
     34.845       -10.50856    -0.09771    -0.79129    -9.61956
     34.995       -10.50386    -0.09761    -0.79113    -9.61512
     35.145       -10.49917    -0.09752    -0.79096    -9.61068
     35.295       -10.49449    -0.09743    -0.79080    -9.60627
     35.445       -10.48983    -0.09733    -0.79063    -9.60186
     35.595       -10.48519    -0.09724    -0.79046    -9.59749
     35.745       -10.48057    -0.09715    -0.79030    -9.59312
     35.895       -10.47596    -0.09706    -0.79014    -9.58876
     36.045       -10.47137    -0.09697    -0.78997    -9.58443
     36.195       -10.46683    -0.09688    -0.78981    -9.58014
     36.345       -10.46228    -0.09679    -0.78965    -9.57584
     36.495       -10.45777    -0.09670    -0.78949    -9.57159
     36.645       -10.45327    -0.09661    -0.78933    -9.56733
     36.795       -10.44879    -0.09652    -0.78917    -9.56311
     36.945       -10.44432    -0.09643    -0.78901    -9.55889
     37.095       -10.43986    -0.09634    -0.78885    -9.55467
     37.245       -10.43544    -0.09625    -0.78869    -9.55050
     37.395       -10.43100    -0.09616    -0.78854    -9.54629
     37.545       -10.42660    -0.09608    -0.78838    -9.54214
     37.695       -10.42221    -0.09599    -0.78823    -9.53799
     37.845       -10.41786    -0.09591    -0.78807    -9.53388
     37.995       -10.41350    -0.09582    -0.78792    -9.52976
     38.145       -10.40917    -0.09573    -0.78777    -9.52567
     38.295       -10.40489    -0.09565    -0.78761    -9.52163
     38.445       -10.40060    -0.09556    -0.78746    -9.51758
     38.595       -10.39633    -0.09547    -0.78731    -9.51354
     38.745       -10.39206    -0.09539    -0.78716    -9.50951
     38.895       -10.38784    -0.09531    -0.78701    -9.50552
     39.045       -10.38362    -0.09522    -0.78686    -9.50154
     39.195       -10.37946    -0.09514    -0.78671    -9.49760
     39.345       -10.37528    -0.09506    -0.78656    -9.49366
     39.495       -10.37113    -0.09498    -0.78642    -9.48973
     39.645       -10.36698    -0.09490    -0.78627    -9.48580
     39.795       -10.36289    -0.09482    -0.78613    -9.48194
     39.945       -10.35879    -0.09474    -0.78598    -9.47807
     40.095       -10.35470    -0.09466    -0.78584    -9.47420
     40.245       -10.35062    -0.09458    -0.78570    -9.47035
     40.395       -10.34656    -0.09450    -0.78555    -9.46651
     40.545       -10.34253    -0.09442    -0.78541    -9.46271
     40.695       -10.33851    -0.09434    -0.78527    -9.45890
     40.845       -10.33450    -0.09426    -0.78513    -9.45511
     40.995       -10.33051    -0.09418    -0.78499    -9.45134
     41.145       -10.32654    -0.09410    -0.78485    -9.44759
     41.295       -10.32259    -0.09402    -0.78471    -9.44386
     41.445       -10.31864    -0.09394    -0.78457    -9.44013
     41.595       -10.31473    -0.09386    -0.78444    -9.43643
     41.745       -10.31080    -0.09378    -0.78430    -9.43272
     41.895       -10.30689    -0.09370    -0.78416    -9.42903
     42.045       -10.30299    -0.09363    -0.78403    -9.42533
     42.195       -10.29913    -0.09355    -0.78389    -9.42169
     42.345       -10.29527    -0.09347    -0.78376    -9.41804
     42.495       -10.29143    -0.09340    -0.78363    -9.41441
     42.645       -10.28761    -0.09333    -0.78349    -9.41079
     42.795       -10.28379    -0.09325    -0.78336    -9.40718
     42.945       -10.27997    -0.09318    -0.78322    -9.40356
     43.095       -10.27622    -0.09311    -0.78309    -9.40003
     43.245       -10.27247    -0.09303    -0.78295    -9.39649
     43.395       -10.26871    -0.09296    -0.78282    -9.39294
     43.545       -10.26496    -0.09288    -0.78269    -9.38939
     43.695       -10.26122    -0.09281    -0.78256    -9.38585
     43.845       -10.25751    -0.09273    -0.78243    -9.38235
     43.995       -10.25381    -0.09266    -0.78230    -9.37885
     44.145       -10.25013    -0.09259    -0.78217    -9.37538
     44.295       -10.24645    -0.09251    -0.78203    -9.37190
     44.445       -10.24278    -0.09244    -0.78191    -9.36843
     44.595       -10.23915    -0.09237    -0.78178    -9.36501
     44.745       -10.23554    -0.09229    -0.78165    -9.36159
     44.895       -10.23190    -0.09222    -0.78153    -9.35815
     45.045       -10.22831    -0.09215    -0.78140    -9.35476
     45.195       -10.22473    -0.09208    -0.78128    -9.35137
     45.345       -10.22115    -0.09200    -0.78116    -9.34799
     45.495       -10.21757    -0.09193    -0.78103    -9.34461
     45.645       -10.21403    -0.09187    -0.78091    -9.34126
     45.795       -10.21049    -0.09180    -0.78079    -9.33791
     45.945       -10.20694    -0.09173    -0.78066    -9.33455
     46.095       -10.20341    -0.09165    -0.78054    -9.33122
     46.245       -10.19990    -0.09158    -0.78041    -9.32791
     46.395       -10.19642    -0.09152    -0.78029    -9.32461
     46.545       -10.19295    -0.09145    -0.78017    -9.32134
     46.695       -10.18947    -0.09138    -0.78004    -9.31805
     46.845       -10.18599    -0.09131    -0.77992    -9.31476
     46.995       -10.18255    -0.09125    -0.77980    -9.31150
     47.145       -10.17911    -0.09118    -0.77968    -9.30824
     47.295       -10.17569    -0.09112    -0.77956    -9.30502
     47.445       -10.17229    -0.09105    -0.77944    -9.30179
     47.595       -10.16889    -0.09098    -0.77933    -9.29858
     47.745       -10.16552    -0.09092    -0.77921    -9.29539
     47.895       -10.16217    -0.09085    -0.77909    -9.29223
     48.045       -10.15880    -0.09079    -0.77897    -9.28904
     48.195       -10.15544    -0.09072    -0.77886    -9.28586
     48.345       -10.15210    -0.09066    -0.77874    -9.28270
     48.495       -10.14878    -0.09059    -0.77862    -9.27957
     48.645       -10.14548    -0.09053    -0.77851    -9.27644
     48.795       -10.14217    -0.09047    -0.77839    -9.27331
     48.945       -10.13887    -0.09040    -0.77828    -9.27019
     49.095       -10.13556    -0.09033    -0.77816    -9.26707
     49.245       -10.13227    -0.09027    -0.77805    -9.26396
     49.395       -10.12903    -0.09020    -0.77794    -9.26089
     49.545       -10.12578    -0.09014    -0.77782    -9.25782
     49.695       -10.12253    -0.09007    -0.77771    -9.25475
     49.845       -10.11927    -0.09001    -0.77760    -9.25167
     49.995       -10.11606    -0.08995    -0.77748    -9.24863
     50.145       -10.11287    -0.08989    -0.77737    -9.24562
     50.295       -10.10966    -0.08982    -0.77726    -9.24258
     50.445       -10.10647    -0.08976    -0.77715    -9.23957
     50.595       -10.10329    -0.08970    -0.77703    -9.23656
     50.745       -10.10012    -0.08964    -0.77692    -9.23356
     50.895       -10.09695    -0.08958    -0.77681    -9.23057
     51.045       -10.09380    -0.08951    -0.77670    -9.22759
     51.195       -10.09063    -0.08945    -0.77659    -9.22459
     51.345       -10.08751    -0.08939    -0.77648    -9.22164
     51.495       -10.08438    -0.08933    -0.77637    -9.21868
     51.645       -10.08128    -0.08927    -0.77626    -9.21575
     51.795       -10.07817    -0.08921    -0.77616    -9.21280
     51.945       -10.07510    -0.08915    -0.77605    -9.20990
     52.095       -10.07201    -0.08909    -0.77594    -9.20698
     52.245       -10.06893    -0.08903    -0.77583    -9.20408
     52.395       -10.06587    -0.08897    -0.77572    -9.20118
     52.545       -10.06279    -0.08891    -0.77562    -9.19827
     52.695       -10.05975    -0.08885    -0.77551    -9.19540
     52.845       -10.05672    -0.08879    -0.77540    -9.19253
     52.995       -10.05368    -0.08873    -0.77530    -9.18965
     53.145       -10.05066    -0.08867    -0.77520    -9.18679
     53.295       -10.04766    -0.08861    -0.77509    -9.18396
     53.445       -10.04467    -0.08855    -0.77499    -9.18113
     53.595       -10.04168    -0.08849    -0.77488    -9.17830
     53.745       -10.03868    -0.08844    -0.77478    -9.17546
     53.895       -10.03572    -0.08838    -0.77468    -9.17267
     54.045       -10.03276    -0.08832    -0.77457    -9.16987
     54.195       -10.02979    -0.08826    -0.77447    -9.16706
     54.345       -10.02687    -0.08820    -0.77437    -9.16430
     54.495       -10.02394    -0.08815    -0.77426    -9.16153
     54.645       -10.02102    -0.08809    -0.77416    -9.15877
     54.795       -10.01809    -0.08803    -0.77406    -9.15600
     54.945       -10.01517    -0.08797    -0.77396    -9.15324
     55.095       -10.01223    -0.08791    -0.77386    -9.15047
     59.433        -9.78508    -0.08345    -0.76597    -8.93567
     80.646        -9.45358    -0.07701    -0.75455    -8.62202
     111.21        -9.13201    -0.07080    -0.74351    -8.31770
     153.36        -8.82055    -0.06481    -0.73290    -8.02285
     211.49        -8.51926    -0.05904    -0.72273    -7.73749
     291.64        -8.22795    -0.05347    -0.71296    -7.46153
     402.18        -7.94671    -0.04807    -0.70357    -7.19507
     554.60        -7.67521    -0.04288    -0.69459    -6.93774
     764.80        -7.41318    -0.03788    -0.68595    -6.68935
     1054.7        -7.16030    -0.03306    -0.67770    -6.44954
     1454.4        -6.91641    -0.02841    -0.66979    -6.21821
     2005.6        -6.68102    -0.02395    -0.66224    -5.99483
     2765.8        -6.45392    -0.01965    -0.65498    -5.77928
     3814.0        -6.23458    -0.01551    -0.64801    -5.57106
     5259.5        -6.02281    -0.01155    -0.64135    -5.36991
     7252.9        -5.81806    -0.00768    -0.63495    -5.17543
     10002.        -5.62045    -0.00396    -0.62884    -4.98765
     13793.        -5.42992    -0.00035    -0.62295    -4.80661
     19020.        -5.24661     0.00313    -0.61731    -4.63243
     26229.        -5.07064     0.00648    -0.61189    -4.46523
     36170.        -4.90218     0.00972    -0.60667    -4.30522
     49878.        -4.74098     0.01283    -0.60164    -4.15217
     68782.        -4.58710     0.01580    -0.59680    -4.00610
     94851.        -4.43990     0.01867    -0.59215    -3.86643
    0.13080E+06    -4.29960     0.02140    -0.58767    -3.73334
    0.18038E+06    -4.16558     0.02402    -0.58332    -3.60628
    0.24874E+06    -4.03793     0.02651    -0.57915    -3.48529
    0.34301E+06    -3.91629     0.02889    -0.57516    -3.37001
    0.47302E+06    -3.80043     0.03115    -0.57135    -3.26023
    0.65229E+06    -3.69031     0.03330    -0.56770    -3.15591
    0.89952E+06    -3.58528     0.03535    -0.56420    -3.05643
    0.12404E+07    -3.48536     0.03730    -0.56088    -2.96178
    0.17106E+07    -3.39025     0.03917    -0.55773    -2.87169
    0.23589E+07    -3.29965     0.04094    -0.55471    -2.78588
    0.32529E+07    -3.21355     0.04264    -0.55184    -2.70436
    0.44858E+07    -3.13172     0.04424    -0.54910    -2.62687
    0.61860E+07    -3.05378     0.04577    -0.54649    -2.55306
    0.85305E+07    -2.97966     0.04722    -0.54401    -2.48288
    0.11764E+08    -2.90915     0.04862    -0.54165    -2.41612
    0.16222E+08    -2.84217     0.04993    -0.53941    -2.35268
    0.22370E+08    -2.77844     0.05118    -0.53728    -2.29234
    0.30849E+08    -2.71811     0.05238    -0.53523    -2.23526
    0.42541E+08    -2.66145     0.05351    -0.53328    -2.18168
    0.58664E+08    -2.60833     0.05459    -0.53145    -2.13148
    0.80898E+08    -2.55866     0.05560    -0.52971    -2.08455
    0.11156E+09    -2.51206     0.05655    -0.52805    -2.04056
    0.15384E+09    -2.46842     0.05743    -0.52646    -1.99938
    0.21215E+09    -2.42732     0.05827    -0.52496    -1.96063
    0.29255E+09    -2.38876     0.05905    -0.52353    -1.92428
    0.40343E+09    -2.35252     0.05978    -0.52218    -1.89013
    0.55633E+09    -2.31855     0.06047    -0.52089    -1.85813
    0.76719E+09    -2.28750     0.06112    -0.51970    -1.82892
    0.10580E+10    -2.25916     0.06173    -0.51858    -1.80231
    0.14589E+10    -2.23311     0.06231    -0.51753    -1.77789
    0.20119E+10    -2.20905     0.06282    -0.51653    -1.75534
    0.27744E+10    -2.18694     0.06329    -0.51561    -1.73461
    0.38259E+10    -2.16647     0.06372    -0.51476    -1.71543
    0.52760E+10    -2.14759     0.06413    -0.51395    -1.69777
    0.72756E+10    -2.13018     0.06450    -0.51319    -1.68149
    0.10033E+11    -2.11402     0.06483    -0.51248    -1.66638
    0.13836E+11    -2.09914     0.06514    -0.51183    -1.65244
    0.19079E+11    -2.08545     0.06543    -0.51125    -1.63963
    0.26311E+11    -2.07281     0.06569    -0.51070    -1.62780
    0.36283E+11    -2.06115     0.06594    -0.51021    -1.61688
    0.50034E+11    -2.05036     0.06616    -0.50974    -1.60678
    0.68997E+11    -2.04042     0.06638    -0.50933    -1.59747
    0.10000E+12    -1.92104     0.06888    -0.50430    -1.48562
