    -99.945         0.00000     0.00000     0.00000     0.00000
    -99.795         0.00000     0.00000     0.00000     0.00000
    -99.645         0.00000     0.00000     0.00000     0.00000
    -99.495         0.00000     0.00000     0.00000     0.00000
    -99.345         0.00000     0.00000     0.00000     0.00000
    -99.195         0.00000     0.00000     0.00000     0.00000
    -99.045         0.00000     0.00000     0.00000     0.00000
    -98.895         0.00000     0.00000     0.00000     0.00000
    -98.745         0.00000     0.00000     0.00000     0.00000
    -98.595         0.00000     0.00000     0.00000     0.00000
    -98.445         0.00000     0.00000     0.00000     0.00000
    -98.295         0.00000     0.00000     0.00000     0.00000
    -98.145         0.00000     0.00000     0.00000     0.00000
    -97.995         0.00000     0.00000     0.00000     0.00000
    -97.845         0.00000     0.00000     0.00000     0.00000
    -97.695         0.00000     0.00000     0.00000     0.00000
    -97.545         0.00000     0.00000     0.00000     0.00000
    -97.395         0.00000     0.00000     0.00000     0.00000
    -97.245         0.00000     0.00000     0.00000     0.00000
    -97.095         0.00000     0.00000     0.00000     0.00000
    -96.945         0.00000     0.00000     0.00000     0.00000
    -96.795         0.00000     0.00000     0.00000     0.00000
    -96.645         0.00000     0.00000     0.00000     0.00000
    -96.495         0.00000     0.00000     0.00000     0.00000
    -96.345         0.00000     0.00000     0.00000     0.00000
    -96.195         0.00000     0.00000     0.00000     0.00000
    -96.045         0.00000     0.00000     0.00000     0.00000
    -95.895         0.00000     0.00000     0.00000     0.00000
    -95.745         0.00000     0.00000     0.00000     0.00000
    -95.595         0.00000     0.00000     0.00000     0.00000
    -95.445         0.00000     0.00000     0.00000     0.00000
    -95.295         0.00000     0.00000     0.00000     0.00000
    -95.145         0.00000     0.00000     0.00000     0.00000
    -94.995         0.00000     0.00000     0.00000     0.00000
    -94.845         0.00000     0.00000     0.00000     0.00000
    -94.695         0.00000     0.00000     0.00000     0.00000
    -94.545         0.00000     0.00000     0.00000     0.00000
    -94.395         0.00000     0.00000     0.00000     0.00000
    -94.245         0.00000     0.00000     0.00000     0.00000
    -94.095         0.00000     0.00000     0.00000     0.00000
    -93.945         0.00000     0.00000     0.00000     0.00000
    -93.795         0.00000     0.00000     0.00000     0.00000
    -93.645         0.00000     0.00000     0.00000     0.00000
    -93.495         0.00000     0.00000     0.00000     0.00000
    -93.345         0.00000     0.00000     0.00000     0.00000
    -93.195         0.00000     0.00000     0.00000     0.00000
    -93.045         0.00000     0.00000     0.00000     0.00000
    -92.895         0.00000     0.00000     0.00000     0.00000
    -92.745         0.00000     0.00000     0.00000     0.00000
    -92.595         0.00000     0.00000     0.00000     0.00000
    -92.445         0.00000     0.00000     0.00000     0.00000
    -92.295         0.00000     0.00000     0.00000     0.00000
    -92.145         0.00000     0.00000     0.00000     0.00000
    -91.995         0.00000     0.00000     0.00000     0.00000
    -91.845         0.00000     0.00000     0.00000     0.00000
    -91.695         0.00000     0.00000     0.00000     0.00000
    -91.545         0.00000     0.00000     0.00000     0.00000
    -91.395         0.00000     0.00000     0.00000     0.00000
    -91.245         0.00000     0.00000     0.00000     0.00000
    -91.095         0.00000     0.00000     0.00000     0.00000
    -90.945         0.00000     0.00000     0.00000     0.00000
    -90.795         0.00000     0.00000     0.00000     0.00000
    -90.645         0.00000     0.00000     0.00000     0.00000
    -90.495         0.00000     0.00000     0.00000     0.00000
    -90.345         0.00000     0.00000     0.00000     0.00000
    -90.195         0.00000     0.00000     0.00000     0.00000
    -90.045         0.00000     0.00000     0.00000     0.00000
    -89.895         0.00000     0.00000     0.00000     0.00000
    -89.745         0.00000     0.00000     0.00000     0.00000
    -89.595         0.00000     0.00000     0.00000     0.00000
    -89.445         0.00000     0.00000     0.00000     0.00000
    -89.295         0.00000     0.00000     0.00000     0.00000
    -89.145         0.00000     0.00000     0.00000     0.00000
    -88.995         0.00000     0.00000     0.00000     0.00000
    -88.845         0.00000     0.00000     0.00000     0.00000
    -88.695         0.00000     0.00000     0.00000     0.00000
    -88.545         0.00000     0.00000     0.00000     0.00000
    -88.395         0.00000     0.00000     0.00000     0.00000
    -88.245         0.00000     0.00000     0.00000     0.00000
    -88.095         0.00000     0.00000     0.00000     0.00000
    -87.945         0.00000     0.00000     0.00000     0.00000
    -87.795         0.00000     0.00000     0.00000     0.00000
    -87.645         0.00000     0.00000     0.00000     0.00000
    -87.495         0.00000     0.00000     0.00000     0.00000
    -87.345         0.00000     0.00000     0.00000     0.00000
    -87.195         0.00000     0.00000     0.00000     0.00000
    -87.045         0.00000     0.00000     0.00000     0.00000
    -86.895         0.00000     0.00000     0.00000     0.00000
    -86.745         0.00000     0.00000     0.00000     0.00000
    -86.595         0.00000     0.00000     0.00000     0.00000
    -86.445         0.00000     0.00000     0.00000     0.00000
    -86.295         0.00000     0.00000     0.00000     0.00000
    -86.145         0.00000     0.00000     0.00000     0.00000
    -85.995         0.00000     0.00000     0.00000     0.00000
    -85.845         0.00000     0.00000     0.00000     0.00000
    -85.695         0.00000     0.00000     0.00000     0.00000
    -85.545         0.00000     0.00000     0.00000     0.00000
    -85.395         0.00000     0.00000     0.00000     0.00000
    -85.245         0.00000     0.00000     0.00000     0.00000
    -85.095         0.00000     0.00000     0.00000     0.00000
    -84.945         0.00000     0.00000     0.00000     0.00000
    -84.795         0.00000     0.00000     0.00000     0.00000
    -84.645         0.00000     0.00000     0.00000     0.00000
    -84.495         0.00000     0.00000     0.00000     0.00000
    -84.345         0.00000     0.00000     0.00000     0.00000
    -84.195         0.00000     0.00000     0.00000     0.00000
    -84.045         0.00000     0.00000     0.00000     0.00000
    -83.895         0.00000     0.00000     0.00000     0.00000
    -83.745         0.00000     0.00000     0.00000     0.00000
    -83.595         0.00000     0.00000     0.00000     0.00000
    -83.445         0.00000     0.00000     0.00000     0.00000
    -83.295         0.00000     0.00000     0.00000     0.00000
    -83.145         0.00000     0.00000     0.00000     0.00000
    -82.995         0.00000     0.00000     0.00000     0.00000
    -82.845         0.00000     0.00000     0.00000     0.00000
    -82.695         0.00000     0.00000     0.00000     0.00000
    -82.545         0.00000     0.00000     0.00000     0.00000
    -82.395         0.00000     0.00000     0.00000     0.00000
    -82.245         0.00000     0.00000     0.00000     0.00000
    -82.095         0.00000     0.00000     0.00000     0.00000
    -81.945         0.00000     0.00000     0.00000     0.00000
    -81.795         0.00000     0.00000     0.00000     0.00000
    -81.645         0.00000     0.00000     0.00000     0.00000
    -81.495         0.00000     0.00000     0.00000     0.00000
    -81.345         0.00000     0.00000     0.00000     0.00000
    -81.195         0.00000     0.00000     0.00000     0.00000
    -81.045         0.00000     0.00000     0.00000     0.00000
    -80.895         0.00000     0.00000     0.00000     0.00000
    -80.745         0.00000     0.00000     0.00000     0.00000
    -80.595         0.00000     0.00000     0.00000     0.00000
    -80.445         0.00000     0.00000     0.00000     0.00000
    -80.295         0.00000     0.00000     0.00000     0.00000
    -80.145         0.00000     0.00000     0.00000     0.00000
    -79.995         0.00000     0.00000     0.00000     0.00000
    -79.845         0.00000     0.00000     0.00000     0.00000
    -79.695         0.00000     0.00000     0.00000     0.00000
    -79.545         0.00000     0.00000     0.00000     0.00000
    -79.395         0.00000     0.00000     0.00000     0.00000
    -79.245         0.00000     0.00000     0.00000     0.00000
    -79.095         0.00000     0.00000     0.00000     0.00000
    -78.945         0.00000     0.00000     0.00000     0.00000
    -78.795         0.00000     0.00000     0.00000     0.00000
    -78.645         0.00000     0.00000     0.00000     0.00000
    -78.495         0.00000     0.00000     0.00000     0.00000
    -78.345         0.00000     0.00000     0.00000     0.00000
    -78.195         0.00000     0.00000     0.00000     0.00000
    -78.045         0.00000     0.00000     0.00000     0.00000
    -77.895         0.00000     0.00000     0.00000     0.00000
    -77.745         0.00000     0.00000     0.00000     0.00000
    -77.595         0.00000     0.00000     0.00000     0.00000
    -77.445         0.00000     0.00000     0.00000     0.00000
    -77.295         0.00000     0.00000     0.00000     0.00000
    -77.145         0.00000     0.00000     0.00000     0.00000
    -76.995         0.00000     0.00000     0.00000     0.00000
    -76.845         0.00000     0.00000     0.00000     0.00000
    -76.695         0.00000     0.00000     0.00000     0.00000
    -76.545         0.00000     0.00000     0.00000     0.00000
    -76.395         0.00000     0.00000     0.00000     0.00000
    -76.245         0.00000     0.00000     0.00000     0.00000
    -76.095         0.00000     0.00000     0.00000     0.00000
    -75.945         0.00000     0.00000     0.00000     0.00000
    -75.795         0.00000     0.00000     0.00000     0.00000
    -75.645         0.00000     0.00000     0.00000     0.00000
    -75.495         0.00000     0.00000     0.00000     0.00000
    -75.345         0.00000     0.00000     0.00000     0.00000
    -75.195         0.00000     0.00000     0.00000     0.00000
    -75.045         0.00000     0.00000     0.00000     0.00000
    -74.895         0.00000     0.00000     0.00000     0.00000
    -74.745         0.00000     0.00000     0.00000     0.00000
    -74.595         0.00000     0.00000     0.00000     0.00000
    -74.445         0.00000     0.00000     0.00000     0.00000
    -74.295         0.00000     0.00000     0.00000     0.00000
    -74.145         0.00000     0.00000     0.00000     0.00000
    -73.995         0.00000     0.00000     0.00000     0.00000
    -73.845         0.00000     0.00000     0.00000     0.00000
    -73.695         0.00000     0.00000     0.00000     0.00000
    -73.545         0.00000     0.00000     0.00000     0.00000
    -73.395         0.00000     0.00000     0.00000     0.00000
    -73.245         0.00000     0.00000     0.00000     0.00000
    -73.095         0.00000     0.00000     0.00000     0.00000
    -72.945         0.00000     0.00000     0.00000     0.00000
    -72.795         0.00000     0.00000     0.00000     0.00000
    -72.645         0.00000     0.00000     0.00000     0.00000
    -72.495         0.00000     0.00000     0.00000     0.00000
    -72.345         0.00000     0.00000     0.00000     0.00000
    -72.195         0.00000     0.00000     0.00000     0.00000
    -72.045         0.00000     0.00000     0.00000     0.00000
    -71.895         0.00000     0.00000     0.00000     0.00000
    -71.745         0.00000     0.00000     0.00000     0.00000
    -71.595         0.00000     0.00000     0.00000     0.00000
    -71.445         0.00000     0.00000     0.00000     0.00000
    -71.295         0.00000     0.00000     0.00000     0.00000
    -71.145         0.00000     0.00000     0.00000     0.00000
    -70.995         0.00000     0.00000     0.00000     0.00000
    -70.845         0.00000     0.00000     0.00000     0.00000
    -70.695         0.00000     0.00000     0.00000     0.00000
    -70.545         0.00000     0.00000     0.00000     0.00000
    -70.395         0.00000     0.00000     0.00000     0.00000
    -70.245         0.00000     0.00000     0.00000     0.00000
    -70.095         0.00000     0.00000     0.00000     0.00000
    -69.945         0.00000     0.00000     0.00000     0.00000
    -69.795         0.00000     0.00000     0.00000     0.00000
    -69.645         0.00000     0.00000     0.00000     0.00000
    -69.495         0.00000     0.00000     0.00000     0.00000
    -69.345         0.00000     0.00000     0.00000     0.00000
    -69.195         0.00000     0.00000     0.00000     0.00000
    -69.045         0.00000     0.00000     0.00000     0.00000
    -68.895         0.00000     0.00000     0.00000     0.00000
    -68.745         0.00000     0.00000     0.00000     0.00000
    -68.595         0.00000     0.00000     0.00000     0.00000
    -68.445         0.00000     0.00000     0.00000     0.00000
    -68.295         0.00000     0.00000     0.00000     0.00000
    -68.145         0.00000     0.00000     0.00000     0.00000
    -67.995         0.00000     0.00000     0.00000     0.00000
    -67.845         0.00000     0.00000     0.00000     0.00000
    -67.695         0.00000     0.00000     0.00000     0.00000
    -67.545         0.00000     0.00000     0.00000     0.00000
    -67.395         0.00000     0.00000     0.00000     0.00000
    -67.245         0.00000     0.00000     0.00000     0.00000
    -67.095         0.00000     0.00000     0.00000     0.00000
    -66.945         0.00000     0.00000     0.00000     0.00000
    -66.795         0.00000     0.00000     0.00000     0.00000
    -66.645         0.00000     0.00000     0.00000     0.00000
    -66.495         0.00000     0.00000     0.00000     0.00000
    -66.345         0.00000     0.00000     0.00000     0.00000
    -66.195         0.00000     0.00000     0.00000     0.00000
    -66.045         0.00000     0.00000     0.00000     0.00000
    -65.895         0.00000     0.00000     0.00000     0.00000
    -65.745         0.00000     0.00000     0.00000     0.00000
    -65.595         0.00000     0.00000     0.00000     0.00000
    -65.445         0.00000     0.00000     0.00000     0.00000
    -65.295         0.00000     0.00000     0.00000     0.00000
    -65.145         0.00000     0.00000     0.00000     0.00000
    -64.995         0.00000     0.00000     0.00000     0.00000
    -64.845         0.00000     0.00000     0.00000     0.00000
    -64.695         0.00000     0.00000     0.00000     0.00000
    -64.545         0.00000     0.00000     0.00000     0.00000
    -64.395         0.00000     0.00000     0.00000     0.00000
    -64.245         0.00000     0.00000     0.00000     0.00000
    -64.095         0.00000     0.00000     0.00000     0.00000
    -63.945         0.00000     0.00000     0.00000     0.00000
    -63.795         0.00000     0.00000     0.00000     0.00000
    -63.645         0.00000     0.00000     0.00000     0.00000
    -63.495         0.00000     0.00000     0.00000     0.00000
    -63.345         0.00000     0.00000     0.00000     0.00000
    -63.195         0.00000     0.00000     0.00000     0.00000
    -63.045         0.00000     0.00000     0.00000     0.00000
    -62.895         0.00000     0.00000     0.00000     0.00000
    -62.745         0.00000     0.00000     0.00000     0.00000
    -62.595         0.00000     0.00000     0.00000     0.00000
    -62.445         0.00000     0.00000     0.00000     0.00000
    -62.295         0.00000     0.00000     0.00000     0.00000
    -62.145         0.00000     0.00000     0.00000     0.00000
    -61.995         0.00000     0.00000     0.00000     0.00000
    -61.845         0.00000     0.00000     0.00000     0.00000
    -61.695         0.00000     0.00000     0.00000     0.00000
    -61.545         0.00000     0.00000     0.00000     0.00000
    -61.395         0.00000     0.00000     0.00000     0.00000
    -61.245         0.00000     0.00000     0.00000     0.00000
    -61.095         0.00000     0.00000     0.00000     0.00000
    -60.945         0.00000     0.00000     0.00000     0.00000
    -60.795         0.00000     0.00000     0.00000     0.00000
    -60.645         0.00000     0.00000     0.00000     0.00000
    -60.495         0.00000     0.00000     0.00000     0.00000
    -60.345         0.00000     0.00000     0.00000     0.00000
    -60.195         0.00000     0.00000     0.00000     0.00000
    -60.045         0.00000     0.00000     0.00000     0.00000
    -59.895         0.00000     0.00000     0.00000     0.00000
    -59.745         0.00000     0.00000     0.00000     0.00000
    -59.595         0.00000     0.00000     0.00000     0.00000
    -59.445         0.00000     0.00000     0.00000     0.00000
    -59.295         0.00000     0.00000     0.00000     0.00000
    -59.145         0.00000     0.00000     0.00000     0.00000
    -58.995         0.00000     0.00000     0.00000     0.00000
    -58.845         0.00000     0.00000     0.00000     0.00000
    -58.695         0.00000     0.00000     0.00000     0.00000
    -58.545         0.00000     0.00000     0.00000     0.00000
    -58.395         0.00000     0.00000     0.00000     0.00000
    -58.245         0.00000     0.00000     0.00000     0.00000
    -58.095         0.00000     0.00000     0.00000     0.00000
    -57.945         0.00000     0.00000     0.00000     0.00000
    -57.795         0.00000     0.00000     0.00000     0.00000
    -57.645         0.00000     0.00000     0.00000     0.00000
    -57.495         0.00000     0.00000     0.00000     0.00000
    -57.345         0.00000     0.00000     0.00000     0.00000
    -57.195         0.00000     0.00000     0.00000     0.00000
    -57.045         0.00000     0.00000     0.00000     0.00000
    -56.895         0.00000     0.00000     0.00000     0.00000
    -56.745         0.00000     0.00000     0.00000     0.00000
    -56.595         0.00000     0.00000     0.00000     0.00000
    -56.445         0.00000     0.00000     0.00000     0.00000
    -56.295         0.00000     0.00000     0.00000     0.00000
    -56.145         0.00000     0.00000     0.00000     0.00000
    -55.995         0.00000     0.00000     0.00000     0.00000
    -55.845         0.00000     0.00000     0.00000     0.00000
    -55.695         0.00000     0.00000     0.00000     0.00000
    -55.545         0.00000     0.00000     0.00000     0.00000
    -55.395         0.00000     0.00000     0.00000     0.00000
    -55.245         0.00000     0.00000     0.00000     0.00000
    -55.095         0.00000     0.00000     0.00000     0.00000
    -54.945         0.00000     0.00000     0.00000     0.00000
    -54.795         0.00000     0.00000     0.00000     0.00000
    -54.645         0.00000     0.00000     0.00000     0.00000
    -54.495         0.00000     0.00000     0.00000     0.00000
    -54.345         0.00000     0.00000     0.00000     0.00000
    -54.195         0.00000     0.00000     0.00000     0.00000
    -54.045         0.00000     0.00000     0.00000     0.00000
    -53.895         0.00000     0.00000     0.00000     0.00000
    -53.745         0.00000     0.00000     0.00000     0.00000
    -53.595         0.00000     0.00000     0.00000     0.00000
    -53.445         0.00000     0.00000     0.00000     0.00000
    -53.295         0.00000     0.00000     0.00000     0.00000
    -53.145         0.00000     0.00000     0.00000     0.00000
    -52.995         0.00000     0.00000     0.00000     0.00000
    -52.845         0.00000     0.00000     0.00000     0.00000
    -52.695         0.00000     0.00000     0.00000     0.00000
    -52.545         0.00000     0.00000     0.00000     0.00000
    -52.395         0.00000     0.00000     0.00000     0.00000
    -52.245         0.00000     0.00000     0.00000     0.00000
    -52.095         0.00000     0.00000     0.00000     0.00000
    -51.945         0.00000     0.00000     0.00000     0.00000
    -51.795         0.00000     0.00000     0.00000     0.00000
    -51.645         0.00000     0.00000     0.00000     0.00000
    -51.495         0.00000     0.00000     0.00000     0.00000
    -51.345         0.00000     0.00000     0.00000     0.00000
    -51.195         0.00000     0.00000     0.00000     0.00000
    -51.045         0.00000     0.00000     0.00000     0.00000
    -50.895         0.00000     0.00000     0.00000     0.00000
    -50.745         0.00000     0.00000     0.00000     0.00000
    -50.595         0.00000     0.00000     0.00000     0.00000
    -50.445         0.00000     0.00000     0.00000     0.00000
    -50.295         0.00000     0.00000     0.00000     0.00000
    -50.145         0.00000     0.00000     0.00000     0.00000
    -49.995         0.00000     0.00000     0.00000     0.00000
    -49.845         0.00000     0.00000     0.00000     0.00000
    -49.695         0.00000     0.00000     0.00000     0.00000
    -49.545         0.00000     0.00000     0.00000     0.00000
    -49.395         0.00000     0.00000     0.00000     0.00000
    -49.245         0.00000     0.00000     0.00000     0.00000
    -49.095         0.00000     0.00000     0.00000     0.00000
    -48.945         0.00000     0.00000     0.00000     0.00000
    -48.795         0.00000     0.00000     0.00000     0.00000
    -48.645         0.00000     0.00000     0.00000     0.00000
    -48.495         0.00000     0.00000     0.00000     0.00000
    -48.345         0.00000     0.00000     0.00000     0.00000
    -48.195         0.00000     0.00000     0.00000     0.00000
    -48.045         0.00000     0.00000     0.00000     0.00000
    -47.895         0.00000     0.00000     0.00000     0.00000
    -47.745         0.00000     0.00000     0.00000     0.00000
    -47.595         0.00000     0.00000     0.00000     0.00000
    -47.445         0.00000     0.00000     0.00000     0.00000
    -47.295         0.00000     0.00000     0.00000     0.00000
    -47.145         0.00000     0.00000     0.00000     0.00000
    -46.995         0.00000     0.00000     0.00000     0.00000
    -46.845         0.00000     0.00000     0.00000     0.00000
    -46.695         0.00000     0.00000     0.00000     0.00000
    -46.545         0.00000     0.00000     0.00000     0.00000
    -46.395         0.00000     0.00000     0.00000     0.00000
    -46.245         0.00000     0.00000     0.00000     0.00000
    -46.095         0.00000     0.00000     0.00000     0.00000
    -45.945         0.00000     0.00000     0.00000     0.00000
    -45.795         0.00000     0.00000     0.00000     0.00000
    -45.645         0.00000     0.00000     0.00000     0.00000
    -45.495         0.00000     0.00000     0.00000     0.00000
    -45.345         0.00000     0.00000     0.00000     0.00000
    -45.195         0.00000     0.00000     0.00000     0.00000
    -45.045         0.00000     0.00000     0.00000     0.00000
    -44.895         0.00000     0.00000     0.00000     0.00000
    -44.745         0.00000     0.00000     0.00000     0.00000
    -44.595         0.00000     0.00000     0.00000     0.00000
    -44.445         0.00000     0.00000     0.00000     0.00000
    -44.295         0.00000     0.00000     0.00000     0.00000
    -44.145         0.00000     0.00000     0.00000     0.00000
    -43.995         0.00000     0.00000     0.00000     0.00000
    -43.845         0.00000     0.00000     0.00000     0.00000
    -43.695         0.00000     0.00000     0.00000     0.00000
    -43.545         0.00000     0.00000     0.00000     0.00000
    -43.395         0.00000     0.00000     0.00000     0.00000
    -43.245         0.00000     0.00000     0.00000     0.00000
    -43.095         0.00000     0.00000     0.00000     0.00000
    -42.945         0.00000     0.00000     0.00000     0.00000
    -42.795         0.00000     0.00000     0.00000     0.00000
    -42.645         0.00000     0.00000     0.00000     0.00000
    -42.495         0.00000     0.00000     0.00000     0.00000
    -42.345         0.00000     0.00000     0.00000     0.00000
    -42.195         0.00000     0.00000     0.00000     0.00000
    -42.045         0.00000     0.00000     0.00000     0.00000
    -41.895         0.00000     0.00000     0.00000     0.00000
    -41.745         0.00000     0.00000     0.00000     0.00000
    -41.595         0.00000     0.00000     0.00000     0.00000
    -41.445         0.00000     0.00000     0.00000     0.00000
    -41.295         0.00000     0.00000     0.00000     0.00000
    -41.145         0.00000     0.00000     0.00000     0.00000
    -40.995         0.00000     0.00000     0.00000     0.00000
    -40.845         0.00000     0.00000     0.00000     0.00000
    -40.695         0.00000     0.00000     0.00000     0.00000
    -40.545         0.00000     0.00000     0.00000     0.00000
    -40.395         0.00000     0.00000     0.00000     0.00000
    -40.245         0.00000     0.00000     0.00000     0.00000
    -40.095         0.00000     0.00000     0.00000     0.00000
    -39.945         0.00000     0.00000     0.00000     0.00000
    -39.795         0.00000     0.00000     0.00000     0.00000
    -39.645         0.00000     0.00000     0.00000     0.00000
    -39.495         0.00000     0.00000     0.00000     0.00000
    -39.345         0.00000     0.00000     0.00000     0.00000
    -39.195         0.00000     0.00000     0.00000     0.00000
    -39.045         0.00000     0.00000     0.00000     0.00000
    -38.895         0.00000     0.00000     0.00000     0.00000
    -38.745         0.00000     0.00000     0.00000     0.00000
    -38.595         0.00000     0.00000     0.00000     0.00000
    -38.445         0.00000     0.00000     0.00000     0.00000
    -38.295         0.00000     0.00000     0.00000     0.00000
    -38.145         0.00000     0.00000     0.00000     0.00000
    -37.995         0.00000     0.00000     0.00000     0.00000
    -37.845         0.00000     0.00000     0.00000     0.00000
    -37.695         0.00000     0.00000     0.00000     0.00000
    -37.545         0.00000     0.00000     0.00000     0.00000
    -37.395         0.00000     0.00000     0.00000     0.00000
    -37.245         0.00000     0.00000     0.00000     0.00000
    -37.095         0.00000     0.00000     0.00000     0.00000
    -36.945         0.00000     0.00000     0.00000     0.00000
    -36.795         0.00000     0.00000     0.00000     0.00000
    -36.645         0.00000     0.00000     0.00000     0.00000
    -36.495         0.00000     0.00000     0.00000     0.00000
    -36.345         0.00000     0.00000     0.00000     0.00000
    -36.195         0.00000     0.00000     0.00000     0.00000
    -36.045         0.00000     0.00000     0.00000     0.00000
    -35.895         0.00000     0.00000     0.00000     0.00000
    -35.745         0.00000     0.00000     0.00000     0.00000
    -35.595         0.00000     0.00000     0.00000     0.00000
    -35.445         0.00000     0.00000     0.00000     0.00000
    -35.295         0.00000     0.00000     0.00000     0.00000
    -35.145         0.00000     0.00000     0.00000     0.00000
    -34.995         0.00000     0.00000     0.00000     0.00000
    -34.845         0.00000     0.00000     0.00000     0.00000
    -34.695         0.00000     0.00000     0.00000     0.00000
    -34.545         0.00000     0.00000     0.00000     0.00000
    -34.395         0.00000     0.00000     0.00000     0.00000
    -34.245         0.00000     0.00000     0.00000     0.00000
    -34.095         0.00000     0.00000     0.00000     0.00000
    -33.945         0.00000     0.00000     0.00000     0.00000
    -33.795         0.00000     0.00000     0.00000     0.00000
    -33.645         0.00000     0.00000     0.00000     0.00000
    -33.495         0.00000     0.00000     0.00000     0.00000
    -33.345         0.00000     0.00000     0.00000     0.00000
    -33.195         0.00000     0.00000     0.00000     0.00000
    -33.045         0.00000     0.00000     0.00000     0.00000
    -32.895         0.00000     0.00000     0.00000     0.00000
    -32.745         0.00000     0.00000     0.00000     0.00000
    -32.595         0.00000     0.00000     0.00000     0.00000
    -32.445         0.00000     0.00000     0.00000     0.00000
    -32.295         0.00000     0.00000     0.00000     0.00000
    -32.145         0.00000     0.00000     0.00000     0.00000
    -31.995         0.00000     0.00000     0.00000     0.00000
    -31.845         0.00000     0.00000     0.00000     0.00000
    -31.695         0.00000     0.00000     0.00000     0.00000
    -31.545         0.00000     0.00000     0.00000     0.00000
    -31.395         0.00000     0.00000     0.00000     0.00000
    -31.245         0.00000     0.00000     0.00000     0.00000
    -31.095         0.00000     0.00000     0.00000     0.00000
    -30.945         0.00000     0.00000     0.00000     0.00000
    -30.795         0.00000     0.00000     0.00000     0.00000
    -30.645         0.00000     0.00000     0.00000     0.00000
    -30.495         0.00000     0.00000     0.00000     0.00000
    -30.345         0.00000     0.00000     0.00000     0.00000
    -30.195         0.00000     0.00000     0.00000     0.00000
    -30.045         0.00000     0.00000     0.00000     0.00000
    -29.895         0.00000     0.00000     0.00000     0.00000
    -29.745         0.00000     0.00000     0.00000     0.00000
    -29.595         0.00000     0.00000     0.00000     0.00000
    -29.445         0.00000     0.00000     0.00000     0.00000
    -29.295         0.00000     0.00000     0.00000     0.00000
    -29.145         0.00000     0.00000     0.00000     0.00000
    -28.995         0.00000     0.00000     0.00000     0.00000
    -28.845         0.00000     0.00000     0.00000     0.00000
    -28.695         0.00000     0.00000     0.00000     0.00000
    -28.545         0.00000     0.00000     0.00000     0.00000
    -28.395         0.00000     0.00000     0.00000     0.00000
    -28.245         0.00000     0.00000     0.00000     0.00000
    -28.095         0.00000     0.00000     0.00000     0.00000
    -27.945         0.00000     0.00000     0.00000     0.00000
    -27.795         0.00000     0.00000     0.00000     0.00000
    -27.645         0.00000     0.00000     0.00000     0.00000
    -27.495         0.00000     0.00000     0.00000     0.00000
    -27.345         0.00000     0.00000     0.00000     0.00000
    -27.195         0.00000     0.00000     0.00000     0.00000
    -27.045         0.00000     0.00000     0.00000     0.00000
    -26.895         0.00000     0.00000     0.00000     0.00000
    -26.745         0.00000     0.00000     0.00000     0.00000
    -26.595         0.00000     0.00000     0.00000     0.00000
    -26.445         0.00000     0.00000     0.00000     0.00000
    -26.295         0.00000     0.00000     0.00000     0.00000
    -26.145         0.00000     0.00000     0.00000     0.00000
    -25.995         0.00000     0.00000     0.00000     0.00000
    -25.845         0.00000     0.00000     0.00000     0.00000
    -25.695         0.00000     0.00000     0.00000     0.00000
    -25.545         0.00000     0.00000     0.00000     0.00000
    -25.395         0.00000     0.00000     0.00000     0.00000
    -25.245         0.00000     0.00000     0.00000     0.00000
    -25.095         0.00000     0.00000     0.00000     0.00000
    -24.945         0.00000     0.00000     0.00000     0.00000
    -24.795         0.00000     0.00000     0.00000     0.00000
    -24.645         0.00000     0.00000     0.00000     0.00000
    -24.495         0.00000     0.00000     0.00000     0.00000
    -24.345         0.00000     0.00000     0.00000     0.00000
    -24.195         0.00000     0.00000     0.00000     0.00000
    -24.045         0.00000     0.00000     0.00000     0.00000
    -23.895         0.00000     0.00000     0.00000     0.00000
    -23.745         0.00000     0.00000     0.00000     0.00000
    -23.595         0.00000     0.00000     0.00000     0.00000
    -23.445         0.00000     0.00000     0.00000     0.00000
    -23.295         0.00000     0.00000     0.00000     0.00000
    -23.145         0.00000     0.00000     0.00000     0.00000
    -22.995         0.00000     0.00000     0.00000     0.00000
    -22.845         0.00000     0.00000     0.00000     0.00000
    -22.695         0.00000     0.00000     0.00000     0.00000
    -22.545         0.00000     0.00000     0.00000     0.00000
    -22.395        -0.00000    -0.00000     0.00000     0.00000
    -22.245        -0.00000    -0.00000     0.00000     0.00000
    -22.095        -0.00000    -0.00000     0.00000     0.00000
    -21.945        -0.00000    -0.00000     0.00000     0.00000
    -21.795        -0.00000    -0.00000     0.00000     0.00000
    -21.645        -0.00000    -0.00000     0.00000     0.00000
    -21.495        -0.00000    -0.00000     0.00000     0.00000
    -21.345        -0.00000    -0.00000     0.00000     0.00000
    -21.195        -0.00000    -0.00000     0.00000     0.00000
    -21.045        -0.00000    -0.00000     0.00000     0.00000
    -20.895        -0.00001    -0.00001     0.00000     0.00000
    -20.745        -0.00001    -0.00001     0.00000     0.00000
    -20.595        -0.00001    -0.00001     0.00000     0.00000
    -20.445        -0.00002    -0.00002     0.00000     0.00000
    -20.295        -0.00003    -0.00003     0.00000     0.00000
    -20.145        -0.00203    -0.00203     0.00000     0.00000
    -19.995        -0.00204    -0.00204     0.00000     0.00000
    -19.845        -0.00315    -0.00315     0.00000     0.00000
    -19.695        -0.00523    -0.00523     0.00000     0.00000
    -19.545        -0.00826    -0.00826     0.00000     0.00000
    -19.395        -0.00943    -0.00943     0.00000     0.00000
    -19.245        -0.01250    -0.01250     0.00000     0.00000
    -19.095        -0.01466    -0.01466     0.00000     0.00000
    -18.945        -0.01774    -0.01774     0.00000     0.00000
    -18.795        -0.02085    -0.02085     0.00000     0.00000
    -18.645        -0.02306    -0.02306     0.00000     0.00000
    -18.495        -0.02527    -0.02527     0.00000     0.00000
    -18.345        -0.02532    -0.02532     0.00000     0.00000
    -18.195        -0.02754    -0.02754     0.00000     0.00000
    -18.045        -0.02888    -0.02888     0.00000     0.00000
    -17.895        -0.03024    -0.03024     0.00000     0.00000
    -17.745        -0.03160    -0.03160     0.00000     0.00000
    -17.595        -0.03165    -0.03165     0.00000     0.00000
    -17.445        -0.03477    -0.03477     0.00000     0.00000
    -17.295        -0.03484    -0.03484     0.00000     0.00000
    -17.145        -0.03793    -0.03793     0.00000     0.00000
    -16.995        -0.03933    -0.03933     0.00000     0.00000
    -16.845        -0.04403    -0.04403     0.00000     0.00000
    -16.695        -0.04410    -0.04410     0.00000     0.00000
    -16.545        -0.04419    -0.04419     0.00000     0.00000
    -16.395        -0.04427    -0.04427     0.00000     0.00000
    -16.245        -0.04651    -0.04651     0.00000     0.00000
    -16.095        -0.04877    -0.04877     0.00000     0.00000
    -15.945        -0.05023    -0.05023     0.00000     0.00000
    -15.795        -0.05032    -0.05032     0.00000     0.00000
    -15.645        -0.05179    -0.05179     0.00000     0.00000
    -15.495        -0.05188    -0.05188     0.00000     0.00000
    -15.345        -0.05198    -0.05198     0.00000     0.00000
    -15.195        -0.05348    -0.05348     0.00000     0.00000
    -15.045        -0.05357    -0.05357     0.00000     0.00000
    -14.895        -0.05368    -0.05368     0.00000     0.00000
    -14.745        -0.05378    -0.05378     0.00000     0.00000
    -14.595        -0.05531    -0.05531     0.00000     0.00000
    -14.445        -0.05542    -0.05542     0.00000     0.00000
    -14.295        -0.05554    -0.05554     0.00000     0.00000
    -14.145        -0.05566    -0.05566     0.00000     0.00000
    -13.995        -0.05577    -0.05577     0.00000     0.00000
    -13.845        -0.05589    -0.05589     0.00000     0.00000
    -13.695        -0.05600    -0.05600     0.00000     0.00000
    -13.545        -0.05613    -0.05613     0.00000     0.00000
    -13.395        -0.05626    -0.05626    -0.00000     0.00000
    -13.245        -0.05786    -0.05786    -0.00000     0.00000
    -13.095        -0.05800    -0.05800     0.00000     0.00000
    -12.945        -0.05812    -0.05812     0.00000     0.00000
    -12.795        -0.05976    -0.05976     0.00000     0.00000
    -12.645        -0.05989    -0.05989     0.00000     0.00000
    -12.495        -0.06003    -0.06003     0.00000     0.00000
    -12.345        -0.06017    -0.06018     0.00000     0.00000
    -12.195        -0.06093    -0.06033    -0.00060     0.00000
    -12.045        -0.06170    -0.06049    -0.00120     0.00000
    -11.895        -0.06247    -0.06065    -0.00182     0.00000
    -11.745        -0.06379    -0.06081    -0.00299     0.00000
    -11.595        -0.06512    -0.06096    -0.00416     0.00000
    -11.445        -0.06696    -0.06112    -0.00585     0.00000
    -11.295        -0.06881    -0.06127    -0.00753     0.00000
    -11.145        -0.06897    -0.06145    -0.00752     0.00000
    -10.995        -0.06912    -0.06162    -0.00751     0.00000
    -10.845        -0.06996    -0.06179    -0.00817     0.00000
    -10.695        -0.07012    -0.06196    -0.00816     0.00000
    -10.545        -0.07149    -0.06215    -0.00934     0.00000
    -10.395        -0.07383    -0.06234    -0.01148     0.00000
    -10.245        -0.07520    -0.06254    -0.01266     0.00000
    -10.095        -0.07537    -0.06273    -0.01264     0.00000
    -9.9450        -0.07629    -0.06294    -0.01335     0.00000
    -9.7950        -0.07814    -0.06312    -0.01501     0.00000
    -9.6450        -0.07999    -0.06332    -0.01667     0.00000
    -9.4950        -0.08257    -0.06515    -0.01741     0.00000
    -9.3450        -0.08351    -0.06535    -0.01816     0.00000
    -9.1950        -0.08539    -0.06557    -0.01982     0.00000
    -9.0450        -0.08638    -0.06578    -0.02060     0.00000
    -8.8950        -0.08784    -0.06601    -0.02183     0.00000
    -8.7450        -0.08800    -0.06621    -0.02179     0.00000
    -8.5950        -0.08946    -0.06643    -0.02303     0.00000
    -8.4450        -0.09050    -0.06662    -0.02388     0.00000
    -8.2950        -0.09231    -0.06849    -0.02382     0.00000
    -8.1450        -0.09413    -0.07035    -0.02378     0.00000
    -7.9950        -0.09641    -0.07057    -0.02584     0.00000
    -7.8450        -0.09921    -0.07244    -0.02678     0.00000
    -7.6950        -0.10101    -0.07430    -0.02670     0.00000
    -7.5450        -0.10471    -0.07705    -0.02767     0.00000
    -7.3950        -0.10757    -0.07892    -0.02866     0.00000
    -7.2450        -0.11283    -0.08168    -0.03114     0.00000
    -7.0950        -0.11705    -0.08446    -0.03259    -0.00000
    -6.9450        -0.12210    -0.08724    -0.03441    -0.00045
    -6.7950        -0.13018    -0.09118    -0.03551    -0.00349
    -6.6450        -0.14069    -0.09397    -0.03663    -0.01009
    -6.4950        -0.16352    -0.09798    -0.03649    -0.02905
    -6.3450        -0.19265    -0.09970    -0.03765    -0.05530
    -6.1950        -0.24040    -0.10377    -0.03746    -0.09918
    -6.0450        -0.32082    -0.10728    -0.03864    -0.17491
    -5.8950        -0.41585    -0.10887    -0.03982    -0.26716
    -5.7450        -0.55204    -0.11298    -0.04167    -0.39738
    -5.5950        -0.70528    -0.11447    -0.04355    -0.54727
    -5.4450        -0.89126    -0.11791    -0.04546    -0.72789
    -5.2950        -1.10287    -0.12260    -0.04857    -0.93170
    -5.1450        -1.32121    -0.12597    -0.05146    -1.14379
    -4.9950        -1.53425    -0.13066    -0.05444    -1.34915
    -4.8450        -1.76949    -0.13711    -0.05814    -1.57425
    -4.6950        -1.99805    -0.14426    -0.06163    -1.79215
    -4.5450        -2.23113    -0.15042    -0.06555    -2.01516
    -4.3950        -2.45940    -0.15561    -0.07158    -2.23220
    -4.2450        -2.68913    -0.16300    -0.07780    -2.44833
    -4.0950        -2.90567    -0.17007    -0.08399    -2.65161
    -3.9450        -3.10716    -0.17673    -0.09016    -2.84027
    -3.7950        -3.30560    -0.18287    -0.09724    -3.02549
    -3.6450        -3.50073    -0.18948    -0.10582    -3.20543
    -3.4950        -3.69078    -0.19910    -0.11528    -3.37640
    -3.3450        -3.86954    -0.20990    -0.12551    -3.53413
    -3.1950        -4.05749    -0.22023    -0.13769    -3.69957
    -3.0450        -4.24490    -0.23176    -0.14876    -3.86439
    -2.8950        -4.43641    -0.24743    -0.16436    -4.02462
    -2.7450        -4.62648    -0.26323    -0.17985    -4.18340
    -2.5950        -4.81978    -0.28085    -0.19631    -4.34262
    -2.4450        -5.02627    -0.30111    -0.21562    -4.50954
    -2.2950        -5.24742    -0.32181    -0.23574    -4.68988
    -2.1450        -5.48565    -0.34567    -0.25864    -4.88135
    -1.9950        -5.76277    -0.37396    -0.28566    -5.10315
    -1.8450        -6.09235    -0.40547    -0.31933    -5.36755
    -1.6950        -6.47411    -0.44445    -0.35853    -5.67113
    -1.5450        -6.94420    -0.48732    -0.40354    -6.05334
    -1.3950        -7.53303    -0.53447    -0.45461    -6.54395
    -1.2450        -8.25975    -0.59183    -0.51334    -7.15458
    -1.0950        -9.13946    -0.66460    -0.58209    -7.89277
   -0.94500       -10.23395    -0.75450    -0.66674    -8.81271
   -0.79500       -11.58007    -0.86645    -0.77615    -9.93746
   -0.64500       -13.28615    -1.01876    -0.92489   -11.34249
   -0.49500       -15.52314    -1.23114    -1.15369   -13.13831
   -0.34500       -18.63364    -1.58587    -1.54333   -15.50445
   -0.22700       -19.97232    -1.76152    -1.73380   -16.47701
   -0.21300       -20.14878    -1.78627    -1.75960   -16.60291
   -0.20700       -20.33003    -1.81122    -1.78706   -16.73174
   -0.20100       -20.51484    -1.83679    -1.81564   -16.86241
   -0.19500       -20.70517    -1.86371    -1.84446   -16.99701
   -0.18900       -20.89863    -1.89085    -1.87403   -17.13374
   -0.18300       -21.09900    -1.91900    -1.90525   -17.27475
   -0.17700       -21.30382    -1.94884    -1.93745   -17.41753
   -0.17100       -21.51662    -1.97997    -1.97058   -17.56607
   -0.16500       -21.73484    -2.01230    -2.00486   -17.71768
   -0.15900       -21.95948    -2.04572    -2.04021   -17.87355
   -0.15300       -22.19229    -2.08016    -2.07706   -18.03506
   -0.14700       -22.43331    -2.11624    -2.11629   -18.20078
   -0.14100       -22.68164    -2.15384    -2.15652   -18.37128
   -0.13500       -22.94049    -2.19253    -2.19867   -18.54929
   -0.12900       -23.20994    -2.23305    -2.24313   -18.73376
   -0.12300       -23.49300    -2.27510    -2.29031   -18.92758
   -0.11700       -23.78636    -2.31916    -2.34060   -19.12661
   -0.11100       -24.09460    -2.36581    -2.39298   -19.33582
   -0.10500       -24.41771    -2.41389    -2.44802   -19.55579
   -0.99000E-01   -24.75743    -2.46451    -2.50584   -19.78707
   -0.93000E-01   -25.11545    -2.51767    -2.56734   -20.03045
   -0.87000E-01   -25.49187    -2.57242    -2.63195   -20.28750
   -0.81000E-01   -25.89173    -2.62979    -2.70073   -20.56120
   -0.75000E-01   -26.31602    -2.69018    -2.77341   -20.85243
   -0.69000E-01   -26.77224    -2.75348    -2.85123   -21.16753
   -0.63000E-01   -27.26453    -2.81951    -2.93556   -21.50946
   -0.57000E-01   -27.80205    -2.89026    -3.03013   -21.88166
   -0.51000E-01   -28.39756    -2.96713    -3.13399   -22.29643
   -0.45000E-01   -29.05501    -3.05182    -3.24325   -22.75993
   -0.39000E-01   -29.78745    -3.14113    -3.35519   -23.29113
   -0.33000E-01   -30.61349    -3.22976    -3.46447   -23.91926
   -0.27000E-01   -31.56582    -3.31385    -3.56696   -24.68501
   -0.21300E-01   -32.32098    -3.36627    -3.62847   -25.32624
   -0.19500E-01   -32.44077    -3.37341    -3.63668   -25.43068
   -0.18900E-01   -32.56408    -3.38043    -3.64478   -25.53887
   -0.18300E-01   -32.69035    -3.38733    -3.65259   -25.65043
   -0.17700E-01   -32.82043    -3.39415    -3.66030   -25.76598
   -0.17100E-01   -32.95418    -3.40081    -3.66765   -25.88572
   -0.16500E-01   -33.09154    -3.40733    -3.67483   -26.00938
   -0.15900E-01   -33.23292    -3.41364    -3.68183   -26.13745
   -0.15300E-01   -33.37938    -3.41981    -3.68852   -26.27105
   -0.14700E-01   -33.53091    -3.42574    -3.69505   -26.41012
   -0.14100E-01   -33.68809    -3.43148    -3.70138   -26.55523
   -0.13500E-01   -33.85096    -3.43705    -3.70738   -26.70652
   -0.12900E-01   -34.02040    -3.44239    -3.71313   -26.86488
   -0.12300E-01   -34.19792    -3.44751    -3.71861   -27.03180
   -0.11700E-01   -34.38367    -3.45241    -3.72393   -27.20733
   -0.11100E-01   -34.57854    -3.45702    -3.72890   -27.39263
   -0.10500E-01   -34.78409    -3.46150    -3.73365   -27.58893
   -0.99000E-02   -35.00127    -3.46574    -3.73814   -27.79739
   -0.93000E-02   -35.23191    -3.46973    -3.74235   -28.01983
   -0.87000E-02   -35.47861    -3.47347    -3.74624   -28.25889
   -0.81000E-02   -35.74439    -3.47697    -3.74996   -28.51745
   -0.75000E-02   -36.03339    -3.48025    -3.75335   -28.79979
   -0.69000E-02   -36.35086    -3.48326    -3.75650   -29.11111
   -0.63000E-02   -36.70192    -3.48603    -3.75939   -29.45649
   -0.57000E-02   -37.09416    -3.48855    -3.76199   -29.84361
   -0.51000E-02   -37.53395    -3.49077    -3.76431   -30.27888
   -0.45000E-02   -38.03081    -3.49275    -3.76638   -30.77167
   -0.39000E-02   -38.59286    -3.49448    -3.76815   -31.33022
   -0.33000E-02   -39.23111    -3.49596    -3.76966   -31.96549
   -0.27000E-02   -39.95888    -3.49716    -3.77089   -32.69083
   -0.21000E-02   -40.79857    -3.49810    -3.77183   -33.52864
   -0.15000E-02   -41.78772    -3.49877    -3.77251   -34.51644
   -0.90000E-03   -42.77705    -3.49917    -3.77292   -35.50496
   -0.30000E-03   -43.19805    -3.49931    -3.77306   -35.92568
    0.30000E-03   -42.77735    -3.49917    -3.77292   -35.50526
    0.90000E-03   -41.78911    -3.49876    -3.77252   -34.51784
    0.15000E-02   -40.80007    -3.49807    -3.77183   -33.53016
    0.21000E-02   -39.96002    -3.49712    -3.77087   -32.69203
    0.27000E-02   -39.23188    -3.49589    -3.76966   -31.96633
    0.33000E-02   -38.59307    -3.49441    -3.76818   -31.33049
    0.39000E-02   -38.03010    -3.49264    -3.76641   -30.77105
    0.45000E-02   -37.53304    -3.49060    -3.76437   -30.27806
    0.51000E-02   -37.09230    -3.48831    -3.76210   -29.84189
    0.57000E-02   -36.70039    -3.48571    -3.75955   -29.45513
    0.63000E-02   -36.34930    -3.48282    -3.75677   -29.10971
    0.69000E-02   -36.03239    -3.47969    -3.75374   -28.79896
    0.75000E-02   -35.74392    -3.47625    -3.75046   -28.51721
    0.81000E-02   -35.47854    -3.47251    -3.74694   -28.25908
    0.87000E-02   -35.23195    -3.46857    -3.74315   -28.02024
    0.93000E-02   -35.00167    -3.46433    -3.73917   -27.79816
    0.99000E-02   -34.78458    -3.45989    -3.73490   -27.58979
    0.10500E-01   -34.57965    -3.45516    -3.73047   -27.39402
    0.11100E-01   -34.38521    -3.45013    -3.72577   -27.20931
    0.11700E-01   -34.20002    -3.44489    -3.72081   -27.03431
    0.12300E-01   -34.02337    -3.43945    -3.71568   -26.86824
    0.12900E-01   -33.85385    -3.43375    -3.71034   -26.70977
    0.13500E-01   -33.69133    -3.42769    -3.70474   -26.55890
    0.14100E-01   -33.53501    -3.42146    -3.69899   -26.41455
    0.14700E-01   -33.38392    -3.41495    -3.69307   -26.27591
    0.15300E-01   -33.23802    -3.40826    -3.68697   -26.14279
    0.15900E-01   -33.09670    -3.40123    -3.68064   -26.01483
    0.16500E-01   -32.96017    -3.39416    -3.67416   -25.89185
    0.17100E-01   -32.82779    -3.38675    -3.66742   -25.77362
    0.17700E-01   -32.69841    -3.37909    -3.66063   -25.65869
    0.18300E-01   -32.57253    -3.37122    -3.65365   -25.54767
    0.18900E-01   -32.45020    -3.36318    -3.64657   -25.44045
    0.19500E-01   -32.33054    -3.35506    -3.63934   -25.33614
    0.21300E-01   -31.58277    -3.29367    -3.58738   -24.70171
    0.27000E-01   -30.64233    -3.19179    -3.50338   -23.94716
    0.33000E-01   -29.83537    -3.08309    -3.41485   -23.33743
    0.39000E-01   -29.12556    -2.97178    -3.32548   -22.82829
    0.45000E-01   -28.49656    -2.86059    -3.24085   -22.39512
    0.51000E-01   -27.93904    -2.75481    -3.16377   -22.02046
    0.57000E-01   -27.44285    -2.65928    -3.09328   -21.69028
    0.63000E-01   -26.99664    -2.57370    -3.02656   -21.39638
    0.69000E-01   -26.59185    -2.49537    -2.96304   -21.13344
    0.75000E-01   -26.22379    -2.42276    -2.90362   -20.89741
    0.81000E-01   -25.88142    -2.35361    -2.84650   -20.68130
    0.87000E-01   -25.56412    -2.28876    -2.79172   -20.48364
    0.93000E-01   -25.27169    -2.22802    -2.73976   -20.30391
    0.99000E-01   -24.99875    -2.17040    -2.69112   -20.13724
    0.10500       -24.74280    -2.11572    -2.64416   -19.98291
    0.11100       -24.50127    -2.06406    -2.59905   -19.83816
    0.11700       -24.27352    -2.01401    -2.55608   -19.70342
    0.12300       -24.06008    -1.96679    -2.51467   -19.57863
    0.12900       -23.85461    -1.92041    -2.47432   -19.45988
    0.13500       -23.66108    -1.87682    -2.43601   -19.34825
    0.14100       -23.47596    -1.83543    -2.39864   -19.24190
    0.14700       -23.30005    -1.79496    -2.36294   -19.14215
    0.15300       -23.13084    -1.75672    -2.32824   -19.04588
    0.15900       -22.97027    -1.71979    -2.29501   -18.95548
    0.16500       -22.81726    -1.68440    -2.26299   -18.86987
    0.17100       -22.67284    -1.65125    -2.23311   -18.78848
    0.17700       -22.53089    -1.61843    -2.20339   -18.70908
    0.18300       -22.39653    -1.58745    -2.17547   -18.63360
    0.18900       -22.26563    -1.55674    -2.14741   -18.56148
    0.19500       -22.13950    -1.52689    -2.12054   -18.49206
    0.20100       -22.01937    -1.49933    -2.09486   -18.42519
    0.20700       -21.90378    -1.47266    -2.07003   -18.36109
    0.21300       -21.79203    -1.44683    -2.04542   -18.29978
    0.22700       -20.98174    -1.25937    -1.87050   -17.85187
    0.34500       -19.36730    -0.88966    -1.51376   -16.96388
    0.49500       -18.35097    -0.66230    -1.28955   -16.39913
    0.64500       -17.60555    -0.50378    -1.13614   -15.96563
    0.79500       -17.00711    -0.38250    -1.01921   -15.60539
    0.94500       -16.52537    -0.29255    -0.92812   -15.30470
     1.0950       -16.11919    -0.22074    -0.85614   -15.04230
     1.2450       -15.77494    -0.16145    -0.79603   -14.81746
     1.3950       -15.47536    -0.11297    -0.74591   -14.61648
     1.5450       -15.21085    -0.07318    -0.70184   -14.43582
     1.6950       -14.98113    -0.03762    -0.66495   -14.27857
     1.8450       -14.77560    -0.01095    -0.63228   -14.13236
     1.9950       -14.58895     0.01195    -0.60558   -13.99531
     2.1450       -14.43098     0.02859    -0.58043   -13.87915
     2.2950       -14.28451     0.04542    -0.55956   -13.77037
     2.4450       -14.15873     0.05857    -0.54294   -13.67436
     2.5950       -14.03878     0.07277    -0.52524   -13.58631
     2.7450       -13.91780     0.08358    -0.50922   -13.49216
     2.8950       -13.82293     0.09249    -0.49843   -13.41698
     3.0450       -13.72600     0.10054    -0.48423   -13.34231
     3.1950       -13.63785     0.10858    -0.47342   -13.27301
     3.3450       -13.55961     0.11212    -0.46469   -13.20703
     3.4950       -13.48668     0.11637    -0.45549   -13.14755
     3.6450       -13.41914     0.11912    -0.44559   -13.09266
     3.7950       -13.35761     0.12347    -0.43892   -13.04216
     3.9450       -13.29318     0.13033    -0.43113   -12.99237
     4.0950       -13.23655     0.13397    -0.42386   -12.94666
     4.2450       -13.18055     0.13840    -0.41614   -12.90281
     4.3950       -13.12796     0.14125    -0.40947   -12.85973
     4.5450       -13.07475     0.14696    -0.40337   -12.81834
     4.6950       -13.02269     0.15137    -0.39532   -12.77875
     4.8450       -12.97372     0.15575    -0.38875   -12.74072
     4.9950       -12.92677     0.15869    -0.38222   -12.70323
     5.1450       -12.88304     0.16056    -0.37579   -12.66781
     5.2950       -12.83876     0.16353    -0.36944   -12.63286
     5.4450       -12.79529     0.16650    -0.36483   -12.59695
     5.5950       -12.75718     0.16949    -0.36228   -12.56439
     5.7450       -12.71556     0.17311    -0.35657   -12.53210
     5.8950       -12.68171     0.17506    -0.35547   -12.50130
     6.0450       -12.64220     0.17859    -0.35031   -12.47048
     6.1950       -12.60582     0.18057    -0.34521   -12.44117
     6.3450       -12.57228     0.18094    -0.34072   -12.41249
     6.4950       -12.53990     0.18293    -0.33821   -12.38462
     6.6450       -12.50980     0.18325    -0.33570   -12.35735
     6.7950       -12.48198     0.18357    -0.33487   -12.33069
     6.9450       -12.45313     0.18559    -0.33409   -12.30462
     7.0950       -12.42353     0.18586    -0.33157   -12.27782
     7.2450       -12.39755     0.18612    -0.33086   -12.25281
     7.3950       -12.37221     0.18638    -0.33018   -12.22841
     7.5450       -12.34737     0.18663    -0.32953   -12.20447
     7.6950       -12.32303     0.18685    -0.32891   -12.18098
     7.8450       -12.29918     0.18708    -0.32830   -12.15796
     7.9950       -12.27581     0.18729    -0.32773   -12.13538
     8.1450       -12.25287     0.18751    -0.32717   -12.11320
     8.2950       -12.23044     0.18770    -0.32664   -12.09151
     8.4450       -12.20845     0.18788    -0.32612   -12.07022
     8.5950       -12.18685     0.18806    -0.32563   -12.04929
     8.7450       -12.16563     0.18824    -0.32515   -12.02871
     8.8950       -12.14483     0.18840    -0.32469   -12.00854
     9.0450       -12.12436     0.18857    -0.32424   -11.98869
     9.1950       -12.10422     0.18873    -0.32381   -11.96914
     9.3450       -12.08446     0.18889    -0.32339   -11.94997
     9.4950       -12.06497     0.18903    -0.32298   -11.93102
     9.6450       -12.04582     0.18918    -0.32259   -11.91241
     9.7950       -12.02695     0.18932    -0.32220   -11.89406
     9.9450       -12.00839     0.18944    -0.32182   -11.87601
     10.095       -11.99014     0.18957    -0.32146   -11.85825
     10.245       -11.97219     0.18969    -0.32111   -11.84078
     10.395       -11.95447     0.18982    -0.32076   -11.82353
     10.545       -11.93706     0.18995    -0.32043   -11.80658
     10.695       -11.91987     0.19007    -0.32010   -11.78984
     10.845       -11.90298     0.19018    -0.31978   -11.77339
     10.995       -11.88626     0.19028    -0.31946   -11.75708
     11.145       -11.86981     0.19039    -0.31916   -11.74104
     11.295       -11.85356     0.19049    -0.31886   -11.72520
     11.445       -11.83758     0.19058    -0.31857   -11.70960
     11.595       -11.82178     0.19068    -0.31828   -11.69418
     11.745       -11.80624     0.19076    -0.31800   -11.67900
     11.895       -11.79086     0.19084    -0.31773   -11.66397
     12.045       -11.77569     0.19094    -0.31746   -11.64917
     12.195       -11.76074     0.19102    -0.31719   -11.63457
     12.345       -11.74597     0.19111    -0.31693   -11.62015
     12.495       -11.73142     0.19120    -0.31668   -11.60594
     12.645       -11.71701     0.19129    -0.31643   -11.59187
     12.795       -11.70280     0.19137    -0.31618   -11.57799
     12.945       -11.68875     0.19145    -0.31595   -11.56425
     13.095       -11.67491     0.19152    -0.31572   -11.55070
     13.245       -11.66117     0.19158    -0.31548   -11.53727
     13.395       -11.64757     0.19166    -0.31526   -11.52397
     13.545       -11.63419     0.19174    -0.31504   -11.51089
     13.695       -11.62093     0.19180    -0.31482   -11.49791
     13.845       -11.60783     0.19187    -0.31460   -11.48510
     13.995       -11.59488     0.19193    -0.31440   -11.47241
     14.145       -11.58208     0.19199    -0.31419   -11.45988
     14.295       -11.56942     0.19205    -0.31399   -11.44748
     14.445       -11.55691     0.19212    -0.31378   -11.43525
     14.595       -11.54450     0.19217    -0.31359   -11.42309
     14.745       -11.53224     0.19223    -0.31340   -11.41107
     14.895       -11.52013     0.19228    -0.31320   -11.39920
     15.045       -11.50811     0.19233    -0.31302   -11.38743
     15.195       -11.49620     0.19239    -0.31283   -11.37576
     15.345       -11.48444     0.19246    -0.31265   -11.36425
     15.495       -11.47278     0.19251    -0.31247   -11.35282
     15.645       -11.46125     0.19257    -0.31229   -11.34153
     15.795       -11.44982     0.19263    -0.31211   -11.33034
     15.945       -11.43852     0.19269    -0.31193   -11.31927
     16.095       -11.42736     0.19274    -0.31177   -11.30833
     16.245       -11.41628     0.19279    -0.31160   -11.29747
     16.395       -11.40529     0.19283    -0.31143   -11.28670
     16.545       -11.39443     0.19288    -0.31126   -11.27606
     16.695       -11.38368     0.19293    -0.31109   -11.26551
     16.845       -11.37300     0.19298    -0.31093   -11.25504
     16.995       -11.36245     0.19302    -0.31077   -11.24470
     17.145       -11.35202     0.19307    -0.31061   -11.23448
     17.295       -11.34168     0.19313    -0.31046   -11.22435
     17.445       -11.33142     0.19317    -0.31030   -11.21429
     17.595       -11.32120     0.19322    -0.31015   -11.20428
     17.745       -11.31110     0.19327    -0.30999   -11.19438
     17.895       -11.30114     0.19331    -0.30985   -11.18460
     18.045       -11.29124     0.19335    -0.30970   -11.17489
     18.195       -11.28144     0.19338    -0.30955   -11.16527
     18.345       -11.27169     0.19342    -0.30940   -11.15570
     18.495       -11.26206     0.19346    -0.30926   -11.14625
     18.645       -11.25249     0.19349    -0.30912   -11.13687
     18.795       -11.24295     0.19354    -0.30898   -11.12751
     18.945       -11.23354     0.19358    -0.30884   -11.11828
     19.095       -11.22419     0.19361    -0.30870   -11.10911
     19.245       -11.21493     0.19365    -0.30856   -11.10002
     19.395       -11.20574     0.19369    -0.30843   -11.09100
     19.545       -11.19664     0.19373    -0.30829   -11.08207
     19.695       -11.18759     0.19377    -0.30816   -11.07320
     19.845       -11.17864     0.19381    -0.30803   -11.06441
     19.995       -11.16975     0.19384    -0.30790   -11.05570
     20.145       -11.16091     0.19388    -0.30777   -11.04702
     20.295       -11.15215     0.19392    -0.30765   -11.03842
     20.445       -11.14345     0.19395    -0.30752   -11.02987
     20.595       -11.13480     0.19399    -0.30740   -11.02139
     20.745       -11.12624     0.19403    -0.30728   -11.01299
     20.895       -11.11775     0.19406    -0.30715   -11.00466
     21.045       -11.10932     0.19409    -0.30703   -10.99638
     21.195       -11.10097     0.19412    -0.30691   -10.98818
     21.345       -11.09265     0.19416    -0.30679   -10.98002
     21.495       -11.08442     0.19419    -0.30668   -10.97194
     21.645       -11.07623     0.19423    -0.30656   -10.96389
     21.795       -11.06813     0.19426    -0.30645   -10.95595
     21.945       -11.06005     0.19429    -0.30633   -10.94800
     22.095       -11.05204     0.19431    -0.30622   -10.94013
     22.245       -11.04409     0.19434    -0.30611   -10.93232
     22.395       -11.03622     0.19437    -0.30599   -10.92459
     22.545       -11.02837     0.19439    -0.30588   -10.91688
     22.695       -11.02057     0.19442    -0.30577   -10.90922
     22.845       -11.01283     0.19445    -0.30566   -10.90161
     22.995       -11.00516     0.19448    -0.30556   -10.89408
     23.145       -10.99754     0.19451    -0.30545   -10.88660
     23.295       -10.98996     0.19454    -0.30534   -10.87916
     23.445       -10.98245     0.19457    -0.30524   -10.87179
     23.595       -10.97497     0.19459    -0.30513   -10.86444
     23.745       -10.96755     0.19463    -0.30502   -10.85715
     23.895       -10.96018     0.19466    -0.30492   -10.84992
     24.045       -10.95287     0.19469    -0.30481   -10.84274
     24.195       -10.94559     0.19472    -0.30471   -10.83559
     24.345       -10.93833     0.19474    -0.30461   -10.82846
     24.495       -10.93116     0.19477    -0.30451   -10.82142
     24.645       -10.92404     0.19480    -0.30441   -10.81443
     24.795       -10.91693     0.19483    -0.30431   -10.80744
     24.945       -10.90986     0.19485    -0.30421   -10.80049
     25.095       -10.90282     0.19487    -0.30412   -10.79358
     25.245       -10.89588     0.19490    -0.30402   -10.78676
     25.395       -10.88897     0.19493    -0.30392   -10.77998
     25.545       -10.88214     0.19495    -0.30382   -10.77326
     25.695       -10.87532     0.19497    -0.30373   -10.76656
     25.845       -10.86854     0.19499    -0.30364   -10.75989
     25.995       -10.86181     0.19501    -0.30354   -10.75328
     26.145       -10.85514     0.19503    -0.30345   -10.74672
     26.295       -10.84849     0.19505    -0.30336   -10.74018
     26.445       -10.84183     0.19508    -0.30326   -10.73364
     26.595       -10.83526     0.19509    -0.30317   -10.72718
     26.745       -10.82873     0.19511    -0.30308   -10.72076
     26.895       -10.82224     0.19514    -0.30299   -10.71439
     27.045       -10.81579     0.19517    -0.30290   -10.70805
     27.195       -10.80937     0.19519    -0.30282   -10.70174
     27.345       -10.80300     0.19521    -0.30273   -10.69548
     27.495       -10.79665     0.19523    -0.30264   -10.68924
     27.645       -10.79033     0.19525    -0.30255   -10.68303
     27.795       -10.78405     0.19527    -0.30246   -10.67686
     27.945       -10.77781     0.19529    -0.30238   -10.67072
     28.095       -10.77160     0.19531    -0.30229   -10.66462
     28.245       -10.76540     0.19533    -0.30220   -10.65853
     28.395       -10.75926     0.19535    -0.30212   -10.65250
     28.545       -10.75316     0.19537    -0.30203   -10.64650
     28.695       -10.74708     0.19539    -0.30195   -10.64053
     28.845       -10.74107     0.19541    -0.30186   -10.63461
     28.995       -10.73507     0.19543    -0.30178   -10.62872
     29.145       -10.72911     0.19545    -0.30170   -10.62286
     29.295       -10.72317     0.19547    -0.30162   -10.61702
     29.445       -10.71729     0.19549    -0.30154   -10.61125
     29.595       -10.71144     0.19551    -0.30146   -10.60549
     29.745       -10.70560     0.19553    -0.30137   -10.59975
     29.895       -10.69980     0.19555    -0.30129   -10.59405
     30.045       -10.69408     0.19556    -0.30121   -10.58843
     30.195       -10.68832     0.19558    -0.30113   -10.58277
     30.345       -10.68262     0.19560    -0.30105   -10.57717
     30.495       -10.67693     0.19562    -0.30098   -10.57157
     30.645       -10.67128     0.19564    -0.30090   -10.56602
     30.795       -10.66566     0.19566    -0.30082   -10.56049
     30.945       -10.66010     0.19567    -0.30075   -10.55502
     31.095       -10.65455     0.19569    -0.30067   -10.54957
     31.245       -10.64900     0.19571    -0.30059   -10.54412
     31.395       -10.64348     0.19573    -0.30052   -10.53869
     31.545       -10.63801     0.19575    -0.30045   -10.53331
     31.695       -10.63257     0.19577    -0.30037   -10.52797
     31.845       -10.62717     0.19578    -0.30030   -10.52265
     31.995       -10.62179     0.19580    -0.30022   -10.51737
     32.145       -10.61643     0.19582    -0.30015   -10.51210
     32.295       -10.61107     0.19583    -0.30007   -10.50682
     32.445       -10.60575     0.19585    -0.30000   -10.50160
     32.595       -10.60046     0.19586    -0.29993   -10.49639
     32.745       -10.59522     0.19588    -0.29986   -10.49124
     32.895       -10.58997     0.19590    -0.29979   -10.48609
     33.045       -10.58474     0.19591    -0.29972   -10.48094
     33.195       -10.57955     0.19593    -0.29964   -10.47584
     33.345       -10.57441     0.19595    -0.29957   -10.47078
     33.495       -10.56925     0.19597    -0.29950   -10.46571
     33.645       -10.56415     0.19599    -0.29943   -10.46071
     33.795       -10.55907     0.19600    -0.29936   -10.45571
     33.945       -10.55401     0.19602    -0.29930   -10.45074
     34.095       -10.54898     0.19605    -0.29923   -10.44580
     34.245       -10.54397     0.19606    -0.29916   -10.44087
     34.395       -10.53897     0.19608    -0.29910   -10.43595
     34.545       -10.53400     0.19609    -0.29903   -10.43106
     34.695       -10.52902     0.19611    -0.29896   -10.42617
     34.845       -10.52409     0.19613    -0.29889   -10.42132
     34.995       -10.51919     0.19615    -0.29883   -10.41650
     35.145       -10.51431     0.19615    -0.29876   -10.41170
     35.295       -10.50944     0.19617    -0.29870   -10.40691
     35.445       -10.50458     0.19618    -0.29863   -10.40214
     35.595       -10.49974     0.19620    -0.29857   -10.39737
     35.745       -10.49492     0.19621    -0.29850   -10.39263
     35.895       -10.49013     0.19623    -0.29843   -10.38792
     36.045       -10.48535     0.19624    -0.29837   -10.38323
     36.195       -10.48063     0.19625    -0.29831   -10.37857
     36.345       -10.47591     0.19626    -0.29824   -10.37393
     36.495       -10.47123     0.19627    -0.29818   -10.36933
     36.645       -10.46655     0.19629    -0.29811   -10.36473
     36.795       -10.46191     0.19631    -0.29805   -10.36016
     36.945       -10.45729     0.19632    -0.29799   -10.35562
     37.095       -10.45269     0.19634    -0.29793   -10.35110
     37.245       -10.44811     0.19636    -0.29786   -10.34660
     37.395       -10.44354     0.19637    -0.29780   -10.34211
     37.545       -10.43900     0.19638    -0.29774   -10.33763
     37.695       -10.43447     0.19639    -0.29768   -10.33318
     37.845       -10.42996     0.19640    -0.29762   -10.32875
     37.995       -10.42547     0.19642    -0.29755   -10.32433
     38.145       -10.42100     0.19643    -0.29749   -10.31994
     38.295       -10.41655     0.19645    -0.29743   -10.31557
     38.445       -10.41213     0.19646    -0.29738   -10.31122
     38.595       -10.40770     0.19647    -0.29732   -10.30686
     38.745       -10.40333     0.19649    -0.29726   -10.30256
     38.895       -10.39894     0.19650    -0.29720   -10.29824
     39.045       -10.39459     0.19652    -0.29714   -10.29397
     39.195       -10.39026     0.19653    -0.29708   -10.28971
     39.345       -10.38594     0.19654    -0.29702   -10.28546
     39.495       -10.38162     0.19656    -0.29697   -10.28121
     39.645       -10.37732     0.19657    -0.29691   -10.27698
     39.795       -10.37303     0.19658    -0.29685   -10.27276
     39.945       -10.36877     0.19659    -0.29679   -10.26857
     40.095       -10.36452     0.19660    -0.29673   -10.26439
     40.245       -10.36030     0.19661    -0.29668   -10.26023
     40.395       -10.35610     0.19663    -0.29662   -10.25611
     40.545       -10.35191     0.19664    -0.29656   -10.25199
     40.695       -10.34771     0.19665    -0.29651   -10.24785
     40.845       -10.34355     0.19666    -0.29645   -10.24376
     40.995       -10.33941     0.19667    -0.29639   -10.23968
     41.145       -10.33525     0.19668    -0.29634   -10.23559
     41.295       -10.33117     0.19669    -0.29628   -10.23158
     41.445       -10.32707     0.19671    -0.29623   -10.22756
     41.595       -10.32300     0.19672    -0.29617   -10.22356
     41.745       -10.31892     0.19674    -0.29612   -10.21954
     41.895       -10.31490     0.19674    -0.29606   -10.21559
     42.045       -10.31089     0.19676    -0.29601   -10.21164
     42.195       -10.30689     0.19676    -0.29595   -10.20770
     42.345       -10.30287     0.19678    -0.29590   -10.20375
     42.495       -10.29889     0.19679    -0.29585   -10.19983
     42.645       -10.29492     0.19680    -0.29579   -10.19593
     42.795       -10.29096     0.19681    -0.29574   -10.19203
     42.945       -10.28704     0.19683    -0.29569   -10.18818
     43.095       -10.28312     0.19684    -0.29563   -10.18433
     43.245       -10.27923     0.19685    -0.29558   -10.18051
     43.395       -10.27535     0.19686    -0.29553   -10.17668
     43.545       -10.27148     0.19687    -0.29548   -10.17287
     43.695       -10.26762     0.19689    -0.29543   -10.16908
     43.845       -10.26378     0.19690    -0.29538   -10.16530
     43.995       -10.25992     0.19691    -0.29532   -10.16150
     44.145       -10.25610     0.19692    -0.29527   -10.15775
     44.295       -10.25230     0.19693    -0.29522   -10.15401
     44.445       -10.24850     0.19694    -0.29517   -10.15028
     44.595       -10.24472     0.19695    -0.29512   -10.14656
     44.745       -10.24098     0.19697    -0.29507   -10.14288
     44.895       -10.23722     0.19698    -0.29502   -10.13917
     45.045       -10.23349     0.19699    -0.29497   -10.13551
     45.195       -10.22975     0.19700    -0.29492   -10.13184
     45.345       -10.22604     0.19701    -0.29487   -10.12818
     45.495       -10.22232     0.19702    -0.29482   -10.12452
     45.645       -10.21864     0.19703    -0.29477   -10.12090
     45.795       -10.21496     0.19704    -0.29472   -10.11728
     45.945       -10.21130     0.19705    -0.29468   -10.11368
     46.095       -10.20768     0.19706    -0.29463   -10.11012
     46.245       -10.20405     0.19707    -0.29458   -10.10654
     46.395       -10.20040     0.19708    -0.29453   -10.10295
     46.545       -10.19678     0.19709    -0.29448   -10.09939
     46.695       -10.19320     0.19711    -0.29443   -10.09587
     46.845       -10.18962     0.19712    -0.29439   -10.09235
     46.995       -10.18604     0.19713    -0.29434   -10.08883
     47.145       -10.18248     0.19714    -0.29429   -10.08533
     47.295       -10.17891     0.19714    -0.29424   -10.08181
     47.445       -10.17538     0.19715    -0.29419   -10.07834
     47.595       -10.17186     0.19716    -0.29414   -10.07488
     47.745       -10.16834     0.19718    -0.29409   -10.07142
     47.895       -10.16484     0.19719    -0.29405   -10.06798
     48.045       -10.16135     0.19720    -0.29400   -10.06454
     48.195       -10.15788     0.19721    -0.29396   -10.06113
     48.345       -10.15442     0.19722    -0.29391   -10.05773
     48.495       -10.15095     0.19723    -0.29387   -10.05431
     48.645       -10.14749     0.19724    -0.29382   -10.05091
     48.795       -10.14408     0.19725    -0.29377   -10.04756
     48.945       -10.14066     0.19726    -0.29373   -10.04419
     49.095       -10.13725     0.19727    -0.29368   -10.04084
     49.245       -10.13382     0.19728    -0.29364   -10.03747
     49.395       -10.13043     0.19729    -0.29359   -10.03413
     49.545       -10.12704     0.19730    -0.29355   -10.03080
     49.695       -10.12368     0.19731    -0.29350   -10.02749
     49.845       -10.12034     0.19732    -0.29346   -10.02420
     49.995       -10.11701     0.19733    -0.29341   -10.02093
     50.145       -10.11369     0.19734    -0.29337   -10.01767
     50.295       -10.11038     0.19735    -0.29332   -10.01440
     50.445       -10.10706     0.19736    -0.29328   -10.01115
     50.595       -10.10377     0.19737    -0.29324   -10.00791
     50.745       -10.10051     0.19738    -0.29319   -10.00470
     50.895       -10.09725     0.19739    -0.29315   -10.00149
     51.045       -10.09400     0.19740    -0.29311    -9.99830
     51.195       -10.09072     0.19741    -0.29306    -9.99506
     51.345       -10.08747     0.19742    -0.29302    -9.99187
     51.495       -10.08424     0.19743    -0.29297    -9.98869
     51.645       -10.08102     0.19744    -0.29293    -9.98553
     51.795       -10.07777     0.19745    -0.29289    -9.98233
     51.945       -10.07459     0.19745    -0.29285    -9.97920
     52.095       -10.07138     0.19746    -0.29281    -9.97604
     52.245       -10.06818     0.19747    -0.29276    -9.97289
     52.395       -10.06497     0.19749    -0.29272    -9.96973
     52.545       -10.06179     0.19749    -0.29268    -9.96661
     52.695       -10.05862     0.19750    -0.29264    -9.96349
     52.845       -10.05546     0.19751    -0.29260    -9.96038
     52.995       -10.05232     0.19752    -0.29256    -9.95728
     53.145       -10.04918     0.19753    -0.29251    -9.95420
     53.295       -10.04605     0.19754    -0.29247    -9.95112
     53.445       -10.04297     0.19755    -0.29243    -9.94808
     53.595       -10.03988     0.19756    -0.29239    -9.94504
     53.745       -10.03679     0.19757    -0.29235    -9.94201
     53.895       -10.03371     0.19758    -0.29231    -9.93898
     54.045       -10.03065     0.19758    -0.29227    -9.93597
     54.195       -10.02758     0.19759    -0.29223    -9.93295
     54.345       -10.02454     0.19759    -0.29219    -9.92995
     54.495       -10.02151     0.19761    -0.29215    -9.92697
     54.645       -10.01847     0.19762    -0.29210    -9.92398
     54.795       -10.01544     0.19762    -0.29206    -9.92100
     54.945       -10.01242     0.19763    -0.29202    -9.91803
     55.095       -10.00941     0.19764    -0.29198    -9.91507
     59.433        -9.77369     0.19833    -0.28887    -9.68315
     80.646        -9.42968     0.19926    -0.28433    -9.34461
     111.21        -9.09587     0.20019    -0.27997    -9.01609
     153.36        -8.77244     0.20110    -0.27578    -8.69776
     211.49        -8.45975     0.20195    -0.27172    -8.38998
     291.64        -8.15738     0.20284    -0.26783    -8.09239
     402.18        -7.86524     0.20370    -0.26409    -7.80485
     554.60        -7.58323     0.20453    -0.26050    -7.52726
     764.80        -7.31086     0.20534    -0.25705    -7.25915
     1054.7        -7.04805     0.20613    -0.25371    -7.00047
     1454.4        -6.79470     0.20690    -0.25053    -6.75108
     2005.6        -6.55010     0.20764    -0.24745    -6.51028
     2765.8        -6.31397     0.20839    -0.24450    -6.27787
     3814.0        -6.08582     0.20911    -0.24164    -6.05329
     5259.5        -5.86545     0.20978    -0.23890    -5.83633
     7252.9        -5.65261     0.21045    -0.23626    -5.62680
     10002.        -5.44709     0.21110    -0.23373    -5.42446
     13793.        -5.24887     0.21167    -0.23130    -5.22924
     19020.        -5.05820     0.21218    -0.22894    -5.04145
     26229.        -4.87524     0.21271    -0.22667    -4.86127
     36170.        -4.70012     0.21320    -0.22448    -4.68884
     49878.        -4.53270     0.21367    -0.22238    -4.52398
     68782.        -4.37271     0.21409    -0.22034    -4.36647
     94851.        -4.21994     0.21451    -0.21837    -4.21609
    0.13080E+06    -4.07417     0.21491    -0.21648    -4.07260
    0.18038E+06    -3.93527     0.21527    -0.21469    -3.93586
    0.24874E+06    -3.80292     0.21560    -0.21296    -3.80557
    0.34301E+06    -3.67679     0.21589    -0.21130    -3.68138
    0.47302E+06    -3.55678     0.21616    -0.20972    -3.56321
    0.65229E+06    -3.44262     0.21645    -0.20822    -3.45084
    0.89952E+06    -3.33383     0.21669    -0.20679    -3.34374
    0.12404E+07    -3.23039     0.21691    -0.20542    -3.24187
    0.17106E+07    -3.13191     0.21711    -0.20412    -3.14490
    0.23589E+07    -3.03825     0.21730    -0.20288    -3.05268
    0.32529E+07    -2.94908     0.21747    -0.20170    -2.96486
    0.44858E+07    -2.86418     0.21766    -0.20057    -2.88126
    0.61860E+07    -2.78350     0.21781    -0.19950    -2.80180
    0.85305E+07    -2.70677     0.21795    -0.19849    -2.72623
    0.11764E+08    -2.63371     0.21808    -0.19752    -2.65427
    0.16222E+08    -2.56429     0.21820    -0.19659    -2.58591
    0.22370E+08    -2.49838     0.21831    -0.19571    -2.52098
    0.30849E+08    -2.43595     0.21843    -0.19487    -2.45952
    0.42541E+08    -2.37742     0.21854    -0.19407    -2.40188
    0.58664E+08    -2.32266     0.21861    -0.19330    -2.34797
    0.80898E+08    -2.27131     0.21869    -0.19259    -2.29741
    0.11156E+09    -2.22325     0.21876    -0.19192    -2.25009
    0.15384E+09    -2.17816     0.21884    -0.19126    -2.20574
    0.21215E+09    -2.13581     0.21890    -0.19065    -2.16405
    0.29255E+09    -2.09610     0.21897    -0.19008    -2.12499
    0.40343E+09    -2.05873     0.21902    -0.18954    -2.08821
    0.55633E+09    -2.02371     0.21906    -0.18904    -2.05374
    0.76719E+09    -1.99171     0.21910    -0.18857    -2.02225
    0.10580E+10    -1.96258     0.21914    -0.18813    -1.99359
    0.14589E+10    -1.93578     0.21917    -0.18771    -1.96725
    0.20119E+10    -1.91112     0.21921    -0.18732    -1.94302
    0.27744E+10    -1.88841     0.21924    -0.18695    -1.92070
    0.38259E+10    -1.86739     0.21927    -0.18661    -1.90005
    0.52760E+10    -1.84802     0.21929    -0.18630    -1.88101
    0.72756E+10    -1.83015     0.21931    -0.18601    -1.86345
    0.10033E+11    -1.81366     0.21933    -0.18576    -1.84724
    0.13836E+11    -1.79843     0.21935    -0.18552    -1.83226
    0.19079E+11    -1.78438     0.21937    -0.18530    -1.81845
    0.26311E+11    -1.77138     0.21940    -0.18510    -1.80569
    0.36283E+11    -1.75941     0.21942    -0.18491    -1.79393
    0.50034E+11    -1.74836     0.21944    -0.18474    -1.78306
    0.68997E+11    -1.73810     0.21945    -0.18458    -1.77298
    0.10000E+12    -1.61576     0.21961    -0.18266    -1.65270
