    -99.945         0.00000     0.00000     0.00000     0.00000
    -99.795         0.00000     0.00000     0.00000     0.00000
    -99.645         0.00000     0.00000     0.00000     0.00000
    -99.495         0.00000     0.00000     0.00000     0.00000
    -99.345         0.00000     0.00000     0.00000     0.00000
    -99.195         0.00000     0.00000     0.00000     0.00000
    -99.045         0.00000     0.00000     0.00000     0.00000
    -98.895         0.00000     0.00000     0.00000     0.00000
    -98.745         0.00000     0.00000     0.00000     0.00000
    -98.595         0.00000     0.00000     0.00000     0.00000
    -98.445         0.00000     0.00000     0.00000     0.00000
    -98.295         0.00000     0.00000     0.00000     0.00000
    -98.145         0.00000     0.00000     0.00000     0.00000
    -97.995         0.00000     0.00000     0.00000     0.00000
    -97.845         0.00000     0.00000     0.00000     0.00000
    -97.695         0.00000     0.00000     0.00000     0.00000
    -97.545         0.00000     0.00000     0.00000     0.00000
    -97.395         0.00000     0.00000     0.00000     0.00000
    -97.245         0.00000     0.00000     0.00000     0.00000
    -97.095         0.00000     0.00000     0.00000     0.00000
    -96.945         0.00000     0.00000     0.00000     0.00000
    -96.795         0.00000     0.00000     0.00000     0.00000
    -96.645         0.00000     0.00000     0.00000     0.00000
    -96.495         0.00000     0.00000     0.00000     0.00000
    -96.345         0.00000     0.00000     0.00000     0.00000
    -96.195         0.00000     0.00000     0.00000     0.00000
    -96.045         0.00000     0.00000     0.00000     0.00000
    -95.895         0.00000     0.00000     0.00000     0.00000
    -95.745         0.00000     0.00000     0.00000     0.00000
    -95.595         0.00000     0.00000     0.00000     0.00000
    -95.445         0.00000     0.00000     0.00000     0.00000
    -95.295         0.00000     0.00000     0.00000     0.00000
    -95.145         0.00000     0.00000     0.00000     0.00000
    -94.995         0.00000     0.00000     0.00000     0.00000
    -94.845         0.00000     0.00000     0.00000     0.00000
    -94.695         0.00000     0.00000     0.00000     0.00000
    -94.545         0.00000     0.00000     0.00000     0.00000
    -94.395         0.00000     0.00000     0.00000     0.00000
    -94.245         0.00000     0.00000     0.00000     0.00000
    -94.095         0.00000     0.00000     0.00000     0.00000
    -93.945         0.00000     0.00000     0.00000     0.00000
    -93.795         0.00000     0.00000     0.00000     0.00000
    -93.645         0.00000     0.00000     0.00000     0.00000
    -93.495         0.00000     0.00000     0.00000     0.00000
    -93.345         0.00000     0.00000     0.00000     0.00000
    -93.195         0.00000     0.00000     0.00000     0.00000
    -93.045         0.00000     0.00000     0.00000     0.00000
    -92.895         0.00000     0.00000     0.00000     0.00000
    -92.745         0.00000     0.00000     0.00000     0.00000
    -92.595         0.00000     0.00000     0.00000     0.00000
    -92.445         0.00000     0.00000     0.00000     0.00000
    -92.295         0.00000     0.00000     0.00000     0.00000
    -92.145         0.00000     0.00000     0.00000     0.00000
    -91.995         0.00000     0.00000     0.00000     0.00000
    -91.845         0.00000     0.00000     0.00000     0.00000
    -91.695         0.00000     0.00000     0.00000     0.00000
    -91.545         0.00000     0.00000     0.00000     0.00000
    -91.395         0.00000     0.00000     0.00000     0.00000
    -91.245         0.00000     0.00000     0.00000     0.00000
    -91.095         0.00000     0.00000     0.00000     0.00000
    -90.945         0.00000     0.00000     0.00000     0.00000
    -90.795         0.00000     0.00000     0.00000     0.00000
    -90.645         0.00000     0.00000     0.00000     0.00000
    -90.495         0.00000     0.00000     0.00000     0.00000
    -90.345         0.00000     0.00000     0.00000     0.00000
    -90.195         0.00000     0.00000     0.00000     0.00000
    -90.045         0.00000     0.00000     0.00000     0.00000
    -89.895         0.00000     0.00000     0.00000     0.00000
    -89.745         0.00000     0.00000     0.00000     0.00000
    -89.595         0.00000     0.00000     0.00000     0.00000
    -89.445         0.00000     0.00000     0.00000     0.00000
    -89.295         0.00000     0.00000     0.00000     0.00000
    -89.145         0.00000     0.00000     0.00000     0.00000
    -88.995         0.00000     0.00000     0.00000     0.00000
    -88.845         0.00000     0.00000     0.00000     0.00000
    -88.695         0.00000     0.00000     0.00000     0.00000
    -88.545         0.00000     0.00000     0.00000     0.00000
    -88.395         0.00000     0.00000     0.00000     0.00000
    -88.245         0.00000     0.00000     0.00000     0.00000
    -88.095         0.00000     0.00000     0.00000     0.00000
    -87.945         0.00000     0.00000     0.00000     0.00000
    -87.795         0.00000     0.00000     0.00000     0.00000
    -87.645         0.00000     0.00000     0.00000     0.00000
    -87.495         0.00000     0.00000     0.00000     0.00000
    -87.345         0.00000     0.00000     0.00000     0.00000
    -87.195         0.00000     0.00000     0.00000     0.00000
    -87.045         0.00000     0.00000     0.00000     0.00000
    -86.895         0.00000     0.00000     0.00000     0.00000
    -86.745         0.00000     0.00000     0.00000     0.00000
    -86.595         0.00000     0.00000     0.00000     0.00000
    -86.445         0.00000     0.00000     0.00000     0.00000
    -86.295         0.00000     0.00000     0.00000     0.00000
    -86.145         0.00000     0.00000     0.00000     0.00000
    -85.995         0.00000     0.00000     0.00000     0.00000
    -85.845         0.00000     0.00000     0.00000     0.00000
    -85.695         0.00000     0.00000     0.00000     0.00000
    -85.545         0.00000     0.00000     0.00000     0.00000
    -85.395         0.00000     0.00000     0.00000     0.00000
    -85.245         0.00000     0.00000     0.00000     0.00000
    -85.095         0.00000     0.00000     0.00000     0.00000
    -84.945         0.00000     0.00000     0.00000     0.00000
    -84.795         0.00000     0.00000     0.00000     0.00000
    -84.645         0.00000     0.00000     0.00000     0.00000
    -84.495         0.00000     0.00000     0.00000     0.00000
    -84.345         0.00000     0.00000     0.00000     0.00000
    -84.195         0.00000     0.00000     0.00000     0.00000
    -84.045         0.00000     0.00000     0.00000     0.00000
    -83.895         0.00000     0.00000     0.00000     0.00000
    -83.745         0.00000     0.00000     0.00000     0.00000
    -83.595         0.00000     0.00000     0.00000     0.00000
    -83.445         0.00000     0.00000     0.00000     0.00000
    -83.295         0.00000     0.00000     0.00000     0.00000
    -83.145         0.00000     0.00000     0.00000     0.00000
    -82.995         0.00000     0.00000     0.00000     0.00000
    -82.845         0.00000     0.00000     0.00000     0.00000
    -82.695         0.00000     0.00000     0.00000     0.00000
    -82.545         0.00000     0.00000     0.00000     0.00000
    -82.395         0.00000     0.00000     0.00000     0.00000
    -82.245         0.00000     0.00000     0.00000     0.00000
    -82.095         0.00000     0.00000     0.00000     0.00000
    -81.945         0.00000     0.00000     0.00000     0.00000
    -81.795         0.00000     0.00000     0.00000     0.00000
    -81.645         0.00000     0.00000     0.00000     0.00000
    -81.495         0.00000     0.00000     0.00000     0.00000
    -81.345         0.00000     0.00000     0.00000     0.00000
    -81.195         0.00000     0.00000     0.00000     0.00000
    -81.045         0.00000     0.00000     0.00000     0.00000
    -80.895         0.00000     0.00000     0.00000     0.00000
    -80.745         0.00000     0.00000     0.00000     0.00000
    -80.595         0.00000     0.00000     0.00000     0.00000
    -80.445         0.00000     0.00000     0.00000     0.00000
    -80.295         0.00000     0.00000     0.00000     0.00000
    -80.145         0.00000     0.00000     0.00000     0.00000
    -79.995         0.00000     0.00000     0.00000     0.00000
    -79.845         0.00000     0.00000     0.00000     0.00000
    -79.695         0.00000     0.00000     0.00000     0.00000
    -79.545         0.00000     0.00000     0.00000     0.00000
    -79.395         0.00000     0.00000     0.00000     0.00000
    -79.245         0.00000     0.00000     0.00000     0.00000
    -79.095         0.00000     0.00000     0.00000     0.00000
    -78.945         0.00000     0.00000     0.00000     0.00000
    -78.795         0.00000     0.00000     0.00000     0.00000
    -78.645         0.00000     0.00000     0.00000     0.00000
    -78.495         0.00000     0.00000     0.00000     0.00000
    -78.345         0.00000     0.00000     0.00000     0.00000
    -78.195         0.00000     0.00000     0.00000     0.00000
    -78.045         0.00000     0.00000     0.00000     0.00000
    -77.895         0.00000     0.00000     0.00000     0.00000
    -77.745         0.00000     0.00000     0.00000     0.00000
    -77.595         0.00000     0.00000     0.00000     0.00000
    -77.445         0.00000     0.00000     0.00000     0.00000
    -77.295         0.00000     0.00000     0.00000     0.00000
    -77.145         0.00000     0.00000     0.00000     0.00000
    -76.995         0.00000     0.00000     0.00000     0.00000
    -76.845         0.00000     0.00000     0.00000     0.00000
    -76.695         0.00000     0.00000     0.00000     0.00000
    -76.545         0.00000     0.00000     0.00000     0.00000
    -76.395         0.00000     0.00000     0.00000     0.00000
    -76.245         0.00000     0.00000     0.00000     0.00000
    -76.095         0.00000     0.00000     0.00000     0.00000
    -75.945         0.00000     0.00000     0.00000     0.00000
    -75.795         0.00000     0.00000     0.00000     0.00000
    -75.645         0.00000     0.00000     0.00000     0.00000
    -75.495         0.00000     0.00000     0.00000     0.00000
    -75.345         0.00000     0.00000     0.00000     0.00000
    -75.195         0.00000     0.00000     0.00000     0.00000
    -75.045         0.00000     0.00000     0.00000     0.00000
    -74.895         0.00000     0.00000     0.00000     0.00000
    -74.745         0.00000     0.00000     0.00000     0.00000
    -74.595         0.00000     0.00000     0.00000     0.00000
    -74.445         0.00000     0.00000     0.00000     0.00000
    -74.295         0.00000     0.00000     0.00000     0.00000
    -74.145         0.00000     0.00000     0.00000     0.00000
    -73.995         0.00000     0.00000     0.00000     0.00000
    -73.845         0.00000     0.00000     0.00000     0.00000
    -73.695         0.00000     0.00000     0.00000     0.00000
    -73.545         0.00000     0.00000     0.00000     0.00000
    -73.395         0.00000     0.00000     0.00000     0.00000
    -73.245         0.00000     0.00000     0.00000     0.00000
    -73.095         0.00000     0.00000     0.00000     0.00000
    -72.945         0.00000     0.00000     0.00000     0.00000
    -72.795         0.00000     0.00000     0.00000     0.00000
    -72.645         0.00000     0.00000     0.00000     0.00000
    -72.495         0.00000     0.00000     0.00000     0.00000
    -72.345         0.00000     0.00000     0.00000     0.00000
    -72.195         0.00000     0.00000     0.00000     0.00000
    -72.045         0.00000     0.00000     0.00000     0.00000
    -71.895         0.00000     0.00000     0.00000     0.00000
    -71.745         0.00000     0.00000     0.00000     0.00000
    -71.595         0.00000     0.00000     0.00000     0.00000
    -71.445         0.00000     0.00000     0.00000     0.00000
    -71.295         0.00000     0.00000     0.00000     0.00000
    -71.145         0.00000     0.00000     0.00000     0.00000
    -70.995         0.00000     0.00000     0.00000     0.00000
    -70.845         0.00000     0.00000     0.00000     0.00000
    -70.695         0.00000     0.00000     0.00000     0.00000
    -70.545         0.00000     0.00000     0.00000     0.00000
    -70.395         0.00000     0.00000     0.00000     0.00000
    -70.245         0.00000     0.00000     0.00000     0.00000
    -70.095         0.00000     0.00000     0.00000     0.00000
    -69.945         0.00000     0.00000     0.00000     0.00000
    -69.795         0.00000     0.00000     0.00000     0.00000
    -69.645         0.00000     0.00000     0.00000     0.00000
    -69.495         0.00000     0.00000     0.00000     0.00000
    -69.345         0.00000     0.00000     0.00000     0.00000
    -69.195         0.00000     0.00000     0.00000     0.00000
    -69.045         0.00000     0.00000     0.00000     0.00000
    -68.895         0.00000     0.00000     0.00000     0.00000
    -68.745         0.00000     0.00000     0.00000     0.00000
    -68.595         0.00000     0.00000     0.00000     0.00000
    -68.445         0.00000     0.00000     0.00000     0.00000
    -68.295         0.00000     0.00000     0.00000     0.00000
    -68.145         0.00000     0.00000     0.00000     0.00000
    -67.995         0.00000     0.00000     0.00000     0.00000
    -67.845         0.00000     0.00000     0.00000     0.00000
    -67.695         0.00000     0.00000     0.00000     0.00000
    -67.545         0.00000     0.00000     0.00000     0.00000
    -67.395         0.00000     0.00000     0.00000     0.00000
    -67.245         0.00000     0.00000     0.00000     0.00000
    -67.095         0.00000     0.00000     0.00000     0.00000
    -66.945         0.00000     0.00000     0.00000     0.00000
    -66.795         0.00000     0.00000     0.00000     0.00000
    -66.645         0.00000     0.00000     0.00000     0.00000
    -66.495         0.00000     0.00000     0.00000     0.00000
    -66.345         0.00000     0.00000     0.00000     0.00000
    -66.195         0.00000     0.00000     0.00000     0.00000
    -66.045         0.00000     0.00000     0.00000     0.00000
    -65.895         0.00000     0.00000     0.00000     0.00000
    -65.745         0.00000     0.00000     0.00000     0.00000
    -65.595         0.00000     0.00000     0.00000     0.00000
    -65.445         0.00000     0.00000     0.00000     0.00000
    -65.295         0.00000     0.00000     0.00000     0.00000
    -65.145         0.00000     0.00000     0.00000     0.00000
    -64.995         0.00000     0.00000     0.00000     0.00000
    -64.845         0.00000     0.00000     0.00000     0.00000
    -64.695         0.00000     0.00000     0.00000     0.00000
    -64.545         0.00000     0.00000     0.00000     0.00000
    -64.395         0.00000     0.00000     0.00000     0.00000
    -64.245         0.00000     0.00000     0.00000     0.00000
    -64.095         0.00000     0.00000     0.00000     0.00000
    -63.945         0.00000     0.00000     0.00000     0.00000
    -63.795         0.00000     0.00000     0.00000     0.00000
    -63.645         0.00000     0.00000     0.00000     0.00000
    -63.495         0.00000     0.00000     0.00000     0.00000
    -63.345         0.00000     0.00000     0.00000     0.00000
    -63.195         0.00000     0.00000     0.00000     0.00000
    -63.045         0.00000     0.00000     0.00000     0.00000
    -62.895         0.00000     0.00000     0.00000     0.00000
    -62.745         0.00000     0.00000     0.00000     0.00000
    -62.595         0.00000     0.00000     0.00000     0.00000
    -62.445         0.00000     0.00000     0.00000     0.00000
    -62.295         0.00000     0.00000     0.00000     0.00000
    -62.145         0.00000     0.00000     0.00000     0.00000
    -61.995         0.00000     0.00000     0.00000     0.00000
    -61.845         0.00000     0.00000     0.00000     0.00000
    -61.695         0.00000     0.00000     0.00000     0.00000
    -61.545         0.00000     0.00000     0.00000     0.00000
    -61.395         0.00000     0.00000     0.00000     0.00000
    -61.245         0.00000     0.00000     0.00000     0.00000
    -61.095         0.00000     0.00000     0.00000     0.00000
    -60.945         0.00000     0.00000     0.00000     0.00000
    -60.795         0.00000     0.00000     0.00000     0.00000
    -60.645         0.00000     0.00000     0.00000     0.00000
    -60.495         0.00000     0.00000     0.00000     0.00000
    -60.345         0.00000     0.00000     0.00000     0.00000
    -60.195         0.00000     0.00000     0.00000     0.00000
    -60.045         0.00000     0.00000     0.00000     0.00000
    -59.895         0.00000     0.00000     0.00000     0.00000
    -59.745         0.00000     0.00000     0.00000     0.00000
    -59.595         0.00000     0.00000     0.00000     0.00000
    -59.445         0.00000     0.00000     0.00000     0.00000
    -59.295         0.00000     0.00000     0.00000     0.00000
    -59.145         0.00000     0.00000     0.00000     0.00000
    -58.995         0.00000     0.00000     0.00000     0.00000
    -58.845         0.00000     0.00000     0.00000     0.00000
    -58.695         0.00000     0.00000     0.00000     0.00000
    -58.545         0.00000     0.00000     0.00000     0.00000
    -58.395         0.00000     0.00000     0.00000     0.00000
    -58.245         0.00000     0.00000     0.00000     0.00000
    -58.095         0.00000     0.00000     0.00000     0.00000
    -57.945         0.00000     0.00000     0.00000     0.00000
    -57.795         0.00000     0.00000     0.00000     0.00000
    -57.645         0.00000     0.00000     0.00000     0.00000
    -57.495         0.00000     0.00000     0.00000     0.00000
    -57.345         0.00000     0.00000     0.00000     0.00000
    -57.195         0.00000     0.00000     0.00000     0.00000
    -57.045         0.00000     0.00000     0.00000     0.00000
    -56.895         0.00000     0.00000     0.00000     0.00000
    -56.745         0.00000     0.00000     0.00000     0.00000
    -56.595         0.00000     0.00000     0.00000     0.00000
    -56.445         0.00000     0.00000     0.00000     0.00000
    -56.295         0.00000     0.00000     0.00000     0.00000
    -56.145         0.00000     0.00000     0.00000     0.00000
    -55.995         0.00000     0.00000     0.00000     0.00000
    -55.845         0.00000     0.00000     0.00000     0.00000
    -55.695         0.00000     0.00000     0.00000     0.00000
    -55.545         0.00000     0.00000     0.00000     0.00000
    -55.395         0.00000     0.00000     0.00000     0.00000
    -55.245         0.00000     0.00000     0.00000     0.00000
    -55.095         0.00000     0.00000     0.00000     0.00000
    -54.945         0.00000     0.00000     0.00000     0.00000
    -54.795         0.00000     0.00000     0.00000     0.00000
    -54.645         0.00000     0.00000     0.00000     0.00000
    -54.495         0.00000     0.00000     0.00000     0.00000
    -54.345         0.00000     0.00000     0.00000     0.00000
    -54.195         0.00000     0.00000     0.00000     0.00000
    -54.045         0.00000     0.00000     0.00000     0.00000
    -53.895         0.00000     0.00000     0.00000     0.00000
    -53.745         0.00000     0.00000     0.00000     0.00000
    -53.595         0.00000     0.00000     0.00000     0.00000
    -53.445         0.00000     0.00000     0.00000     0.00000
    -53.295         0.00000     0.00000     0.00000     0.00000
    -53.145         0.00000     0.00000     0.00000     0.00000
    -52.995         0.00000     0.00000     0.00000     0.00000
    -52.845         0.00000     0.00000     0.00000     0.00000
    -52.695         0.00000     0.00000     0.00000     0.00000
    -52.545         0.00000     0.00000     0.00000     0.00000
    -52.395         0.00000     0.00000     0.00000     0.00000
    -52.245         0.00000     0.00000     0.00000     0.00000
    -52.095         0.00000     0.00000     0.00000     0.00000
    -51.945         0.00000     0.00000     0.00000     0.00000
    -51.795         0.00000     0.00000     0.00000     0.00000
    -51.645         0.00000     0.00000     0.00000     0.00000
    -51.495         0.00000     0.00000     0.00000     0.00000
    -51.345         0.00000     0.00000     0.00000     0.00000
    -51.195         0.00000     0.00000     0.00000     0.00000
    -51.045         0.00000     0.00000     0.00000     0.00000
    -50.895         0.00000     0.00000     0.00000     0.00000
    -50.745         0.00000     0.00000     0.00000     0.00000
    -50.595         0.00000     0.00000     0.00000     0.00000
    -50.445         0.00000     0.00000     0.00000     0.00000
    -50.295         0.00000     0.00000     0.00000     0.00000
    -50.145         0.00000     0.00000     0.00000     0.00000
    -49.995         0.00000     0.00000     0.00000     0.00000
    -49.845         0.00000     0.00000     0.00000     0.00000
    -49.695         0.00000     0.00000     0.00000     0.00000
    -49.545         0.00000     0.00000     0.00000     0.00000
    -49.395         0.00000     0.00000     0.00000     0.00000
    -49.245         0.00000     0.00000     0.00000     0.00000
    -49.095         0.00000     0.00000     0.00000     0.00000
    -48.945         0.00000     0.00000     0.00000     0.00000
    -48.795         0.00000     0.00000     0.00000     0.00000
    -48.645         0.00000     0.00000     0.00000     0.00000
    -48.495         0.00000     0.00000     0.00000     0.00000
    -48.345         0.00000     0.00000     0.00000     0.00000
    -48.195         0.00000     0.00000     0.00000     0.00000
    -48.045         0.00000     0.00000     0.00000     0.00000
    -47.895         0.00000     0.00000     0.00000     0.00000
    -47.745         0.00000     0.00000     0.00000     0.00000
    -47.595         0.00000     0.00000     0.00000     0.00000
    -47.445         0.00000     0.00000     0.00000     0.00000
    -47.295         0.00000     0.00000     0.00000     0.00000
    -47.145         0.00000     0.00000     0.00000     0.00000
    -46.995         0.00000     0.00000     0.00000     0.00000
    -46.845         0.00000     0.00000     0.00000     0.00000
    -46.695         0.00000     0.00000     0.00000     0.00000
    -46.545         0.00000     0.00000     0.00000     0.00000
    -46.395         0.00000     0.00000     0.00000     0.00000
    -46.245         0.00000     0.00000     0.00000     0.00000
    -46.095         0.00000     0.00000     0.00000     0.00000
    -45.945         0.00000     0.00000     0.00000     0.00000
    -45.795         0.00000     0.00000     0.00000     0.00000
    -45.645         0.00000     0.00000     0.00000     0.00000
    -45.495         0.00000     0.00000     0.00000     0.00000
    -45.345         0.00000     0.00000     0.00000     0.00000
    -45.195         0.00000     0.00000     0.00000     0.00000
    -45.045         0.00000     0.00000     0.00000     0.00000
    -44.895         0.00000     0.00000     0.00000     0.00000
    -44.745         0.00000     0.00000     0.00000     0.00000
    -44.595         0.00000     0.00000     0.00000     0.00000
    -44.445         0.00000     0.00000     0.00000     0.00000
    -44.295         0.00000     0.00000     0.00000     0.00000
    -44.145         0.00000     0.00000     0.00000     0.00000
    -43.995         0.00000     0.00000     0.00000     0.00000
    -43.845         0.00000     0.00000     0.00000     0.00000
    -43.695         0.00000     0.00000     0.00000     0.00000
    -43.545         0.00000     0.00000     0.00000     0.00000
    -43.395         0.00000     0.00000     0.00000     0.00000
    -43.245         0.00000     0.00000     0.00000     0.00000
    -43.095         0.00000     0.00000     0.00000     0.00000
    -42.945         0.00000     0.00000     0.00000     0.00000
    -42.795         0.00000     0.00000     0.00000     0.00000
    -42.645         0.00000     0.00000     0.00000     0.00000
    -42.495         0.00000     0.00000     0.00000     0.00000
    -42.345         0.00000     0.00000     0.00000     0.00000
    -42.195         0.00000     0.00000     0.00000     0.00000
    -42.045         0.00000     0.00000     0.00000     0.00000
    -41.895         0.00000     0.00000     0.00000     0.00000
    -41.745         0.00000     0.00000     0.00000     0.00000
    -41.595         0.00000     0.00000     0.00000     0.00000
    -41.445         0.00000     0.00000     0.00000     0.00000
    -41.295         0.00000     0.00000     0.00000     0.00000
    -41.145         0.00000     0.00000     0.00000     0.00000
    -40.995         0.00000     0.00000     0.00000     0.00000
    -40.845         0.00000     0.00000     0.00000     0.00000
    -40.695         0.00000     0.00000     0.00000     0.00000
    -40.545         0.00000     0.00000     0.00000     0.00000
    -40.395         0.00000     0.00000     0.00000     0.00000
    -40.245         0.00000     0.00000     0.00000     0.00000
    -40.095         0.00000     0.00000     0.00000     0.00000
    -39.945         0.00000     0.00000     0.00000     0.00000
    -39.795         0.00000     0.00000     0.00000     0.00000
    -39.645         0.00000     0.00000     0.00000     0.00000
    -39.495         0.00000     0.00000     0.00000     0.00000
    -39.345         0.00000     0.00000     0.00000     0.00000
    -39.195         0.00000     0.00000     0.00000     0.00000
    -39.045         0.00000     0.00000     0.00000     0.00000
    -38.895         0.00000     0.00000     0.00000     0.00000
    -38.745         0.00000     0.00000     0.00000     0.00000
    -38.595         0.00000     0.00000     0.00000     0.00000
    -38.445         0.00000     0.00000     0.00000     0.00000
    -38.295         0.00000     0.00000     0.00000     0.00000
    -38.145         0.00000     0.00000     0.00000     0.00000
    -37.995         0.00000     0.00000     0.00000     0.00000
    -37.845         0.00000     0.00000     0.00000     0.00000
    -37.695         0.00000     0.00000     0.00000     0.00000
    -37.545         0.00000     0.00000     0.00000     0.00000
    -37.395         0.00000     0.00000     0.00000     0.00000
    -37.245         0.00000     0.00000     0.00000     0.00000
    -37.095         0.00000     0.00000     0.00000     0.00000
    -36.945         0.00000     0.00000     0.00000     0.00000
    -36.795         0.00000     0.00000     0.00000     0.00000
    -36.645         0.00000     0.00000     0.00000     0.00000
    -36.495         0.00000     0.00000     0.00000     0.00000
    -36.345         0.00000     0.00000     0.00000     0.00000
    -36.195         0.00000     0.00000     0.00000     0.00000
    -36.045         0.00000     0.00000     0.00000     0.00000
    -35.895         0.00000     0.00000     0.00000     0.00000
    -35.745         0.00000     0.00000     0.00000     0.00000
    -35.595         0.00000     0.00000     0.00000     0.00000
    -35.445         0.00000     0.00000     0.00000     0.00000
    -35.295         0.00000     0.00000     0.00000     0.00000
    -35.145         0.00000     0.00000     0.00000     0.00000
    -34.995         0.00000     0.00000     0.00000     0.00000
    -34.845         0.00000     0.00000     0.00000     0.00000
    -34.695         0.00000     0.00000     0.00000     0.00000
    -34.545         0.00000     0.00000     0.00000     0.00000
    -34.395         0.00000     0.00000     0.00000     0.00000
    -34.245         0.00000     0.00000     0.00000     0.00000
    -34.095         0.00000     0.00000     0.00000     0.00000
    -33.945         0.00000     0.00000     0.00000     0.00000
    -33.795         0.00000     0.00000     0.00000     0.00000
    -33.645         0.00000     0.00000     0.00000     0.00000
    -33.495         0.00000     0.00000     0.00000     0.00000
    -33.345         0.00000     0.00000     0.00000     0.00000
    -33.195         0.00000     0.00000     0.00000     0.00000
    -33.045         0.00000     0.00000     0.00000     0.00000
    -32.895         0.00000     0.00000     0.00000     0.00000
    -32.745         0.00000     0.00000     0.00000     0.00000
    -32.595         0.00000     0.00000     0.00000     0.00000
    -32.445         0.00000     0.00000     0.00000     0.00000
    -32.295         0.00000     0.00000     0.00000     0.00000
    -32.145         0.00000     0.00000     0.00000     0.00000
    -31.995         0.00000     0.00000     0.00000     0.00000
    -31.845         0.00000     0.00000     0.00000     0.00000
    -31.695         0.00000     0.00000     0.00000     0.00000
    -31.545         0.00000     0.00000     0.00000     0.00000
    -31.395         0.00000     0.00000     0.00000     0.00000
    -31.245         0.00000     0.00000     0.00000     0.00000
    -31.095         0.00000     0.00000     0.00000     0.00000
    -30.945         0.00000     0.00000     0.00000     0.00000
    -30.795         0.00000     0.00000     0.00000     0.00000
    -30.645         0.00000     0.00000     0.00000     0.00000
    -30.495         0.00000     0.00000     0.00000     0.00000
    -30.345         0.00000     0.00000     0.00000     0.00000
    -30.195         0.00000     0.00000     0.00000     0.00000
    -30.045         0.00000     0.00000     0.00000     0.00000
    -29.895         0.00000     0.00000     0.00000     0.00000
    -29.745         0.00000     0.00000     0.00000     0.00000
    -29.595         0.00000     0.00000     0.00000     0.00000
    -29.445         0.00000     0.00000     0.00000     0.00000
    -29.295         0.00000     0.00000     0.00000     0.00000
    -29.145         0.00000     0.00000     0.00000     0.00000
    -28.995         0.00000     0.00000     0.00000     0.00000
    -28.845         0.00000     0.00000     0.00000     0.00000
    -28.695         0.00000     0.00000     0.00000     0.00000
    -28.545         0.00000     0.00000     0.00000     0.00000
    -28.395         0.00000     0.00000     0.00000     0.00000
    -28.245         0.00000     0.00000     0.00000     0.00000
    -28.095         0.00000     0.00000     0.00000     0.00000
    -27.945         0.00000     0.00000     0.00000     0.00000
    -27.795         0.00000     0.00000     0.00000     0.00000
    -27.645         0.00000     0.00000     0.00000     0.00000
    -27.495         0.00000     0.00000     0.00000     0.00000
    -27.345         0.00000     0.00000     0.00000     0.00000
    -27.195         0.00000     0.00000     0.00000     0.00000
    -27.045         0.00000     0.00000     0.00000     0.00000
    -26.895         0.00000     0.00000     0.00000     0.00000
    -26.745         0.00000     0.00000     0.00000     0.00000
    -26.595         0.00000     0.00000     0.00000     0.00000
    -26.445         0.00000     0.00000     0.00000     0.00000
    -26.295         0.00000     0.00000     0.00000     0.00000
    -26.145         0.00000     0.00000     0.00000     0.00000
    -25.995         0.00000     0.00000     0.00000     0.00000
    -25.845         0.00000     0.00000     0.00000     0.00000
    -25.695         0.00000     0.00000     0.00000     0.00000
    -25.545         0.00000     0.00000     0.00000     0.00000
    -25.395         0.00000     0.00000     0.00000     0.00000
    -25.245         0.00000     0.00000     0.00000     0.00000
    -25.095         0.00000     0.00000     0.00000     0.00000
    -24.945         0.00000     0.00000     0.00000     0.00000
    -24.795         0.00000     0.00000     0.00000     0.00000
    -24.645         0.00000     0.00000     0.00000     0.00000
    -24.495         0.00000     0.00000     0.00000     0.00000
    -24.345         0.00000     0.00000     0.00000     0.00000
    -24.195         0.00000     0.00000     0.00000     0.00000
    -24.045         0.00000     0.00000     0.00000     0.00000
    -23.895         0.00000     0.00000     0.00000     0.00000
    -23.745         0.00000     0.00000     0.00000     0.00000
    -23.595         0.00000     0.00000     0.00000     0.00000
    -23.445         0.00000     0.00000     0.00000     0.00000
    -23.295         0.00000     0.00000     0.00000     0.00000
    -23.145         0.00000     0.00000     0.00000     0.00000
    -22.995         0.00000     0.00000     0.00000     0.00000
    -22.845         0.00000     0.00000     0.00000     0.00000
    -22.695         0.00000     0.00000     0.00000     0.00000
    -22.545         0.00000     0.00000     0.00000     0.00000
    -22.395         0.00000     0.00000     0.00000     0.00000
    -22.245         0.00000     0.00000     0.00000     0.00000
    -22.095         0.00000     0.00000     0.00000     0.00000
    -21.945         0.00000     0.00000     0.00000     0.00000
    -21.795         0.00000     0.00000     0.00000     0.00000
    -21.645         0.00000     0.00000     0.00000     0.00000
    -21.495         0.00000     0.00000     0.00000     0.00000
    -21.345         0.00000     0.00000     0.00000     0.00000
    -21.195         0.00000     0.00000     0.00000     0.00000
    -21.045         0.00000     0.00000     0.00000     0.00000
    -20.895         0.00000     0.00000     0.00000     0.00000
    -20.745         0.00000     0.00000     0.00000     0.00000
    -20.595         0.00000     0.00000     0.00000     0.00000
    -20.445         0.00000     0.00000     0.00000     0.00000
    -20.295         0.00000     0.00000     0.00000     0.00000
    -20.145         0.00000     0.00000     0.00000     0.00000
    -19.995         0.00000     0.00000     0.00000     0.00000
    -19.845         0.00000     0.00000     0.00000     0.00000
    -19.695         0.00000     0.00000     0.00000     0.00000
    -19.545         0.00000     0.00000     0.00000     0.00000
    -19.395         0.00000     0.00000     0.00000     0.00000
    -19.245         0.00000     0.00000     0.00000     0.00000
    -19.095         0.00000     0.00000     0.00000     0.00000
    -18.945         0.00000     0.00000     0.00000     0.00000
    -18.795         0.00000     0.00000     0.00000     0.00000
    -18.645         0.00000     0.00000     0.00000     0.00000
    -18.495         0.00000     0.00000     0.00000     0.00000
    -18.345         0.00000     0.00000     0.00000     0.00000
    -18.195         0.00000     0.00000     0.00000     0.00000
    -18.045         0.00000     0.00000     0.00000     0.00000
    -17.895         0.00000     0.00000     0.00000     0.00000
    -17.745         0.00000     0.00000     0.00000     0.00000
    -17.595         0.00000     0.00000     0.00000     0.00000
    -17.445         0.00000     0.00000     0.00000     0.00000
    -17.295         0.00000     0.00000     0.00000     0.00000
    -17.145         0.00000     0.00000     0.00000     0.00000
    -16.995         0.00000     0.00000     0.00000     0.00000
    -16.845         0.00000     0.00000     0.00000     0.00000
    -16.695         0.00000     0.00000     0.00000     0.00000
    -16.545         0.00000     0.00000     0.00000     0.00000
    -16.395         0.00000     0.00000     0.00000     0.00000
    -16.245         0.00000     0.00000     0.00000     0.00000
    -16.095         0.00000     0.00000     0.00000     0.00000
    -15.945         0.00000     0.00000     0.00000     0.00000
    -15.795         0.00000     0.00000     0.00000     0.00000
    -15.645         0.00000     0.00000     0.00000     0.00000
    -15.495         0.00000     0.00000     0.00000     0.00000
    -15.345         0.00000     0.00000     0.00000     0.00000
    -15.195         0.00000     0.00000     0.00000     0.00000
    -15.045         0.00000     0.00000     0.00000     0.00000
    -14.895         0.00000     0.00000     0.00000     0.00000
    -14.745         0.00000     0.00000     0.00000     0.00000
    -14.595         0.00000     0.00000     0.00000     0.00000
    -14.445         0.00000     0.00000     0.00000     0.00000
    -14.295         0.00000     0.00000     0.00000     0.00000
    -14.145         0.00000     0.00000     0.00000     0.00000
    -13.995         0.00000     0.00000     0.00000     0.00000
    -13.845         0.00000     0.00000     0.00000     0.00000
    -13.695         0.00000     0.00000     0.00000     0.00000
    -13.545         0.00000     0.00000     0.00000     0.00000
    -13.395         0.00000     0.00000     0.00000     0.00000
    -13.245         0.00000     0.00000     0.00000     0.00000
    -13.095         0.00000     0.00000     0.00000     0.00000
    -12.945         0.00000     0.00000     0.00000     0.00000
    -12.795         0.00000     0.00000     0.00000     0.00000
    -12.645         0.00000     0.00000     0.00000     0.00000
    -12.495         0.00000     0.00000     0.00000     0.00000
    -12.345         0.00000     0.00000     0.00000     0.00000
    -12.195         0.00000     0.00000     0.00000     0.00000
    -12.045         0.00000     0.00000     0.00000     0.00000
    -11.895         0.00000     0.00000     0.00000     0.00000
    -11.745         0.00000     0.00000     0.00000     0.00000
    -11.595         0.00000     0.00000     0.00000     0.00000
    -11.445         0.00000     0.00000     0.00000     0.00000
    -11.295         0.00000     0.00000     0.00000     0.00000
    -11.145         0.00000     0.00000     0.00000     0.00000
    -10.995         0.00000     0.00000     0.00000     0.00000
    -10.845         0.00000     0.00000     0.00000     0.00000
    -10.695         0.00000     0.00000     0.00000     0.00000
    -10.545         0.00000     0.00000     0.00000     0.00000
    -10.395         0.00000     0.00000     0.00000     0.00000
    -10.245         0.00000     0.00000     0.00000     0.00000
    -10.095         0.00000     0.00000     0.00000     0.00000
    -9.9450         0.00000     0.00000     0.00000     0.00000
    -9.7950         0.00000     0.00000     0.00000     0.00000
    -9.6450         0.00000     0.00000     0.00000     0.00000
    -9.4950         0.00000     0.00000     0.00000     0.00000
    -9.3450         0.00000     0.00000     0.00000     0.00000
    -9.1950         0.00000     0.00000     0.00000     0.00000
    -9.0450         0.00000     0.00000     0.00000     0.00000
    -8.8950         0.00000     0.00000     0.00000     0.00000
    -8.7450         0.00000     0.00000     0.00000     0.00000
    -8.5950         0.00000     0.00000     0.00000     0.00000
    -8.4450         0.00000     0.00000     0.00000     0.00000
    -8.2950         0.00000     0.00000     0.00000     0.00000
    -8.1450         0.00000     0.00000     0.00000     0.00000
    -7.9950         0.00000     0.00000     0.00000     0.00000
    -7.8450         0.00000     0.00000     0.00000     0.00000
    -7.6950         0.00000     0.00000     0.00000     0.00000
    -7.5450         0.00000     0.00000     0.00000     0.00000
    -7.3950         0.00000     0.00000     0.00000     0.00000
    -7.2450         0.00000     0.00000     0.00000     0.00000
    -7.0950         0.00000     0.00000     0.00000     0.00000
    -6.9450         0.00000     0.00000     0.00000     0.00000
    -6.7950         0.00000     0.00000     0.00000     0.00000
    -6.6450         0.00000     0.00000     0.00000     0.00000
    -6.4950         0.00000     0.00000     0.00000     0.00000
    -6.3450         0.00000     0.00000     0.00000     0.00000
    -6.1950         0.00000     0.00000     0.00000     0.00000
    -6.0450         0.00000     0.00000     0.00000     0.00000
    -5.8950         0.00000     0.00000     0.00000     0.00000
    -5.7450         0.00000     0.00000     0.00000     0.00000
    -5.5950         0.00000     0.00000     0.00000     0.00000
    -5.4450         0.00000     0.00000     0.00000     0.00000
    -5.2950         0.00000     0.00000     0.00000     0.00000
    -5.1450         0.00000     0.00000     0.00000     0.00000
    -4.9950         0.00000     0.00000     0.00000     0.00000
    -4.8450         0.00000     0.00000     0.00000     0.00000
    -4.6950         0.00000     0.00000     0.00000     0.00000
    -4.5450         0.00000     0.00000     0.00000     0.00000
    -4.3950         0.00000     0.00000     0.00000     0.00000
    -4.2450         0.00000     0.00000     0.00000     0.00000
    -4.0950         0.00000     0.00000     0.00000     0.00000
    -3.9450         0.00000     0.00000     0.00000     0.00000
    -3.7950         0.00000     0.00000     0.00000     0.00000
    -3.6450         0.00000     0.00000     0.00000     0.00000
    -3.4950         0.00000     0.00000     0.00000     0.00000
    -3.3450         0.00000     0.00000     0.00000     0.00000
    -3.1950         0.00000     0.00000     0.00000     0.00000
    -3.0450         0.00000     0.00000     0.00000     0.00000
    -2.8950         0.00000     0.00000     0.00000     0.00000
    -2.7450         0.00000     0.00000     0.00000     0.00000
    -2.5950         0.00000     0.00000     0.00000     0.00000
    -2.4450         0.00000     0.00000     0.00000     0.00000
    -2.2950        -0.00000    -0.00000     0.00000     0.00000
    -2.1450        -0.00000    -0.00000     0.00000     0.00000
    -1.9950        -0.00000    -0.00000     0.00000     0.00000
    -1.8450         0.00000     0.00000     0.00000     0.00000
    -1.6950         0.00001     0.00001     0.00000     0.00000
    -1.5450         0.00003     0.00002     0.00000     0.00001
    -1.3950        -0.00021     0.00006     0.00000    -0.00027
    -1.2450        -0.00263    -0.00021     0.00000    -0.00242
    -1.0950        -0.01031    -0.00050     0.00000    -0.00981
   -0.94500        -0.03661    -0.00061    -0.00000    -0.03599
   -0.79500        -0.13862    -0.00194     0.00001    -0.13669
   -0.64500        -0.61763    -0.00310    -0.00123    -0.61330
   -0.49500        -2.32260    -0.00456    -0.00721    -2.31083
   -0.34500        -5.17963    -0.00794    -0.01762    -5.15407
   -0.22700        -6.03968    -0.01045    -0.02248    -6.00675
   -0.21300        -6.13219    -0.01058    -0.02320    -6.09842
   -0.20700        -6.22367    -0.01086    -0.02360    -6.18922
   -0.20100        -6.31510    -0.01089    -0.02394    -6.28027
   -0.19500        -6.40584    -0.01070    -0.02465    -6.37049
   -0.18900        -6.49619    -0.01084    -0.02526    -6.46009
   -0.18300        -6.58567    -0.01128    -0.02584    -6.54855
   -0.17700        -6.67403    -0.01170    -0.02652    -6.63581
   -0.17100        -6.76277    -0.01223    -0.02727    -6.72326
   -0.16500        -6.85071    -0.01266    -0.02810    -6.80996
   -0.15900        -6.93959    -0.01308    -0.02880    -6.89772
   -0.15300        -7.02751    -0.01379    -0.02962    -6.98411
   -0.14700        -7.11498    -0.01435    -0.03049    -7.07015
   -0.14100        -7.20344    -0.01501    -0.03138    -7.15704
   -0.13500        -7.29296    -0.01586    -0.03229    -7.24482
   -0.12900        -7.38298    -0.01654    -0.03326    -7.33318
   -0.12300        -7.47349    -0.01720    -0.03428    -7.42200
   -0.11700        -7.56395    -0.01816    -0.03532    -7.51046
   -0.11100        -7.65717    -0.01904    -0.03642    -7.60170
   -0.10500        -7.75107    -0.01996    -0.03762    -7.69350
   -0.99000E-01    -7.84819    -0.02094    -0.03886    -7.78839
   -0.93000E-01    -7.94803    -0.02209    -0.04017    -7.88576
   -0.87000E-01    -8.05042    -0.02335    -0.04153    -7.98554
   -0.81000E-01    -8.15698    -0.02466    -0.04309    -8.08923
   -0.75000E-01    -8.26794    -0.02608    -0.04481    -8.19705
   -0.69000E-01    -8.38489    -0.02764    -0.04664    -8.31062
   -0.63000E-01    -8.50851    -0.02934    -0.04867    -8.43050
   -0.57000E-01    -8.64225    -0.03123    -0.05099    -8.56002
   -0.51000E-01    -8.78642    -0.03339    -0.05360    -8.69944
   -0.45000E-01    -8.94327    -0.03575    -0.05672    -8.85080
   -0.39000E-01    -9.11458    -0.03858    -0.06047    -9.01553
   -0.33000E-01    -9.30299    -0.04203    -0.06537    -9.19559
   -0.27000E-01    -9.51199    -0.04621    -0.07195    -9.39383
   -0.21300E-01    -9.66928    -0.04972    -0.07812    -9.54144
   -0.19500E-01    -9.69363    -0.05031    -0.07925    -9.56407
   -0.18900E-01    -9.71825    -0.05091    -0.08042    -9.58692
   -0.18300E-01    -9.74329    -0.05153    -0.08162    -9.61014
   -0.17700E-01    -9.76898    -0.05218    -0.08293    -9.63387
   -0.17100E-01    -9.79501    -0.05286    -0.08429    -9.65786
   -0.16500E-01    -9.82131    -0.05355    -0.08569    -9.68207
   -0.15900E-01    -9.84822    -0.05427    -0.08724    -9.70671
   -0.15300E-01    -9.87569    -0.05502    -0.08886    -9.73181
   -0.14700E-01    -9.90369    -0.05581    -0.09057    -9.75731
   -0.14100E-01    -9.93214    -0.05664    -0.09244    -9.78305
   -0.13500E-01    -9.96139    -0.05750    -0.09445    -9.80944
   -0.12900E-01    -9.99137    -0.05839    -0.09663    -9.83635
   -0.12300E-01   -10.02179    -0.05931    -0.09897    -9.86351
   -0.11700E-01   -10.05301    -0.06028    -0.10153    -9.89120
   -0.11100E-01   -10.08514    -0.06132    -0.10432    -9.91949
   -0.10500E-01   -10.11812    -0.06242    -0.10739    -9.94831
   -0.99000E-02   -10.15196    -0.06354    -0.11075    -9.97767
   -0.93000E-02   -10.18662    -0.06472    -0.11444   -10.00745
   -0.87000E-02   -10.22244    -0.06594    -0.11865   -10.03784
   -0.81000E-02   -10.25937    -0.06724    -0.12338   -10.06875
   -0.75000E-02   -10.29776    -0.06861    -0.12884   -10.10030
   -0.69000E-02   -10.33758    -0.07005    -0.13515   -10.13237
   -0.63000E-02   -10.37929    -0.07157    -0.14267   -10.16505
   -0.57000E-02   -10.42327    -0.07316    -0.15186   -10.19826
   -0.51000E-02   -10.47053    -0.07482    -0.16369   -10.23201
   -0.45000E-02   -10.52276    -0.07656    -0.17981   -10.26640
   -0.39000E-02   -10.58206    -0.07836    -0.20239   -10.30131
   -0.33000E-02   -10.65223    -0.08020    -0.23489   -10.33714
   -0.27000E-02   -10.73278    -0.08208    -0.27632   -10.37439
   -0.21000E-02   -10.80597    -0.08391    -0.30703   -10.41503
   -0.15000E-02   -10.87177    -0.08561    -0.32067   -10.46549
   -0.90000E-03   -10.96305    -0.08699    -0.32549   -10.55057
   -0.30000E-03   -12.39800    -0.08764    -0.32648   -11.98389
    0.30000E-03   -10.96476    -0.08665    -0.32583   -10.55228
    0.90000E-03   -10.88223    -0.08182    -0.32446   -10.47596
    0.15000E-02   -10.83512    -0.06813    -0.32278   -10.44422
    0.21000E-02   -10.78833    -0.03745    -0.32095   -10.42992
    0.27000E-02   -10.73875     0.00374    -0.31908   -10.42342
    0.33000E-02   -10.70125     0.03646    -0.31725   -10.42046
    0.39000E-02   -10.67522     0.05930    -0.31544   -10.41908
    0.45000E-02   -10.65672     0.07543    -0.31372   -10.41844
    0.51000E-02   -10.64276     0.08742    -0.31205   -10.41813
    0.57000E-02   -10.63171     0.09672    -0.31046   -10.41798
    0.63000E-02   -10.62256     0.10428    -0.30894   -10.41789
    0.69000E-02   -10.61475     0.11060    -0.30750   -10.41785
    0.75000E-02   -10.60792     0.11602    -0.30612   -10.41782
    0.81000E-02   -10.60184     0.12075    -0.30481   -10.41779
    0.87000E-02   -10.59641     0.12491    -0.30355   -10.41777
    0.93000E-02   -10.59149     0.12862    -0.30236   -10.41775
    0.99000E-02   -10.58697     0.13197    -0.30121   -10.41773
    0.10500E-01   -10.58284     0.13501    -0.30013   -10.41771
    0.11100E-01   -10.57902     0.13778    -0.29911   -10.41769
    0.11700E-01   -10.57547     0.14031    -0.29812   -10.41767
    0.12300E-01   -10.57222     0.14259    -0.29717   -10.41765
    0.12900E-01   -10.56914     0.14473    -0.29624   -10.41762
    0.13500E-01   -10.56631     0.14666    -0.29538   -10.41759
    0.14100E-01   -10.56364     0.14847    -0.29454   -10.41757
    0.14700E-01   -10.56107     0.15017    -0.29370   -10.41754
    0.15300E-01   -10.55877     0.15169    -0.29295   -10.41751
    0.15900E-01   -10.55653     0.15315    -0.29220   -10.41749
    0.16500E-01   -10.55445     0.15452    -0.29151   -10.41746
    0.17100E-01   -10.55248     0.15579    -0.29085   -10.41743
    0.17700E-01   -10.55055     0.15700    -0.29015   -10.41739
    0.18300E-01   -10.54874     0.15814    -0.28953   -10.41736
    0.18900E-01   -10.54696     0.15926    -0.28891   -10.41732
    0.19500E-01   -10.54533     0.16030    -0.28834   -10.41728
    0.21300E-01   -10.53584     0.16606    -0.28488   -10.41702
    0.27000E-01   -10.52560     0.17196    -0.28099   -10.41656
    0.33000E-01   -10.51817     0.17590    -0.27809   -10.41598
    0.39000E-01   -10.51256     0.17868    -0.27591   -10.41533
    0.45000E-01   -10.50826     0.18074    -0.27441   -10.41459
    0.51000E-01   -10.50457     0.18228    -0.27312   -10.41373
    0.57000E-01   -10.50143     0.18348    -0.27212   -10.41278
    0.63000E-01   -10.49860     0.18443    -0.27124   -10.41179
    0.69000E-01   -10.49614     0.18518    -0.27064   -10.41068
    0.75000E-01   -10.49396     0.18574    -0.27009   -10.40960
    0.81000E-01   -10.49185     0.18619    -0.26970   -10.40835
    0.87000E-01   -10.48972     0.18659    -0.26927   -10.40703
    0.93000E-01   -10.48793     0.18684    -0.26902   -10.40575
    0.99000E-01   -10.48595     0.18704    -0.26874   -10.40425
    0.10500       -10.48411     0.18721    -0.26853   -10.40279
    0.11100       -10.48227     0.18735    -0.26836   -10.40126
    0.11700       -10.48051     0.18745    -0.26820   -10.39976
    0.12300       -10.47860     0.18755    -0.26812   -10.39802
    0.12900       -10.47672     0.18765    -0.26802   -10.39636
    0.13500       -10.47476     0.18772    -0.26793   -10.39454
    0.14100       -10.47276     0.18777    -0.26784   -10.39269
    0.14700       -10.47071     0.18783    -0.26775   -10.39079
    0.15300       -10.46861     0.18805    -0.26769   -10.38897
    0.15900       -10.46654     0.18808    -0.26753   -10.38709
    0.16500       -10.46438     0.18826    -0.26751   -10.38514
    0.17100       -10.46231     0.18829    -0.26746   -10.38313
    0.17700       -10.46009     0.18843    -0.26738   -10.38114
    0.18300       -10.45763     0.18855    -0.26730   -10.37888
    0.18900       -10.45534     0.18867    -0.26724   -10.37677
    0.19500       -10.45308     0.18878    -0.26719   -10.37467
    0.20100       -10.45067     0.18890    -0.26715   -10.37242
    0.20700       -10.44832     0.18900    -0.26711   -10.37022
    0.21300       -10.44589     0.18911    -0.26708   -10.36792
    0.22700       -10.42448     0.18996    -0.26711   -10.34733
    0.34500       -10.35142     0.19136    -0.26686   -10.27592
    0.49500       -10.27084     0.19295    -0.26663   -10.19717
    0.64500       -10.18591     0.19433    -0.26641   -10.11382
    0.79500       -10.09895     0.19552    -0.26623   -10.02824
    0.94500       -10.01067     0.19658    -0.26603    -9.94121
     1.0950        -9.92200     0.19754    -0.26586    -9.85368
     1.2450        -9.83373     0.19841    -0.26569    -9.76645
     1.3950        -9.74684     0.19923    -0.26553    -9.68054
     1.5450        -9.66150     0.19997    -0.26538    -9.59608
     1.6950        -9.57717     0.20067    -0.26524    -9.51260
     1.8450        -9.49598     0.20131    -0.26512    -9.43218
     1.9950        -9.41771     0.20192    -0.26500    -9.35463
     2.1450        -9.34251     0.20249    -0.26488    -9.28012
     2.2950        -9.27017     0.20304    -0.26478    -9.20843
     2.4450        -9.20019     0.20355    -0.26466    -9.13908
     2.5950        -9.13295     0.20403    -0.26456    -9.07242
     2.7450        -9.06822     0.20451    -0.26445    -9.00827
     2.8950        -9.00557     0.20496    -0.26434    -8.94618
     3.0450        -8.94551     0.20540    -0.26423    -8.88668
     3.1950        -8.88749     0.20581    -0.26415    -8.82916
     3.3450        -8.83169     0.20621    -0.26405    -8.77384
     3.4950        -8.77770     0.20660    -0.26396    -8.72033
     3.6450        -8.72523     0.20696    -0.26388    -8.66831
     3.7950        -8.67491     0.20732    -0.26378    -8.61844
     3.9450        -8.62601     0.20767    -0.26371    -8.56997
     4.0950        -8.57873     0.20800    -0.26363    -8.52310
     4.2450        -8.53292     0.20833    -0.26354    -8.47771
     4.3950        -8.48852     0.20864    -0.26348    -8.43369
     4.5450        -8.44545     0.20895    -0.26342    -8.39097
     4.6950        -8.40358     0.20924    -0.26335    -8.34947
     4.8450        -8.36289     0.20953    -0.26328    -8.30914
     4.9950        -8.32332     0.20981    -0.26321    -8.26992
     5.1450        -8.28482     0.21009    -0.26314    -8.23177
     5.2950        -8.24739     0.21036    -0.26307    -8.19468
     5.4450        -8.21085     0.21062    -0.26300    -8.15847
     5.5950        -8.17530     0.21087    -0.26294    -8.12323
     5.7450        -8.14059     0.21112    -0.26289    -8.08882
     5.8950        -8.10664     0.21135    -0.26282    -8.05517
     6.0450        -8.07347     0.21159    -0.26276    -8.02230
     6.1950        -8.04105     0.21182    -0.26270    -7.99018
     6.3450        -8.00937     0.21204    -0.26263    -7.95877
     6.4950        -7.97839     0.21226    -0.26258    -7.92807
     6.6450        -7.94799     0.21248    -0.26252    -7.89795
     6.7950        -7.91825     0.21269    -0.26246    -7.86848
     6.9450        -7.88920     0.21290    -0.26242    -7.83968
     7.0950        -7.86067     0.21311    -0.26236    -7.81141
     7.2450        -7.83274     0.21331    -0.26230    -7.78374
     7.3950        -7.80533     0.21351    -0.26225    -7.75658
     7.5450        -7.77843     0.21370    -0.26220    -7.72993
     7.6950        -7.75205     0.21389    -0.26214    -7.70379
     7.8450        -7.72615     0.21407    -0.26209    -7.67813
     7.9950        -7.70073     0.21425    -0.26204    -7.65293
     8.1450        -7.67569     0.21443    -0.26200    -7.62812
     8.2950        -7.65113     0.21460    -0.26195    -7.60378
     8.4450        -7.62705     0.21477    -0.26190    -7.57993
     8.5950        -7.60336     0.21494    -0.26186    -7.55644
     8.7450        -7.58007     0.21510    -0.26182    -7.53335
     8.8950        -7.55710     0.21527    -0.26177    -7.51060
     9.0450        -7.53453     0.21543    -0.26172    -7.48824
     9.1950        -7.51230     0.21559    -0.26168    -7.46621
     9.3450        -7.49044     0.21575    -0.26164    -7.44456
     9.4950        -7.46893     0.21591    -0.26159    -7.42325
     9.6450        -7.44774     0.21605    -0.26154    -7.40226
     9.7950        -7.42685     0.21620    -0.26149    -7.38157
     9.9450        -7.40631     0.21635    -0.26144    -7.36123
     10.095        -7.38607     0.21650    -0.26140    -7.34117
     10.245        -7.36611     0.21664    -0.26136    -7.32140
     10.395        -7.34642     0.21678    -0.26131    -7.30188
     10.545        -7.32698     0.21692    -0.26127    -7.28263
     10.695        -7.30784     0.21706    -0.26123    -7.26367
     10.845        -7.28892     0.21720    -0.26119    -7.24492
     10.995        -7.27035     0.21733    -0.26116    -7.22651
     11.145        -7.25197     0.21746    -0.26112    -7.20831
     11.295        -7.23382     0.21759    -0.26109    -7.19032
     11.445        -7.21589     0.21772    -0.26105    -7.17256
     11.595        -7.19823     0.21784    -0.26102    -7.15505
     11.745        -7.18075     0.21797    -0.26098    -7.13773
     11.895        -7.16352     0.21809    -0.26095    -7.12066
     12.045        -7.14653     0.21822    -0.26091    -7.10383
     12.195        -7.12971     0.21834    -0.26088    -7.08717
     12.345        -7.11314     0.21846    -0.26084    -7.07076
     12.495        -7.09671     0.21858    -0.26081    -7.05448
     12.645        -7.08051     0.21869    -0.26077    -7.03843
     12.795        -7.06450     0.21881    -0.26073    -7.02257
     12.945        -7.04867     0.21892    -0.26070    -7.00689
     13.095        -7.03298     0.21904    -0.26066    -6.99136
     13.245        -7.01754     0.21915    -0.26063    -6.97606
     13.395        -7.00226     0.21926    -0.26060    -6.96092
     13.545        -6.98714     0.21937    -0.26056    -6.94595
     13.695        -6.97216     0.21948    -0.26053    -6.93111
     13.845        -6.95737     0.21959    -0.26050    -6.91646
     13.995        -6.94270     0.21969    -0.26046    -6.90193
     14.145        -6.92825     0.21980    -0.26044    -6.88761
     14.295        -6.91392     0.21990    -0.26040    -6.87341
     14.445        -6.89974     0.22000    -0.26038    -6.85936
     14.595        -6.88575     0.22010    -0.26034    -6.84551
     14.745        -6.87184     0.22020    -0.26032    -6.83173
     14.895        -6.85810     0.22030    -0.26028    -6.81812
     15.045        -6.84452     0.22040    -0.26025    -6.80467
     15.195        -6.83104     0.22050    -0.26022    -6.79131
     15.345        -6.81773     0.22060    -0.26020    -6.77813
     15.495        -6.80453     0.22069    -0.26017    -6.76505
     15.645        -6.79147     0.22078    -0.26014    -6.75211
     15.795        -6.77850     0.22088    -0.26011    -6.73927
     15.945        -6.76570     0.22097    -0.26008    -6.72660
     16.095        -6.75299     0.22106    -0.26005    -6.71401
     16.245        -6.74041     0.22115    -0.26002    -6.70154
     16.395        -6.72798     0.22124    -0.25999    -6.68923
     16.545        -6.71566     0.22133    -0.25996    -6.67703
     16.695        -6.70345     0.22142    -0.25993    -6.66494
     16.845        -6.69130     0.22150    -0.25990    -6.65289
     16.995        -6.67927     0.22159    -0.25988    -6.64098
     17.145        -6.66742     0.22168    -0.25985    -6.62924
     17.295        -6.65562     0.22176    -0.25983    -6.61755
     17.445        -6.64395     0.22185    -0.25981    -6.60599
     17.595        -6.63238     0.22193    -0.25978    -6.59454
     17.745        -6.62086     0.22201    -0.25975    -6.58313
     17.895        -6.60947     0.22209    -0.25972    -6.57185
     18.045        -6.59820     0.22217    -0.25970    -6.56068
     18.195        -6.58699     0.22225    -0.25967    -6.54957
     18.345        -6.57590     0.22233    -0.25965    -6.53859
     18.495        -6.56488     0.22241    -0.25962    -6.52767
     18.645        -6.55396     0.22249    -0.25960    -6.51685
     18.795        -6.54314     0.22256    -0.25958    -6.50612
     18.945        -6.53241     0.22264    -0.25955    -6.49550
     19.095        -6.52171     0.22272    -0.25953    -6.48490
     19.245        -6.51114     0.22279    -0.25951    -6.47442
     19.395        -6.50066     0.22287    -0.25949    -6.46404
     19.545        -6.49023     0.22295    -0.25946    -6.45372
     19.695        -6.47991     0.22302    -0.25943    -6.44349
     19.845        -6.46970     0.22309    -0.25941    -6.43339
     19.995        -6.45952     0.22317    -0.25938    -6.42330
     20.145        -6.44941     0.22324    -0.25935    -6.41329
     20.295        -6.43937     0.22331    -0.25933    -6.40335
     20.445        -6.42942     0.22338    -0.25931    -6.39349
     20.595        -6.41956     0.22345    -0.25929    -6.38372
     20.745        -6.40978     0.22352    -0.25926    -6.37404
     20.895        -6.40008     0.22359    -0.25924    -6.36443
     21.045        -6.39044     0.22366    -0.25922    -6.35488
     21.195        -6.38085     0.22373    -0.25920    -6.34538
     21.345        -6.37134     0.22380    -0.25918    -6.33596
     21.495        -6.36190     0.22386    -0.25915    -6.32661
     21.645        -6.35252     0.22393    -0.25913    -6.31733
     21.795        -6.34322     0.22400    -0.25910    -6.30811
     21.945        -6.33398     0.22407    -0.25908    -6.29896
     22.095        -6.32480     0.22414    -0.25906    -6.28987
     22.245        -6.31573     0.22420    -0.25904    -6.28089
     22.395        -6.30671     0.22427    -0.25902    -6.27196
     22.545        -6.29774     0.22434    -0.25900    -6.26307
     22.695        -6.28882     0.22440    -0.25898    -6.25424
     22.845        -6.27995     0.22446    -0.25895    -6.24547
     22.995        -6.27113     0.22453    -0.25892    -6.23673
     23.145        -6.26239     0.22459    -0.25890    -6.22808
     23.295        -6.25369     0.22466    -0.25888    -6.21947
     23.445        -6.24508     0.22471    -0.25885    -6.21094
     23.595        -6.23651     0.22478    -0.25883    -6.20245
     23.745        -6.22801     0.22484    -0.25882    -6.19402
     23.895        -6.21959     0.22490    -0.25880    -6.18569
     24.045        -6.21117     0.22496    -0.25878    -6.17735
     24.195        -6.20281     0.22502    -0.25875    -6.16908
     24.345        -6.19451     0.22508    -0.25874    -6.16086
     24.495        -6.18627     0.22514    -0.25872    -6.15270
     24.645        -6.17808     0.22520    -0.25869    -6.14459
     24.795        -6.16993     0.22526    -0.25867    -6.13652
     24.945        -6.16184     0.22532    -0.25865    -6.12850
     25.095        -6.15380     0.22538    -0.25862    -6.12055
     25.245        -6.14582     0.22544    -0.25861    -6.11265
     25.395        -6.13789     0.22549    -0.25859    -6.10479
     25.545        -6.13001     0.22555    -0.25858    -6.09699
     25.695        -6.12215     0.22561    -0.25856    -6.08920
     25.845        -6.11437     0.22567    -0.25854    -6.08149
     25.995        -6.10662     0.22572    -0.25852    -6.07382
     26.145        -6.09894     0.22577    -0.25851    -6.06621
     26.295        -6.09128     0.22583    -0.25849    -6.05862
     26.445        -6.08366     0.22589    -0.25847    -6.05107
     26.595        -6.07610     0.22594    -0.25846    -6.04358
     26.745        -6.06856     0.22600    -0.25844    -6.03611
     26.895        -6.06107     0.22605    -0.25842    -6.02870
     27.045        -6.05361     0.22610    -0.25840    -6.02131
     27.195        -6.04623     0.22616    -0.25839    -6.01400
     27.345        -6.03886     0.22621    -0.25837    -6.00670
     27.495        -6.03155     0.22626    -0.25834    -5.99947
     27.645        -6.02430     0.22631    -0.25833    -5.99229
     27.795        -6.01707     0.22637    -0.25831    -5.98512
     27.945        -6.00988     0.22642    -0.25829    -5.97801
     28.095        -6.00273     0.22647    -0.25827    -5.97093
     28.245        -5.99566     0.22652    -0.25826    -5.96392
     28.395        -5.98860     0.22657    -0.25824    -5.95693
     28.545        -5.98159     0.22663    -0.25822    -5.95000
     28.695        -5.97461     0.22668    -0.25821    -5.94308
     28.845        -5.96769     0.22673    -0.25819    -5.93623
     28.995        -5.96079     0.22678    -0.25817    -5.92940
     29.145        -5.95390     0.22683    -0.25815    -5.92258
     29.295        -5.94704     0.22688    -0.25814    -5.91578
     29.445        -5.94026     0.22693    -0.25812    -5.90906
     29.595        -5.93349     0.22698    -0.25810    -5.90237
     29.745        -5.92675     0.22703    -0.25809    -5.89569
     29.895        -5.92008     0.22707    -0.25807    -5.88909
     30.045        -5.91342     0.22712    -0.25805    -5.88249
     30.195        -5.90682     0.22717    -0.25804    -5.87596
     30.345        -5.90024     0.22722    -0.25802    -5.86944
     30.495        -5.89370     0.22726    -0.25800    -5.86296
     30.645        -5.88720     0.22731    -0.25798    -5.85653
     30.795        -5.88069     0.22736    -0.25797    -5.85008
     30.945        -5.87423     0.22741    -0.25795    -5.84369
     31.095        -5.86783     0.22745    -0.25793    -5.83734
     31.245        -5.86142     0.22750    -0.25791    -5.83101
     31.395        -5.85507     0.22755    -0.25790    -5.82472
     31.545        -5.84875     0.22759    -0.25788    -5.81846
     31.695        -5.84245     0.22764    -0.25786    -5.81223
     31.845        -5.83620     0.22768    -0.25784    -5.80604
     31.995        -5.82998     0.22773    -0.25783    -5.79988
     32.145        -5.82378     0.22777    -0.25782    -5.79373
     32.295        -5.81761     0.22782    -0.25780    -5.78763
     32.445        -5.81147     0.22787    -0.25778    -5.78155
     32.595        -5.80535     0.22791    -0.25777    -5.77549
     32.745        -5.79927     0.22796    -0.25776    -5.76947
     32.895        -5.79321     0.22800    -0.25774    -5.76348
     33.045        -5.78719     0.22805    -0.25772    -5.75751
     33.195        -5.78118     0.22809    -0.25770    -5.75157
     33.345        -5.77521     0.22814    -0.25769    -5.74566
     33.495        -5.76926     0.22818    -0.25767    -5.73977
     33.645        -5.76335     0.22823    -0.25766    -5.73392
     33.795        -5.75747     0.22827    -0.25764    -5.72810
     33.945        -5.75160     0.22831    -0.25762    -5.72229
     34.095        -5.74582     0.22836    -0.25761    -5.71657
     34.245        -5.74001     0.22840    -0.25759    -5.71082
     34.395        -5.73424     0.22844    -0.25758    -5.70511
     34.545        -5.72849     0.22849    -0.25756    -5.69942
     34.695        -5.72277     0.22853    -0.25755    -5.69375
     34.845        -5.71711     0.22857    -0.25753    -5.68815
     34.995        -5.71145     0.22862    -0.25751    -5.68255
     35.145        -5.70580     0.22866    -0.25750    -5.67696
     35.295        -5.70018     0.22870    -0.25748    -5.67139
     35.445        -5.69463     0.22874    -0.25747    -5.66589
     35.595        -5.68904     0.22878    -0.25745    -5.66037
     35.745        -5.68348     0.22882    -0.25744    -5.65487
     35.895        -5.67798     0.22886    -0.25743    -5.64941
     36.045        -5.67248     0.22890    -0.25741    -5.64396
     36.195        -5.66703     0.22894    -0.25740    -5.63857
     36.345        -5.66160     0.22897    -0.25738    -5.63320
     36.495        -5.65621     0.22901    -0.25737    -5.62786
     36.645        -5.65083     0.22905    -0.25735    -5.62253
     36.795        -5.64547     0.22909    -0.25734    -5.61722
     36.945        -5.64012     0.22913    -0.25732    -5.61192
     37.095        -5.63480     0.22917    -0.25731    -5.60666
     37.245        -5.62950     0.22921    -0.25729    -5.60141
     37.395        -5.62422     0.22924    -0.25728    -5.59618
     37.545        -5.61895     0.22928    -0.25726    -5.59097
     37.695        -5.61369     0.22932    -0.25725    -5.58576
     37.845        -5.60849     0.22936    -0.25724    -5.58061
     37.995        -5.60329     0.22940    -0.25722    -5.57546
     38.145        -5.59812     0.22944    -0.25721    -5.57035
     38.295        -5.59298     0.22948    -0.25720    -5.56526
     38.445        -5.58789     0.22951    -0.25719    -5.56021
     38.595        -5.58278     0.22955    -0.25718    -5.55515
     38.745        -5.57771     0.22959    -0.25716    -5.55014
     38.895        -5.57265     0.22962    -0.25715    -5.54513
     39.045        -5.56764     0.22966    -0.25713    -5.54016
     39.195        -5.56261     0.22969    -0.25712    -5.53519
     39.345        -5.55761     0.22973    -0.25711    -5.53022
     39.495        -5.55262     0.22976    -0.25709    -5.52529
     39.645        -5.54765     0.22980    -0.25708    -5.52038
     39.795        -5.54271     0.22984    -0.25706    -5.51548
     39.945        -5.53778     0.22987    -0.25705    -5.51060
     40.095        -5.53287     0.22991    -0.25704    -5.50574
     40.245        -5.52799     0.22995    -0.25703    -5.50090
     40.395        -5.52312     0.22998    -0.25701    -5.49608
     40.545        -5.51827     0.23002    -0.25700    -5.49129
     40.695        -5.51343     0.23005    -0.25699    -5.48649
     40.845        -5.50866     0.23008    -0.25698    -5.48176
     40.995        -5.50386     0.23012    -0.25697    -5.47701
     41.145        -5.49908     0.23015    -0.25695    -5.47228
     41.295        -5.49431     0.23019    -0.25694    -5.46756
     41.445        -5.48957     0.23023    -0.25692    -5.46287
     41.595        -5.48485     0.23026    -0.25692    -5.45819
     41.745        -5.48013     0.23029    -0.25690    -5.45353
     41.895        -5.47547     0.23033    -0.25689    -5.44891
     42.045        -5.47081     0.23036    -0.25688    -5.44429
     42.195        -5.46619     0.23039    -0.25687    -5.43972
     42.345        -5.46156     0.23043    -0.25685    -5.43513
     42.495        -5.45693     0.23046    -0.25684    -5.43056
     42.645        -5.45234     0.23050    -0.25683    -5.42602
     42.795        -5.44775     0.23053    -0.25681    -5.42147
     42.945        -5.44318     0.23056    -0.25679    -5.41695
     43.095        -5.43863     0.23060    -0.25678    -5.41245
     43.245        -5.43412     0.23063    -0.25677    -5.40798
     43.395        -5.42961     0.23066    -0.25676    -5.40352
     43.545        -5.42511     0.23070    -0.25674    -5.39907
     43.695        -5.42061     0.23073    -0.25673    -5.39461
     43.845        -5.41616     0.23076    -0.25672    -5.39020
     43.995        -5.41173     0.23079    -0.25671    -5.38582
     44.145        -5.40731     0.23082    -0.25669    -5.38144
     44.295        -5.40289     0.23086    -0.25668    -5.37706
     44.445        -5.39847     0.23089    -0.25667    -5.37269
     44.595        -5.39410     0.23092    -0.25666    -5.36837
     44.745        -5.38973     0.23096    -0.25665    -5.36404
     44.895        -5.38538     0.23099    -0.25664    -5.35973
     45.045        -5.38107     0.23102    -0.25662    -5.35546
     45.195        -5.37675     0.23105    -0.25661    -5.35119
     45.345        -5.37246     0.23108    -0.25660    -5.34694
     45.495        -5.36819     0.23111    -0.25659    -5.34271
     45.645        -5.36392     0.23115    -0.25658    -5.33849
     45.795        -5.35967     0.23118    -0.25657    -5.33428
     45.945        -5.35544     0.23121    -0.25656    -5.33008
     46.095        -5.35120     0.23124    -0.25655    -5.32589
     46.245        -5.34699     0.23127    -0.25654    -5.32172
     46.395        -5.34280     0.23130    -0.25653    -5.31757
     46.545        -5.33862     0.23133    -0.25652    -5.31343
     46.695        -5.33440     0.23136    -0.25651    -5.30926
     46.845        -5.33026     0.23139    -0.25650    -5.30516
     46.995        -5.32613     0.23142    -0.25648    -5.30107
     47.145        -5.32200     0.23145    -0.25647    -5.29698
     47.295        -5.31787     0.23148    -0.25647    -5.29289
     47.445        -5.31377     0.23152    -0.25645    -5.28884
     47.595        -5.30969     0.23155    -0.25644    -5.28479
     47.745        -5.30564     0.23158    -0.25643    -5.28078
     47.895        -5.30158     0.23161    -0.25642    -5.27677
     48.045        -5.29755     0.23164    -0.25641    -5.27278
     48.195        -5.29353     0.23167    -0.25640    -5.26880
     48.345        -5.28951     0.23169    -0.25639    -5.26481
     48.495        -5.28552     0.23173    -0.25638    -5.26086
     48.645        -5.28153     0.23176    -0.25637    -5.25691
     48.795        -5.27756     0.23179    -0.25636    -5.25298
     48.945        -5.27359     0.23181    -0.25635    -5.24906
     49.095        -5.26965     0.23184    -0.25634    -5.24515
     49.245        -5.26568     0.23187    -0.25633    -5.24122
     49.395        -5.26174     0.23190    -0.25632    -5.23732
     49.545        -5.25784     0.23193    -0.25631    -5.23346
     49.695        -5.25395     0.23196    -0.25630    -5.22961
     49.845        -5.25006     0.23199    -0.25628    -5.22576
     49.995        -5.24619     0.23201    -0.25627    -5.22193
     50.145        -5.24234     0.23204    -0.25627    -5.21812
     50.295        -5.23850     0.23207    -0.25625    -5.21432
     50.445        -5.23466     0.23210    -0.25625    -5.21051
     50.595        -5.23081     0.23213    -0.25623    -5.20671
     50.745        -5.22699     0.23216    -0.25622    -5.20293
     50.895        -5.22318     0.23219    -0.25621    -5.19916
     51.045        -5.21938     0.23221    -0.25620    -5.19540
     51.195        -5.21561     0.23224    -0.25619    -5.19166
     51.345        -5.21183     0.23227    -0.25618    -5.18792
     51.495        -5.20807     0.23230    -0.25617    -5.18420
     51.645        -5.20432     0.23232    -0.25616    -5.18048
     51.795        -5.20060     0.23235    -0.25615    -5.17680
     51.945        -5.19688     0.23237    -0.25614    -5.17311
     52.095        -5.19319     0.23240    -0.25613    -5.16946
     52.245        -5.18948     0.23243    -0.25612    -5.16579
     52.395        -5.18579     0.23246    -0.25611    -5.16214
     52.545        -5.18212     0.23248    -0.25610    -5.15850
     52.695        -5.17844     0.23251    -0.25609    -5.15486
     52.845        -5.17482     0.23254    -0.25608    -5.15127
     52.995        -5.17118     0.23256    -0.25607    -5.14767
     53.145        -5.16755     0.23259    -0.25606    -5.14408
     53.295        -5.16392     0.23262    -0.25605    -5.14049
     53.445        -5.16032     0.23265    -0.25604    -5.13692
     53.595        -5.15672     0.23267    -0.25603    -5.13336
     53.745        -5.15312     0.23270    -0.25602    -5.12979
     53.895        -5.14954     0.23273    -0.25601    -5.12626
     54.045        -5.14599     0.23275    -0.25600    -5.12274
     54.195        -5.14243     0.23278    -0.25599    -5.11922
     54.345        -5.13888     0.23281    -0.25598    -5.11570
     54.495        -5.13532     0.23283    -0.25597    -5.11218
     54.645        -5.13180     0.23286    -0.25597    -5.10869
     54.795        -5.12827     0.23288    -0.25596    -5.10520
     54.945        -5.12476     0.23291    -0.25594    -5.10173
     55.095        -5.12126     0.23294    -0.25594    -5.09826
     59.433        -4.84751     0.23495    -0.25517    -4.82729
     80.646        -4.44735     0.23791    -0.25398    -4.43128
     111.21        -4.05811     0.24081    -0.25275    -4.04617
     153.36        -3.68023     0.24365    -0.25154    -3.67233
     211.49        -3.31399     0.24639    -0.25032    -3.31007
     291.64        -2.95963     0.24904    -0.24909    -2.95958
     402.18        -2.61676     0.25163    -0.24789    -2.62051
     554.60        -2.28518     0.25415    -0.24669    -2.29263
     764.80        -1.96484     0.25657    -0.24554    -1.97587
     1054.7        -1.65486     0.25892    -0.24438    -1.66940
     1454.4        -1.35544     0.26119    -0.24322    -1.37341
     2005.6        -1.06588     0.26339    -0.24216    -1.08711
     2765.8        -0.78556     0.26554    -0.24108    -0.81003
     3814.0        -0.51409     0.26760    -0.24005    -0.54163
     5259.5        -0.25106     0.26960    -0.23904    -0.28163
     7252.9         0.00357     0.27154    -0.23806    -0.02992
     10002.         0.24995     0.27342    -0.23708     0.21361
     13793.         0.48811     0.27523    -0.23619     0.44907
     19020.         0.71774     0.27698    -0.23531     0.67608
     26229.         0.93800     0.27867    -0.23447     0.89381
     36170.         1.14920     0.28027    -0.23367     1.10260
     49878.         1.35115     0.28180    -0.23291     1.30226
     68782.         1.54407     0.28327    -0.23218     1.49298
     94851.         1.72804     0.28467    -0.23151     1.67488
    0.13080E+06     1.90373     0.28599    -0.23085     1.84860
    0.18038E+06     2.07121     0.28725    -0.23023     2.01419
    0.24874E+06     2.23103     0.28847    -0.22965     2.17222
    0.34301E+06     2.38314     0.28962    -0.22909     2.32261
    0.47302E+06     2.52798     0.29072    -0.22859     2.46585
    0.65229E+06     2.66596     0.29176    -0.22809     2.60229
    0.89952E+06     2.79728     0.29274    -0.22763     2.73217
    0.12404E+07     2.92224     0.29369    -0.22720     2.85575
    0.17106E+07     3.04115     0.29458    -0.22679     2.97336
    0.23589E+07     3.15431     0.29543    -0.22639     3.08527
    0.32529E+07     3.26193     0.29625    -0.22604     3.19173
    0.44858E+07     3.36438     0.29702    -0.22571     3.29307
    0.61860E+07     3.46183     0.29775    -0.22539     3.38946
    0.85305E+07     3.55447     0.29845    -0.22510     3.48112
    0.11764E+08     3.64266     0.29912    -0.22483     3.56837
    0.16222E+08     3.72642     0.29974    -0.22458     3.65126
    0.22370E+08     3.80599     0.30033    -0.22434     3.73000
    0.30849E+08     3.88116     0.30088    -0.22412     3.80440
    0.42541E+08     3.95160     0.30140    -0.22392     3.87412
    0.58664E+08     4.01745     0.30189    -0.22373     3.93929
    0.80898E+08     4.07924     0.30236    -0.22356     4.00044
    0.11156E+09     4.13730     0.30278    -0.22339     4.05790
    0.15384E+09     4.19196     0.30320    -0.22323     4.11199
    0.21215E+09     4.24348     0.30358    -0.22309     4.16299
    0.29255E+09     4.29185     0.30394    -0.22296     4.21087
    0.40343E+09     4.33740     0.30428    -0.22283     4.25595
    0.55633E+09     4.38034     0.30460    -0.22271     4.29844
    0.76719E+09     4.41951     0.30489    -0.22261     4.33722
    0.10580E+10     4.45504     0.30516    -0.22252     4.37240
    0.14589E+10     4.48770     0.30541    -0.22243     4.40473
    0.20119E+10     4.51775     0.30564    -0.22235     4.43447
    0.27744E+10     4.54537     0.30585    -0.22228     4.46181
    0.38259E+10     4.57088     0.30604    -0.22222     4.48707
    0.52760E+10     4.59441     0.30621    -0.22216     4.51035
    0.72756E+10     4.61614     0.30638    -0.22211     4.53187
    0.10033E+11     4.63615     0.30653    -0.22205     4.55167
    0.13836E+11     4.65465     0.30667    -0.22201     4.56999
    0.19079E+11     4.67169     0.30679    -0.22196     4.58686
    0.26311E+11     4.68742     0.30691    -0.22193     4.60243
    0.36283E+11     4.70198     0.30702    -0.22189     4.61686
    0.50034E+11     4.71541     0.30712    -0.22186     4.63014
    0.68997E+11     4.72780     0.30721    -0.22183     4.64241
    0.10000E+12     4.87608     0.30831    -0.22145     4.78922
