    -99.945         0.00000     0.00000     0.00000     0.00000
    -99.795         0.00000     0.00000     0.00000     0.00000
    -99.645         0.00000     0.00000     0.00000     0.00000
    -99.495         0.00000     0.00000     0.00000     0.00000
    -99.345         0.00000     0.00000     0.00000     0.00000
    -99.195         0.00000     0.00000     0.00000     0.00000
    -99.045         0.00000     0.00000     0.00000     0.00000
    -98.895         0.00000     0.00000     0.00000     0.00000
    -98.745         0.00000     0.00000     0.00000     0.00000
    -98.595         0.00000     0.00000     0.00000     0.00000
    -98.445         0.00000     0.00000     0.00000     0.00000
    -98.295         0.00000     0.00000     0.00000     0.00000
    -98.145         0.00000     0.00000     0.00000     0.00000
    -97.995         0.00000     0.00000     0.00000     0.00000
    -97.845         0.00000     0.00000     0.00000     0.00000
    -97.695         0.00000     0.00000     0.00000     0.00000
    -97.545         0.00000     0.00000     0.00000     0.00000
    -97.395         0.00000     0.00000     0.00000     0.00000
    -97.245         0.00000     0.00000     0.00000     0.00000
    -97.095         0.00000     0.00000     0.00000     0.00000
    -96.945         0.00000     0.00000     0.00000     0.00000
    -96.795         0.00000     0.00000     0.00000     0.00000
    -96.645         0.00000     0.00000     0.00000     0.00000
    -96.495         0.00000     0.00000     0.00000     0.00000
    -96.345         0.00000     0.00000     0.00000     0.00000
    -96.195         0.00000     0.00000     0.00000     0.00000
    -96.045         0.00000     0.00000     0.00000     0.00000
    -95.895         0.00000     0.00000     0.00000     0.00000
    -95.745         0.00000     0.00000     0.00000     0.00000
    -95.595         0.00000     0.00000     0.00000     0.00000
    -95.445         0.00000     0.00000     0.00000     0.00000
    -95.295         0.00000     0.00000     0.00000     0.00000
    -95.145         0.00000     0.00000     0.00000     0.00000
    -94.995         0.00000     0.00000     0.00000     0.00000
    -94.845         0.00000     0.00000     0.00000     0.00000
    -94.695         0.00000     0.00000     0.00000     0.00000
    -94.545         0.00000     0.00000     0.00000     0.00000
    -94.395         0.00000     0.00000     0.00000     0.00000
    -94.245         0.00000     0.00000     0.00000     0.00000
    -94.095         0.00000     0.00000     0.00000     0.00000
    -93.945         0.00000     0.00000     0.00000     0.00000
    -93.795         0.00000     0.00000     0.00000     0.00000
    -93.645         0.00000     0.00000     0.00000     0.00000
    -93.495         0.00000     0.00000     0.00000     0.00000
    -93.345         0.00000     0.00000     0.00000     0.00000
    -93.195         0.00000     0.00000     0.00000     0.00000
    -93.045         0.00000     0.00000     0.00000     0.00000
    -92.895         0.00000     0.00000     0.00000     0.00000
    -92.745         0.00000     0.00000     0.00000     0.00000
    -92.595         0.00000     0.00000     0.00000     0.00000
    -92.445         0.00000     0.00000     0.00000     0.00000
    -92.295         0.00000     0.00000     0.00000     0.00000
    -92.145         0.00000     0.00000     0.00000     0.00000
    -91.995         0.00000     0.00000     0.00000     0.00000
    -91.845         0.00000     0.00000     0.00000     0.00000
    -91.695         0.00000     0.00000     0.00000     0.00000
    -91.545         0.00000     0.00000     0.00000     0.00000
    -91.395         0.00000     0.00000     0.00000     0.00000
    -91.245         0.00000     0.00000     0.00000     0.00000
    -91.095         0.00000     0.00000     0.00000     0.00000
    -90.945         0.00000     0.00000     0.00000     0.00000
    -90.795         0.00000     0.00000     0.00000     0.00000
    -90.645         0.00000     0.00000     0.00000     0.00000
    -90.495         0.00000     0.00000     0.00000     0.00000
    -90.345         0.00000     0.00000     0.00000     0.00000
    -90.195         0.00000     0.00000     0.00000     0.00000
    -90.045         0.00000     0.00000     0.00000     0.00000
    -89.895         0.00000     0.00000     0.00000     0.00000
    -89.745         0.00000     0.00000     0.00000     0.00000
    -89.595         0.00000     0.00000     0.00000     0.00000
    -89.445         0.00000     0.00000     0.00000     0.00000
    -89.295         0.00000     0.00000     0.00000     0.00000
    -89.145         0.00000     0.00000     0.00000     0.00000
    -88.995         0.00000     0.00000     0.00000     0.00000
    -88.845         0.00000     0.00000     0.00000     0.00000
    -88.695         0.00000     0.00000     0.00000     0.00000
    -88.545         0.00000     0.00000     0.00000     0.00000
    -88.395         0.00000     0.00000     0.00000     0.00000
    -88.245         0.00000     0.00000     0.00000     0.00000
    -88.095         0.00000     0.00000     0.00000     0.00000
    -87.945         0.00000     0.00000     0.00000     0.00000
    -87.795         0.00000     0.00000     0.00000     0.00000
    -87.645         0.00000     0.00000     0.00000     0.00000
    -87.495         0.00000     0.00000     0.00000     0.00000
    -87.345         0.00000     0.00000     0.00000     0.00000
    -87.195         0.00000     0.00000     0.00000     0.00000
    -87.045         0.00000     0.00000     0.00000     0.00000
    -86.895         0.00000     0.00000     0.00000     0.00000
    -86.745         0.00000     0.00000     0.00000     0.00000
    -86.595         0.00000     0.00000     0.00000     0.00000
    -86.445         0.00000     0.00000     0.00000     0.00000
    -86.295         0.00000     0.00000     0.00000     0.00000
    -86.145         0.00000     0.00000     0.00000     0.00000
    -85.995         0.00000     0.00000     0.00000     0.00000
    -85.845         0.00000     0.00000     0.00000     0.00000
    -85.695         0.00000     0.00000     0.00000     0.00000
    -85.545         0.00000     0.00000     0.00000     0.00000
    -85.395         0.00000     0.00000     0.00000     0.00000
    -85.245         0.00000     0.00000     0.00000     0.00000
    -85.095         0.00000     0.00000     0.00000     0.00000
    -84.945         0.00000     0.00000     0.00000     0.00000
    -84.795         0.00000     0.00000     0.00000     0.00000
    -84.645         0.00000     0.00000     0.00000     0.00000
    -84.495         0.00000     0.00000     0.00000     0.00000
    -84.345         0.00000     0.00000     0.00000     0.00000
    -84.195         0.00000     0.00000     0.00000     0.00000
    -84.045         0.00000     0.00000     0.00000     0.00000
    -83.895         0.00000     0.00000     0.00000     0.00000
    -83.745         0.00000     0.00000     0.00000     0.00000
    -83.595         0.00000     0.00000     0.00000     0.00000
    -83.445         0.00000     0.00000     0.00000     0.00000
    -83.295         0.00000     0.00000     0.00000     0.00000
    -83.145         0.00000     0.00000     0.00000     0.00000
    -82.995         0.00000     0.00000     0.00000     0.00000
    -82.845         0.00000     0.00000     0.00000     0.00000
    -82.695         0.00000     0.00000     0.00000     0.00000
    -82.545         0.00000     0.00000     0.00000     0.00000
    -82.395         0.00000     0.00000     0.00000     0.00000
    -82.245         0.00000     0.00000     0.00000     0.00000
    -82.095         0.00000     0.00000     0.00000     0.00000
    -81.945         0.00000     0.00000     0.00000     0.00000
    -81.795         0.00000     0.00000     0.00000     0.00000
    -81.645         0.00000     0.00000     0.00000     0.00000
    -81.495         0.00000     0.00000     0.00000     0.00000
    -81.345         0.00000     0.00000     0.00000     0.00000
    -81.195         0.00000     0.00000     0.00000     0.00000
    -81.045         0.00000     0.00000     0.00000     0.00000
    -80.895         0.00000     0.00000     0.00000     0.00000
    -80.745         0.00000     0.00000     0.00000     0.00000
    -80.595         0.00000     0.00000     0.00000     0.00000
    -80.445         0.00000     0.00000     0.00000     0.00000
    -80.295         0.00000     0.00000     0.00000     0.00000
    -80.145         0.00000     0.00000     0.00000     0.00000
    -79.995         0.00000     0.00000     0.00000     0.00000
    -79.845         0.00000     0.00000     0.00000     0.00000
    -79.695         0.00000     0.00000     0.00000     0.00000
    -79.545         0.00000     0.00000     0.00000     0.00000
    -79.395         0.00000     0.00000     0.00000     0.00000
    -79.245         0.00000     0.00000     0.00000     0.00000
    -79.095         0.00000     0.00000     0.00000     0.00000
    -78.945         0.00000     0.00000     0.00000     0.00000
    -78.795         0.00000     0.00000     0.00000     0.00000
    -78.645         0.00000     0.00000     0.00000     0.00000
    -78.495         0.00000     0.00000     0.00000     0.00000
    -78.345         0.00000     0.00000     0.00000     0.00000
    -78.195         0.00000     0.00000     0.00000     0.00000
    -78.045         0.00000     0.00000     0.00000     0.00000
    -77.895         0.00000     0.00000     0.00000     0.00000
    -77.745         0.00000     0.00000     0.00000     0.00000
    -77.595         0.00000     0.00000     0.00000     0.00000
    -77.445         0.00000     0.00000     0.00000     0.00000
    -77.295         0.00000     0.00000     0.00000     0.00000
    -77.145         0.00000     0.00000     0.00000     0.00000
    -76.995         0.00000     0.00000     0.00000     0.00000
    -76.845         0.00000     0.00000     0.00000     0.00000
    -76.695         0.00000     0.00000     0.00000     0.00000
    -76.545         0.00000     0.00000     0.00000     0.00000
    -76.395         0.00000     0.00000     0.00000     0.00000
    -76.245         0.00000     0.00000     0.00000     0.00000
    -76.095         0.00000     0.00000     0.00000     0.00000
    -75.945         0.00000     0.00000     0.00000     0.00000
    -75.795         0.00000     0.00000     0.00000     0.00000
    -75.645         0.00000     0.00000     0.00000     0.00000
    -75.495         0.00000     0.00000     0.00000     0.00000
    -75.345         0.00000     0.00000     0.00000     0.00000
    -75.195         0.00000     0.00000     0.00000     0.00000
    -75.045         0.00000     0.00000     0.00000     0.00000
    -74.895         0.00000     0.00000     0.00000     0.00000
    -74.745         0.00000     0.00000     0.00000     0.00000
    -74.595         0.00000     0.00000     0.00000     0.00000
    -74.445         0.00000     0.00000     0.00000     0.00000
    -74.295         0.00000     0.00000     0.00000     0.00000
    -74.145         0.00000     0.00000     0.00000     0.00000
    -73.995         0.00000     0.00000     0.00000     0.00000
    -73.845         0.00000     0.00000     0.00000     0.00000
    -73.695         0.00000     0.00000     0.00000     0.00000
    -73.545         0.00000     0.00000     0.00000     0.00000
    -73.395         0.00000     0.00000     0.00000     0.00000
    -73.245         0.00000     0.00000     0.00000     0.00000
    -73.095         0.00000     0.00000     0.00000     0.00000
    -72.945         0.00000     0.00000     0.00000     0.00000
    -72.795         0.00000     0.00000     0.00000     0.00000
    -72.645         0.00000     0.00000     0.00000     0.00000
    -72.495         0.00000     0.00000     0.00000     0.00000
    -72.345         0.00000     0.00000     0.00000     0.00000
    -72.195         0.00000     0.00000     0.00000     0.00000
    -72.045         0.00000     0.00000     0.00000     0.00000
    -71.895         0.00000     0.00000     0.00000     0.00000
    -71.745         0.00000     0.00000     0.00000     0.00000
    -71.595         0.00000     0.00000     0.00000     0.00000
    -71.445         0.00000     0.00000     0.00000     0.00000
    -71.295         0.00000     0.00000     0.00000     0.00000
    -71.145         0.00000     0.00000     0.00000     0.00000
    -70.995         0.00000     0.00000     0.00000     0.00000
    -70.845         0.00000     0.00000     0.00000     0.00000
    -70.695         0.00000     0.00000     0.00000     0.00000
    -70.545         0.00000     0.00000     0.00000     0.00000
    -70.395         0.00000     0.00000     0.00000     0.00000
    -70.245         0.00000     0.00000     0.00000     0.00000
    -70.095         0.00000     0.00000     0.00000     0.00000
    -69.945         0.00000     0.00000     0.00000     0.00000
    -69.795         0.00000     0.00000     0.00000     0.00000
    -69.645         0.00000     0.00000     0.00000     0.00000
    -69.495         0.00000     0.00000     0.00000     0.00000
    -69.345         0.00000     0.00000     0.00000     0.00000
    -69.195         0.00000     0.00000     0.00000     0.00000
    -69.045         0.00000     0.00000     0.00000     0.00000
    -68.895         0.00000     0.00000     0.00000     0.00000
    -68.745         0.00000     0.00000     0.00000     0.00000
    -68.595         0.00000     0.00000     0.00000     0.00000
    -68.445         0.00000     0.00000     0.00000     0.00000
    -68.295         0.00000     0.00000     0.00000     0.00000
    -68.145         0.00000     0.00000     0.00000     0.00000
    -67.995         0.00000     0.00000     0.00000     0.00000
    -67.845         0.00000     0.00000     0.00000     0.00000
    -67.695         0.00000     0.00000     0.00000     0.00000
    -67.545         0.00000     0.00000     0.00000     0.00000
    -67.395         0.00000     0.00000     0.00000     0.00000
    -67.245         0.00000     0.00000     0.00000     0.00000
    -67.095         0.00000     0.00000     0.00000     0.00000
    -66.945         0.00000     0.00000     0.00000     0.00000
    -66.795         0.00000     0.00000     0.00000     0.00000
    -66.645         0.00000     0.00000     0.00000     0.00000
    -66.495         0.00000     0.00000     0.00000     0.00000
    -66.345         0.00000     0.00000     0.00000     0.00000
    -66.195         0.00000     0.00000     0.00000     0.00000
    -66.045         0.00000     0.00000     0.00000     0.00000
    -65.895         0.00000     0.00000     0.00000     0.00000
    -65.745         0.00000     0.00000     0.00000     0.00000
    -65.595         0.00000     0.00000     0.00000     0.00000
    -65.445         0.00000     0.00000     0.00000     0.00000
    -65.295         0.00000     0.00000     0.00000     0.00000
    -65.145         0.00000     0.00000     0.00000     0.00000
    -64.995         0.00000     0.00000     0.00000     0.00000
    -64.845         0.00000     0.00000     0.00000     0.00000
    -64.695         0.00000     0.00000     0.00000     0.00000
    -64.545         0.00000     0.00000     0.00000     0.00000
    -64.395         0.00000     0.00000     0.00000     0.00000
    -64.245         0.00000     0.00000     0.00000     0.00000
    -64.095         0.00000     0.00000     0.00000     0.00000
    -63.945         0.00000     0.00000     0.00000     0.00000
    -63.795         0.00000     0.00000     0.00000     0.00000
    -63.645         0.00000     0.00000     0.00000     0.00000
    -63.495         0.00000     0.00000     0.00000     0.00000
    -63.345         0.00000     0.00000     0.00000     0.00000
    -63.195         0.00000     0.00000     0.00000     0.00000
    -63.045         0.00000     0.00000     0.00000     0.00000
    -62.895         0.00000     0.00000     0.00000     0.00000
    -62.745         0.00000     0.00000     0.00000     0.00000
    -62.595         0.00000     0.00000     0.00000     0.00000
    -62.445         0.00000     0.00000     0.00000     0.00000
    -62.295         0.00000     0.00000     0.00000     0.00000
    -62.145         0.00000     0.00000     0.00000     0.00000
    -61.995         0.00000     0.00000     0.00000     0.00000
    -61.845         0.00000     0.00000     0.00000     0.00000
    -61.695         0.00000     0.00000     0.00000     0.00000
    -61.545         0.00000     0.00000     0.00000     0.00000
    -61.395         0.00000     0.00000     0.00000     0.00000
    -61.245         0.00000     0.00000     0.00000     0.00000
    -61.095         0.00000     0.00000     0.00000     0.00000
    -60.945         0.00000     0.00000     0.00000     0.00000
    -60.795         0.00000     0.00000     0.00000     0.00000
    -60.645         0.00000     0.00000     0.00000     0.00000
    -60.495         0.00000     0.00000     0.00000     0.00000
    -60.345         0.00000     0.00000     0.00000     0.00000
    -60.195         0.00000     0.00000     0.00000     0.00000
    -60.045         0.00000     0.00000     0.00000     0.00000
    -59.895         0.00000     0.00000     0.00000     0.00000
    -59.745         0.00000     0.00000     0.00000     0.00000
    -59.595         0.00000     0.00000     0.00000     0.00000
    -59.445         0.00000     0.00000     0.00000     0.00000
    -59.295         0.00000     0.00000     0.00000     0.00000
    -59.145         0.00000     0.00000     0.00000     0.00000
    -58.995         0.00000     0.00000     0.00000     0.00000
    -58.845         0.00000     0.00000     0.00000     0.00000
    -58.695         0.00000     0.00000     0.00000     0.00000
    -58.545         0.00000     0.00000     0.00000     0.00000
    -58.395         0.00000     0.00000     0.00000     0.00000
    -58.245         0.00000     0.00000     0.00000     0.00000
    -58.095         0.00000     0.00000     0.00000     0.00000
    -57.945         0.00000     0.00000     0.00000     0.00000
    -57.795         0.00000     0.00000     0.00000     0.00000
    -57.645         0.00000     0.00000     0.00000     0.00000
    -57.495         0.00000     0.00000     0.00000     0.00000
    -57.345         0.00000     0.00000     0.00000     0.00000
    -57.195         0.00000     0.00000     0.00000     0.00000
    -57.045         0.00000     0.00000     0.00000     0.00000
    -56.895         0.00000     0.00000     0.00000     0.00000
    -56.745         0.00000     0.00000     0.00000     0.00000
    -56.595         0.00000     0.00000     0.00000     0.00000
    -56.445         0.00000     0.00000     0.00000     0.00000
    -56.295         0.00000     0.00000     0.00000     0.00000
    -56.145         0.00000     0.00000     0.00000     0.00000
    -55.995         0.00000     0.00000     0.00000     0.00000
    -55.845         0.00000     0.00000     0.00000     0.00000
    -55.695         0.00000     0.00000     0.00000     0.00000
    -55.545         0.00000     0.00000     0.00000     0.00000
    -55.395         0.00000     0.00000     0.00000     0.00000
    -55.245         0.00000     0.00000     0.00000     0.00000
    -55.095         0.00000     0.00000     0.00000     0.00000
    -54.945         0.00000     0.00000     0.00000     0.00000
    -54.795         0.00000     0.00000     0.00000     0.00000
    -54.645         0.00000     0.00000     0.00000     0.00000
    -54.495         0.00000     0.00000     0.00000     0.00000
    -54.345         0.00000     0.00000     0.00000     0.00000
    -54.195         0.00000     0.00000     0.00000     0.00000
    -54.045         0.00000     0.00000     0.00000     0.00000
    -53.895         0.00000     0.00000     0.00000     0.00000
    -53.745         0.00000     0.00000     0.00000     0.00000
    -53.595         0.00000     0.00000     0.00000     0.00000
    -53.445         0.00000     0.00000     0.00000     0.00000
    -53.295         0.00000     0.00000     0.00000     0.00000
    -53.145         0.00000     0.00000     0.00000     0.00000
    -52.995         0.00000     0.00000     0.00000     0.00000
    -52.845         0.00000     0.00000     0.00000     0.00000
    -52.695         0.00000     0.00000     0.00000     0.00000
    -52.545         0.00000     0.00000     0.00000     0.00000
    -52.395         0.00000     0.00000     0.00000     0.00000
    -52.245         0.00000     0.00000     0.00000     0.00000
    -52.095         0.00000     0.00000     0.00000     0.00000
    -51.945         0.00000     0.00000     0.00000     0.00000
    -51.795         0.00000     0.00000     0.00000     0.00000
    -51.645         0.00000     0.00000     0.00000     0.00000
    -51.495         0.00000     0.00000     0.00000     0.00000
    -51.345         0.00000     0.00000     0.00000     0.00000
    -51.195         0.00000     0.00000     0.00000     0.00000
    -51.045         0.00000     0.00000     0.00000     0.00000
    -50.895         0.00000     0.00000     0.00000     0.00000
    -50.745         0.00000     0.00000     0.00000     0.00000
    -50.595         0.00000     0.00000     0.00000     0.00000
    -50.445         0.00000     0.00000     0.00000     0.00000
    -50.295         0.00000     0.00000     0.00000     0.00000
    -50.145         0.00000     0.00000     0.00000     0.00000
    -49.995         0.00000     0.00000     0.00000     0.00000
    -49.845         0.00000     0.00000     0.00000     0.00000
    -49.695         0.00000     0.00000     0.00000     0.00000
    -49.545         0.00000     0.00000     0.00000     0.00000
    -49.395         0.00000     0.00000     0.00000     0.00000
    -49.245         0.00000     0.00000     0.00000     0.00000
    -49.095         0.00000     0.00000     0.00000     0.00000
    -48.945         0.00000     0.00000     0.00000     0.00000
    -48.795         0.00000     0.00000     0.00000     0.00000
    -48.645         0.00000     0.00000     0.00000     0.00000
    -48.495         0.00000     0.00000     0.00000     0.00000
    -48.345         0.00000     0.00000     0.00000     0.00000
    -48.195         0.00000     0.00000     0.00000     0.00000
    -48.045         0.00000     0.00000     0.00000     0.00000
    -47.895         0.00000     0.00000     0.00000     0.00000
    -47.745         0.00000     0.00000     0.00000     0.00000
    -47.595         0.00000     0.00000     0.00000     0.00000
    -47.445         0.00000     0.00000     0.00000     0.00000
    -47.295         0.00000     0.00000     0.00000     0.00000
    -47.145         0.00000     0.00000     0.00000     0.00000
    -46.995         0.00000     0.00000     0.00000     0.00000
    -46.845         0.00000     0.00000     0.00000     0.00000
    -46.695         0.00000     0.00000     0.00000     0.00000
    -46.545         0.00000     0.00000     0.00000     0.00000
    -46.395         0.00000     0.00000     0.00000     0.00000
    -46.245         0.00000     0.00000     0.00000     0.00000
    -46.095         0.00000     0.00000     0.00000     0.00000
    -45.945         0.00000     0.00000     0.00000     0.00000
    -45.795         0.00000     0.00000     0.00000     0.00000
    -45.645         0.00000     0.00000     0.00000     0.00000
    -45.495         0.00000     0.00000     0.00000     0.00000
    -45.345         0.00000     0.00000     0.00000     0.00000
    -45.195         0.00000     0.00000     0.00000     0.00000
    -45.045         0.00000     0.00000     0.00000     0.00000
    -44.895         0.00000     0.00000     0.00000     0.00000
    -44.745         0.00000     0.00000     0.00000     0.00000
    -44.595         0.00000     0.00000     0.00000     0.00000
    -44.445         0.00000     0.00000     0.00000     0.00000
    -44.295         0.00000     0.00000     0.00000     0.00000
    -44.145         0.00000     0.00000     0.00000     0.00000
    -43.995         0.00000     0.00000     0.00000     0.00000
    -43.845         0.00000     0.00000     0.00000     0.00000
    -43.695         0.00000     0.00000     0.00000     0.00000
    -43.545         0.00000     0.00000     0.00000     0.00000
    -43.395         0.00000     0.00000     0.00000     0.00000
    -43.245         0.00000     0.00000     0.00000     0.00000
    -43.095         0.00000     0.00000     0.00000     0.00000
    -42.945         0.00000     0.00000     0.00000     0.00000
    -42.795         0.00000     0.00000     0.00000     0.00000
    -42.645         0.00000     0.00000     0.00000     0.00000
    -42.495         0.00000     0.00000     0.00000     0.00000
    -42.345         0.00000     0.00000     0.00000     0.00000
    -42.195         0.00000     0.00000     0.00000     0.00000
    -42.045         0.00000     0.00000     0.00000     0.00000
    -41.895         0.00000     0.00000     0.00000     0.00000
    -41.745         0.00000     0.00000     0.00000     0.00000
    -41.595         0.00000     0.00000     0.00000     0.00000
    -41.445         0.00000     0.00000     0.00000     0.00000
    -41.295         0.00000     0.00000     0.00000     0.00000
    -41.145         0.00000     0.00000     0.00000     0.00000
    -40.995         0.00000     0.00000     0.00000     0.00000
    -40.845         0.00000     0.00000     0.00000     0.00000
    -40.695         0.00000     0.00000     0.00000     0.00000
    -40.545         0.00000     0.00000     0.00000     0.00000
    -40.395         0.00000     0.00000     0.00000     0.00000
    -40.245         0.00000     0.00000     0.00000     0.00000
    -40.095         0.00000     0.00000     0.00000     0.00000
    -39.945         0.00000     0.00000     0.00000     0.00000
    -39.795         0.00000     0.00000     0.00000     0.00000
    -39.645         0.00000     0.00000     0.00000     0.00000
    -39.495         0.00000     0.00000     0.00000     0.00000
    -39.345         0.00000     0.00000     0.00000     0.00000
    -39.195         0.00000     0.00000     0.00000     0.00000
    -39.045         0.00000     0.00000     0.00000     0.00000
    -38.895         0.00000     0.00000     0.00000     0.00000
    -38.745         0.00000     0.00000     0.00000     0.00000
    -38.595         0.00000     0.00000     0.00000     0.00000
    -38.445         0.00000     0.00000     0.00000     0.00000
    -38.295         0.00000     0.00000     0.00000     0.00000
    -38.145         0.00000     0.00000     0.00000     0.00000
    -37.995         0.00000     0.00000     0.00000     0.00000
    -37.845         0.00000     0.00000     0.00000     0.00000
    -37.695         0.00000     0.00000     0.00000     0.00000
    -37.545         0.00000     0.00000     0.00000     0.00000
    -37.395         0.00000     0.00000     0.00000     0.00000
    -37.245         0.00000     0.00000     0.00000     0.00000
    -37.095         0.00000     0.00000     0.00000     0.00000
    -36.945         0.00000     0.00000     0.00000     0.00000
    -36.795         0.00000     0.00000     0.00000     0.00000
    -36.645         0.00000     0.00000     0.00000     0.00000
    -36.495         0.00000     0.00000     0.00000     0.00000
    -36.345         0.00000     0.00000     0.00000     0.00000
    -36.195         0.00000     0.00000     0.00000     0.00000
    -36.045         0.00000     0.00000     0.00000     0.00000
    -35.895         0.00000     0.00000     0.00000     0.00000
    -35.745         0.00000     0.00000     0.00000     0.00000
    -35.595         0.00000     0.00000     0.00000     0.00000
    -35.445         0.00000     0.00000     0.00000     0.00000
    -35.295         0.00000     0.00000     0.00000     0.00000
    -35.145         0.00000     0.00000     0.00000     0.00000
    -34.995         0.00000     0.00000     0.00000     0.00000
    -34.845         0.00000     0.00000     0.00000     0.00000
    -34.695         0.00000     0.00000     0.00000     0.00000
    -34.545         0.00000     0.00000     0.00000     0.00000
    -34.395         0.00000     0.00000     0.00000     0.00000
    -34.245         0.00000     0.00000     0.00000     0.00000
    -34.095         0.00000     0.00000     0.00000     0.00000
    -33.945         0.00000     0.00000     0.00000     0.00000
    -33.795         0.00000     0.00000     0.00000     0.00000
    -33.645         0.00000     0.00000     0.00000     0.00000
    -33.495         0.00000     0.00000     0.00000     0.00000
    -33.345         0.00000     0.00000     0.00000     0.00000
    -33.195         0.00000     0.00000     0.00000     0.00000
    -33.045         0.00000     0.00000     0.00000     0.00000
    -32.895         0.00000     0.00000     0.00000     0.00000
    -32.745         0.00000     0.00000     0.00000     0.00000
    -32.595         0.00000     0.00000     0.00000     0.00000
    -32.445         0.00000     0.00000     0.00000     0.00000
    -32.295         0.00000     0.00000     0.00000     0.00000
    -32.145         0.00000     0.00000     0.00000     0.00000
    -31.995         0.00000     0.00000     0.00000     0.00000
    -31.845         0.00000     0.00000     0.00000     0.00000
    -31.695         0.00000     0.00000     0.00000     0.00000
    -31.545         0.00000     0.00000     0.00000     0.00000
    -31.395         0.00000     0.00000     0.00000     0.00000
    -31.245         0.00000     0.00000     0.00000     0.00000
    -31.095         0.00000     0.00000     0.00000     0.00000
    -30.945         0.00000     0.00000     0.00000     0.00000
    -30.795         0.00000     0.00000     0.00000     0.00000
    -30.645         0.00000     0.00000     0.00000     0.00000
    -30.495         0.00000     0.00000     0.00000     0.00000
    -30.345         0.00000     0.00000     0.00000     0.00000
    -30.195         0.00000     0.00000     0.00000     0.00000
    -30.045         0.00000     0.00000     0.00000     0.00000
    -29.895         0.00000     0.00000     0.00000     0.00000
    -29.745         0.00000     0.00000     0.00000     0.00000
    -29.595         0.00000     0.00000     0.00000     0.00000
    -29.445         0.00000     0.00000     0.00000     0.00000
    -29.295         0.00000     0.00000     0.00000     0.00000
    -29.145         0.00000     0.00000     0.00000     0.00000
    -28.995         0.00000     0.00000     0.00000     0.00000
    -28.845         0.00000     0.00000     0.00000     0.00000
    -28.695         0.00000     0.00000     0.00000     0.00000
    -28.545         0.00000     0.00000     0.00000     0.00000
    -28.395         0.00000     0.00000     0.00000     0.00000
    -28.245         0.00000     0.00000     0.00000     0.00000
    -28.095         0.00000     0.00000     0.00000     0.00000
    -27.945         0.00000     0.00000     0.00000     0.00000
    -27.795         0.00000     0.00000     0.00000     0.00000
    -27.645         0.00000     0.00000     0.00000     0.00000
    -27.495         0.00000     0.00000     0.00000     0.00000
    -27.345         0.00000     0.00000     0.00000     0.00000
    -27.195         0.00000     0.00000     0.00000     0.00000
    -27.045         0.00000     0.00000     0.00000     0.00000
    -26.895         0.00000     0.00000     0.00000     0.00000
    -26.745         0.00000     0.00000     0.00000     0.00000
    -26.595         0.00000     0.00000     0.00000     0.00000
    -26.445         0.00000     0.00000     0.00000     0.00000
    -26.295         0.00000     0.00000     0.00000     0.00000
    -26.145         0.00000     0.00000     0.00000     0.00000
    -25.995         0.00000     0.00000     0.00000     0.00000
    -25.845         0.00000     0.00000     0.00000     0.00000
    -25.695         0.00000     0.00000     0.00000     0.00000
    -25.545         0.00000     0.00000     0.00000     0.00000
    -25.395         0.00000     0.00000     0.00000     0.00000
    -25.245         0.00000     0.00000     0.00000     0.00000
    -25.095         0.00000     0.00000     0.00000     0.00000
    -24.945         0.00000     0.00000     0.00000     0.00000
    -24.795         0.00000     0.00000     0.00000     0.00000
    -24.645         0.00000     0.00000     0.00000     0.00000
    -24.495         0.00000     0.00000     0.00000     0.00000
    -24.345         0.00000     0.00000     0.00000     0.00000
    -24.195         0.00000     0.00000     0.00000     0.00000
    -24.045         0.00000     0.00000     0.00000     0.00000
    -23.895         0.00000     0.00000     0.00000     0.00000
    -23.745         0.00000     0.00000     0.00000     0.00000
    -23.595         0.00000     0.00000     0.00000     0.00000
    -23.445         0.00000     0.00000     0.00000     0.00000
    -23.295         0.00000     0.00000     0.00000     0.00000
    -23.145         0.00000     0.00000     0.00000     0.00000
    -22.995         0.00000     0.00000     0.00000     0.00000
    -22.845         0.00000     0.00000     0.00000     0.00000
    -22.695         0.00000     0.00000     0.00000     0.00000
    -22.545         0.00000     0.00000     0.00000     0.00000
    -22.395         0.00000     0.00000     0.00000     0.00000
    -22.245         0.00000     0.00000     0.00000     0.00000
    -22.095         0.00000     0.00000     0.00000     0.00000
    -21.945         0.00000     0.00000     0.00000     0.00000
    -21.795         0.00000     0.00000     0.00000     0.00000
    -21.645         0.00000     0.00000     0.00000     0.00000
    -21.495         0.00000     0.00000     0.00000     0.00000
    -21.345         0.00000     0.00000     0.00000     0.00000
    -21.195         0.00000     0.00000     0.00000     0.00000
    -21.045         0.00000     0.00000     0.00000     0.00000
    -20.895         0.00000     0.00000     0.00000     0.00000
    -20.745         0.00000     0.00000     0.00000     0.00000
    -20.595         0.00000     0.00000     0.00000     0.00000
    -20.445         0.00000     0.00000     0.00000     0.00000
    -20.295         0.00000     0.00000     0.00000     0.00000
    -20.145         0.00000     0.00000     0.00000     0.00000
    -19.995         0.00000     0.00000     0.00000     0.00000
    -19.845         0.00000     0.00000     0.00000     0.00000
    -19.695         0.00000     0.00000     0.00000     0.00000
    -19.545         0.00000     0.00000     0.00000     0.00000
    -19.395         0.00000     0.00000     0.00000     0.00000
    -19.245         0.00000     0.00000     0.00000     0.00000
    -19.095         0.00000     0.00000     0.00000     0.00000
    -18.945         0.00000     0.00000     0.00000     0.00000
    -18.795         0.00000     0.00000     0.00000     0.00000
    -18.645         0.00000     0.00000     0.00000     0.00000
    -18.495         0.00000     0.00000     0.00000     0.00000
    -18.345         0.00000     0.00000     0.00000     0.00000
    -18.195         0.00000     0.00000     0.00000     0.00000
    -18.045         0.00000     0.00000     0.00000     0.00000
    -17.895         0.00000     0.00000     0.00000     0.00000
    -17.745         0.00000     0.00000     0.00000     0.00000
    -17.595         0.00000     0.00000     0.00000     0.00000
    -17.445         0.00000     0.00000     0.00000     0.00000
    -17.295         0.00000     0.00000     0.00000     0.00000
    -17.145         0.00000     0.00000     0.00000     0.00000
    -16.995         0.00000     0.00000     0.00000     0.00000
    -16.845         0.00000     0.00000     0.00000     0.00000
    -16.695         0.00000     0.00000     0.00000     0.00000
    -16.545         0.00000     0.00000     0.00000     0.00000
    -16.395         0.00000     0.00000     0.00000     0.00000
    -16.245         0.00000     0.00000     0.00000     0.00000
    -16.095         0.00000     0.00000     0.00000     0.00000
    -15.945         0.00000     0.00000     0.00000     0.00000
    -15.795         0.00000     0.00000     0.00000     0.00000
    -15.645         0.00000     0.00000     0.00000     0.00000
    -15.495         0.00000     0.00000     0.00000     0.00000
    -15.345         0.00000     0.00000     0.00000     0.00000
    -15.195         0.00000     0.00000     0.00000     0.00000
    -15.045         0.00000     0.00000     0.00000     0.00000
    -14.895         0.00000     0.00000     0.00000     0.00000
    -14.745         0.00000     0.00000     0.00000     0.00000
    -14.595         0.00000     0.00000     0.00000     0.00000
    -14.445         0.00000     0.00000     0.00000     0.00000
    -14.295         0.00000     0.00000     0.00000     0.00000
    -14.145         0.00000     0.00000     0.00000     0.00000
    -13.995         0.00000     0.00000     0.00000     0.00000
    -13.845         0.00000     0.00000     0.00000     0.00000
    -13.695         0.00000     0.00000     0.00000     0.00000
    -13.545         0.00000     0.00000     0.00000     0.00000
    -13.395         0.00000     0.00000     0.00000     0.00000
    -13.245         0.00000     0.00000     0.00000     0.00000
    -13.095         0.00000     0.00000     0.00000     0.00000
    -12.945         0.00000     0.00000     0.00000     0.00000
    -12.795         0.00000     0.00000     0.00000     0.00000
    -12.645         0.00000     0.00000     0.00000     0.00000
    -12.495         0.00000     0.00000     0.00000     0.00000
    -12.345         0.00000     0.00000     0.00000     0.00000
    -12.195         0.00000     0.00000     0.00000     0.00000
    -12.045         0.00000     0.00000     0.00000     0.00000
    -11.895         0.00000     0.00000     0.00000     0.00000
    -11.745         0.00000     0.00000     0.00000     0.00000
    -11.595         0.00000     0.00000     0.00000     0.00000
    -11.445         0.00000     0.00000     0.00000     0.00000
    -11.295         0.00000     0.00000     0.00000     0.00000
    -11.145         0.00000     0.00000     0.00000     0.00000
    -10.995         0.00000     0.00000     0.00000     0.00000
    -10.845         0.00000     0.00000     0.00000     0.00000
    -10.695         0.00000     0.00000     0.00000     0.00000
    -10.545         0.00000     0.00000     0.00000     0.00000
    -10.395         0.00000     0.00000     0.00000     0.00000
    -10.245         0.00000     0.00000     0.00000     0.00000
    -10.095         0.00000     0.00000     0.00000     0.00000
    -9.9450         0.00000     0.00000     0.00000     0.00000
    -9.7950         0.00000     0.00000     0.00000     0.00000
    -9.6450         0.00000     0.00000     0.00000     0.00000
    -9.4950         0.00000     0.00000     0.00000     0.00000
    -9.3450         0.00000     0.00000     0.00000     0.00000
    -9.1950         0.00000     0.00000     0.00000     0.00000
    -9.0450         0.00000     0.00000     0.00000     0.00000
    -8.8950         0.00000     0.00000     0.00000     0.00000
    -8.7450         0.00000     0.00000     0.00000     0.00000
    -8.5950         0.00000     0.00000     0.00000     0.00000
    -8.4450         0.00000     0.00000     0.00000     0.00000
    -8.2950         0.00000     0.00000     0.00000     0.00000
    -8.1450         0.00000     0.00000     0.00000     0.00000
    -7.9950         0.00000     0.00000     0.00000     0.00000
    -7.8450         0.00000     0.00000     0.00000     0.00000
    -7.6950         0.00000     0.00000     0.00000     0.00000
    -7.5450         0.00000     0.00000     0.00000     0.00000
    -7.3950         0.00000     0.00000     0.00000     0.00000
    -7.2450         0.00000     0.00000     0.00000     0.00000
    -7.0950         0.00000     0.00000     0.00000     0.00000
    -6.9450         0.00000     0.00000     0.00000     0.00000
    -6.7950         0.00000     0.00000     0.00000     0.00000
    -6.6450         0.00000     0.00000     0.00000     0.00000
    -6.4950         0.00000     0.00000     0.00000     0.00000
    -6.3450         0.00000     0.00000     0.00000     0.00000
    -6.1950         0.00000     0.00000     0.00000     0.00000
    -6.0450         0.00000     0.00000     0.00000     0.00000
    -5.8950         0.00000     0.00000     0.00000     0.00000
    -5.7450         0.00000     0.00000     0.00000     0.00000
    -5.5950         0.00000     0.00000     0.00000     0.00000
    -5.4450         0.00000     0.00000     0.00000     0.00000
    -5.2950         0.00000     0.00000     0.00000     0.00000
    -5.1450         0.00000     0.00000     0.00000     0.00000
    -4.9950         0.00000     0.00000     0.00000     0.00000
    -4.8450         0.00000     0.00000     0.00000     0.00000
    -4.6950         0.00000     0.00000     0.00000     0.00000
    -4.5450         0.00000     0.00000     0.00000     0.00000
    -4.3950         0.00000     0.00000     0.00000     0.00000
    -4.2450         0.00000     0.00000     0.00000     0.00000
    -4.0950         0.00000     0.00000     0.00000     0.00000
    -3.9450         0.00000     0.00000     0.00000     0.00000
    -3.7950         0.00000     0.00000     0.00000     0.00000
    -3.6450         0.00000     0.00000     0.00000     0.00000
    -3.4950         0.00000     0.00000     0.00000     0.00000
    -3.3450         0.00000     0.00000     0.00000     0.00000
    -3.1950         0.00000     0.00000     0.00000     0.00000
    -3.0450         0.00000     0.00000     0.00000     0.00000
    -2.8950         0.00000     0.00000     0.00000     0.00000
    -2.7450         0.00000     0.00000     0.00000     0.00000
    -2.5950         0.00000     0.00000     0.00000     0.00000
    -2.4450        -0.00000    -0.00000     0.00000     0.00000
    -2.2950         0.00000     0.00000     0.00000     0.00000
    -2.1450         0.00000     0.00000     0.00000     0.00000
    -1.9950         0.00000     0.00000     0.00000    -0.00000
    -1.8450         0.00001     0.00001     0.00000     0.00000
    -1.6950        -0.00020    -0.00020     0.00000     0.00001
    -1.5450        -0.00082    -0.00063     0.00000    -0.00019
    -1.3950        -0.00243    -0.00098     0.00000    -0.00146
    -1.2450        -0.00928    -0.00241     0.00000    -0.00686
    -1.0950        -0.02778    -0.00452     0.00000    -0.02326
   -0.94500        -0.08009    -0.00787     0.00007    -0.07228
   -0.79500        -0.27303    -0.01439    -0.00172    -0.25692
   -0.64500        -1.04951    -0.02563    -0.01812    -1.00576
   -0.49500        -3.15835    -0.04376    -0.08266    -3.03194
   -0.34500        -6.21359    -0.07138    -0.16867    -5.97354
   -0.22700        -7.11590    -0.08407    -0.19287    -6.83896
   -0.21300        -7.21634    -0.08564    -0.19567    -6.93503
   -0.20700        -7.31535    -0.08728    -0.19848    -7.02959
   -0.20100        -7.41303    -0.08897    -0.20124    -7.12282
   -0.19500        -7.51079    -0.09083    -0.20386    -7.21609
   -0.18900        -7.60717    -0.09279    -0.20676    -7.30762
   -0.18300        -7.70179    -0.09458    -0.20963    -7.39757
   -0.17700        -7.79748    -0.09675    -0.21254    -7.48820
   -0.17100        -7.89199    -0.09869    -0.21554    -7.57776
   -0.16500        -7.98750    -0.10086    -0.21864    -7.66800
   -0.15900        -8.08152    -0.10273    -0.22184    -7.75695
   -0.15300        -8.17527    -0.10486    -0.22489    -7.84551
   -0.14700        -8.26984    -0.10712    -0.22791    -7.93482
   -0.14100        -8.36473    -0.10955    -0.23117    -8.02402
   -0.13500        -8.46050    -0.11190    -0.23487    -8.11372
   -0.12900        -8.55774    -0.11438    -0.23841    -8.20495
   -0.12300        -8.65545    -0.11699    -0.24200    -8.29646
   -0.11700        -8.75556    -0.11987    -0.24586    -8.38983
   -0.11100        -8.85683    -0.12268    -0.24978    -8.48437
   -0.10500        -8.96052    -0.12564    -0.25392    -8.58096
   -0.99000E-01    -9.06662    -0.12889    -0.25834    -8.67939
   -0.93000E-01    -9.17579    -0.13225    -0.26282    -8.78072
   -0.87000E-01    -9.28853    -0.13590    -0.26767    -8.88496
   -0.81000E-01    -9.40552    -0.13962    -0.27277    -8.99312
   -0.75000E-01    -9.52856    -0.14369    -0.27819    -9.10668
   -0.69000E-01    -9.65767    -0.14809    -0.28404    -9.22555
   -0.63000E-01    -9.79594    -0.15292    -0.29021    -9.35281
   -0.57000E-01    -9.94391    -0.15817    -0.29691    -9.48884
   -0.51000E-01   -10.10304    -0.16397    -0.30413    -9.63495
   -0.45000E-01   -10.27577    -0.17037    -0.31231    -9.79309
   -0.39000E-01   -10.46389    -0.17764    -0.32195    -9.96430
   -0.33000E-01   -10.67023    -0.18610    -0.33363   -10.15051
   -0.27000E-01   -10.89976    -0.19655    -0.34910   -10.35411
   -0.21300E-01   -11.07369    -0.20505    -0.36339   -10.50525
   -0.19500E-01   -11.10075    -0.20641    -0.36590   -10.52845
   -0.18900E-01   -11.12803    -0.20779    -0.36848   -10.55176
   -0.18300E-01   -11.15592    -0.20927    -0.37126   -10.57539
   -0.17700E-01   -11.18433    -0.21078    -0.37419   -10.59936
   -0.17100E-01   -11.21323    -0.21235    -0.37732   -10.62356
   -0.16500E-01   -11.24292    -0.21395    -0.38064   -10.64833
   -0.15900E-01   -11.27305    -0.21560    -0.38415   -10.67329
   -0.15300E-01   -11.30387    -0.21729    -0.38798   -10.69861
   -0.14700E-01   -11.33535    -0.21903    -0.39207   -10.72424
   -0.14100E-01   -11.36762    -0.22087    -0.39640   -10.75035
   -0.13500E-01   -11.40057    -0.22277    -0.40101   -10.77679
   -0.12900E-01   -11.43469    -0.22473    -0.40604   -10.80392
   -0.12300E-01   -11.46951    -0.22675    -0.41148   -10.83128
   -0.11700E-01   -11.50526    -0.22880    -0.41744   -10.85902
   -0.11100E-01   -11.54227    -0.23097    -0.42396   -10.88735
   -0.10500E-01   -11.58048    -0.23322    -0.43110   -10.91616
   -0.99000E-02   -11.61996    -0.23556    -0.43901   -10.94539
   -0.93000E-02   -11.66101    -0.23800    -0.44796   -10.97505
   -0.87000E-02   -11.70397    -0.24054    -0.45805   -11.00538
   -0.81000E-02   -11.74906    -0.24318    -0.46955   -11.03632
   -0.75000E-02   -11.79648    -0.24595    -0.48299   -11.06755
   -0.69000E-02   -11.84700    -0.24879    -0.49889   -11.09932
   -0.63000E-02   -11.90170    -0.25179    -0.51851   -11.13140
   -0.57000E-02   -11.96261    -0.25494    -0.54350   -11.16417
   -0.51000E-02   -12.03214    -0.25814    -0.57655   -11.19744
   -0.45000E-02   -12.11498    -0.26147    -0.62221   -11.23130
   -0.39000E-02   -12.21729    -0.26490    -0.68658   -11.26582
   -0.33000E-02   -12.34241    -0.26835    -0.77272   -11.30134
   -0.27000E-02   -12.46297    -0.27179    -0.85235   -11.33883
   -0.21000E-02   -12.55164    -0.27507    -0.89587   -11.38070
   -0.15000E-02   -12.62704    -0.27808    -0.91488   -11.43408
   -0.90000E-03   -12.72722    -0.28044    -0.92199   -11.52479
   -0.30000E-03   -14.15732    -0.28151    -0.92353   -12.95227
    0.30000E-03   -12.72619    -0.27996    -0.92247   -11.52376
    0.90000E-03   -12.63258    -0.27282    -0.92014   -11.43962
    0.15000E-02   -12.57236    -0.25375    -0.91717   -11.40144
    0.21000E-02   -12.50667    -0.21030    -0.91388   -11.38250
    0.27000E-02   -12.41440    -0.13093    -0.91046   -11.37302
    0.33000E-02   -12.32017    -0.04484    -0.90703   -11.36831
    0.39000E-02   -12.25012     0.01948    -0.90367   -11.36592
    0.45000E-02   -12.19995     0.06513    -0.90038   -11.36470
    0.51000E-02   -12.16287     0.09837    -0.89716   -11.36407
    0.57000E-02   -12.13452     0.12335    -0.89412   -11.36374
    0.63000E-02   -12.11174     0.14299    -0.89117   -11.36356
    0.69000E-02   -12.09272     0.15905    -0.88831   -11.36347
    0.75000E-02   -12.07655     0.17246    -0.88561   -11.36341
    0.81000E-02   -12.06239     0.18396    -0.88298   -11.36336
    0.87000E-02   -12.04976     0.19402    -0.88044   -11.36334
    0.93000E-02   -12.03849     0.20288    -0.87806   -11.36331
    0.99000E-02   -12.02828     0.21081    -0.87580   -11.36329
    0.10500E-01   -12.01888     0.21796    -0.87357   -11.36327
    0.11100E-01   -12.01022     0.22446    -0.87144   -11.36325
    0.11700E-01   -12.00228     0.23036    -0.86941   -11.36323
    0.12300E-01   -11.99494     0.23579    -0.86752   -11.36321
    0.12900E-01   -11.98809     0.24074    -0.86564   -11.36318
    0.13500E-01   -11.98164     0.24535    -0.86383   -11.36316
    0.14100E-01   -11.97564     0.24960    -0.86212   -11.36313
    0.14700E-01   -11.97000     0.25359    -0.86049   -11.36310
    0.15300E-01   -11.96472     0.25727    -0.85891   -11.36308
    0.15900E-01   -11.95973     0.26076    -0.85744   -11.36305
    0.16500E-01   -11.95497     0.26404    -0.85600   -11.36302
    0.17100E-01   -11.95047     0.26711    -0.85459   -11.36298
    0.17700E-01   -11.94622     0.26999    -0.85327   -11.36295
    0.18300E-01   -11.94214     0.27274    -0.85196   -11.36291
    0.18900E-01   -11.93815     0.27544    -0.85070   -11.36289
    0.19500E-01   -11.93450     0.27786    -0.84951   -11.36285
    0.21300E-01   -11.91292     0.29202    -0.84237   -11.36257
    0.27000E-01   -11.88984     0.30672    -0.83450   -11.36206
    0.33000E-01   -11.87359     0.31690    -0.82899   -11.36150
    0.39000E-01   -11.86130     0.32450    -0.82500   -11.36081
    0.45000E-01   -11.85216     0.33017    -0.82230   -11.36002
    0.51000E-01   -11.84491     0.33466    -0.82036   -11.35921
    0.57000E-01   -11.83914     0.33810    -0.81895   -11.35829
    0.63000E-01   -11.83435     0.34094    -0.81805   -11.35724
    0.69000E-01   -11.83045     0.34304    -0.81731   -11.35618
    0.75000E-01   -11.82702     0.34485    -0.81683   -11.35503
    0.81000E-01   -11.82397     0.34639    -0.81652   -11.35383
    0.87000E-01   -11.82121     0.34762    -0.81629   -11.35254
    0.93000E-01   -11.81860     0.34860    -0.81612   -11.35109
    0.99000E-01   -11.81629     0.34937    -0.81598   -11.34968
    0.10500       -11.81410     0.34995    -0.81586   -11.34818
    0.11100       -11.81197     0.35043    -0.81578   -11.34662
    0.11700       -11.80986     0.35086    -0.81570   -11.34502
    0.12300       -11.80775     0.35122    -0.81563   -11.34334
    0.12900       -11.80562     0.35150    -0.81546   -11.34166
    0.13500       -11.80358     0.35176    -0.81540   -11.33994
    0.14100       -11.80157     0.35192    -0.81534   -11.33814
    0.14700       -11.79958     0.35205    -0.81528   -11.33634
    0.15300       -11.79745     0.35224    -0.81523   -11.33446
    0.15900       -11.79535     0.35237    -0.81517   -11.33255
    0.16500       -11.79286     0.35246    -0.81471   -11.33060
    0.17100       -11.79042     0.35255    -0.81461   -11.32836
    0.17700       -11.78771     0.35266    -0.81417   -11.32620
    0.18300       -11.78557     0.35273    -0.81407   -11.32422
    0.18900       -11.78281     0.35279    -0.81364   -11.32196
    0.19500       -11.78047     0.35286    -0.81354   -11.31979
    0.20100       -11.77785     0.35292    -0.81313   -11.31764
    0.20700       -11.77543     0.35300    -0.81304   -11.31539
    0.21300       -11.77268     0.35306    -0.81295   -11.31279
    0.22700       -11.75031     0.35365    -0.81194   -11.29203
    0.34500       -11.67184     0.35540    -0.80848   -11.21877
    0.49500       -11.58710     0.35692    -0.80516   -11.13886
    0.64500       -11.49650     0.35844    -0.80038   -11.05456
    0.79500       -11.40184     0.36018    -0.79523   -10.96679
    0.94500       -11.30710     0.36195    -0.79138   -10.87767
     1.0950       -11.21162     0.36391    -0.78756   -10.78798
     1.2450       -11.11645     0.36571    -0.78401   -10.69815
     1.3950       -11.02228     0.36711    -0.77984   -10.60955
     1.5450       -10.92949     0.36858    -0.77596   -10.52212
     1.6950       -10.83942     0.37003    -0.77235   -10.43710
     1.8450       -10.75271     0.37135    -0.76895   -10.35512
     1.9950       -10.66871     0.37264    -0.76574   -10.27561
     2.1450       -10.58723     0.37383    -0.76272   -10.19834
     2.2950       -10.50895     0.37494    -0.75986   -10.12403
     2.4450       -10.43393     0.37602    -0.75711   -10.05284
     2.5950       -10.36144     0.37703    -0.75450    -9.98396
     2.7450       -10.29186     0.37799    -0.75202    -9.91783
     2.8950       -10.22463     0.37892    -0.74964    -9.85390
     3.0450       -10.15997     0.37982    -0.74736    -9.79243
     3.1950       -10.09682     0.38068    -0.74518    -9.73232
     3.3450       -10.03653     0.38149    -0.74307    -9.67496
     3.4950        -9.97806     0.38229    -0.74105    -9.61929
     3.6450        -9.92163     0.38306    -0.73911    -9.56559
     3.7950        -9.86714     0.38381    -0.73722    -9.51373
     3.9450        -9.81444     0.38451    -0.73538    -9.46358
     4.0950        -9.76349     0.38520    -0.73362    -9.41507
     4.2450        -9.71418     0.38587    -0.73191    -9.36815
     4.3950        -9.66637     0.38652    -0.73024    -9.32265
     4.5450        -9.61993     0.38715    -0.72863    -9.27845
     4.6950        -9.57474     0.38776    -0.72707    -9.23543
     4.8450        -9.53077     0.38834    -0.72556    -9.19355
     4.9950        -9.48812     0.38891    -0.72408    -9.15296
     5.1450        -9.44653     0.38948    -0.72265    -9.11337
     5.2950        -9.40613     0.39003    -0.72124    -9.07492
     5.4450        -9.36665     0.39056    -0.71987    -9.03733
     5.5950        -9.32818     0.39108    -0.71854    -9.00072
     5.7450        -9.29068     0.39160    -0.71723    -8.96504
     5.8950        -9.25398     0.39209    -0.71596    -8.93011
     6.0450        -9.21815     0.39258    -0.71471    -8.89602
     6.1950        -9.18320     0.39304    -0.71349    -8.86275
     6.3450        -9.14900     0.39351    -0.71231    -8.83020
     6.4950        -9.11547     0.39396    -0.71115    -8.79828
     6.6450        -9.08269     0.39441    -0.71002    -8.76708
     6.7950        -9.05058     0.39485    -0.70891    -8.73651
     6.9450        -9.01912     0.39527    -0.70782    -8.70657
     7.0950        -8.98824     0.39569    -0.70676    -8.67718
     7.2450        -8.95803     0.39610    -0.70571    -8.64843
     7.3950        -8.92842     0.39651    -0.70469    -8.62024
     7.5450        -8.89937     0.39690    -0.70369    -8.59258
     7.6950        -8.87088     0.39729    -0.70271    -8.56546
     7.8450        -8.84288     0.39767    -0.70175    -8.53880
     7.9950        -8.81539     0.39804    -0.70080    -8.51263
     8.1450        -8.78830     0.39841    -0.69988    -8.48683
     8.2950        -8.76174     0.39877    -0.69896    -8.46155
     8.4450        -8.73563     0.39912    -0.69807    -8.43669
     8.5950        -8.71005     0.39946    -0.69718    -8.41233
     8.7450        -8.68480     0.39980    -0.69631    -8.38830
     8.8950        -8.66002     0.40014    -0.69547    -8.36469
     9.0450        -8.63555     0.40047    -0.69462    -8.34140
     9.1950        -8.61150     0.40079    -0.69378    -8.31850
     9.3450        -8.58785     0.40111    -0.69297    -8.29600
     9.4950        -8.56455     0.40143    -0.69217    -8.27381
     9.6450        -8.54165     0.40173    -0.69137    -8.25201
     9.7950        -8.51905     0.40204    -0.69060    -8.23049
     9.9450        -8.49675     0.40234    -0.68983    -8.20926
     10.095        -8.47478     0.40264    -0.68907    -8.18835
     10.245        -8.45319     0.40294    -0.68832    -8.16781
     10.395        -8.43187     0.40323    -0.68758    -8.14752
     10.545        -8.41082     0.40352    -0.68686    -8.12748
     10.695        -8.39007     0.40380    -0.68615    -8.10773
     10.845        -8.36958     0.40409    -0.68544    -8.08823
     10.995        -8.34938     0.40436    -0.68475    -8.06899
     11.145        -8.32950     0.40463    -0.68405    -8.05008
     11.295        -8.30985     0.40490    -0.68337    -8.03137
     11.445        -8.29045     0.40516    -0.68271    -8.01290
     11.595        -8.27130     0.40542    -0.68204    -7.99468
     11.745        -8.25238     0.40568    -0.68139    -7.97668
     11.895        -8.23365     0.40594    -0.68075    -7.95884
     12.045        -8.21522     0.40620    -0.68011    -7.94130
     12.195        -8.19702     0.40645    -0.67948    -7.92399
     12.345        -8.17900     0.40669    -0.67887    -7.90683
     12.495        -8.16119     0.40694    -0.67825    -7.88988
     12.645        -8.14360     0.40718    -0.67765    -7.87312
     12.795        -8.12622     0.40742    -0.67705    -7.85659
     12.945        -8.10906     0.40766    -0.67646    -7.84025
     13.095        -8.09212     0.40788    -0.67588    -7.82413
     13.245        -8.07536     0.40812    -0.67530    -7.80819
     13.395        -8.05878     0.40834    -0.67473    -7.79239
     13.545        -8.04234     0.40856    -0.67417    -7.77674
     13.695        -8.02613     0.40878    -0.67361    -7.76130
     13.845        -8.01007     0.40900    -0.67306    -7.74601
     13.995        -7.99422     0.40922    -0.67252    -7.73092
     14.145        -7.97846     0.40944    -0.67198    -7.71592
     14.295        -7.96294     0.40966    -0.67144    -7.70116
     14.445        -7.94756     0.40987    -0.67091    -7.68652
     14.595        -7.93234     0.41008    -0.67039    -7.67202
     14.745        -7.91727     0.41028    -0.66987    -7.65769
     14.895        -7.90236     0.41049    -0.66935    -7.64350
     15.045        -7.88758     0.41070    -0.66885    -7.62944
     15.195        -7.87299     0.41090    -0.66833    -7.61556
     15.345        -7.85851     0.41109    -0.66783    -7.60178
     15.495        -7.84417     0.41128    -0.66734    -7.58812
     15.645        -7.83000     0.41147    -0.66685    -7.57462
     15.795        -7.81591     0.41167    -0.66637    -7.56121
     15.945        -7.80197     0.41186    -0.66588    -7.54795
     16.095        -7.78815     0.41204    -0.66541    -7.53478
     16.245        -7.77448     0.41223    -0.66494    -7.52177
     16.395        -7.76089     0.41242    -0.66447    -7.50883
     16.545        -7.74751     0.41259    -0.66401    -7.49609
     16.695        -7.73427     0.41277    -0.66357    -7.48347
     16.845        -7.72108     0.41295    -0.66312    -7.47092
     16.995        -7.70802     0.41313    -0.66267    -7.45849
     17.145        -7.69507     0.41331    -0.66223    -7.44615
     17.295        -7.68227     0.41349    -0.66179    -7.43396
     17.445        -7.66956     0.41366    -0.66135    -7.42187
     17.595        -7.65694     0.41383    -0.66091    -7.40985
     17.745        -7.64447     0.41400    -0.66048    -7.39798
     17.895        -7.63208     0.41417    -0.66005    -7.38619
     18.045        -7.61980     0.41433    -0.65963    -7.37450
     18.195        -7.60757     0.41450    -0.65921    -7.36285
     18.345        -7.59551     0.41466    -0.65879    -7.35137
     18.495        -7.58353     0.41482    -0.65838    -7.33997
     18.645        -7.57163     0.41499    -0.65798    -7.32864
     18.795        -7.55984     0.41516    -0.65758    -7.31741
     18.945        -7.54815     0.41532    -0.65718    -7.30628
     19.095        -7.53656     0.41547    -0.65678    -7.29525
     19.245        -7.52506     0.41563    -0.65638    -7.28432
     19.395        -7.51370     0.41579    -0.65599    -7.27351
     19.545        -7.50240     0.41595    -0.65560    -7.26275
     19.695        -7.49119     0.41610    -0.65521    -7.25208
     19.845        -7.48007     0.41625    -0.65482    -7.24150
     19.995        -7.46898     0.41640    -0.65444    -7.23094
     20.145        -7.45800     0.41655    -0.65407    -7.22047
     20.295        -7.44711     0.41670    -0.65370    -7.21011
     20.445        -7.43630     0.41685    -0.65334    -7.19981
     20.595        -7.42559     0.41700    -0.65297    -7.18962
     20.745        -7.41496     0.41715    -0.65261    -7.17951
     20.895        -7.40441     0.41730    -0.65224    -7.16947
     21.045        -7.39391     0.41744    -0.65188    -7.15947
     21.195        -7.38346     0.41759    -0.65152    -7.14953
     21.345        -7.37312     0.41773    -0.65116    -7.13969
     21.495        -7.36288     0.41786    -0.65081    -7.12994
     21.645        -7.35269     0.41801    -0.65046    -7.12024
     21.795        -7.34260     0.41815    -0.65011    -7.11063
     21.945        -7.33256     0.41829    -0.64976    -7.10109
     22.095        -7.32258     0.41843    -0.64942    -7.09159
     22.245        -7.31265     0.41857    -0.64908    -7.08213
     22.395        -7.30283     0.41870    -0.64874    -7.07279
     22.545        -7.29306     0.41884    -0.64841    -7.06349
     22.695        -7.28337     0.41897    -0.64808    -7.05426
     22.845        -7.27374     0.41910    -0.64775    -7.04509
     22.995        -7.26413     0.41923    -0.64743    -7.03593
     23.145        -7.25460     0.41937    -0.64710    -7.02687
     23.295        -7.24514     0.41949    -0.64677    -7.01786
     23.445        -7.23578     0.41962    -0.64645    -7.00895
     23.595        -7.22647     0.41975    -0.64613    -7.00008
     23.745        -7.21720     0.41987    -0.64581    -6.99126
     23.895        -7.20801     0.42000    -0.64549    -6.98252
     24.045        -7.19887     0.42012    -0.64518    -6.97381
     24.195        -7.18977     0.42025    -0.64487    -6.96514
     24.345        -7.18073     0.42037    -0.64456    -6.95653
     24.495        -7.17178     0.42049    -0.64426    -6.94802
     24.645        -7.16286     0.42061    -0.64395    -6.93952
     24.795        -7.15399     0.42074    -0.64365    -6.93108
     24.945        -7.14518     0.42086    -0.64335    -6.92270
     25.095        -7.13644     0.42099    -0.64305    -6.91437
     25.245        -7.12774     0.42111    -0.64275    -6.90610
     25.395        -7.11915     0.42123    -0.64246    -6.89792
     25.545        -7.11059     0.42135    -0.64217    -6.88977
     25.695        -7.10204     0.42146    -0.64187    -6.88163
     25.845        -7.09359     0.42158    -0.64159    -6.87358
     25.995        -7.08520     0.42169    -0.64131    -6.86559
     26.145        -7.07682     0.42181    -0.64102    -6.85761
     26.295        -7.06849     0.42192    -0.64073    -6.84968
     26.445        -7.06022     0.42204    -0.64044    -6.84181
     26.595        -7.05202     0.42215    -0.64017    -6.83400
     26.745        -7.04384     0.42226    -0.63989    -6.82621
     26.895        -7.03571     0.42237    -0.63962    -6.81846
     27.045        -7.02762     0.42247    -0.63934    -6.81075
     27.195        -7.01954     0.42259    -0.63907    -6.80306
     27.345        -7.01152     0.42270    -0.63879    -6.79543
     27.495        -7.00359     0.42281    -0.63852    -6.78788
     27.645        -6.99569     0.42292    -0.63825    -6.78036
     27.795        -6.98784     0.42303    -0.63798    -6.77289
     27.945        -6.98001     0.42314    -0.63772    -6.76543
     28.095        -6.97224     0.42325    -0.63746    -6.75803
     28.245        -6.96453     0.42335    -0.63719    -6.75069
     28.395        -6.95685     0.42345    -0.63693    -6.74337
     28.545        -6.94923     0.42356    -0.63668    -6.73611
     28.695        -6.94160     0.42366    -0.63641    -6.72885
     28.845        -6.93406     0.42377    -0.63616    -6.72167
     28.995        -6.92653     0.42387    -0.63590    -6.71450
     29.145        -6.91904     0.42398    -0.63565    -6.70737
     29.295        -6.91160     0.42408    -0.63540    -6.70028
     29.445        -6.90418     0.42419    -0.63515    -6.69321
     29.595        -6.89682     0.42429    -0.63489    -6.68622
     29.745        -6.88948     0.42439    -0.63464    -6.67923
     29.895        -6.88218     0.42449    -0.63439    -6.67229
     30.045        -6.87489     0.42459    -0.63414    -6.66535
     30.195        -6.86770     0.42470    -0.63389    -6.65850
     30.345        -6.86052     0.42480    -0.63364    -6.65167
     30.495        -6.85338     0.42490    -0.63340    -6.64488
     30.645        -6.84628     0.42500    -0.63316    -6.63811
     30.795        -6.83925     0.42509    -0.63293    -6.63142
     30.945        -6.83225     0.42519    -0.63269    -6.62475
     31.095        -6.82523     0.42529    -0.63245    -6.61807
     31.245        -6.81829     0.42538    -0.63222    -6.61146
     31.395        -6.81136     0.42548    -0.63198    -6.60486
     31.545        -6.80447     0.42557    -0.63175    -6.59829
     31.695        -6.79762     0.42567    -0.63152    -6.59178
     31.845        -6.79079     0.42577    -0.63129    -6.58527
     31.995        -6.78399     0.42586    -0.63106    -6.57880
     32.145        -6.77724     0.42596    -0.63083    -6.57237
     32.295        -6.77053     0.42605    -0.63060    -6.56598
     32.445        -6.76385     0.42614    -0.63037    -6.55962
     32.595        -6.75720     0.42624    -0.63015    -6.55328
     32.745        -6.75057     0.42633    -0.62993    -6.54698
     32.895        -6.74399     0.42642    -0.62970    -6.54070
     33.045        -6.73743     0.42652    -0.62948    -6.53447
     33.195        -6.73088     0.42661    -0.62926    -6.52823
     33.345        -6.72439     0.42670    -0.62904    -6.52205
     33.495        -6.71793     0.42678    -0.62882    -6.51590
     33.645        -6.71149     0.42688    -0.62860    -6.50977
     33.795        -6.70508     0.42696    -0.62838    -6.50366
     33.945        -6.69869     0.42705    -0.62816    -6.49758
     34.095        -6.69234     0.42714    -0.62795    -6.49154
     34.245        -6.68603     0.42722    -0.62773    -6.48552
     34.395        -6.67972     0.42731    -0.62752    -6.47951
     34.545        -6.67345     0.42740    -0.62731    -6.47354
     34.695        -6.66721     0.42748    -0.62709    -6.46760
     34.845        -6.66101     0.42757    -0.62688    -6.46171
     34.995        -6.65484     0.42766    -0.62667    -6.45583
     35.145        -6.64870     0.42775    -0.62646    -6.44999
     35.295        -6.64257     0.42783    -0.62625    -6.44415
     35.445        -6.63646     0.42791    -0.62605    -6.43833
     35.595        -6.63038     0.42800    -0.62584    -6.43254
     35.745        -6.62434     0.42808    -0.62564    -6.42679
     35.895        -6.61831     0.42817    -0.62543    -6.42105
     36.045        -6.61234     0.42825    -0.62523    -6.41536
     36.195        -6.60638     0.42833    -0.62502    -6.40969
     36.345        -6.60045     0.42842    -0.62482    -6.40404
     36.495        -6.59451     0.42850    -0.62462    -6.39839
     36.645        -6.58865     0.42858    -0.62442    -6.39281
     36.795        -6.58282     0.42866    -0.62422    -6.38726
     36.945        -6.57699     0.42874    -0.62402    -6.38171
     37.095        -6.57117     0.42883    -0.62382    -6.37618
     37.245        -6.56539     0.42891    -0.62363    -6.37067
     37.395        -6.55962     0.42899    -0.62343    -6.36518
     37.545        -6.55389     0.42907    -0.62324    -6.35972
     37.695        -6.54817     0.42915    -0.62304    -6.35428
     37.845        -6.54247     0.42923    -0.62285    -6.34885
     37.995        -6.53683     0.42931    -0.62266    -6.34347
     38.145        -6.53119     0.42938    -0.62247    -6.33810
     38.295        -6.52557     0.42946    -0.62228    -6.33275
     38.445        -6.51996     0.42954    -0.62209    -6.32741
     38.595        -6.51438     0.42962    -0.62190    -6.32209
     38.745        -6.50880     0.42969    -0.62171    -6.31678
     38.895        -6.50326     0.42977    -0.62152    -6.31152
     39.045        -6.49777     0.42985    -0.62134    -6.30628
     39.195        -6.49228     0.42993    -0.62115    -6.30107
     39.345        -6.48685     0.43001    -0.62096    -6.29589
     39.495        -6.48142     0.43008    -0.62077    -6.29073
     39.645        -6.47600     0.43016    -0.62059    -6.28557
     39.795        -6.47062     0.43023    -0.62040    -6.28045
     39.945        -6.46523     0.43031    -0.62022    -6.27532
     40.095        -6.45988     0.43038    -0.62004    -6.27023
     40.245        -6.45455     0.43046    -0.61986    -6.26515
     40.395        -6.44924     0.43053    -0.61968    -6.26009
     40.545        -6.44395     0.43061    -0.61950    -6.25505
     40.695        -6.43870     0.43068    -0.61932    -6.25006
     40.845        -6.43346     0.43075    -0.61914    -6.24507
     40.995        -6.42823     0.43083    -0.61897    -6.24009
     41.145        -6.42304     0.43090    -0.61879    -6.23515
     41.295        -6.41787     0.43098    -0.61861    -6.23023
     41.445        -6.41270     0.43105    -0.61844    -6.22531
     41.595        -6.40755     0.43112    -0.61827    -6.22041
     41.745        -6.40242     0.43120    -0.61809    -6.21553
     41.895        -6.39733     0.43127    -0.61792    -6.21069
     42.045        -6.39224     0.43134    -0.61774    -6.20585
     42.195        -6.38718     0.43142    -0.61757    -6.20102
     42.345        -6.38212     0.43149    -0.61740    -6.19621
     42.495        -6.37709     0.43155    -0.61723    -6.19141
     42.645        -6.37208     0.43162    -0.61706    -6.18664
     42.795        -6.36711     0.43169    -0.61689    -6.18191
     42.945        -6.36214     0.43176    -0.61673    -6.17718
     43.095        -6.35716     0.43183    -0.61656    -6.17244
     43.245        -6.35219     0.43190    -0.61639    -6.16771
     43.395        -6.34728     0.43197    -0.61622    -6.16303
     43.545        -6.34240     0.43204    -0.61606    -6.15838
     43.695        -6.33748     0.43211    -0.61589    -6.15370
     43.845        -6.33259     0.43218    -0.61572    -6.14905
     43.995        -6.32774     0.43224    -0.61555    -6.14443
     44.145        -6.32291     0.43231    -0.61539    -6.13982
     44.295        -6.31812     0.43238    -0.61523    -6.13527
     44.445        -6.31333     0.43244    -0.61507    -6.13071
     44.595        -6.30857     0.43251    -0.61490    -6.12618
     44.745        -6.30382     0.43258    -0.61474    -6.12166
     44.895        -6.29906     0.43265    -0.61458    -6.11713
     45.045        -6.29431     0.43271    -0.61442    -6.11261
     45.195        -6.28961     0.43278    -0.61426    -6.10812
     45.345        -6.28491     0.43284    -0.61410    -6.10365
     45.495        -6.28021     0.43291    -0.61394    -6.09917
     45.645        -6.27551     0.43297    -0.61378    -6.09470
     45.795        -6.27085     0.43304    -0.61363    -6.09027
     45.945        -6.26622     0.43310    -0.61347    -6.08585
     46.095        -6.26160     0.43317    -0.61331    -6.08146
     46.245        -6.25700     0.43324    -0.61315    -6.07709
     46.395        -6.25241     0.43330    -0.61299    -6.07272
     46.545        -6.24784     0.43336    -0.61284    -6.06837
     46.695        -6.24328     0.43343    -0.61268    -6.06403
     46.845        -6.23876     0.43349    -0.61253    -6.05972
     46.995        -6.23425     0.43356    -0.61238    -6.05543
     47.145        -6.22976     0.43362    -0.61223    -6.05115
     47.295        -6.22527     0.43368    -0.61208    -6.04687
     47.445        -6.22079     0.43375    -0.61193    -6.04260
     47.595        -6.21631     0.43380    -0.61177    -6.03834
     47.745        -6.21187     0.43387    -0.61162    -6.03412
     47.895        -6.20745     0.43393    -0.61147    -6.02990
     48.045        -6.20303     0.43399    -0.61132    -6.02570
     48.195        -6.19863     0.43406    -0.61117    -6.02151
     48.345        -6.19422     0.43412    -0.61102    -6.01732
     48.495        -6.18985     0.43418    -0.61087    -6.01315
     48.645        -6.18550     0.43424    -0.61073    -6.00901
     48.795        -6.18115     0.43430    -0.61058    -6.00487
     48.945        -6.17682     0.43436    -0.61043    -6.00075
     49.095        -6.17251     0.43442    -0.61029    -5.99665
     49.245        -6.16819     0.43448    -0.61014    -5.99253
     49.395        -6.16388     0.43454    -0.60999    -5.98843
     49.545        -6.15960     0.43460    -0.60985    -5.98435
     49.695        -6.15532     0.43466    -0.60970    -5.98028
     49.845        -6.15108     0.43472    -0.60956    -5.97623
     49.995        -6.14685     0.43478    -0.60942    -5.97221
     50.145        -6.14263     0.43484    -0.60928    -5.96820
     50.295        -6.13844     0.43489    -0.60914    -5.96420
     50.445        -6.13424     0.43495    -0.60900    -5.96020
     50.595        -6.13005     0.43501    -0.60885    -5.95620
     50.745        -6.12589     0.43507    -0.60871    -5.95225
     50.895        -6.12173     0.43512    -0.60857    -5.94829
     51.045        -6.11759     0.43518    -0.60843    -5.94435
     51.195        -6.11346     0.43524    -0.60829    -5.94041
     51.345        -6.10936     0.43530    -0.60815    -5.93651
     51.495        -6.10526     0.43536    -0.60801    -5.93261
     51.645        -6.10118     0.43541    -0.60788    -5.92872
     51.795        -6.09710     0.43547    -0.60774    -5.92483
     51.945        -6.09303     0.43553    -0.60760    -5.92096
     52.095        -6.08899     0.43558    -0.60746    -5.91711
     52.245        -6.08493     0.43564    -0.60733    -5.91325
     52.395        -6.08091     0.43570    -0.60719    -5.90942
     52.545        -6.07688     0.43575    -0.60705    -5.90558
     52.695        -6.07289     0.43581    -0.60692    -5.90178
     52.845        -6.06890     0.43587    -0.60679    -5.89798
     52.995        -6.06492     0.43592    -0.60665    -5.89419
     53.145        -6.06095     0.43597    -0.60652    -5.89041
     53.295        -6.05699     0.43603    -0.60638    -5.88664
     53.445        -6.05306     0.43609    -0.60625    -5.88290
     53.595        -6.04912     0.43614    -0.60612    -5.87915
     53.745        -6.04519     0.43620    -0.60598    -5.87541
     53.895        -6.04127     0.43625    -0.60585    -5.87168
     54.045        -6.03738     0.43631    -0.60571    -5.86798
     54.195        -6.03350     0.43636    -0.60559    -5.86428
     54.345        -6.02963     0.43642    -0.60546    -5.86059
     54.495        -6.02578     0.43647    -0.60533    -5.85692
     54.645        -6.02194     0.43652    -0.60520    -5.85327
     54.795        -6.01810     0.43658    -0.60507    -5.84961
     54.945        -6.01428     0.43663    -0.60494    -5.84597
     55.095        -6.01046     0.43668    -0.60481    -5.84233
     59.433        -5.71119     0.44088    -0.59472    -5.55735
     80.646        -5.27346     0.44705    -0.58005    -5.14046
     111.21        -4.84712     0.45305    -0.56584    -4.73433
     153.36        -4.43266     0.45894    -0.55207    -4.33952
     211.49        -4.03039     0.46468    -0.53881    -3.95626
     291.64        -3.64049     0.47023    -0.52604    -3.58469
     402.18        -3.26280     0.47564    -0.51374    -3.22470
     554.60        -2.89690     0.48092    -0.50194    -2.87588
     764.80        -2.54273     0.48603    -0.49057    -2.53819
     1054.7        -2.19981     0.49097    -0.47965    -2.21113
     1454.4        -1.86782     0.49574    -0.46919    -1.89437
     2005.6        -1.54620     0.50039    -0.45912    -1.58746
     2765.8        -1.23451     0.50489    -0.44946    -1.28993
     3814.0        -0.93224     0.50925    -0.44018    -1.00131
     5259.5        -0.63892     0.51351    -0.43126    -0.72117
     7252.9        -0.35447     0.51765    -0.42268    -0.44943
     10002.        -0.07856     0.52164    -0.41442    -0.18578
     13793.         0.18842     0.52552    -0.40646     0.06936
     19020.         0.44637     0.52927    -0.39880     0.31590
     26229.         0.69431     0.53284    -0.39137     0.55284
     36170.         0.93204     0.53628    -0.38419     0.77996
     49878.         1.15973     0.53958    -0.37726     0.99741
     68782.         1.37762     0.54273    -0.37053     1.20542
     94851.         1.58568     0.54573    -0.36400     1.40396
    0.13080E+06     1.78437     0.54859    -0.35768     1.59346
    0.18038E+06     1.97395     0.55132    -0.35160     1.77423
    0.24874E+06     2.15480     0.55392    -0.34570     1.94659
    0.34301E+06     2.32722     0.55639    -0.34004     2.11086
    0.47302E+06     2.49165     0.55875    -0.33457     2.26747
    0.65229E+06     2.64819     0.56098    -0.32934     2.41655
    0.89952E+06     2.79720     0.56311    -0.32436     2.55845
    0.12404E+07     2.93908     0.56513    -0.31961     2.69356
    0.17106E+07     3.07426     0.56706    -0.31503     2.82224
    0.23589E+07     3.20299     0.56889    -0.31069     2.94479
    0.32529E+07     3.32535     0.57062    -0.30656     3.06129
    0.44858E+07     3.44196     0.57227    -0.30262     3.17230
    0.61860E+07     3.55293     0.57382    -0.29884     3.27796
    0.85305E+07     3.65852     0.57530    -0.29526     3.37848
    0.11764E+08     3.75879     0.57671    -0.29188     3.47396
    0.16222E+08     3.85437     0.57805    -0.28864     3.56495
    0.22370E+08     3.94521     0.57934    -0.28555     3.65143
    0.30849E+08     4.03101     0.58053    -0.28260     3.73307
    0.42541E+08     4.11132     0.58167    -0.27981     3.80946
    0.58664E+08     4.18638     0.58273    -0.27715     3.88081
    0.80898E+08     4.25684     0.58371    -0.27463     3.94776
    0.11156E+09     4.32308     0.58464    -0.27222     4.01066
    0.15384E+09     4.38534     0.58551    -0.26993     4.06976
    0.21215E+09     4.44405     0.58633    -0.26774     4.12546
    0.29255E+09     4.49929     0.58709    -0.26566     4.17785
    0.40343E+09     4.55128     0.58783    -0.26370     4.22715
    0.55633E+09     4.60019     0.58851    -0.26183     4.27351
    0.76719E+09     4.64498     0.58914    -0.26010     4.31594
    0.10580E+10     4.68571     0.58971    -0.25848     4.35448
    0.14589E+10     4.72305     0.59023    -0.25695     4.38977
    0.20119E+10     4.75747     0.59071    -0.25551     4.42227
    0.27744E+10     4.78921     0.59116    -0.25416     4.45222
    0.38259E+10     4.81848     0.59157    -0.25290     4.47982
    0.52760E+10     4.84552     0.59193    -0.25171     4.50529
    0.72756E+10     4.87049     0.59228    -0.25058     4.52879
    0.10033E+11     4.89353     0.59260    -0.24954     4.55048
    0.13836E+11     4.91478     0.59289    -0.24860     4.57049
    0.19079E+11     4.93435     0.59316    -0.24774     4.58892
    0.26311E+11     4.95244     0.59342    -0.24695     4.60598
    0.36283E+11     4.96912     0.59365    -0.24622     4.62169
    0.50034E+11     4.98448     0.59387    -0.24555     4.63616
    0.68997E+11     4.99869     0.59406    -0.24493     4.64957
    0.10000E+12     5.16894     0.59641    -0.23750     4.81004
