    -99.945         0.00000     0.00000     0.00000     0.00000
    -99.795         0.00000     0.00000     0.00000     0.00000
    -99.645         0.00000     0.00000     0.00000     0.00000
    -99.495         0.00000     0.00000     0.00000     0.00000
    -99.345         0.00000     0.00000     0.00000     0.00000
    -99.195         0.00000     0.00000     0.00000     0.00000
    -99.045         0.00000     0.00000     0.00000     0.00000
    -98.895         0.00000     0.00000     0.00000     0.00000
    -98.745         0.00000     0.00000     0.00000     0.00000
    -98.595         0.00000     0.00000     0.00000     0.00000
    -98.445         0.00000     0.00000     0.00000     0.00000
    -98.295         0.00000     0.00000     0.00000     0.00000
    -98.145         0.00000     0.00000     0.00000     0.00000
    -97.995         0.00000     0.00000     0.00000     0.00000
    -97.845         0.00000     0.00000     0.00000     0.00000
    -97.695         0.00000     0.00000     0.00000     0.00000
    -97.545         0.00000     0.00000     0.00000     0.00000
    -97.395         0.00000     0.00000     0.00000     0.00000
    -97.245         0.00000     0.00000     0.00000     0.00000
    -97.095         0.00000     0.00000     0.00000     0.00000
    -96.945         0.00000     0.00000     0.00000     0.00000
    -96.795         0.00000     0.00000     0.00000     0.00000
    -96.645         0.00000     0.00000     0.00000     0.00000
    -96.495         0.00000     0.00000     0.00000     0.00000
    -96.345         0.00000     0.00000     0.00000     0.00000
    -96.195         0.00000     0.00000     0.00000     0.00000
    -96.045         0.00000     0.00000     0.00000     0.00000
    -95.895         0.00000     0.00000     0.00000     0.00000
    -95.745         0.00000     0.00000     0.00000     0.00000
    -95.595         0.00000     0.00000     0.00000     0.00000
    -95.445         0.00000     0.00000     0.00000     0.00000
    -95.295         0.00000     0.00000     0.00000     0.00000
    -95.145         0.00000     0.00000     0.00000     0.00000
    -94.995         0.00000     0.00000     0.00000     0.00000
    -94.845         0.00000     0.00000     0.00000     0.00000
    -94.695         0.00000     0.00000     0.00000     0.00000
    -94.545         0.00000     0.00000     0.00000     0.00000
    -94.395         0.00000     0.00000     0.00000     0.00000
    -94.245         0.00000     0.00000     0.00000     0.00000
    -94.095         0.00000     0.00000     0.00000     0.00000
    -93.945         0.00000     0.00000     0.00000     0.00000
    -93.795         0.00000     0.00000     0.00000     0.00000
    -93.645         0.00000     0.00000     0.00000     0.00000
    -93.495         0.00000     0.00000     0.00000     0.00000
    -93.345         0.00000     0.00000     0.00000     0.00000
    -93.195         0.00000     0.00000     0.00000     0.00000
    -93.045         0.00000     0.00000     0.00000     0.00000
    -92.895         0.00000     0.00000     0.00000     0.00000
    -92.745         0.00000     0.00000     0.00000     0.00000
    -92.595         0.00000     0.00000     0.00000     0.00000
    -92.445         0.00000     0.00000     0.00000     0.00000
    -92.295         0.00000     0.00000     0.00000     0.00000
    -92.145         0.00000     0.00000     0.00000     0.00000
    -91.995         0.00000     0.00000     0.00000     0.00000
    -91.845         0.00000     0.00000     0.00000     0.00000
    -91.695         0.00000     0.00000     0.00000     0.00000
    -91.545         0.00000     0.00000     0.00000     0.00000
    -91.395         0.00000     0.00000     0.00000     0.00000
    -91.245         0.00000     0.00000     0.00000     0.00000
    -91.095         0.00000     0.00000     0.00000     0.00000
    -90.945         0.00000     0.00000     0.00000     0.00000
    -90.795         0.00000     0.00000     0.00000     0.00000
    -90.645         0.00000     0.00000     0.00000     0.00000
    -90.495         0.00000     0.00000     0.00000     0.00000
    -90.345         0.00000     0.00000     0.00000     0.00000
    -90.195         0.00000     0.00000     0.00000     0.00000
    -90.045         0.00000     0.00000     0.00000     0.00000
    -89.895         0.00000     0.00000     0.00000     0.00000
    -89.745         0.00000     0.00000     0.00000     0.00000
    -89.595         0.00000     0.00000     0.00000     0.00000
    -89.445         0.00000     0.00000     0.00000     0.00000
    -89.295         0.00000     0.00000     0.00000     0.00000
    -89.145         0.00000     0.00000     0.00000     0.00000
    -88.995         0.00000     0.00000     0.00000     0.00000
    -88.845         0.00000     0.00000     0.00000     0.00000
    -88.695         0.00000     0.00000     0.00000     0.00000
    -88.545         0.00000     0.00000     0.00000     0.00000
    -88.395         0.00000     0.00000     0.00000     0.00000
    -88.245         0.00000     0.00000     0.00000     0.00000
    -88.095         0.00000     0.00000     0.00000     0.00000
    -87.945         0.00000     0.00000     0.00000     0.00000
    -87.795         0.00000     0.00000     0.00000     0.00000
    -87.645         0.00000     0.00000     0.00000     0.00000
    -87.495         0.00000     0.00000     0.00000     0.00000
    -87.345         0.00000     0.00000     0.00000     0.00000
    -87.195         0.00000     0.00000     0.00000     0.00000
    -87.045         0.00000     0.00000     0.00000     0.00000
    -86.895         0.00000     0.00000     0.00000     0.00000
    -86.745         0.00000     0.00000     0.00000     0.00000
    -86.595         0.00000     0.00000     0.00000     0.00000
    -86.445         0.00000     0.00000     0.00000     0.00000
    -86.295         0.00000     0.00000     0.00000     0.00000
    -86.145         0.00000     0.00000     0.00000     0.00000
    -85.995         0.00000     0.00000     0.00000     0.00000
    -85.845         0.00000     0.00000     0.00000     0.00000
    -85.695         0.00000     0.00000     0.00000     0.00000
    -85.545         0.00000     0.00000     0.00000     0.00000
    -85.395         0.00000     0.00000     0.00000     0.00000
    -85.245         0.00000     0.00000     0.00000     0.00000
    -85.095         0.00000     0.00000     0.00000     0.00000
    -84.945         0.00000     0.00000     0.00000     0.00000
    -84.795         0.00000     0.00000     0.00000     0.00000
    -84.645         0.00000     0.00000     0.00000     0.00000
    -84.495         0.00000     0.00000     0.00000     0.00000
    -84.345         0.00000     0.00000     0.00000     0.00000
    -84.195         0.00000     0.00000     0.00000     0.00000
    -84.045         0.00000     0.00000     0.00000     0.00000
    -83.895         0.00000     0.00000     0.00000     0.00000
    -83.745         0.00000     0.00000     0.00000     0.00000
    -83.595         0.00000     0.00000     0.00000     0.00000
    -83.445         0.00000     0.00000     0.00000     0.00000
    -83.295         0.00000     0.00000     0.00000     0.00000
    -83.145         0.00000     0.00000     0.00000     0.00000
    -82.995         0.00000     0.00000     0.00000     0.00000
    -82.845         0.00000     0.00000     0.00000     0.00000
    -82.695         0.00000     0.00000     0.00000     0.00000
    -82.545         0.00000     0.00000     0.00000     0.00000
    -82.395         0.00000     0.00000     0.00000     0.00000
    -82.245         0.00000     0.00000     0.00000     0.00000
    -82.095         0.00000     0.00000     0.00000     0.00000
    -81.945         0.00000     0.00000     0.00000     0.00000
    -81.795         0.00000     0.00000     0.00000     0.00000
    -81.645         0.00000     0.00000     0.00000     0.00000
    -81.495         0.00000     0.00000     0.00000     0.00000
    -81.345         0.00000     0.00000     0.00000     0.00000
    -81.195         0.00000     0.00000     0.00000     0.00000
    -81.045         0.00000     0.00000     0.00000     0.00000
    -80.895         0.00000     0.00000     0.00000     0.00000
    -80.745         0.00000     0.00000     0.00000     0.00000
    -80.595         0.00000     0.00000     0.00000     0.00000
    -80.445         0.00000     0.00000     0.00000     0.00000
    -80.295         0.00000     0.00000     0.00000     0.00000
    -80.145         0.00000     0.00000     0.00000     0.00000
    -79.995         0.00000     0.00000     0.00000     0.00000
    -79.845         0.00000     0.00000     0.00000     0.00000
    -79.695         0.00000     0.00000     0.00000     0.00000
    -79.545         0.00000     0.00000     0.00000     0.00000
    -79.395         0.00000     0.00000     0.00000     0.00000
    -79.245         0.00000     0.00000     0.00000     0.00000
    -79.095         0.00000     0.00000     0.00000     0.00000
    -78.945         0.00000     0.00000     0.00000     0.00000
    -78.795         0.00000     0.00000     0.00000     0.00000
    -78.645         0.00000     0.00000     0.00000     0.00000
    -78.495         0.00000     0.00000     0.00000     0.00000
    -78.345         0.00000     0.00000     0.00000     0.00000
    -78.195         0.00000     0.00000     0.00000     0.00000
    -78.045         0.00000     0.00000     0.00000     0.00000
    -77.895         0.00000     0.00000     0.00000     0.00000
    -77.745         0.00000     0.00000     0.00000     0.00000
    -77.595         0.00000     0.00000     0.00000     0.00000
    -77.445         0.00000     0.00000     0.00000     0.00000
    -77.295         0.00000     0.00000     0.00000     0.00000
    -77.145         0.00000     0.00000     0.00000     0.00000
    -76.995         0.00000     0.00000     0.00000     0.00000
    -76.845         0.00000     0.00000     0.00000     0.00000
    -76.695         0.00000     0.00000     0.00000     0.00000
    -76.545         0.00000     0.00000     0.00000     0.00000
    -76.395         0.00000     0.00000     0.00000     0.00000
    -76.245         0.00000     0.00000     0.00000     0.00000
    -76.095         0.00000     0.00000     0.00000     0.00000
    -75.945         0.00000     0.00000     0.00000     0.00000
    -75.795         0.00000     0.00000     0.00000     0.00000
    -75.645         0.00000     0.00000     0.00000     0.00000
    -75.495         0.00000     0.00000     0.00000     0.00000
    -75.345         0.00000     0.00000     0.00000     0.00000
    -75.195         0.00000     0.00000     0.00000     0.00000
    -75.045         0.00000     0.00000     0.00000     0.00000
    -74.895         0.00000     0.00000     0.00000     0.00000
    -74.745         0.00000     0.00000     0.00000     0.00000
    -74.595         0.00000     0.00000     0.00000     0.00000
    -74.445         0.00000     0.00000     0.00000     0.00000
    -74.295         0.00000     0.00000     0.00000     0.00000
    -74.145         0.00000     0.00000     0.00000     0.00000
    -73.995         0.00000     0.00000     0.00000     0.00000
    -73.845         0.00000     0.00000     0.00000     0.00000
    -73.695         0.00000     0.00000     0.00000     0.00000
    -73.545         0.00000     0.00000     0.00000     0.00000
    -73.395         0.00000     0.00000     0.00000     0.00000
    -73.245         0.00000     0.00000     0.00000     0.00000
    -73.095         0.00000     0.00000     0.00000     0.00000
    -72.945         0.00000     0.00000     0.00000     0.00000
    -72.795         0.00000     0.00000     0.00000     0.00000
    -72.645         0.00000     0.00000     0.00000     0.00000
    -72.495         0.00000     0.00000     0.00000     0.00000
    -72.345         0.00000     0.00000     0.00000     0.00000
    -72.195         0.00000     0.00000     0.00000     0.00000
    -72.045         0.00000     0.00000     0.00000     0.00000
    -71.895         0.00000     0.00000     0.00000     0.00000
    -71.745         0.00000     0.00000     0.00000     0.00000
    -71.595         0.00000     0.00000     0.00000     0.00000
    -71.445         0.00000     0.00000     0.00000     0.00000
    -71.295         0.00000     0.00000     0.00000     0.00000
    -71.145         0.00000     0.00000     0.00000     0.00000
    -70.995         0.00000     0.00000     0.00000     0.00000
    -70.845         0.00000     0.00000     0.00000     0.00000
    -70.695         0.00000     0.00000     0.00000     0.00000
    -70.545         0.00000     0.00000     0.00000     0.00000
    -70.395         0.00000     0.00000     0.00000     0.00000
    -70.245         0.00000     0.00000     0.00000     0.00000
    -70.095         0.00000     0.00000     0.00000     0.00000
    -69.945         0.00000     0.00000     0.00000     0.00000
    -69.795         0.00000     0.00000     0.00000     0.00000
    -69.645         0.00000     0.00000     0.00000     0.00000
    -69.495         0.00000     0.00000     0.00000     0.00000
    -69.345         0.00000     0.00000     0.00000     0.00000
    -69.195         0.00000     0.00000     0.00000     0.00000
    -69.045         0.00000     0.00000     0.00000     0.00000
    -68.895         0.00000     0.00000     0.00000     0.00000
    -68.745         0.00000     0.00000     0.00000     0.00000
    -68.595         0.00000     0.00000     0.00000     0.00000
    -68.445         0.00000     0.00000     0.00000     0.00000
    -68.295         0.00000     0.00000     0.00000     0.00000
    -68.145         0.00000     0.00000     0.00000     0.00000
    -67.995         0.00000     0.00000     0.00000     0.00000
    -67.845         0.00000     0.00000     0.00000     0.00000
    -67.695         0.00000     0.00000     0.00000     0.00000
    -67.545         0.00000     0.00000     0.00000     0.00000
    -67.395         0.00000     0.00000     0.00000     0.00000
    -67.245         0.00000     0.00000     0.00000     0.00000
    -67.095         0.00000     0.00000     0.00000     0.00000
    -66.945         0.00000     0.00000     0.00000     0.00000
    -66.795         0.00000     0.00000     0.00000     0.00000
    -66.645         0.00000     0.00000     0.00000     0.00000
    -66.495         0.00000     0.00000     0.00000     0.00000
    -66.345         0.00000     0.00000     0.00000     0.00000
    -66.195         0.00000     0.00000     0.00000     0.00000
    -66.045         0.00000     0.00000     0.00000     0.00000
    -65.895         0.00000     0.00000     0.00000     0.00000
    -65.745         0.00000     0.00000     0.00000     0.00000
    -65.595         0.00000     0.00000     0.00000     0.00000
    -65.445         0.00000     0.00000     0.00000     0.00000
    -65.295         0.00000     0.00000     0.00000     0.00000
    -65.145         0.00000     0.00000     0.00000     0.00000
    -64.995         0.00000     0.00000     0.00000     0.00000
    -64.845         0.00000     0.00000     0.00000     0.00000
    -64.695         0.00000     0.00000     0.00000     0.00000
    -64.545         0.00000     0.00000     0.00000     0.00000
    -64.395         0.00000     0.00000     0.00000     0.00000
    -64.245         0.00000     0.00000     0.00000     0.00000
    -64.095         0.00000     0.00000     0.00000     0.00000
    -63.945         0.00000     0.00000     0.00000     0.00000
    -63.795         0.00000     0.00000     0.00000     0.00000
    -63.645         0.00000     0.00000     0.00000     0.00000
    -63.495         0.00000     0.00000     0.00000     0.00000
    -63.345         0.00000     0.00000     0.00000     0.00000
    -63.195         0.00000     0.00000     0.00000     0.00000
    -63.045         0.00000     0.00000     0.00000     0.00000
    -62.895         0.00000     0.00000     0.00000     0.00000
    -62.745         0.00000     0.00000     0.00000     0.00000
    -62.595         0.00000     0.00000     0.00000     0.00000
    -62.445         0.00000     0.00000     0.00000     0.00000
    -62.295         0.00000     0.00000     0.00000     0.00000
    -62.145         0.00000     0.00000     0.00000     0.00000
    -61.995         0.00000     0.00000     0.00000     0.00000
    -61.845         0.00000     0.00000     0.00000     0.00000
    -61.695         0.00000     0.00000     0.00000     0.00000
    -61.545         0.00000     0.00000     0.00000     0.00000
    -61.395         0.00000     0.00000     0.00000     0.00000
    -61.245         0.00000     0.00000     0.00000     0.00000
    -61.095         0.00000     0.00000     0.00000     0.00000
    -60.945         0.00000     0.00000     0.00000     0.00000
    -60.795         0.00000     0.00000     0.00000     0.00000
    -60.645         0.00000     0.00000     0.00000     0.00000
    -60.495         0.00000     0.00000     0.00000     0.00000
    -60.345         0.00000     0.00000     0.00000     0.00000
    -60.195         0.00000     0.00000     0.00000     0.00000
    -60.045         0.00000     0.00000     0.00000     0.00000
    -59.895         0.00000     0.00000     0.00000     0.00000
    -59.745         0.00000     0.00000     0.00000     0.00000
    -59.595         0.00000     0.00000     0.00000     0.00000
    -59.445         0.00000     0.00000     0.00000     0.00000
    -59.295         0.00000     0.00000     0.00000     0.00000
    -59.145         0.00000     0.00000     0.00000     0.00000
    -58.995         0.00000     0.00000     0.00000     0.00000
    -58.845         0.00000     0.00000     0.00000     0.00000
    -58.695         0.00000     0.00000     0.00000     0.00000
    -58.545         0.00000     0.00000     0.00000     0.00000
    -58.395         0.00000     0.00000     0.00000     0.00000
    -58.245         0.00000     0.00000     0.00000     0.00000
    -58.095         0.00000     0.00000     0.00000     0.00000
    -57.945         0.00000     0.00000     0.00000     0.00000
    -57.795         0.00000     0.00000     0.00000     0.00000
    -57.645         0.00000     0.00000     0.00000     0.00000
    -57.495         0.00000     0.00000     0.00000     0.00000
    -57.345         0.00000     0.00000     0.00000     0.00000
    -57.195         0.00000     0.00000     0.00000     0.00000
    -57.045         0.00000     0.00000     0.00000     0.00000
    -56.895         0.00000     0.00000     0.00000     0.00000
    -56.745         0.00000     0.00000     0.00000     0.00000
    -56.595         0.00000     0.00000     0.00000     0.00000
    -56.445         0.00000     0.00000     0.00000     0.00000
    -56.295         0.00000     0.00000     0.00000     0.00000
    -56.145         0.00000     0.00000     0.00000     0.00000
    -55.995         0.00000     0.00000     0.00000     0.00000
    -55.845         0.00000     0.00000     0.00000     0.00000
    -55.695         0.00000     0.00000     0.00000     0.00000
    -55.545         0.00000     0.00000     0.00000     0.00000
    -55.395         0.00000     0.00000     0.00000     0.00000
    -55.245         0.00000     0.00000     0.00000     0.00000
    -55.095         0.00000     0.00000     0.00000     0.00000
    -54.945         0.00000     0.00000     0.00000     0.00000
    -54.795         0.00000     0.00000     0.00000     0.00000
    -54.645         0.00000     0.00000     0.00000     0.00000
    -54.495         0.00000     0.00000     0.00000     0.00000
    -54.345         0.00000     0.00000     0.00000     0.00000
    -54.195         0.00000     0.00000     0.00000     0.00000
    -54.045         0.00000     0.00000     0.00000     0.00000
    -53.895         0.00000     0.00000     0.00000     0.00000
    -53.745         0.00000     0.00000     0.00000     0.00000
    -53.595         0.00000     0.00000     0.00000     0.00000
    -53.445         0.00000     0.00000     0.00000     0.00000
    -53.295         0.00000     0.00000     0.00000     0.00000
    -53.145         0.00000     0.00000     0.00000     0.00000
    -52.995         0.00000     0.00000     0.00000     0.00000
    -52.845         0.00000     0.00000     0.00000     0.00000
    -52.695         0.00000     0.00000     0.00000     0.00000
    -52.545         0.00000     0.00000     0.00000     0.00000
    -52.395         0.00000     0.00000     0.00000     0.00000
    -52.245         0.00000     0.00000     0.00000     0.00000
    -52.095         0.00000     0.00000     0.00000     0.00000
    -51.945         0.00000     0.00000     0.00000     0.00000
    -51.795         0.00000     0.00000     0.00000     0.00000
    -51.645         0.00000     0.00000     0.00000     0.00000
    -51.495         0.00000     0.00000     0.00000     0.00000
    -51.345         0.00000     0.00000     0.00000     0.00000
    -51.195         0.00000     0.00000     0.00000     0.00000
    -51.045         0.00000     0.00000     0.00000     0.00000
    -50.895         0.00000     0.00000     0.00000     0.00000
    -50.745         0.00000     0.00000     0.00000     0.00000
    -50.595         0.00000     0.00000     0.00000     0.00000
    -50.445         0.00000     0.00000     0.00000     0.00000
    -50.295         0.00000     0.00000     0.00000     0.00000
    -50.145         0.00000     0.00000     0.00000     0.00000
    -49.995         0.00000     0.00000     0.00000     0.00000
    -49.845         0.00000     0.00000     0.00000     0.00000
    -49.695         0.00000     0.00000     0.00000     0.00000
    -49.545         0.00000     0.00000     0.00000     0.00000
    -49.395         0.00000     0.00000     0.00000     0.00000
    -49.245         0.00000     0.00000     0.00000     0.00000
    -49.095         0.00000     0.00000     0.00000     0.00000
    -48.945         0.00000     0.00000     0.00000     0.00000
    -48.795         0.00000     0.00000     0.00000     0.00000
    -48.645         0.00000     0.00000     0.00000     0.00000
    -48.495         0.00000     0.00000     0.00000     0.00000
    -48.345         0.00000     0.00000     0.00000     0.00000
    -48.195         0.00000     0.00000     0.00000     0.00000
    -48.045         0.00000     0.00000     0.00000     0.00000
    -47.895         0.00000     0.00000     0.00000     0.00000
    -47.745         0.00000     0.00000     0.00000     0.00000
    -47.595         0.00000     0.00000     0.00000     0.00000
    -47.445         0.00000     0.00000     0.00000     0.00000
    -47.295         0.00000     0.00000     0.00000     0.00000
    -47.145         0.00000     0.00000     0.00000     0.00000
    -46.995         0.00000     0.00000     0.00000     0.00000
    -46.845         0.00000     0.00000     0.00000     0.00000
    -46.695         0.00000     0.00000     0.00000     0.00000
    -46.545         0.00000     0.00000     0.00000     0.00000
    -46.395         0.00000     0.00000     0.00000     0.00000
    -46.245         0.00000     0.00000     0.00000     0.00000
    -46.095         0.00000     0.00000     0.00000     0.00000
    -45.945         0.00000     0.00000     0.00000     0.00000
    -45.795         0.00000     0.00000     0.00000     0.00000
    -45.645         0.00000     0.00000     0.00000     0.00000
    -45.495         0.00000     0.00000     0.00000     0.00000
    -45.345         0.00000     0.00000     0.00000     0.00000
    -45.195         0.00000     0.00000     0.00000     0.00000
    -45.045         0.00000     0.00000     0.00000     0.00000
    -44.895         0.00000     0.00000     0.00000     0.00000
    -44.745         0.00000     0.00000     0.00000     0.00000
    -44.595         0.00000     0.00000     0.00000     0.00000
    -44.445         0.00000     0.00000     0.00000     0.00000
    -44.295         0.00000     0.00000     0.00000     0.00000
    -44.145         0.00000     0.00000     0.00000     0.00000
    -43.995         0.00000     0.00000     0.00000     0.00000
    -43.845         0.00000     0.00000     0.00000     0.00000
    -43.695         0.00000     0.00000     0.00000     0.00000
    -43.545         0.00000     0.00000     0.00000     0.00000
    -43.395         0.00000     0.00000     0.00000     0.00000
    -43.245         0.00000     0.00000     0.00000     0.00000
    -43.095         0.00000     0.00000     0.00000     0.00000
    -42.945         0.00000     0.00000     0.00000     0.00000
    -42.795         0.00000     0.00000     0.00000     0.00000
    -42.645         0.00000     0.00000     0.00000     0.00000
    -42.495         0.00000     0.00000     0.00000     0.00000
    -42.345         0.00000     0.00000     0.00000     0.00000
    -42.195         0.00000     0.00000     0.00000     0.00000
    -42.045         0.00000     0.00000     0.00000     0.00000
    -41.895         0.00000     0.00000     0.00000     0.00000
    -41.745         0.00000     0.00000     0.00000     0.00000
    -41.595         0.00000     0.00000     0.00000     0.00000
    -41.445         0.00000     0.00000     0.00000     0.00000
    -41.295         0.00000     0.00000     0.00000     0.00000
    -41.145         0.00000     0.00000     0.00000     0.00000
    -40.995         0.00000     0.00000     0.00000     0.00000
    -40.845         0.00000     0.00000     0.00000     0.00000
    -40.695         0.00000     0.00000     0.00000     0.00000
    -40.545         0.00000     0.00000     0.00000     0.00000
    -40.395         0.00000     0.00000     0.00000     0.00000
    -40.245         0.00000     0.00000     0.00000     0.00000
    -40.095         0.00000     0.00000     0.00000     0.00000
    -39.945         0.00000     0.00000     0.00000     0.00000
    -39.795         0.00000     0.00000     0.00000     0.00000
    -39.645         0.00000     0.00000     0.00000     0.00000
    -39.495         0.00000     0.00000     0.00000     0.00000
    -39.345         0.00000     0.00000     0.00000     0.00000
    -39.195         0.00000     0.00000     0.00000     0.00000
    -39.045         0.00000     0.00000     0.00000     0.00000
    -38.895         0.00000     0.00000     0.00000     0.00000
    -38.745         0.00000     0.00000     0.00000     0.00000
    -38.595         0.00000     0.00000     0.00000     0.00000
    -38.445         0.00000     0.00000     0.00000     0.00000
    -38.295         0.00000     0.00000     0.00000     0.00000
    -38.145         0.00000     0.00000     0.00000     0.00000
    -37.995         0.00000     0.00000     0.00000     0.00000
    -37.845         0.00000     0.00000     0.00000     0.00000
    -37.695         0.00000     0.00000     0.00000     0.00000
    -37.545         0.00000     0.00000     0.00000     0.00000
    -37.395         0.00000     0.00000     0.00000     0.00000
    -37.245         0.00000     0.00000     0.00000     0.00000
    -37.095         0.00000     0.00000     0.00000     0.00000
    -36.945         0.00000     0.00000     0.00000     0.00000
    -36.795         0.00000     0.00000     0.00000     0.00000
    -36.645         0.00000     0.00000     0.00000     0.00000
    -36.495         0.00000     0.00000     0.00000     0.00000
    -36.345         0.00000     0.00000     0.00000     0.00000
    -36.195         0.00000     0.00000     0.00000     0.00000
    -36.045         0.00000     0.00000     0.00000     0.00000
    -35.895         0.00000     0.00000     0.00000     0.00000
    -35.745         0.00000     0.00000     0.00000     0.00000
    -35.595         0.00000     0.00000     0.00000     0.00000
    -35.445         0.00000     0.00000     0.00000     0.00000
    -35.295         0.00000     0.00000     0.00000     0.00000
    -35.145         0.00000     0.00000     0.00000     0.00000
    -34.995         0.00000     0.00000     0.00000     0.00000
    -34.845         0.00000     0.00000     0.00000     0.00000
    -34.695         0.00000     0.00000     0.00000     0.00000
    -34.545         0.00000     0.00000     0.00000     0.00000
    -34.395         0.00000     0.00000     0.00000     0.00000
    -34.245         0.00000     0.00000     0.00000     0.00000
    -34.095         0.00000     0.00000     0.00000     0.00000
    -33.945         0.00000     0.00000     0.00000     0.00000
    -33.795         0.00000     0.00000     0.00000     0.00000
    -33.645         0.00000     0.00000     0.00000     0.00000
    -33.495         0.00000     0.00000     0.00000     0.00000
    -33.345         0.00000     0.00000     0.00000     0.00000
    -33.195         0.00000     0.00000     0.00000     0.00000
    -33.045         0.00000     0.00000     0.00000     0.00000
    -32.895         0.00000     0.00000     0.00000     0.00000
    -32.745         0.00000     0.00000     0.00000     0.00000
    -32.595         0.00000     0.00000     0.00000     0.00000
    -32.445         0.00000     0.00000     0.00000     0.00000
    -32.295         0.00000     0.00000     0.00000     0.00000
    -32.145         0.00000     0.00000     0.00000     0.00000
    -31.995         0.00000     0.00000     0.00000     0.00000
    -31.845         0.00000     0.00000     0.00000     0.00000
    -31.695         0.00000     0.00000     0.00000     0.00000
    -31.545         0.00000     0.00000     0.00000     0.00000
    -31.395         0.00000     0.00000     0.00000     0.00000
    -31.245         0.00000     0.00000     0.00000     0.00000
    -31.095         0.00000     0.00000     0.00000     0.00000
    -30.945         0.00000     0.00000     0.00000     0.00000
    -30.795         0.00000     0.00000     0.00000     0.00000
    -30.645         0.00000     0.00000     0.00000     0.00000
    -30.495         0.00000     0.00000     0.00000     0.00000
    -30.345         0.00000     0.00000     0.00000     0.00000
    -30.195         0.00000     0.00000     0.00000     0.00000
    -30.045         0.00000     0.00000     0.00000     0.00000
    -29.895         0.00000     0.00000     0.00000     0.00000
    -29.745         0.00000     0.00000     0.00000     0.00000
    -29.595         0.00000     0.00000     0.00000     0.00000
    -29.445         0.00000     0.00000     0.00000     0.00000
    -29.295         0.00000     0.00000     0.00000     0.00000
    -29.145         0.00000     0.00000     0.00000     0.00000
    -28.995         0.00000     0.00000     0.00000     0.00000
    -28.845         0.00000     0.00000     0.00000     0.00000
    -28.695         0.00000     0.00000     0.00000     0.00000
    -28.545         0.00000     0.00000     0.00000     0.00000
    -28.395         0.00000     0.00000     0.00000     0.00000
    -28.245         0.00000     0.00000     0.00000     0.00000
    -28.095         0.00000     0.00000     0.00000     0.00000
    -27.945         0.00000     0.00000     0.00000     0.00000
    -27.795         0.00000     0.00000     0.00000     0.00000
    -27.645         0.00000     0.00000     0.00000     0.00000
    -27.495         0.00000     0.00000     0.00000     0.00000
    -27.345         0.00000     0.00000     0.00000     0.00000
    -27.195         0.00000     0.00000     0.00000     0.00000
    -27.045         0.00000     0.00000     0.00000     0.00000
    -26.895         0.00000     0.00000     0.00000     0.00000
    -26.745         0.00000     0.00000     0.00000     0.00000
    -26.595         0.00000     0.00000     0.00000     0.00000
    -26.445         0.00000     0.00000     0.00000     0.00000
    -26.295         0.00000     0.00000     0.00000     0.00000
    -26.145         0.00000     0.00000     0.00000     0.00000
    -25.995         0.00000     0.00000     0.00000     0.00000
    -25.845         0.00000     0.00000     0.00000     0.00000
    -25.695         0.00000     0.00000     0.00000     0.00000
    -25.545         0.00000     0.00000     0.00000     0.00000
    -25.395         0.00000     0.00000     0.00000     0.00000
    -25.245         0.00000     0.00000     0.00000     0.00000
    -25.095         0.00000     0.00000     0.00000     0.00000
    -24.945         0.00000     0.00000     0.00000     0.00000
    -24.795         0.00000     0.00000     0.00000     0.00000
    -24.645         0.00000     0.00000     0.00000     0.00000
    -24.495         0.00000     0.00000     0.00000     0.00000
    -24.345         0.00000     0.00000     0.00000     0.00000
    -24.195         0.00000     0.00000     0.00000     0.00000
    -24.045         0.00000     0.00000     0.00000     0.00000
    -23.895         0.00000     0.00000     0.00000     0.00000
    -23.745         0.00000     0.00000     0.00000     0.00000
    -23.595         0.00000     0.00000     0.00000     0.00000
    -23.445         0.00000     0.00000     0.00000     0.00000
    -23.295         0.00000     0.00000     0.00000     0.00000
    -23.145         0.00000     0.00000     0.00000     0.00000
    -22.995         0.00000     0.00000     0.00000     0.00000
    -22.845         0.00000     0.00000     0.00000     0.00000
    -22.695         0.00000     0.00000     0.00000     0.00000
    -22.545         0.00000     0.00000     0.00000     0.00000
    -22.395         0.00000     0.00000     0.00000     0.00000
    -22.245         0.00000     0.00000     0.00000     0.00000
    -22.095         0.00000     0.00000     0.00000     0.00000
    -21.945         0.00000     0.00000     0.00000     0.00000
    -21.795         0.00000     0.00000     0.00000     0.00000
    -21.645         0.00000     0.00000     0.00000     0.00000
    -21.495         0.00000     0.00000     0.00000     0.00000
    -21.345         0.00000     0.00000     0.00000     0.00000
    -21.195         0.00000     0.00000     0.00000     0.00000
    -21.045         0.00000     0.00000     0.00000     0.00000
    -20.895         0.00000     0.00000     0.00000     0.00000
    -20.745         0.00000     0.00000     0.00000     0.00000
    -20.595         0.00000     0.00000     0.00000     0.00000
    -20.445         0.00000     0.00000     0.00000     0.00000
    -20.295         0.00000     0.00000     0.00000     0.00000
    -20.145         0.00000     0.00000     0.00000     0.00000
    -19.995         0.00000     0.00000     0.00000     0.00000
    -19.845         0.00000     0.00000     0.00000     0.00000
    -19.695         0.00000     0.00000     0.00000     0.00000
    -19.545         0.00000     0.00000     0.00000     0.00000
    -19.395         0.00000     0.00000     0.00000     0.00000
    -19.245         0.00000     0.00000     0.00000     0.00000
    -19.095         0.00000     0.00000     0.00000     0.00000
    -18.945         0.00000     0.00000     0.00000     0.00000
    -18.795         0.00000     0.00000     0.00000     0.00000
    -18.645         0.00000     0.00000     0.00000     0.00000
    -18.495         0.00000     0.00000     0.00000     0.00000
    -18.345         0.00000     0.00000     0.00000     0.00000
    -18.195         0.00000     0.00000     0.00000     0.00000
    -18.045         0.00000     0.00000     0.00000     0.00000
    -17.895         0.00000     0.00000     0.00000     0.00000
    -17.745         0.00000     0.00000     0.00000     0.00000
    -17.595         0.00000     0.00000     0.00000     0.00000
    -17.445         0.00000     0.00000     0.00000     0.00000
    -17.295         0.00000     0.00000     0.00000     0.00000
    -17.145         0.00000     0.00000     0.00000     0.00000
    -16.995         0.00000     0.00000     0.00000     0.00000
    -16.845         0.00000     0.00000     0.00000     0.00000
    -16.695         0.00000     0.00000     0.00000     0.00000
    -16.545         0.00000     0.00000     0.00000     0.00000
    -16.395         0.00000     0.00000     0.00000     0.00000
    -16.245         0.00000     0.00000     0.00000     0.00000
    -16.095         0.00000     0.00000     0.00000     0.00000
    -15.945         0.00000     0.00000     0.00000     0.00000
    -15.795         0.00000     0.00000     0.00000     0.00000
    -15.645         0.00000     0.00000     0.00000     0.00000
    -15.495         0.00000     0.00000     0.00000     0.00000
    -15.345         0.00000     0.00000     0.00000     0.00000
    -15.195         0.00000     0.00000     0.00000     0.00000
    -15.045         0.00000     0.00000     0.00000     0.00000
    -14.895         0.00000     0.00000     0.00000     0.00000
    -14.745         0.00000     0.00000     0.00000     0.00000
    -14.595         0.00000     0.00000     0.00000     0.00000
    -14.445         0.00000     0.00000     0.00000     0.00000
    -14.295         0.00000     0.00000     0.00000     0.00000
    -14.145         0.00000     0.00000     0.00000     0.00000
    -13.995         0.00000     0.00000     0.00000     0.00000
    -13.845         0.00000     0.00000     0.00000     0.00000
    -13.695         0.00000     0.00000     0.00000     0.00000
    -13.545         0.00000     0.00000     0.00000     0.00000
    -13.395         0.00000     0.00000     0.00000     0.00000
    -13.245         0.00000     0.00000     0.00000     0.00000
    -13.095         0.00000     0.00000     0.00000     0.00000
    -12.945         0.00000     0.00000     0.00000     0.00000
    -12.795         0.00000     0.00000     0.00000     0.00000
    -12.645         0.00000     0.00000     0.00000     0.00000
    -12.495         0.00000     0.00000     0.00000     0.00000
    -12.345         0.00000     0.00000     0.00000     0.00000
    -12.195         0.00000     0.00000     0.00000     0.00000
    -12.045         0.00000     0.00000     0.00000     0.00000
    -11.895         0.00000     0.00000     0.00000     0.00000
    -11.745         0.00000     0.00000     0.00000     0.00000
    -11.595         0.00000     0.00000     0.00000     0.00000
    -11.445         0.00000     0.00000     0.00000     0.00000
    -11.295         0.00000     0.00000     0.00000     0.00000
    -11.145         0.00000     0.00000     0.00000     0.00000
    -10.995         0.00000     0.00000     0.00000     0.00000
    -10.845         0.00000     0.00000     0.00000     0.00000
    -10.695         0.00000     0.00000     0.00000     0.00000
    -10.545         0.00000     0.00000     0.00000     0.00000
    -10.395         0.00000     0.00000     0.00000     0.00000
    -10.245         0.00000     0.00000     0.00000     0.00000
    -10.095         0.00000     0.00000     0.00000     0.00000
    -9.9450         0.00000     0.00000     0.00000     0.00000
    -9.7950         0.00000     0.00000     0.00000     0.00000
    -9.6450         0.00000     0.00000     0.00000     0.00000
    -9.4950         0.00000     0.00000     0.00000     0.00000
    -9.3450         0.00000     0.00000     0.00000     0.00000
    -9.1950         0.00000     0.00000     0.00000     0.00000
    -9.0450         0.00000     0.00000     0.00000     0.00000
    -8.8950         0.00000     0.00000     0.00000     0.00000
    -8.7450         0.00000     0.00000     0.00000     0.00000
    -8.5950         0.00000     0.00000     0.00000     0.00000
    -8.4450         0.00000     0.00000     0.00000     0.00000
    -8.2950         0.00000     0.00000     0.00000     0.00000
    -8.1450         0.00000     0.00000     0.00000     0.00000
    -7.9950         0.00000     0.00000     0.00000     0.00000
    -7.8450         0.00000     0.00000     0.00000     0.00000
    -7.6950         0.00000     0.00000     0.00000     0.00000
    -7.5450         0.00000     0.00000     0.00000     0.00000
    -7.3950         0.00000     0.00000     0.00000     0.00000
    -7.2450         0.00000     0.00000     0.00000     0.00000
    -7.0950         0.00000     0.00000     0.00000     0.00000
    -6.9450         0.00000     0.00000     0.00000     0.00000
    -6.7950         0.00000     0.00000     0.00000     0.00000
    -6.6450         0.00000     0.00000     0.00000     0.00000
    -6.4950         0.00000     0.00000     0.00000     0.00000
    -6.3450         0.00000     0.00000     0.00000     0.00000
    -6.1950         0.00000     0.00000     0.00000     0.00000
    -6.0450         0.00000     0.00000     0.00000     0.00000
    -5.8950         0.00000     0.00000     0.00000     0.00000
    -5.7450         0.00000     0.00000     0.00000     0.00000
    -5.5950         0.00000     0.00000     0.00000     0.00000
    -5.4450         0.00000     0.00000     0.00000     0.00000
    -5.2950         0.00000     0.00000     0.00000     0.00000
    -5.1450         0.00000     0.00000     0.00000     0.00000
    -4.9950         0.00000     0.00000     0.00000     0.00000
    -4.8450         0.00000     0.00000     0.00000     0.00000
    -4.6950         0.00000     0.00000     0.00000     0.00000
    -4.5450         0.00000     0.00000     0.00000     0.00000
    -4.3950         0.00000     0.00000     0.00000     0.00000
    -4.2450         0.00000     0.00000     0.00000     0.00000
    -4.0950         0.00000     0.00000     0.00000     0.00000
    -3.9450         0.00000     0.00000     0.00000     0.00000
    -3.7950         0.00000     0.00000     0.00000     0.00000
    -3.6450         0.00000     0.00000     0.00000     0.00000
    -3.4950        -0.00000    -0.00000     0.00000     0.00000
    -3.3450        -0.00000    -0.00000     0.00000     0.00000
    -3.1950        -0.00000    -0.00000     0.00000     0.00000
    -3.0450        -0.00000    -0.00000     0.00000     0.00000
    -2.8950        -0.00000    -0.00000     0.00000     0.00000
    -2.7450        -0.00000    -0.00000     0.00000     0.00000
    -2.5950        -0.00000    -0.00000     0.00000     0.00000
    -2.4450        -0.00001    -0.00001     0.00000     0.00000
    -2.2950        -0.00001    -0.00001     0.00000     0.00000
    -2.1450        -0.00001    -0.00001     0.00000     0.00000
    -1.9950        -0.00002    -0.00002     0.00000     0.00000
    -1.8450        -0.00004    -0.00004     0.00000     0.00000
    -1.6950        -0.00005    -0.00006     0.00000     0.00001
    -1.5450        -0.00029    -0.00010     0.00000    -0.00019
    -1.3950        -0.00169    -0.00013     0.00000    -0.00156
    -1.2450        -0.00729    -0.00017     0.00000    -0.00713
    -1.0950        -0.02471    -0.00020    -0.00000    -0.02452
   -0.94500        -0.07651    -0.00009    -0.00000    -0.07642
   -0.79500        -0.27062     0.00026     0.00003    -0.27091
   -0.64500        -1.06006     0.00045     0.00061    -1.06112
   -0.49500        -3.21542    -0.00198    -0.00216    -3.21128
   -0.34500        -6.32392    -0.00979    -0.00852    -6.30561
   -0.22700        -7.24998    -0.01390    -0.01108    -7.22500
   -0.21300        -7.35288    -0.01440    -0.01161    -7.32686
   -0.20700        -7.45508    -0.01500    -0.01214    -7.42795
   -0.20100        -7.55574    -0.01563    -0.01263    -7.52749
   -0.19500        -7.65501    -0.01621    -0.01326    -7.62555
   -0.18900        -7.75443    -0.01684    -0.01398    -7.72361
   -0.18300        -7.85230    -0.01748    -0.01469    -7.82013
   -0.17700        -7.94900    -0.01818    -0.01502    -7.91580
   -0.17100        -8.04583    -0.01891    -0.01558    -8.01133
   -0.16500        -8.14237    -0.01965    -0.01613    -8.10659
   -0.15900        -8.23857    -0.02043    -0.01688    -8.20126
   -0.15300        -8.33510    -0.02122    -0.01770    -8.29618
   -0.14700        -8.43218    -0.02209    -0.01819    -8.39189
   -0.14100        -8.52957    -0.02295    -0.01865    -8.48797
   -0.13500        -8.62709    -0.02388    -0.01941    -8.58380
   -0.12900        -8.72613    -0.02484    -0.02001    -8.68128
   -0.12300        -8.82605    -0.02590    -0.02075    -8.77940
   -0.11700        -8.92791    -0.02701    -0.02179    -8.87911
   -0.11100        -9.03133    -0.02808    -0.02268    -8.98057
   -0.10500        -9.13657    -0.02927    -0.02382    -9.08349
   -0.99000E-01    -9.24391    -0.03046    -0.02504    -9.18842
   -0.93000E-01    -9.35457    -0.03174    -0.02620    -9.29662
   -0.87000E-01    -9.46940    -0.03314    -0.02766    -9.40860
   -0.81000E-01    -9.58886    -0.03468    -0.02924    -9.52495
   -0.75000E-01    -9.71414    -0.03632    -0.03097    -9.64684
   -0.69000E-01    -9.84625    -0.03806    -0.03295    -9.77524
   -0.63000E-01    -9.98644    -0.04004    -0.03530    -9.91110
   -0.57000E-01   -10.13738    -0.04223    -0.03792   -10.05722
   -0.51000E-01   -10.30009    -0.04475    -0.04096   -10.21439
   -0.45000E-01   -10.47640    -0.04762    -0.04472   -10.38407
   -0.39000E-01   -10.66819    -0.05085    -0.04938   -10.56795
   -0.33000E-01   -10.87805    -0.05474    -0.05530   -10.76801
   -0.27000E-01   -11.11028    -0.05956    -0.06355   -10.98718
   -0.21300E-01   -11.28415    -0.06354    -0.07134   -11.14927
   -0.19500E-01   -11.31106    -0.06420    -0.07271   -11.17414
   -0.18900E-01   -11.33826    -0.06489    -0.07412   -11.19924
   -0.18300E-01   -11.36586    -0.06560    -0.07560   -11.22467
   -0.17700E-01   -11.39396    -0.06631    -0.07718   -11.25047
   -0.17100E-01   -11.42271    -0.06708    -0.07889   -11.27674
   -0.16500E-01   -11.45166    -0.06785    -0.08068   -11.30313
   -0.15900E-01   -11.48097    -0.06863    -0.08259   -11.32975
   -0.15300E-01   -11.51098    -0.06945    -0.08461   -11.35692
   -0.14700E-01   -11.54172    -0.07028    -0.08679   -11.38465
   -0.14100E-01   -11.57299    -0.07118    -0.08912   -11.41269
   -0.13500E-01   -11.60480    -0.07209    -0.09160   -11.44112
   -0.12900E-01   -11.63739    -0.07303    -0.09427   -11.47009
   -0.12300E-01   -11.67081    -0.07402    -0.09716   -11.49962
   -0.11700E-01   -11.70512    -0.07505    -0.10044   -11.52963
   -0.11100E-01   -11.74003    -0.07611    -0.10395   -11.55997
   -0.10500E-01   -11.77602    -0.07718    -0.10782   -11.59102
   -0.99000E-02   -11.81297    -0.07832    -0.11211   -11.62253
   -0.93000E-02   -11.85097    -0.07953    -0.11692   -11.65453
   -0.87000E-02   -11.89027    -0.08077    -0.12237   -11.68713
   -0.81000E-02   -11.93070    -0.08207    -0.12858   -11.72005
   -0.75000E-02   -11.97295    -0.08342    -0.13591   -11.75361
   -0.69000E-02   -12.01742    -0.08480    -0.14481   -11.78781
   -0.63000E-02   -12.06447    -0.08624    -0.15589   -11.82233
   -0.57000E-02   -12.11564    -0.08772    -0.17031   -11.85761
   -0.51000E-02   -12.17264    -0.08927    -0.18990   -11.89347
   -0.45000E-02   -12.23797    -0.09085    -0.21726   -11.92986
   -0.39000E-02   -12.31505    -0.09247    -0.25556   -11.96703
   -0.33000E-02   -12.40176    -0.09409    -0.30216   -12.00551
   -0.27000E-02   -12.47964    -0.09571    -0.33798   -12.04595
   -0.21000E-02   -12.54486    -0.09725    -0.35650   -12.09112
   -0.15000E-02   -12.61209    -0.09863    -0.36469   -12.14878
   -0.90000E-03   -12.71421    -0.09971    -0.36781   -12.24669
   -0.30000E-03   -14.13776    -0.10019    -0.36850   -13.66907
    0.30000E-03   -12.71410    -0.09950    -0.36803   -12.24657
    0.90000E-03   -12.61906    -0.09636    -0.36699   -12.15571
    0.15000E-02   -12.56811    -0.08809    -0.36562   -12.11440
    0.21000E-02   -12.52739    -0.06948    -0.36412   -12.09380
    0.27000E-02   -12.47996    -0.03389    -0.36252   -12.08355
    0.33000E-02   -12.42684     0.01249    -0.36090   -12.07842
    0.39000E-02   -12.38434     0.05077    -0.35929   -12.07582
    0.45000E-02   -12.35394     0.07824    -0.35770   -12.07448
    0.51000E-02   -12.33202     0.09795    -0.35617   -12.07379
    0.57000E-02   -12.31556     0.11251    -0.35464   -12.07343
    0.63000E-02   -12.30269     0.12374    -0.35319   -12.07324
    0.69000E-02   -12.29225     0.13265    -0.35178   -12.07313
    0.75000E-02   -12.28351     0.13995    -0.35040   -12.07306
    0.81000E-02   -12.27598     0.14613    -0.34910   -12.07302
    0.87000E-02   -12.26929     0.15152    -0.34782   -12.07298
    0.93000E-02   -12.26335     0.15621    -0.34660   -12.07296
    0.99000E-02   -12.25794     0.16041    -0.34542   -12.07293
    0.10500E-01   -12.25309     0.16411    -0.34429   -12.07291
    0.11100E-01   -12.24861     0.16746    -0.34318   -12.07289
    0.11700E-01   -12.24441     0.17057    -0.34212   -12.07286
    0.12300E-01   -12.24053     0.17345    -0.34115   -12.07284
    0.12900E-01   -12.23685     0.17613    -0.34017   -12.07281
    0.13500E-01   -12.23346     0.17856    -0.33923   -12.07279
    0.14100E-01   -12.23027     0.18083    -0.33833   -12.07276
    0.14700E-01   -12.22726     0.18295    -0.33747   -12.07274
    0.15300E-01   -12.22447     0.18484    -0.33661   -12.07270
    0.15900E-01   -12.22174     0.18668    -0.33574   -12.07268
    0.16500E-01   -12.21921     0.18843    -0.33499   -12.07264
    0.17100E-01   -12.21683     0.19002    -0.33424   -12.07261
    0.17700E-01   -12.21455     0.19157    -0.33355   -12.07258
    0.18300E-01   -12.21232     0.19305    -0.33283   -12.07254
    0.18900E-01   -12.21020     0.19443    -0.33213   -12.07250
    0.19500E-01   -12.20818     0.19576    -0.33147   -12.07247
    0.21300E-01   -12.19664     0.20305    -0.32747   -12.07222
    0.27000E-01   -12.18376     0.21079    -0.32285   -12.07170
    0.33000E-01   -12.17428     0.21625    -0.31944   -12.07109
    0.39000E-01   -12.16677     0.22041    -0.31679   -12.07039
    0.45000E-01   -12.16065     0.22365    -0.31471   -12.06959
    0.51000E-01   -12.15556     0.22619    -0.31307   -12.06868
    0.57000E-01   -12.15113     0.22833    -0.31177   -12.06769
    0.63000E-01   -12.14741     0.23002    -0.31075   -12.06668
    0.69000E-01   -12.14402     0.23137    -0.30984   -12.06555
    0.75000E-01   -12.14088     0.23257    -0.30918   -12.06427
    0.81000E-01   -12.13783     0.23367    -0.30861   -12.06290
    0.87000E-01   -12.13519     0.23450    -0.30816   -12.06153
    0.93000E-01   -12.13275     0.23512    -0.30783   -12.06005
    0.99000E-01   -12.13030     0.23579    -0.30754   -12.05855
    0.10500       -12.12797     0.23632    -0.30730   -12.05699
    0.11100       -12.12574     0.23666    -0.30708   -12.05533
    0.11700       -12.12347     0.23705    -0.30690   -12.05362
    0.12300       -12.12131     0.23733    -0.30677   -12.05187
    0.12900       -12.11890     0.23763    -0.30665   -12.04988
    0.13500       -12.11665     0.23791    -0.30651   -12.04806
    0.14100       -12.11439     0.23811    -0.30639   -12.04610
    0.14700       -12.11195     0.23835    -0.30629   -12.04400
    0.15300       -12.10930     0.23856    -0.30591   -12.04194
    0.15900       -12.10679     0.23873    -0.30560   -12.03991
    0.16500       -12.10423     0.23886    -0.30535   -12.03774
    0.17100       -12.10197     0.23897    -0.30531   -12.03564
    0.17700       -12.09947     0.23913    -0.30512   -12.03348
    0.18300       -12.09713     0.23920    -0.30497   -12.03136
    0.18900       -12.09436     0.23931    -0.30484   -12.02883
    0.19500       -12.09176     0.23943    -0.30482   -12.02637
    0.20100       -12.08936     0.23947    -0.30474   -12.02409
    0.20700       -12.08669     0.23956    -0.30466   -12.02160
    0.21300       -12.08411     0.23962    -0.30459   -12.01914
    0.22700       -12.06131     0.23990    -0.30424   -11.99697
    0.34500       -11.98492     0.24028    -0.30420   -11.92099
    0.49500       -11.89878     0.24103    -0.30390   -11.83592
    0.64500       -11.80670     0.24163    -0.30364   -11.74469
    0.79500       -11.71154     0.24211    -0.30341   -11.65024
    0.94500       -11.61472     0.24254    -0.30317   -11.55408
     1.0950       -11.51734     0.24292    -0.30296   -11.45730
     1.2450       -11.42037     0.24325    -0.30275   -11.36088
     1.3950       -11.32376     0.24356    -0.30257   -11.26475
     1.5450       -11.22925     0.24384    -0.30240   -11.17069
     1.6950       -11.13709     0.24411    -0.30223   -11.07898
     1.8450       -11.04746     0.24437    -0.30204   -10.98978
     1.9950       -10.96112     0.24460    -0.30188   -10.90385
     2.1450       -10.87691     0.24484    -0.30172   -10.82003
     2.2950       -10.79559     0.24505    -0.30158   -10.73906
     2.4450       -10.71739     0.24524    -0.30144   -10.66119
     2.5950       -10.64259     0.24543    -0.30130   -10.58672
     2.7450       -10.57033     0.24561    -0.30119   -10.51474
     2.8950       -10.50078     0.24577    -0.30107   -10.44548
     3.0450       -10.43383     0.24594    -0.30094   -10.37883
     3.1950       -10.36881     0.24610    -0.30082   -10.31409
     3.3450       -10.30621     0.24626    -0.30072   -10.25175
     3.4950       -10.24545     0.24641    -0.30062   -10.19124
     3.6450       -10.18694     0.24655    -0.30051   -10.13299
     3.7950       -10.13039     0.24670    -0.30041   -10.07668
     3.9450       -10.07569     0.24684    -0.30028   -10.02224
     4.0950       -10.02284     0.24696    -0.30019    -9.96961
     4.2450        -9.97162     0.24709    -0.30010    -9.91861
     4.3950        -9.92197     0.24721    -0.30000    -9.86919
     4.5450        -9.87369     0.24734    -0.29992    -9.82111
     4.6950        -9.82692     0.24744    -0.29982    -9.77454
     4.8450        -9.78140     0.24757    -0.29973    -9.72923
     4.9950        -9.73704     0.24768    -0.29964    -9.68508
     5.1450        -9.69392     0.24779    -0.29956    -9.64216
     5.2950        -9.65190     0.24789    -0.29947    -9.60032
     5.4450        -9.61091     0.24798    -0.29939    -9.55950
     5.5950        -9.57100     0.24808    -0.29931    -9.51977
     5.7450        -9.53206     0.24818    -0.29923    -9.48101
     5.8950        -9.49401     0.24828    -0.29915    -9.44313
     6.0450        -9.45676     0.24836    -0.29907    -9.40605
     6.1950        -9.42045     0.24845    -0.29900    -9.36991
     6.3450        -9.38488     0.24854    -0.29892    -9.33450
     6.4950        -9.35008     0.24863    -0.29884    -9.29986
     6.6450        -9.31601     0.24872    -0.29877    -9.26595
     6.7950        -9.28272     0.24880    -0.29870    -9.23282
     6.9450        -9.25002     0.24887    -0.29864    -9.20025
     7.0950        -9.21800     0.24894    -0.29857    -9.16837
     7.2450        -9.18664     0.24902    -0.29850    -9.13717
     7.3950        -9.15589     0.24909    -0.29843    -9.10655
     7.5450        -9.12572     0.24916    -0.29836    -9.07652
     7.6950        -9.09615     0.24923    -0.29830    -9.04707
     7.8450        -9.06702     0.24929    -0.29824    -9.01807
     7.9950        -9.03846     0.24936    -0.29818    -8.98964
     8.1450        -9.01041     0.24942    -0.29812    -8.96171
     8.2950        -8.98286     0.24949    -0.29806    -8.93428
     8.4450        -8.95571     0.24956    -0.29800    -8.90727
     8.5950        -8.92906     0.24963    -0.29796    -8.88073
     8.7450        -8.90284     0.24968    -0.29790    -8.85463
     8.8950        -8.87705     0.24975    -0.29784    -8.82895
     9.0450        -8.85166     0.24981    -0.29777    -8.80370
     9.1950        -8.82668     0.24988    -0.29773    -8.77883
     9.3450        -8.80213     0.24993    -0.29768    -8.75438
     9.4950        -8.77788     0.25000    -0.29762    -8.73026
     9.6450        -8.75406     0.25006    -0.29758    -8.70654
     9.7950        -8.73057     0.25012    -0.29751    -8.68317
     9.9450        -8.70747     0.25017    -0.29745    -8.66018
     10.095        -8.68466     0.25022    -0.29740    -8.63749
     10.245        -8.66219     0.25028    -0.29735    -8.61512
     10.395        -8.64001     0.25034    -0.29730    -8.59305
     10.545        -8.61818     0.25039    -0.29725    -8.57133
     10.695        -8.59664     0.25045    -0.29721    -8.54988
     10.845        -8.57531     0.25050    -0.29716    -8.52865
     10.995        -8.55433     0.25056    -0.29711    -8.50779
     11.145        -8.53366     0.25060    -0.29706    -8.48720
     11.295        -8.51326     0.25065    -0.29701    -8.46690
     11.445        -8.49311     0.25070    -0.29697    -8.44684
     11.595        -8.47320     0.25075    -0.29693    -8.42703
     11.745        -8.45352     0.25080    -0.29688    -8.40744
     11.895        -8.43411     0.25085    -0.29684    -8.38811
     12.045        -8.41491     0.25090    -0.29679    -8.36901
     12.195        -8.39594     0.25095    -0.29675    -8.35014
     12.345        -8.37721     0.25100    -0.29670    -8.33151
     12.495        -8.35878     0.25105    -0.29665    -8.31317
     12.645        -8.34051     0.25110    -0.29661    -8.29501
     12.795        -8.32249     0.25114    -0.29657    -8.27707
     12.945        -8.30467     0.25118    -0.29653    -8.25933
     13.095        -8.28699     0.25123    -0.29649    -8.24173
     13.245        -8.26950     0.25128    -0.29646    -8.22432
     13.395        -8.25229     0.25132    -0.29642    -8.20719
     13.545        -8.23517     0.25136    -0.29638    -8.19016
     13.695        -8.21829     0.25140    -0.29633    -8.17336
     13.845        -8.20156     0.25145    -0.29629    -8.15672
     13.995        -8.18507     0.25149    -0.29625    -8.14030
     14.145        -8.16873     0.25153    -0.29622    -8.12404
     14.295        -8.15257     0.25157    -0.29618    -8.10796
     14.445        -8.13655     0.25161    -0.29614    -8.09202
     14.595        -8.12075     0.25165    -0.29611    -8.07628
     14.745        -8.10508     0.25169    -0.29607    -8.06070
     14.895        -8.08963     0.25173    -0.29603    -8.04533
     15.045        -8.07423     0.25177    -0.29600    -8.03000
     15.195        -8.05906     0.25181    -0.29596    -8.01491
     15.345        -8.04402     0.25185    -0.29591    -7.99995
     15.495        -8.02910     0.25188    -0.29588    -7.98510
     15.645        -8.01434     0.25192    -0.29584    -7.97042
     15.795        -7.99969     0.25196    -0.29581    -7.95584
     15.945        -7.98521     0.25200    -0.29578    -7.94143
     16.095        -7.97087     0.25204    -0.29574    -7.92718
     16.245        -7.95667     0.25208    -0.29571    -7.91304
     16.395        -7.94254     0.25211    -0.29567    -7.89899
     16.545        -7.92861     0.25215    -0.29563    -7.88513
     16.695        -7.91477     0.25218    -0.29560    -7.87135
     16.845        -7.90110     0.25222    -0.29556    -7.85775
     16.995        -7.88751     0.25225    -0.29553    -7.84423
     17.145        -7.87408     0.25229    -0.29550    -7.83087
     17.295        -7.86074     0.25232    -0.29546    -7.81760
     17.445        -7.84754     0.25235    -0.29543    -7.80446
     17.595        -7.83444     0.25238    -0.29540    -7.79142
     17.745        -7.82138     0.25241    -0.29536    -7.77843
     17.895        -7.80849     0.25244    -0.29533    -7.76560
     18.045        -7.79577     0.25248    -0.29530    -7.75295
     18.195        -7.78308     0.25251    -0.29527    -7.74031
     18.345        -7.77051     0.25254    -0.29523    -7.72781
     18.495        -7.75806     0.25258    -0.29521    -7.71543
     18.645        -7.74574     0.25261    -0.29518    -7.70316
     18.795        -7.73347     0.25264    -0.29515    -7.69095
     18.945        -7.72134     0.25266    -0.29512    -7.67888
     19.095        -7.70928     0.25270    -0.29509    -7.66689
     19.245        -7.69733     0.25272    -0.29505    -7.65500
     19.395        -7.68550     0.25275    -0.29503    -7.64323
     19.545        -7.67372     0.25278    -0.29500    -7.63151
     19.695        -7.66208     0.25282    -0.29497    -7.61993
     19.845        -7.65047     0.25285    -0.29494    -7.60837
     19.995        -7.63897     0.25287    -0.29492    -7.59693
     20.145        -7.62753     0.25290    -0.29489    -7.58554
     20.295        -7.61619     0.25293    -0.29486    -7.57426
     20.445        -7.60493     0.25296    -0.29484    -7.56305
     20.595        -7.59381     0.25298    -0.29481    -7.55198
     20.745        -7.58274     0.25301    -0.29478    -7.54098
     20.895        -7.57179     0.25304    -0.29475    -7.53008
     21.045        -7.56086     0.25307    -0.29473    -7.51919
     21.195        -7.55007     0.25309    -0.29469    -7.50847
     21.345        -7.53932     0.25311    -0.29467    -7.49776
     21.495        -7.52867     0.25314    -0.29464    -7.48717
     21.645        -7.51806     0.25316    -0.29461    -7.47662
     21.795        -7.50751     0.25319    -0.29458    -7.46612
     21.945        -7.49706     0.25321    -0.29455    -7.45572
     22.095        -7.48668     0.25324    -0.29451    -7.44541
     22.245        -7.47637     0.25326    -0.29449    -7.43515
     22.395        -7.46614     0.25329    -0.29446    -7.42497
     22.545        -7.45597     0.25332    -0.29443    -7.41486
     22.695        -7.44588     0.25335    -0.29441    -7.40481
     22.845        -7.43585     0.25337    -0.29438    -7.39484
     22.995        -7.42587     0.25340    -0.29435    -7.38491
     23.145        -7.41596     0.25342    -0.29432    -7.37506
     23.295        -7.40615     0.25345    -0.29429    -7.36531
     23.445        -7.39640     0.25347    -0.29426    -7.35561
     23.595        -7.38669     0.25350    -0.29424    -7.34595
     23.745        -7.37710     0.25352    -0.29421    -7.33640
     23.895        -7.36748     0.25355    -0.29419    -7.32684
     24.045        -7.35799     0.25357    -0.29417    -7.31740
     24.195        -7.34857     0.25360    -0.29414    -7.30803
     24.345        -7.33920     0.25362    -0.29412    -7.29871
     24.495        -7.32988     0.25365    -0.29409    -7.28944
     24.645        -7.32063     0.25367    -0.29407    -7.28023
     24.795        -7.31138     0.25369    -0.29404    -7.27103
     24.945        -7.30226     0.25371    -0.29403    -7.26195
     25.095        -7.29315     0.25374    -0.29401    -7.25288
     25.245        -7.28412     0.25376    -0.29398    -7.24389
     25.395        -7.27513     0.25378    -0.29396    -7.23495
     25.545        -7.26620     0.25380    -0.29393    -7.22607
     25.695        -7.25734     0.25382    -0.29391    -7.21725
     25.845        -7.24851     0.25385    -0.29388    -7.20847
     25.995        -7.23974     0.25387    -0.29386    -7.19975
     26.145        -7.23102     0.25389    -0.29384    -7.19107
     26.295        -7.22234     0.25391    -0.29382    -7.18244
     26.445        -7.21372     0.25393    -0.29380    -7.17386
     26.595        -7.20516     0.25396    -0.29378    -7.16533
     26.745        -7.19663     0.25398    -0.29375    -7.15685
     26.895        -7.18815     0.25399    -0.29373    -7.14842
     27.045        -7.17973     0.25402    -0.29371    -7.14004
     27.195        -7.17137     0.25404    -0.29369    -7.13172
     27.345        -7.16304     0.25406    -0.29367    -7.12343
     27.495        -7.15477     0.25407    -0.29365    -7.11519
     27.645        -7.14652     0.25409    -0.29362    -7.10699
     27.795        -7.13835     0.25411    -0.29360    -7.09886
     27.945        -7.13021     0.25413    -0.29358    -7.09076
     28.095        -7.12211     0.25415    -0.29356    -7.08271
     28.245        -7.11407     0.25417    -0.29353    -7.07471
     28.395        -7.10608     0.25419    -0.29351    -7.06676
     28.545        -7.09811     0.25421    -0.29349    -7.05883
     28.695        -7.09021     0.25423    -0.29347    -7.05097
     28.845        -7.08236     0.25425    -0.29345    -7.04316
     28.995        -7.07453     0.25427    -0.29342    -7.03537
     29.145        -7.06675     0.25429    -0.29341    -7.02763
     29.295        -7.05898     0.25431    -0.29338    -7.01991
     29.445        -7.05124     0.25432    -0.29336    -7.01221
     29.595        -7.04360     0.25434    -0.29334    -7.00460
     29.745        -7.03599     0.25436    -0.29332    -6.99703
     29.895        -7.02842     0.25438    -0.29330    -6.98950
     30.045        -7.02088     0.25440    -0.29328    -6.98200
     30.195        -7.01336     0.25442    -0.29325    -6.97453
     30.345        -7.00589     0.25444    -0.29323    -6.96710
     30.495        -6.99845     0.25447    -0.29321    -6.95970
     30.645        -6.99109     0.25449    -0.29319    -6.95238
     30.795        -6.98375     0.25450    -0.29317    -6.94508
     30.945        -6.97642     0.25452    -0.29315    -6.93779
     31.095        -6.96916     0.25454    -0.29313    -6.93056
     31.245        -6.96192     0.25455    -0.29311    -6.92336
     31.395        -6.95470     0.25457    -0.29309    -6.91618
     31.545        -6.94753     0.25459    -0.29308    -6.90904
     31.695        -6.94042     0.25460    -0.29306    -6.90196
     31.845        -6.93332     0.25462    -0.29304    -6.89490
     31.995        -6.92626     0.25464    -0.29302    -6.88787
     32.145        -6.91926     0.25465    -0.29301    -6.88091
     32.295        -6.91225     0.25467    -0.29298    -6.87394
     32.445        -6.90529     0.25469    -0.29296    -6.86702
     32.595        -6.89838     0.25471    -0.29294    -6.86014
     32.745        -6.89144     0.25473    -0.29292    -6.85326
     32.895        -6.88457     0.25475    -0.29290    -6.84642
     33.045        -6.87775     0.25477    -0.29288    -6.83964
     33.195        -6.87092     0.25479    -0.29286    -6.83286
     33.345        -6.86415     0.25481    -0.29283    -6.82612
     33.495        -6.85742     0.25483    -0.29281    -6.81944
     33.645        -6.85073     0.25485    -0.29280    -6.81278
     33.795        -6.84408     0.25486    -0.29278    -6.80616
     33.945        -6.83743     0.25488    -0.29277    -6.79954
     34.095        -6.83080     0.25490    -0.29275    -6.79295
     34.245        -6.82420     0.25492    -0.29273    -6.78639
     34.395        -6.81765     0.25493    -0.29271    -6.77987
     34.545        -6.81112     0.25495    -0.29269    -6.77338
     34.695        -6.80461     0.25497    -0.29267    -6.76691
     34.845        -6.79818     0.25498    -0.29265    -6.76051
     34.995        -6.79172     0.25500    -0.29263    -6.75409
     35.145        -6.78530     0.25502    -0.29261    -6.74770
     35.295        -6.77893     0.25503    -0.29260    -6.74137
     35.445        -6.77261     0.25505    -0.29258    -6.73508
     35.595        -6.76629     0.25506    -0.29256    -6.72880
     35.745        -6.76002     0.25508    -0.29254    -6.72256
     35.895        -6.75377     0.25509    -0.29252    -6.71634
     36.045        -6.74753     0.25511    -0.29250    -6.71014
     36.195        -6.74131     0.25513    -0.29248    -6.70396
     36.345        -6.73512     0.25514    -0.29246    -6.69781
     36.495        -6.72899     0.25516    -0.29244    -6.69171
     36.645        -6.72287     0.25518    -0.29242    -6.68562
     36.795        -6.71676     0.25519    -0.29240    -6.67955
     36.945        -6.71071     0.25520    -0.29238    -6.67353
     37.095        -6.70471     0.25522    -0.29237    -6.66756
     37.245        -6.69870     0.25523    -0.29235    -6.66159
     37.395        -6.69270     0.25525    -0.29233    -6.65562
     37.545        -6.68673     0.25526    -0.29231    -6.64968
     37.695        -6.68079     0.25528    -0.29230    -6.64377
     37.845        -6.67489     0.25529    -0.29228    -6.63790
     37.995        -6.66898     0.25531    -0.29227    -6.63203
     38.145        -6.66311     0.25532    -0.29225    -6.62619
     38.295        -6.65724     0.25534    -0.29223    -6.62035
     38.445        -6.65141     0.25535    -0.29221    -6.61455
     38.595        -6.64562     0.25537    -0.29219    -6.60880
     38.745        -6.63985     0.25539    -0.29218    -6.60306
     38.895        -6.63411     0.25540    -0.29216    -6.59735
     39.045        -6.62837     0.25542    -0.29215    -6.59163
     39.195        -6.62268     0.25543    -0.29213    -6.58597
     39.345        -6.61697     0.25544    -0.29211    -6.58030
     39.495        -6.61133     0.25545    -0.29209    -6.57469
     39.645        -6.60570     0.25546    -0.29208    -6.56909
     39.795        -6.60007     0.25548    -0.29206    -6.56349
     39.945        -6.59447     0.25550    -0.29204    -6.55793
     40.095        -6.58892     0.25551    -0.29203    -6.55241
     40.245        -6.58338     0.25553    -0.29201    -6.54690
     40.395        -6.57786     0.25554    -0.29199    -6.54141
     40.545        -6.57235     0.25556    -0.29198    -6.53593
     40.695        -6.56687     0.25557    -0.29196    -6.53049
     40.845        -6.56140     0.25559    -0.29194    -6.52505
     40.995        -6.55595     0.25560    -0.29193    -6.51963
     41.145        -6.55054     0.25562    -0.29191    -6.51425
     41.295        -6.54515     0.25563    -0.29190    -6.50888
     41.445        -6.53976     0.25564    -0.29188    -6.50352
     41.595        -6.53440     0.25566    -0.29187    -6.49819
     41.745        -6.52907     0.25567    -0.29185    -6.49288
     41.895        -6.52377     0.25568    -0.29184    -6.48761
     42.045        -6.51847     0.25570    -0.29183    -6.48234
     42.195        -6.51320     0.25571    -0.29181    -6.47710
     42.345        -6.50795     0.25572    -0.29179    -6.47188
     42.495        -6.50270     0.25574    -0.29178    -6.46666
     42.645        -6.49747     0.25576    -0.29176    -6.46146
     42.795        -6.49227     0.25577    -0.29175    -6.45629
     42.945        -6.48708     0.25578    -0.29173    -6.45113
     43.095        -6.48190     0.25580    -0.29172    -6.44598
     43.245        -6.47678     0.25581    -0.29170    -6.44089
     43.395        -6.47165     0.25582    -0.29169    -6.43579
     43.545        -6.46654     0.25584    -0.29167    -6.43071
     43.695        -6.46146     0.25585    -0.29166    -6.42566
     43.845        -6.45641     0.25586    -0.29164    -6.42063
     43.995        -6.45136     0.25588    -0.29163    -6.41561
     44.145        -6.44633     0.25589    -0.29161    -6.41060
     44.295        -6.44132     0.25590    -0.29160    -6.40563
     44.445        -6.43631     0.25591    -0.29159    -6.40063
     44.595        -6.43132     0.25592    -0.29157    -6.39567
     44.745        -6.42637     0.25594    -0.29156    -6.39075
     44.895        -6.42142     0.25594    -0.29155    -6.38581
     45.045        -6.41650     0.25596    -0.29153    -6.38093
     45.195        -6.41159     0.25597    -0.29152    -6.37604
     45.345        -6.40672     0.25598    -0.29150    -6.37120
     45.495        -6.40182     0.25600    -0.29149    -6.36633
     45.645        -6.39696     0.25601    -0.29148    -6.36149
     45.795        -6.39214     0.25602    -0.29147    -6.35670
     45.945        -6.38733     0.25603    -0.29145    -6.35191
     46.095        -6.38254     0.25605    -0.29144    -6.34715
     46.245        -6.37777     0.25606    -0.29142    -6.34242
     46.395        -6.37299     0.25607    -0.29140    -6.33766
     46.545        -6.36823     0.25609    -0.29139    -6.33293
     46.695        -6.36350     0.25610    -0.29137    -6.32822
     46.845        -6.35879     0.25611    -0.29136    -6.32354
     46.995        -6.35408     0.25612    -0.29135    -6.31885
     47.145        -6.34939     0.25614    -0.29134    -6.31419
     47.295        -6.34470     0.25615    -0.29132    -6.30953
     47.445        -6.34004     0.25616    -0.29131    -6.30489
     47.595        -6.33540     0.25617    -0.29130    -6.30028
     47.745        -6.33077     0.25618    -0.29127    -6.29568
     47.895        -6.32615     0.25620    -0.29126    -6.29108
     48.045        -6.32154     0.25621    -0.29125    -6.28649
     48.195        -6.31698     0.25622    -0.29124    -6.28196
     48.345        -6.31241     0.25623    -0.29122    -6.27742
     48.495        -6.30785     0.25624    -0.29121    -6.27288
     48.645        -6.30332     0.25625    -0.29120    -6.26838
     48.795        -6.29880     0.25626    -0.29118    -6.26388
     48.945        -6.29431     0.25627    -0.29117    -6.25942
     49.095        -6.28983     0.25628    -0.29115    -6.25496
     49.245        -6.28536     0.25629    -0.29114    -6.25052
     49.395        -6.28092     0.25630    -0.29113    -6.24609
     49.545        -6.27646     0.25631    -0.29112    -6.24165
     49.695        -6.27202     0.25632    -0.29110    -6.23724
     49.845        -6.26759     0.25633    -0.29109    -6.23283
     49.995        -6.26319     0.25634    -0.29108    -6.22846
     50.145        -6.25878     0.25635    -0.29106    -6.22407
     50.295        -6.25441     0.25636    -0.29105    -6.21972
     50.445        -6.25006     0.25637    -0.29103    -6.21539
     50.595        -6.24570     0.25638    -0.29102    -6.21107
     50.745        -6.24137     0.25640    -0.29100    -6.20677
     50.895        -6.23708     0.25641    -0.29099    -6.20250
     51.045        -6.23274     0.25642    -0.29098    -6.19818
     51.195        -6.22842     0.25643    -0.29097    -6.19389
     51.345        -6.22411     0.25644    -0.29095    -6.18960
     51.495        -6.21985     0.25645    -0.29094    -6.18536
     51.645        -6.21559     0.25647    -0.29092    -6.18113
     51.795        -6.21135     0.25648    -0.29092    -6.17691
     51.945        -6.20711     0.25649    -0.29090    -6.17270
     52.095        -6.20286     0.25651    -0.29089    -6.16848
     52.245        -6.19864     0.25652    -0.29088    -6.16428
     52.395        -6.19447     0.25652    -0.29086    -6.16013
     52.545        -6.19030     0.25653    -0.29085    -6.15598
     52.695        -6.18614     0.25654    -0.29083    -6.15184
     52.845        -6.18199     0.25655    -0.29082    -6.14772
     52.995        -6.17785     0.25657    -0.29081    -6.14360
     53.145        -6.17373     0.25658    -0.29080    -6.13951
     53.295        -6.16961     0.25659    -0.29079    -6.13540
     53.445        -6.16551     0.25660    -0.29078    -6.13133
     53.595        -6.16141     0.25661    -0.29077    -6.12725
     53.745        -6.15734     0.25662    -0.29076    -6.12320
     53.895        -6.15331     0.25663    -0.29075    -6.11919
     54.045        -6.14924     0.25664    -0.29073    -6.11515
     54.195        -6.14521     0.25665    -0.29072    -6.11114
     54.345        -6.14118     0.25666    -0.29071    -6.10713
     54.495        -6.13715     0.25667    -0.29070    -6.10313
     54.645        -6.13313     0.25668    -0.29069    -6.09912
     54.795        -6.12914     0.25669    -0.29067    -6.09517
     54.945        -6.12518     0.25670    -0.29066    -6.09122
     55.095        -6.12121     0.25671    -0.29065    -6.08728
     59.433        -5.80966     0.25751    -0.28968    -5.77749
     80.646        -5.35352     0.25875    -0.28826    -5.32401
     111.21        -4.90902     0.25995    -0.28682    -4.88215
     153.36        -4.47700     0.26112    -0.28536    -4.45276
     211.49        -4.05744     0.26227    -0.28389    -4.03582
     291.64        -3.65047     0.26341    -0.28238    -3.63150
     402.18        -3.25618     0.26452    -0.28095    -3.23976
     554.60        -2.87437     0.26559    -0.27952    -2.86043
     764.80        -2.50452     0.26663    -0.27809    -2.49306
     1054.7        -2.14649     0.26762    -0.27668    -2.13743
     1454.4        -1.79958     0.26856    -0.27531    -1.79283
     2005.6        -1.46344     0.26945    -0.27395    -1.45894
     2765.8        -1.13769     0.27031    -0.27266    -1.13534
     3814.0        -0.82163     0.27110    -0.27138    -0.82135
     5259.5        -0.51481     0.27191    -0.27013    -0.51659
     7252.9        -0.21739     0.27264    -0.26895    -0.22108
     10002.         0.07127     0.27333    -0.26779     0.06574
     13793.         0.35061     0.27400    -0.26666     0.34327
     19020.         0.62010     0.27463    -0.26557     0.61104
     26229.         0.87945     0.27519    -0.26454     0.86880
     36170.         1.12802     0.27572    -0.26354     1.11585
     49878.         1.36599     0.27623    -0.26260     1.35236
     68782.         1.59338     0.27672    -0.26171     1.57837
     94851.         1.81066     0.27716    -0.26086     1.79436
    0.13080E+06     2.01796     0.27758    -0.26005     2.00043
    0.18038E+06     2.21577     0.27795    -0.25927     2.19709
    0.24874E+06     2.40439     0.27830    -0.25854     2.38463
    0.34301E+06     2.58407     0.27861    -0.25785     2.56331
    0.47302E+06     2.75542     0.27891    -0.25719     2.73369
    0.65229E+06     2.91840     0.27919    -0.25658     2.89579
    0.89952E+06     3.07365     0.27945    -0.25603     3.05024
    0.12404E+07     3.22138     0.27970    -0.25549     3.19716
    0.17106E+07     3.36214     0.27991    -0.25497     3.33719
    0.23589E+07     3.49597     0.28011    -0.25448     3.47033
    0.32529E+07     3.62343     0.28028    -0.25401     3.59716
    0.44858E+07     3.74479     0.28045    -0.25357     3.71791
    0.61860E+07     3.86012     0.28061    -0.25316     3.83268
    0.85305E+07     3.96993     0.28075    -0.25279     3.94198
    0.11764E+08     4.07431     0.28088    -0.25243     4.04586
    0.16222E+08     4.17356     0.28101    -0.25211     4.14467
    0.22370E+08     4.26786     0.28112    -0.25181     4.23856
    0.30849E+08     4.35699     0.28120    -0.25153     4.32732
    0.42541E+08     4.44031     0.28129    -0.25128     4.41030
    0.58664E+08     4.51815     0.28137    -0.25103     4.48781
    0.80898E+08     4.59123     0.28146    -0.25081     4.56058
    0.11156E+09     4.65983     0.28154    -0.25060     4.62889
    0.15384E+09     4.72444     0.28160    -0.25041     4.69325
    0.21215E+09     4.78518     0.28166    -0.25023     4.75376
    0.29255E+09     4.84246     0.28170    -0.25006     4.81082
    0.40343E+09     4.89630     0.28176    -0.24991     4.86445
    0.55633E+09     4.94694     0.28181    -0.24978     4.91491
    0.76719E+09     4.99325     0.28184    -0.24967     4.96107
    0.10580E+10     5.03528     0.28188    -0.24955     5.00295
    0.14589E+10     5.07376     0.28192    -0.24944     5.04128
    0.20119E+10     5.10922     0.28195    -0.24933     5.07660
    0.27744E+10     5.14190     0.28198    -0.24924     5.10916
    0.38259E+10     5.17196     0.28201    -0.24916     5.13910
    0.52760E+10     5.19972     0.28203    -0.24908     5.16676
    0.72756E+10     5.22539     0.28206    -0.24900     5.19234
    0.10033E+11     5.24908     0.28209    -0.24893     5.21592
    0.13836E+11     5.27092     0.28210    -0.24887     5.23769
    0.19079E+11     5.29109     0.28212    -0.24882     5.25778
    0.26311E+11     5.30968     0.28214    -0.24877     5.27630
    0.36283E+11     5.32685     0.28216    -0.24871     5.29340
    0.50034E+11     5.34272     0.28217    -0.24866     5.30921
    0.68997E+11     5.35736     0.28218    -0.24862     5.32380
    0.10000E+12     5.53238     0.28233    -0.24810     5.49816
