    -99.945         0.00000     0.00000     0.00000     0.00000
    -99.795         0.00000     0.00000     0.00000     0.00000
    -99.645         0.00000     0.00000     0.00000     0.00000
    -99.495         0.00000     0.00000     0.00000     0.00000
    -99.345         0.00000     0.00000     0.00000     0.00000
    -99.195         0.00000     0.00000     0.00000     0.00000
    -99.045         0.00000     0.00000     0.00000     0.00000
    -98.895         0.00000     0.00000     0.00000     0.00000
    -98.745         0.00000     0.00000     0.00000     0.00000
    -98.595         0.00000     0.00000     0.00000     0.00000
    -98.445         0.00000     0.00000     0.00000     0.00000
    -98.295         0.00000     0.00000     0.00000     0.00000
    -98.145         0.00000     0.00000     0.00000     0.00000
    -97.995         0.00000     0.00000     0.00000     0.00000
    -97.845         0.00000     0.00000     0.00000     0.00000
    -97.695         0.00000     0.00000     0.00000     0.00000
    -97.545         0.00000     0.00000     0.00000     0.00000
    -97.395         0.00000     0.00000     0.00000     0.00000
    -97.245         0.00000     0.00000     0.00000     0.00000
    -97.095         0.00000     0.00000     0.00000     0.00000
    -96.945         0.00000     0.00000     0.00000     0.00000
    -96.795         0.00000     0.00000     0.00000     0.00000
    -96.645         0.00000     0.00000     0.00000     0.00000
    -96.495         0.00000     0.00000     0.00000     0.00000
    -96.345         0.00000     0.00000     0.00000     0.00000
    -96.195         0.00000     0.00000     0.00000     0.00000
    -96.045         0.00000     0.00000     0.00000     0.00000
    -95.895         0.00000     0.00000     0.00000     0.00000
    -95.745         0.00000     0.00000     0.00000     0.00000
    -95.595         0.00000     0.00000     0.00000     0.00000
    -95.445         0.00000     0.00000     0.00000     0.00000
    -95.295         0.00000     0.00000     0.00000     0.00000
    -95.145         0.00000     0.00000     0.00000     0.00000
    -94.995         0.00000     0.00000     0.00000     0.00000
    -94.845         0.00000     0.00000     0.00000     0.00000
    -94.695         0.00000     0.00000     0.00000     0.00000
    -94.545         0.00000     0.00000     0.00000     0.00000
    -94.395         0.00000     0.00000     0.00000     0.00000
    -94.245         0.00000     0.00000     0.00000     0.00000
    -94.095         0.00000     0.00000     0.00000     0.00000
    -93.945         0.00000     0.00000     0.00000     0.00000
    -93.795         0.00000     0.00000     0.00000     0.00000
    -93.645         0.00000     0.00000     0.00000     0.00000
    -93.495         0.00000     0.00000     0.00000     0.00000
    -93.345         0.00000     0.00000     0.00000     0.00000
    -93.195         0.00000     0.00000     0.00000     0.00000
    -93.045         0.00000     0.00000     0.00000     0.00000
    -92.895         0.00000     0.00000     0.00000     0.00000
    -92.745         0.00000     0.00000     0.00000     0.00000
    -92.595         0.00000     0.00000     0.00000     0.00000
    -92.445         0.00000     0.00000     0.00000     0.00000
    -92.295         0.00000     0.00000     0.00000     0.00000
    -92.145         0.00000     0.00000     0.00000     0.00000
    -91.995         0.00000     0.00000     0.00000     0.00000
    -91.845         0.00000     0.00000     0.00000     0.00000
    -91.695         0.00000     0.00000     0.00000     0.00000
    -91.545         0.00000     0.00000     0.00000     0.00000
    -91.395         0.00000     0.00000     0.00000     0.00000
    -91.245         0.00000     0.00000     0.00000     0.00000
    -91.095         0.00000     0.00000     0.00000     0.00000
    -90.945         0.00000     0.00000     0.00000     0.00000
    -90.795         0.00000     0.00000     0.00000     0.00000
    -90.645         0.00000     0.00000     0.00000     0.00000
    -90.495         0.00000     0.00000     0.00000     0.00000
    -90.345         0.00000     0.00000     0.00000     0.00000
    -90.195         0.00000     0.00000     0.00000     0.00000
    -90.045         0.00000     0.00000     0.00000     0.00000
    -89.895         0.00000     0.00000     0.00000     0.00000
    -89.745         0.00000     0.00000     0.00000     0.00000
    -89.595         0.00000     0.00000     0.00000     0.00000
    -89.445         0.00000     0.00000     0.00000     0.00000
    -89.295         0.00000     0.00000     0.00000     0.00000
    -89.145         0.00000     0.00000     0.00000     0.00000
    -88.995         0.00000     0.00000     0.00000     0.00000
    -88.845         0.00000     0.00000     0.00000     0.00000
    -88.695         0.00000     0.00000     0.00000     0.00000
    -88.545         0.00000     0.00000     0.00000     0.00000
    -88.395         0.00000     0.00000     0.00000     0.00000
    -88.245         0.00000     0.00000     0.00000     0.00000
    -88.095         0.00000     0.00000     0.00000     0.00000
    -87.945         0.00000     0.00000     0.00000     0.00000
    -87.795         0.00000     0.00000     0.00000     0.00000
    -87.645         0.00000     0.00000     0.00000     0.00000
    -87.495         0.00000     0.00000     0.00000     0.00000
    -87.345         0.00000     0.00000     0.00000     0.00000
    -87.195         0.00000     0.00000     0.00000     0.00000
    -87.045         0.00000     0.00000     0.00000     0.00000
    -86.895         0.00000     0.00000     0.00000     0.00000
    -86.745         0.00000     0.00000     0.00000     0.00000
    -86.595         0.00000     0.00000     0.00000     0.00000
    -86.445         0.00000     0.00000     0.00000     0.00000
    -86.295         0.00000     0.00000     0.00000     0.00000
    -86.145         0.00000     0.00000     0.00000     0.00000
    -85.995         0.00000     0.00000     0.00000     0.00000
    -85.845         0.00000     0.00000     0.00000     0.00000
    -85.695         0.00000     0.00000     0.00000     0.00000
    -85.545         0.00000     0.00000     0.00000     0.00000
    -85.395         0.00000     0.00000     0.00000     0.00000
    -85.245         0.00000     0.00000     0.00000     0.00000
    -85.095         0.00000     0.00000     0.00000     0.00000
    -84.945         0.00000     0.00000     0.00000     0.00000
    -84.795         0.00000     0.00000     0.00000     0.00000
    -84.645         0.00000     0.00000     0.00000     0.00000
    -84.495         0.00000     0.00000     0.00000     0.00000
    -84.345         0.00000     0.00000     0.00000     0.00000
    -84.195         0.00000     0.00000     0.00000     0.00000
    -84.045         0.00000     0.00000     0.00000     0.00000
    -83.895         0.00000     0.00000     0.00000     0.00000
    -83.745         0.00000     0.00000     0.00000     0.00000
    -83.595         0.00000     0.00000     0.00000     0.00000
    -83.445         0.00000     0.00000     0.00000     0.00000
    -83.295         0.00000     0.00000     0.00000     0.00000
    -83.145         0.00000     0.00000     0.00000     0.00000
    -82.995         0.00000     0.00000     0.00000     0.00000
    -82.845         0.00000     0.00000     0.00000     0.00000
    -82.695         0.00000     0.00000     0.00000     0.00000
    -82.545         0.00000     0.00000     0.00000     0.00000
    -82.395         0.00000     0.00000     0.00000     0.00000
    -82.245         0.00000     0.00000     0.00000     0.00000
    -82.095         0.00000     0.00000     0.00000     0.00000
    -81.945         0.00000     0.00000     0.00000     0.00000
    -81.795         0.00000     0.00000     0.00000     0.00000
    -81.645         0.00000     0.00000     0.00000     0.00000
    -81.495         0.00000     0.00000     0.00000     0.00000
    -81.345         0.00000     0.00000     0.00000     0.00000
    -81.195         0.00000     0.00000     0.00000     0.00000
    -81.045         0.00000     0.00000     0.00000     0.00000
    -80.895         0.00000     0.00000     0.00000     0.00000
    -80.745         0.00000     0.00000     0.00000     0.00000
    -80.595         0.00000     0.00000     0.00000     0.00000
    -80.445         0.00000     0.00000     0.00000     0.00000
    -80.295         0.00000     0.00000     0.00000     0.00000
    -80.145         0.00000     0.00000     0.00000     0.00000
    -79.995         0.00000     0.00000     0.00000     0.00000
    -79.845         0.00000     0.00000     0.00000     0.00000
    -79.695         0.00000     0.00000     0.00000     0.00000
    -79.545         0.00000     0.00000     0.00000     0.00000
    -79.395         0.00000     0.00000     0.00000     0.00000
    -79.245         0.00000     0.00000     0.00000     0.00000
    -79.095         0.00000     0.00000     0.00000     0.00000
    -78.945         0.00000     0.00000     0.00000     0.00000
    -78.795         0.00000     0.00000     0.00000     0.00000
    -78.645         0.00000     0.00000     0.00000     0.00000
    -78.495         0.00000     0.00000     0.00000     0.00000
    -78.345         0.00000     0.00000     0.00000     0.00000
    -78.195         0.00000     0.00000     0.00000     0.00000
    -78.045         0.00000     0.00000     0.00000     0.00000
    -77.895         0.00000     0.00000     0.00000     0.00000
    -77.745         0.00000     0.00000     0.00000     0.00000
    -77.595         0.00000     0.00000     0.00000     0.00000
    -77.445         0.00000     0.00000     0.00000     0.00000
    -77.295         0.00000     0.00000     0.00000     0.00000
    -77.145         0.00000     0.00000     0.00000     0.00000
    -76.995         0.00000     0.00000     0.00000     0.00000
    -76.845         0.00000     0.00000     0.00000     0.00000
    -76.695         0.00000     0.00000     0.00000     0.00000
    -76.545         0.00000     0.00000     0.00000     0.00000
    -76.395         0.00000     0.00000     0.00000     0.00000
    -76.245         0.00000     0.00000     0.00000     0.00000
    -76.095         0.00000     0.00000     0.00000     0.00000
    -75.945         0.00000     0.00000     0.00000     0.00000
    -75.795         0.00000     0.00000     0.00000     0.00000
    -75.645         0.00000     0.00000     0.00000     0.00000
    -75.495         0.00000     0.00000     0.00000     0.00000
    -75.345         0.00000     0.00000     0.00000     0.00000
    -75.195         0.00000     0.00000     0.00000     0.00000
    -75.045         0.00000     0.00000     0.00000     0.00000
    -74.895         0.00000     0.00000     0.00000     0.00000
    -74.745         0.00000     0.00000     0.00000     0.00000
    -74.595         0.00000     0.00000     0.00000     0.00000
    -74.445         0.00000     0.00000     0.00000     0.00000
    -74.295         0.00000     0.00000     0.00000     0.00000
    -74.145         0.00000     0.00000     0.00000     0.00000
    -73.995         0.00000     0.00000     0.00000     0.00000
    -73.845         0.00000     0.00000     0.00000     0.00000
    -73.695         0.00000     0.00000     0.00000     0.00000
    -73.545         0.00000     0.00000     0.00000     0.00000
    -73.395         0.00000     0.00000     0.00000     0.00000
    -73.245         0.00000     0.00000     0.00000     0.00000
    -73.095         0.00000     0.00000     0.00000     0.00000
    -72.945         0.00000     0.00000     0.00000     0.00000
    -72.795         0.00000     0.00000     0.00000     0.00000
    -72.645         0.00000     0.00000     0.00000     0.00000
    -72.495         0.00000     0.00000     0.00000     0.00000
    -72.345         0.00000     0.00000     0.00000     0.00000
    -72.195         0.00000     0.00000     0.00000     0.00000
    -72.045         0.00000     0.00000     0.00000     0.00000
    -71.895         0.00000     0.00000     0.00000     0.00000
    -71.745         0.00000     0.00000     0.00000     0.00000
    -71.595         0.00000     0.00000     0.00000     0.00000
    -71.445         0.00000     0.00000     0.00000     0.00000
    -71.295         0.00000     0.00000     0.00000     0.00000
    -71.145         0.00000     0.00000     0.00000     0.00000
    -70.995         0.00000     0.00000     0.00000     0.00000
    -70.845         0.00000     0.00000     0.00000     0.00000
    -70.695         0.00000     0.00000     0.00000     0.00000
    -70.545         0.00000     0.00000     0.00000     0.00000
    -70.395         0.00000     0.00000     0.00000     0.00000
    -70.245         0.00000     0.00000     0.00000     0.00000
    -70.095         0.00000     0.00000     0.00000     0.00000
    -69.945         0.00000     0.00000     0.00000     0.00000
    -69.795         0.00000     0.00000     0.00000     0.00000
    -69.645         0.00000     0.00000     0.00000     0.00000
    -69.495         0.00000     0.00000     0.00000     0.00000
    -69.345         0.00000     0.00000     0.00000     0.00000
    -69.195         0.00000     0.00000     0.00000     0.00000
    -69.045         0.00000     0.00000     0.00000     0.00000
    -68.895         0.00000     0.00000     0.00000     0.00000
    -68.745         0.00000     0.00000     0.00000     0.00000
    -68.595         0.00000     0.00000     0.00000     0.00000
    -68.445         0.00000     0.00000     0.00000     0.00000
    -68.295         0.00000     0.00000     0.00000     0.00000
    -68.145         0.00000     0.00000     0.00000     0.00000
    -67.995         0.00000     0.00000     0.00000     0.00000
    -67.845         0.00000     0.00000     0.00000     0.00000
    -67.695         0.00000     0.00000     0.00000     0.00000
    -67.545         0.00000     0.00000     0.00000     0.00000
    -67.395         0.00000     0.00000     0.00000     0.00000
    -67.245         0.00000     0.00000     0.00000     0.00000
    -67.095         0.00000     0.00000     0.00000     0.00000
    -66.945         0.00000     0.00000     0.00000     0.00000
    -66.795         0.00000     0.00000     0.00000     0.00000
    -66.645         0.00000     0.00000     0.00000     0.00000
    -66.495         0.00000     0.00000     0.00000     0.00000
    -66.345         0.00000     0.00000     0.00000     0.00000
    -66.195         0.00000     0.00000     0.00000     0.00000
    -66.045         0.00000     0.00000     0.00000     0.00000
    -65.895         0.00000     0.00000     0.00000     0.00000
    -65.745         0.00000     0.00000     0.00000     0.00000
    -65.595         0.00000     0.00000     0.00000     0.00000
    -65.445         0.00000     0.00000     0.00000     0.00000
    -65.295         0.00000     0.00000     0.00000     0.00000
    -65.145         0.00000     0.00000     0.00000     0.00000
    -64.995         0.00000     0.00000     0.00000     0.00000
    -64.845         0.00000     0.00000     0.00000     0.00000
    -64.695         0.00000     0.00000     0.00000     0.00000
    -64.545         0.00000     0.00000     0.00000     0.00000
    -64.395         0.00000     0.00000     0.00000     0.00000
    -64.245         0.00000     0.00000     0.00000     0.00000
    -64.095         0.00000     0.00000     0.00000     0.00000
    -63.945         0.00000     0.00000     0.00000     0.00000
    -63.795         0.00000     0.00000     0.00000     0.00000
    -63.645         0.00000     0.00000     0.00000     0.00000
    -63.495         0.00000     0.00000     0.00000     0.00000
    -63.345         0.00000     0.00000     0.00000     0.00000
    -63.195         0.00000     0.00000     0.00000     0.00000
    -63.045         0.00000     0.00000     0.00000     0.00000
    -62.895         0.00000     0.00000     0.00000     0.00000
    -62.745         0.00000     0.00000     0.00000     0.00000
    -62.595         0.00000     0.00000     0.00000     0.00000
    -62.445         0.00000     0.00000     0.00000     0.00000
    -62.295         0.00000     0.00000     0.00000     0.00000
    -62.145         0.00000     0.00000     0.00000     0.00000
    -61.995         0.00000     0.00000     0.00000     0.00000
    -61.845         0.00000     0.00000     0.00000     0.00000
    -61.695         0.00000     0.00000     0.00000     0.00000
    -61.545         0.00000     0.00000     0.00000     0.00000
    -61.395         0.00000     0.00000     0.00000     0.00000
    -61.245         0.00000     0.00000     0.00000     0.00000
    -61.095         0.00000     0.00000     0.00000     0.00000
    -60.945         0.00000     0.00000     0.00000     0.00000
    -60.795         0.00000     0.00000     0.00000     0.00000
    -60.645         0.00000     0.00000     0.00000     0.00000
    -60.495         0.00000     0.00000     0.00000     0.00000
    -60.345         0.00000     0.00000     0.00000     0.00000
    -60.195         0.00000     0.00000     0.00000     0.00000
    -60.045         0.00000     0.00000     0.00000     0.00000
    -59.895         0.00000     0.00000     0.00000     0.00000
    -59.745         0.00000     0.00000     0.00000     0.00000
    -59.595         0.00000     0.00000     0.00000     0.00000
    -59.445         0.00000     0.00000     0.00000     0.00000
    -59.295         0.00000     0.00000     0.00000     0.00000
    -59.145         0.00000     0.00000     0.00000     0.00000
    -58.995         0.00000     0.00000     0.00000     0.00000
    -58.845         0.00000     0.00000     0.00000     0.00000
    -58.695         0.00000     0.00000     0.00000     0.00000
    -58.545         0.00000     0.00000     0.00000     0.00000
    -58.395         0.00000     0.00000     0.00000     0.00000
    -58.245         0.00000     0.00000     0.00000     0.00000
    -58.095         0.00000     0.00000     0.00000     0.00000
    -57.945         0.00000     0.00000     0.00000     0.00000
    -57.795         0.00000     0.00000     0.00000     0.00000
    -57.645         0.00000     0.00000     0.00000     0.00000
    -57.495         0.00000     0.00000     0.00000     0.00000
    -57.345         0.00000     0.00000     0.00000     0.00000
    -57.195         0.00000     0.00000     0.00000     0.00000
    -57.045         0.00000     0.00000     0.00000     0.00000
    -56.895         0.00000     0.00000     0.00000     0.00000
    -56.745         0.00000     0.00000     0.00000     0.00000
    -56.595         0.00000     0.00000     0.00000     0.00000
    -56.445         0.00000     0.00000     0.00000     0.00000
    -56.295         0.00000     0.00000     0.00000     0.00000
    -56.145         0.00000     0.00000     0.00000     0.00000
    -55.995         0.00000     0.00000     0.00000     0.00000
    -55.845         0.00000     0.00000     0.00000     0.00000
    -55.695         0.00000     0.00000     0.00000     0.00000
    -55.545         0.00000     0.00000     0.00000     0.00000
    -55.395         0.00000     0.00000     0.00000     0.00000
    -55.245         0.00000     0.00000     0.00000     0.00000
    -55.095         0.00000     0.00000     0.00000     0.00000
    -54.945         0.00000     0.00000     0.00000     0.00000
    -54.795         0.00000     0.00000     0.00000     0.00000
    -54.645         0.00000     0.00000     0.00000     0.00000
    -54.495         0.00000     0.00000     0.00000     0.00000
    -54.345         0.00000     0.00000     0.00000     0.00000
    -54.195         0.00000     0.00000     0.00000     0.00000
    -54.045         0.00000     0.00000     0.00000     0.00000
    -53.895         0.00000     0.00000     0.00000     0.00000
    -53.745         0.00000     0.00000     0.00000     0.00000
    -53.595         0.00000     0.00000     0.00000     0.00000
    -53.445         0.00000     0.00000     0.00000     0.00000
    -53.295         0.00000     0.00000     0.00000     0.00000
    -53.145         0.00000     0.00000     0.00000     0.00000
    -52.995         0.00000     0.00000     0.00000     0.00000
    -52.845         0.00000     0.00000     0.00000     0.00000
    -52.695         0.00000     0.00000     0.00000     0.00000
    -52.545         0.00000     0.00000     0.00000     0.00000
    -52.395         0.00000     0.00000     0.00000     0.00000
    -52.245         0.00000     0.00000     0.00000     0.00000
    -52.095         0.00000     0.00000     0.00000     0.00000
    -51.945         0.00000     0.00000     0.00000     0.00000
    -51.795         0.00000     0.00000     0.00000     0.00000
    -51.645         0.00000     0.00000     0.00000     0.00000
    -51.495         0.00000     0.00000     0.00000     0.00000
    -51.345         0.00000     0.00000     0.00000     0.00000
    -51.195         0.00000     0.00000     0.00000     0.00000
    -51.045         0.00000     0.00000     0.00000     0.00000
    -50.895         0.00000     0.00000     0.00000     0.00000
    -50.745         0.00000     0.00000     0.00000     0.00000
    -50.595         0.00000     0.00000     0.00000     0.00000
    -50.445         0.00000     0.00000     0.00000     0.00000
    -50.295         0.00000     0.00000     0.00000     0.00000
    -50.145         0.00000     0.00000     0.00000     0.00000
    -49.995         0.00000     0.00000     0.00000     0.00000
    -49.845         0.00000     0.00000     0.00000     0.00000
    -49.695         0.00000     0.00000     0.00000     0.00000
    -49.545         0.00000     0.00000     0.00000     0.00000
    -49.395         0.00000     0.00000     0.00000     0.00000
    -49.245         0.00000     0.00000     0.00000     0.00000
    -49.095         0.00000     0.00000     0.00000     0.00000
    -48.945         0.00000     0.00000     0.00000     0.00000
    -48.795         0.00000     0.00000     0.00000     0.00000
    -48.645         0.00000     0.00000     0.00000     0.00000
    -48.495         0.00000     0.00000     0.00000     0.00000
    -48.345         0.00000     0.00000     0.00000     0.00000
    -48.195         0.00000     0.00000     0.00000     0.00000
    -48.045         0.00000     0.00000     0.00000     0.00000
    -47.895         0.00000     0.00000     0.00000     0.00000
    -47.745         0.00000     0.00000     0.00000     0.00000
    -47.595         0.00000     0.00000     0.00000     0.00000
    -47.445         0.00000     0.00000     0.00000     0.00000
    -47.295         0.00000     0.00000     0.00000     0.00000
    -47.145         0.00000     0.00000     0.00000     0.00000
    -46.995         0.00000     0.00000     0.00000     0.00000
    -46.845         0.00000     0.00000     0.00000     0.00000
    -46.695         0.00000     0.00000     0.00000     0.00000
    -46.545         0.00000     0.00000     0.00000     0.00000
    -46.395         0.00000     0.00000     0.00000     0.00000
    -46.245         0.00000     0.00000     0.00000     0.00000
    -46.095         0.00000     0.00000     0.00000     0.00000
    -45.945         0.00000     0.00000     0.00000     0.00000
    -45.795         0.00000     0.00000     0.00000     0.00000
    -45.645         0.00000     0.00000     0.00000     0.00000
    -45.495         0.00000     0.00000     0.00000     0.00000
    -45.345         0.00000     0.00000     0.00000     0.00000
    -45.195         0.00000     0.00000     0.00000     0.00000
    -45.045         0.00000     0.00000     0.00000     0.00000
    -44.895         0.00000     0.00000     0.00000     0.00000
    -44.745         0.00000     0.00000     0.00000     0.00000
    -44.595         0.00000     0.00000     0.00000     0.00000
    -44.445         0.00000     0.00000     0.00000     0.00000
    -44.295         0.00000     0.00000     0.00000     0.00000
    -44.145         0.00000     0.00000     0.00000     0.00000
    -43.995         0.00000     0.00000     0.00000     0.00000
    -43.845         0.00000     0.00000     0.00000     0.00000
    -43.695         0.00000     0.00000     0.00000     0.00000
    -43.545         0.00000     0.00000     0.00000     0.00000
    -43.395         0.00000     0.00000     0.00000     0.00000
    -43.245         0.00000     0.00000     0.00000     0.00000
    -43.095         0.00000     0.00000     0.00000     0.00000
    -42.945         0.00000     0.00000     0.00000     0.00000
    -42.795         0.00000     0.00000     0.00000     0.00000
    -42.645         0.00000     0.00000     0.00000     0.00000
    -42.495         0.00000     0.00000     0.00000     0.00000
    -42.345         0.00000     0.00000     0.00000     0.00000
    -42.195         0.00000     0.00000     0.00000     0.00000
    -42.045         0.00000     0.00000     0.00000     0.00000
    -41.895         0.00000     0.00000     0.00000     0.00000
    -41.745         0.00000     0.00000     0.00000     0.00000
    -41.595         0.00000     0.00000     0.00000     0.00000
    -41.445         0.00000     0.00000     0.00000     0.00000
    -41.295         0.00000     0.00000     0.00000     0.00000
    -41.145         0.00000     0.00000     0.00000     0.00000
    -40.995         0.00000     0.00000     0.00000     0.00000
    -40.845         0.00000     0.00000     0.00000     0.00000
    -40.695         0.00000     0.00000     0.00000     0.00000
    -40.545         0.00000     0.00000     0.00000     0.00000
    -40.395         0.00000     0.00000     0.00000     0.00000
    -40.245         0.00000     0.00000     0.00000     0.00000
    -40.095         0.00000     0.00000     0.00000     0.00000
    -39.945         0.00000     0.00000     0.00000     0.00000
    -39.795         0.00000     0.00000     0.00000     0.00000
    -39.645         0.00000     0.00000     0.00000     0.00000
    -39.495         0.00000     0.00000     0.00000     0.00000
    -39.345         0.00000     0.00000     0.00000     0.00000
    -39.195         0.00000     0.00000     0.00000     0.00000
    -39.045         0.00000     0.00000     0.00000     0.00000
    -38.895         0.00000     0.00000     0.00000     0.00000
    -38.745         0.00000     0.00000     0.00000     0.00000
    -38.595         0.00000     0.00000     0.00000     0.00000
    -38.445         0.00000     0.00000     0.00000     0.00000
    -38.295         0.00000     0.00000     0.00000     0.00000
    -38.145         0.00000     0.00000     0.00000     0.00000
    -37.995         0.00000     0.00000     0.00000     0.00000
    -37.845         0.00000     0.00000     0.00000     0.00000
    -37.695         0.00000     0.00000     0.00000     0.00000
    -37.545         0.00000     0.00000     0.00000     0.00000
    -37.395         0.00000     0.00000     0.00000     0.00000
    -37.245         0.00000     0.00000     0.00000     0.00000
    -37.095         0.00000     0.00000     0.00000     0.00000
    -36.945         0.00000     0.00000     0.00000     0.00000
    -36.795         0.00000     0.00000     0.00000     0.00000
    -36.645         0.00000     0.00000     0.00000     0.00000
    -36.495         0.00000     0.00000     0.00000     0.00000
    -36.345         0.00000     0.00000     0.00000     0.00000
    -36.195         0.00000     0.00000     0.00000     0.00000
    -36.045         0.00000     0.00000     0.00000     0.00000
    -35.895         0.00000     0.00000     0.00000     0.00000
    -35.745         0.00000     0.00000     0.00000     0.00000
    -35.595         0.00000     0.00000     0.00000     0.00000
    -35.445         0.00000     0.00000     0.00000     0.00000
    -35.295         0.00000     0.00000     0.00000     0.00000
    -35.145         0.00000     0.00000     0.00000     0.00000
    -34.995         0.00000     0.00000     0.00000     0.00000
    -34.845         0.00000     0.00000     0.00000     0.00000
    -34.695         0.00000     0.00000     0.00000     0.00000
    -34.545         0.00000     0.00000     0.00000     0.00000
    -34.395         0.00000     0.00000     0.00000     0.00000
    -34.245         0.00000     0.00000     0.00000     0.00000
    -34.095         0.00000     0.00000     0.00000     0.00000
    -33.945         0.00000     0.00000     0.00000     0.00000
    -33.795         0.00000     0.00000     0.00000     0.00000
    -33.645         0.00000     0.00000     0.00000     0.00000
    -33.495         0.00000     0.00000     0.00000     0.00000
    -33.345         0.00000     0.00000     0.00000     0.00000
    -33.195         0.00000     0.00000     0.00000     0.00000
    -33.045         0.00000     0.00000     0.00000     0.00000
    -32.895         0.00000     0.00000     0.00000     0.00000
    -32.745         0.00000     0.00000     0.00000     0.00000
    -32.595         0.00000     0.00000     0.00000     0.00000
    -32.445         0.00000     0.00000     0.00000     0.00000
    -32.295         0.00000     0.00000     0.00000     0.00000
    -32.145         0.00000     0.00000     0.00000     0.00000
    -31.995         0.00000     0.00000     0.00000     0.00000
    -31.845         0.00000     0.00000     0.00000     0.00000
    -31.695         0.00000     0.00000     0.00000     0.00000
    -31.545         0.00000     0.00000     0.00000     0.00000
    -31.395         0.00000     0.00000     0.00000     0.00000
    -31.245         0.00000     0.00000     0.00000     0.00000
    -31.095         0.00000     0.00000     0.00000     0.00000
    -30.945         0.00000     0.00000     0.00000     0.00000
    -30.795         0.00000     0.00000     0.00000     0.00000
    -30.645         0.00000     0.00000     0.00000     0.00000
    -30.495         0.00000     0.00000     0.00000     0.00000
    -30.345         0.00000     0.00000     0.00000     0.00000
    -30.195         0.00000     0.00000     0.00000     0.00000
    -30.045         0.00000     0.00000     0.00000     0.00000
    -29.895         0.00000     0.00000     0.00000     0.00000
    -29.745         0.00000     0.00000     0.00000     0.00000
    -29.595         0.00000     0.00000     0.00000     0.00000
    -29.445         0.00000     0.00000     0.00000     0.00000
    -29.295         0.00000     0.00000     0.00000     0.00000
    -29.145         0.00000     0.00000     0.00000     0.00000
    -28.995         0.00000     0.00000     0.00000     0.00000
    -28.845         0.00000     0.00000     0.00000     0.00000
    -28.695         0.00000     0.00000     0.00000     0.00000
    -28.545         0.00000     0.00000     0.00000     0.00000
    -28.395         0.00000     0.00000     0.00000     0.00000
    -28.245         0.00000     0.00000     0.00000     0.00000
    -28.095         0.00000     0.00000     0.00000     0.00000
    -27.945         0.00000     0.00000     0.00000     0.00000
    -27.795         0.00000     0.00000     0.00000     0.00000
    -27.645         0.00000     0.00000     0.00000     0.00000
    -27.495         0.00000     0.00000     0.00000     0.00000
    -27.345         0.00000     0.00000     0.00000     0.00000
    -27.195         0.00000     0.00000     0.00000     0.00000
    -27.045         0.00000     0.00000     0.00000     0.00000
    -26.895         0.00000     0.00000     0.00000     0.00000
    -26.745         0.00000     0.00000     0.00000     0.00000
    -26.595         0.00000     0.00000     0.00000     0.00000
    -26.445         0.00000     0.00000     0.00000     0.00000
    -26.295         0.00000     0.00000     0.00000     0.00000
    -26.145         0.00000     0.00000     0.00000     0.00000
    -25.995         0.00000     0.00000     0.00000     0.00000
    -25.845         0.00000     0.00000     0.00000     0.00000
    -25.695         0.00000     0.00000     0.00000     0.00000
    -25.545         0.00000     0.00000     0.00000     0.00000
    -25.395         0.00000     0.00000     0.00000     0.00000
    -25.245         0.00000     0.00000     0.00000     0.00000
    -25.095         0.00000     0.00000     0.00000     0.00000
    -24.945         0.00000     0.00000     0.00000     0.00000
    -24.795         0.00000     0.00000     0.00000     0.00000
    -24.645         0.00000     0.00000     0.00000     0.00000
    -24.495         0.00000     0.00000     0.00000     0.00000
    -24.345         0.00000     0.00000     0.00000     0.00000
    -24.195         0.00000     0.00000     0.00000     0.00000
    -24.045         0.00000     0.00000     0.00000     0.00000
    -23.895         0.00000     0.00000     0.00000     0.00000
    -23.745         0.00000     0.00000     0.00000     0.00000
    -23.595         0.00000     0.00000     0.00000     0.00000
    -23.445         0.00000     0.00000     0.00000     0.00000
    -23.295         0.00000     0.00000     0.00000     0.00000
    -23.145         0.00000     0.00000     0.00000     0.00000
    -22.995         0.00000     0.00000     0.00000     0.00000
    -22.845         0.00000     0.00000     0.00000     0.00000
    -22.695         0.00000     0.00000     0.00000     0.00000
    -22.545        -0.00000    -0.00000     0.00000     0.00000
    -22.395        -0.00000    -0.00000     0.00000     0.00000
    -22.245        -0.00000    -0.00000     0.00000     0.00000
    -22.095        -0.00000    -0.00000     0.00000     0.00000
    -21.945        -0.00098    -0.00098     0.00000     0.00000
    -21.795        -0.00098    -0.00098     0.00000     0.00000
    -21.645        -0.00197    -0.00197     0.00000     0.00000
    -21.495        -0.00197    -0.00197     0.00000     0.00000
    -21.345        -0.00395    -0.00395     0.00000     0.00000
    -21.195        -0.00498    -0.00498     0.00000     0.00000
    -21.045        -0.00987    -0.00987     0.00000     0.00000
    -20.895        -0.01480    -0.01480     0.00000     0.00000
    -20.745        -0.01689    -0.01689     0.00000     0.00000
    -20.595        -0.02184    -0.02184     0.00000     0.00000
    -20.445        -0.03241    -0.03241     0.00000     0.00000
    -20.295        -0.03928    -0.03928     0.00000     0.00000
    -20.145        -0.04800    -0.04800     0.00000     0.00000
    -19.995        -0.05762    -0.05762     0.00000     0.00000
    -19.845        -0.06905    -0.06905     0.00000     0.00000
    -19.695        -0.07496    -0.07496     0.00000     0.00000
    -19.545        -0.08897    -0.08897     0.00000     0.00000
    -19.395        -0.09849    -0.09849     0.00000     0.00000
    -19.245        -0.10705    -0.10705     0.00000     0.00000
    -19.095        -0.11913    -0.11913     0.00000     0.00000
    -18.945        -0.13202    -0.13202     0.00000     0.00000
    -18.795        -0.13697    -0.13697     0.00000     0.00000
    -18.645        -0.14541    -0.14541     0.00000     0.00000
    -18.495        -0.15466    -0.15466     0.00000     0.00000
    -18.345        -0.15954    -0.15954     0.00000     0.00000
    -18.195        -0.16441    -0.16441     0.00000     0.00000
    -18.045        -0.17266    -0.17266     0.00000     0.00000
    -17.895        -0.18337    -0.18337     0.00000     0.00000
    -17.745        -0.19238    -0.19238     0.00000     0.00000
    -17.595        -0.20380    -0.20380     0.00000     0.00000
    -17.445        -0.21431    -0.21431     0.00000     0.00000
    -17.295        -0.22956    -0.22956     0.00000     0.00000
    -17.145        -0.23511    -0.23511     0.00000     0.00000
    -16.995        -0.24146    -0.24146     0.00000     0.00000
    -16.845        -0.24697    -0.24697     0.00000     0.00000
    -16.695        -0.25167    -0.25167     0.00000     0.00000
    -16.545        -0.25633    -0.25633     0.00000     0.00000
    -16.395        -0.26331    -0.26331     0.00000     0.00000
    -16.245        -0.26948    -0.26948     0.00000     0.00000
    -16.095        -0.27561    -0.27561     0.00000     0.00000
    -15.945        -0.27704    -0.27704     0.00000     0.00000
    -15.795        -0.28082    -0.28082     0.00000     0.00000
    -15.645        -0.28537    -0.28537     0.00000     0.00000
    -15.495        -0.29212    -0.29212     0.00000     0.00000
    -15.345        -0.29358    -0.29358     0.00000     0.00000
    -15.195        -0.29581    -0.29581     0.00000     0.00000
    -15.045        -0.30096    -0.30096     0.00000     0.00000
    -14.895        -0.30612    -0.30612     0.00000     0.00000
    -14.745        -0.30981    -0.30981     0.00000     0.00000
    -14.595        -0.31418    -0.31418     0.00000     0.00000
    -14.445        -0.31641    -0.31641     0.00000     0.00000
    -14.295        -0.32005    -0.32005     0.00000     0.00000
    -14.145        -0.32368    -0.32368     0.00000     0.00000
    -13.995        -0.32591    -0.32591     0.00000     0.00000
    -13.845        -0.32603    -0.32603     0.00000     0.00000
    -13.695        -0.33029    -0.33029     0.00000     0.00000
    -13.545        -0.33322    -0.33322     0.00000     0.00000
    -13.395        -0.33744    -0.33744     0.00000     0.00000
    -13.245        -0.34101    -0.34101     0.00000     0.00000
    -13.095        -0.34456    -0.34456     0.00000     0.00000
    -12.945        -0.34682    -0.34682     0.00000     0.00000
    -12.795        -0.35035    -0.35035     0.00000     0.00000
    -12.645        -0.35326    -0.35326     0.00000     0.00000
    -12.495        -0.35487    -0.35487     0.00000     0.00000
    -12.345        -0.35838    -0.35838     0.00000     0.00000
    -12.195        -0.36002    -0.36002     0.00000     0.00000
    -12.045        -0.36230    -0.36230     0.00000     0.00000
    -11.895        -0.36461    -0.36461     0.00000     0.00000
    -11.745        -0.36630    -0.36630     0.00000     0.00000
    -11.595        -0.36799    -0.36799     0.00000     0.00000
    -11.445        -0.36969    -0.36969     0.00000     0.00000
    -11.295        -0.36986    -0.36986     0.00000     0.00000
    -11.145        -0.37004    -0.37004     0.00000     0.00000
    -10.995        -0.37023    -0.37023     0.00000     0.00000
    -10.845        -0.37196    -0.37196     0.00000     0.00000
    -10.695        -0.37369    -0.37369     0.00000     0.00000
    -10.545        -0.37544    -0.37544     0.00000     0.00000
    -10.395        -0.37563    -0.37563     0.00000     0.00000
    -10.245        -0.37806    -0.37806     0.00000     0.00000
    -10.095        -0.37828    -0.37828     0.00000     0.00000
    -9.9450        -0.38126    -0.38126     0.00000     0.00000
    -9.7950        -0.38414    -0.38373    -0.00042     0.00000
    -9.6450        -0.38640    -0.38553    -0.00087     0.00000
    -9.4950        -0.38946    -0.38734    -0.00213     0.00000
    -9.3450        -0.39219    -0.38917    -0.00303     0.00000
    -9.1950        -0.39537    -0.39099    -0.00438     0.00000
    -9.0450        -0.39969    -0.39354    -0.00615     0.00000
    -8.8950        -0.40373    -0.39537    -0.00836     0.00000
    -8.7450        -0.41008    -0.39797    -0.01211     0.00000
    -8.5950        -0.41680    -0.39983    -0.01697     0.00000
    -8.4450        -0.42962    -0.40427    -0.02534     0.00000
    -8.2950        -0.43853    -0.40693    -0.03160     0.00000
    -8.1450        -0.44693    -0.41014    -0.03679     0.00000
    -7.9950        -0.45700    -0.41335    -0.04365     0.00000
    -7.8450        -0.46469    -0.41661    -0.04808     0.00000
    -7.6950        -0.47134    -0.41849    -0.05285     0.00000
    -7.5450        -0.48095    -0.42302    -0.05793     0.00000
    -7.3950        -0.49338    -0.42943    -0.06395     0.00000
    -7.2450        -0.50328    -0.43365    -0.06963     0.00000
    -7.0950        -0.51211    -0.43749    -0.07462     0.00000
    -6.9450        -0.52166    -0.44218    -0.07926    -0.00022
    -6.7950        -0.53419    -0.44651    -0.08511    -0.00256
    -6.6450        -0.55093    -0.45294    -0.08974    -0.00825
    -6.4950        -0.57787    -0.45970    -0.09281    -0.02536
    -6.3450        -0.63019    -0.46616    -0.09946    -0.06457
    -6.1950        -0.71090    -0.47391    -0.10551    -0.13148
    -6.0450        -0.81472    -0.48195    -0.11154    -0.22123
    -5.8950        -0.94766    -0.48972    -0.11416    -0.34378
    -5.7450        -1.11397    -0.49918    -0.11771    -0.49708
    -5.5950        -1.30842    -0.50922    -0.12159    -0.67761
    -5.4450        -1.51755    -0.52002    -0.12893    -0.86860
    -5.2950        -1.75178    -0.52951    -0.13677    -1.08551
    -5.1450        -1.98798    -0.54031    -0.14241    -1.30527
    -4.9950        -2.23391    -0.55523    -0.14958    -1.52909
    -4.8450        -2.47681    -0.56769    -0.15870    -1.75042
    -4.6950        -2.71765    -0.57921    -0.16785    -1.97059
    -4.5450        -2.94553    -0.59211    -0.17818    -2.17523
    -4.3950        -3.17010    -0.60611    -0.18666    -2.37733
    -4.2450        -3.39275    -0.62091    -0.19818    -2.57365
    -4.0950        -3.61434    -0.63773    -0.21042    -2.76619
    -3.9450        -3.83358    -0.65426    -0.22278    -2.95654
    -3.7950        -4.03778    -0.66816    -0.23549    -3.13413
    -3.6450        -4.23438    -0.68395    -0.24783    -3.30259
    -3.4950        -4.43465    -0.70267    -0.26523    -3.46674
    -3.3450        -4.62918    -0.72084    -0.28241    -3.62593
    -3.1950        -4.83134    -0.74056    -0.30021    -3.79057
    -3.0450        -5.02570    -0.76192    -0.31674    -3.94705
    -2.8950        -5.22088    -0.78625    -0.33285    -4.10178
    -2.7450        -5.42039    -0.81147    -0.35400    -4.25493
    -2.5950        -5.62205    -0.83758    -0.37525    -4.40922
    -2.4450        -5.84495    -0.86708    -0.40054    -4.57733
    -2.2950        -6.08314    -0.90131    -0.42773    -4.75409
    -2.1450        -6.34786    -0.93593    -0.45639    -4.95554
    -1.9950        -6.63449    -0.97528    -0.48980    -5.16941
    -1.8450        -6.98185    -1.01931    -0.53233    -5.43021
    -1.6950        -7.39161    -1.07177    -0.57957    -5.74028
    -1.5450        -7.88505    -1.12860    -0.63437    -6.12208
    -1.3950        -8.50478    -1.19182    -0.69654    -6.61642
    -1.2450        -9.30592    -1.26808    -0.77321    -7.26464
    -1.0950       -10.31203    -1.35964    -0.86365    -8.08874
   -0.94500       -11.58794    -1.47374    -0.97196    -9.14224
   -0.79500       -13.16359    -1.61322    -1.11621   -10.43417
   -0.64500       -15.18966    -1.80400    -1.31276   -12.07290
   -0.49500       -17.89221    -2.06624    -1.60267   -14.22329
   -0.34500       -21.67352    -2.46839    -2.06923   -17.13590
   -0.22700       -23.21067    -2.65723    -2.28727   -18.26618
   -0.21300       -23.40691    -2.68262    -2.31564   -18.40866
   -0.20700       -23.60670    -2.70907    -2.34545   -18.55218
   -0.20100       -23.80936    -2.73666    -2.37494   -18.69776
   -0.19500       -24.01666    -2.76387    -2.40602   -18.84677
   -0.18900       -24.22903    -2.79339    -2.43794   -18.99770
   -0.18300       -24.44787    -2.82332    -2.47124   -19.15331
   -0.17700       -24.67222    -2.85403    -2.50494   -19.31325
   -0.17100       -24.90018    -2.88627    -2.54008   -19.47383
   -0.16500       -25.13403    -2.91844    -2.57695   -19.63864
   -0.15900       -25.37512    -2.95193    -2.61499   -19.80820
   -0.15300       -25.62384    -2.98737    -2.65454   -19.98194
   -0.14700       -25.87976    -3.02389    -2.69537   -20.16050
   -0.14100       -26.14382    -3.06149    -2.73784   -20.34449
   -0.13500       -26.41674    -3.10015    -2.78188   -20.53472
   -0.12900       -26.69666    -3.13916    -2.82749   -20.73002
   -0.12300       -26.98933    -3.18081    -2.87514   -20.93337
   -0.11700       -27.29187    -3.22377    -2.92464   -21.14346
   -0.11100       -27.60807    -3.26826    -2.97641   -21.36341
   -0.10500       -27.93827    -3.31447    -3.03114   -21.59266
   -0.99000E-01   -28.28485    -3.36291    -3.08814   -21.83380
   -0.93000E-01   -28.64974    -3.41296    -3.14920   -22.08758
   -0.87000E-01   -29.03034    -3.46452    -3.21240   -22.35343
   -0.81000E-01   -29.43366    -3.51896    -3.27960   -22.63510
   -0.75000E-01   -29.86477    -3.57663    -3.35164   -22.93651
   -0.69000E-01   -30.32477    -3.63648    -3.42985   -23.25844
   -0.63000E-01   -30.82266    -3.69946    -3.51644   -23.60676
   -0.57000E-01   -31.36473    -3.76723    -3.61204   -23.98546
   -0.51000E-01   -31.96193    -3.84097    -3.71663   -24.40434
   -0.45000E-01   -32.62031    -3.92038    -3.82683   -24.87310
   -0.39000E-01   -33.34945    -4.00377    -3.93879   -25.40689
   -0.33000E-01   -34.16880    -4.08802    -4.04820   -26.03258
   -0.27000E-01   -35.11336    -4.16869    -4.15088   -26.79378
   -0.21300E-01   -35.85883    -4.21931    -4.21218   -27.42734
   -0.19500E-01   -35.97772    -4.22641    -4.22057   -27.53074
   -0.18900E-01   -36.09918    -4.23326    -4.22854   -27.63737
   -0.18300E-01   -36.22397    -4.23997    -4.23649   -27.74751
   -0.17700E-01   -36.35212    -4.24654    -4.24410   -27.86148
   -0.17100E-01   -36.48405    -4.25297    -4.25153   -27.97955
   -0.16500E-01   -36.61988    -4.25920    -4.25877   -28.10191
   -0.15900E-01   -36.75989    -4.26528    -4.26582   -28.22880
   -0.15300E-01   -36.90464    -4.27119    -4.27256   -28.36089
   -0.14700E-01   -37.05451    -4.27697    -4.27906   -28.49849
   -0.14100E-01   -37.20945    -4.28249    -4.28529   -28.64167
   -0.13500E-01   -37.37102    -4.28794    -4.29127   -28.79181
   -0.12900E-01   -37.53942    -4.29318    -4.29701   -28.94922
   -0.12300E-01   -37.71536    -4.29823    -4.30255   -29.11458
   -0.11700E-01   -37.89932    -4.30304    -4.30783   -29.28846
   -0.11100E-01   -38.09266    -4.30754    -4.31288   -29.47223
   -0.10500E-01   -38.29653    -4.31191    -4.31759   -29.66702
   -0.99000E-02   -38.51246    -4.31601    -4.32206   -29.87440
   -0.93000E-02   -38.74221    -4.31995    -4.32626   -30.09601
   -0.87000E-02   -38.98831    -4.32365    -4.33017   -30.33449
   -0.81000E-02   -39.25365    -4.32711    -4.33384   -30.59270
   -0.75000E-02   -39.54193    -4.33031    -4.33723   -30.87439
   -0.69000E-02   -39.85827    -4.33332    -4.34032   -31.18463
   -0.63000E-02   -40.20825    -4.33604    -4.34318   -31.52903
   -0.57000E-02   -40.59823    -4.33851    -4.34574   -31.91398
   -0.51000E-02   -41.03592    -4.34078    -4.34801   -32.34713
   -0.45000E-02   -41.52906    -4.34275    -4.35006   -32.83625
   -0.39000E-02   -42.08726    -4.34447    -4.35181   -33.39098
   -0.33000E-02   -42.72130    -4.34593    -4.35329   -34.02208
   -0.27000E-02   -43.44512    -4.34715    -4.35450   -34.74348
   -0.21000E-02   -44.28227    -4.34808    -4.35545   -35.57874
   -0.15000E-02   -45.26316    -4.34874    -4.35612   -36.55830
   -0.90000E-03   -46.24805    -4.34915    -4.35652   -37.54238
   -0.30000E-03   -46.67599    -4.34928    -4.35666   -37.97005
    0.30000E-03   -46.25136    -4.34915    -4.35652   -37.54569
    0.90000E-03   -45.26612    -4.34875    -4.35613   -36.56124
    0.15000E-02   -44.28470    -4.34808    -4.35545   -35.58117
    0.21000E-02   -43.44728    -4.34715    -4.35452   -34.74561
    0.27000E-02   -42.72300    -4.34595    -4.35333   -34.02371
    0.33000E-02   -42.08875    -4.34444    -4.35189   -33.39243
    0.39000E-02   -41.53034    -4.34268    -4.35019   -32.83746
    0.45000E-02   -41.03744    -4.34068    -4.34823   -32.34852
    0.51000E-02   -40.59998    -4.33841    -4.34604   -31.91553
    0.57000E-02   -40.21024    -4.33585    -4.34355   -31.53084
    0.63000E-02   -39.86023    -4.33299    -4.34083   -31.18641
    0.69000E-02   -39.54413    -4.32989    -4.33787   -30.87637
    0.75000E-02   -39.25597    -4.32646    -4.33471   -30.59479
    0.81000E-02   -38.99079    -4.32277    -4.33125   -30.33677
    0.87000E-02   -38.74502    -4.31892    -4.32762   -30.09849
    0.93000E-02   -38.51510    -4.31473    -4.32376   -29.87661
    0.99000E-02   -38.29889    -4.31028    -4.31960   -29.66901
    0.10500E-01   -38.09510    -4.30559    -4.31532   -29.47419
    0.11100E-01   -37.90152    -4.30056    -4.31071   -29.29024
    0.11700E-01   -37.71729    -4.29533    -4.30595   -29.11601
    0.12300E-01   -37.54168    -4.28980    -4.30104   -28.95083
    0.12900E-01   -37.37349    -4.28401    -4.29594   -28.79354
    0.13500E-01   -37.21194    -4.27804    -4.29057   -28.64332
    0.14100E-01   -37.05680    -4.27189    -4.28497   -28.49994
    0.14700E-01   -36.90715    -4.26542    -4.27920   -28.36253
    0.15300E-01   -36.76266    -4.25863    -4.27324   -28.23078
    0.15900E-01   -36.62251    -4.25158    -4.26712   -28.10381
    0.16500E-01   -36.48702    -4.24437    -4.26099   -27.98166
    0.17100E-01   -36.35588    -4.23689    -4.25461   -27.86437
    0.17700E-01   -36.22831    -4.22929    -4.24805   -27.75097
    0.18300E-01   -36.10464    -4.22152    -4.24140   -27.64172
    0.18900E-01   -35.98435    -4.21347    -4.23474   -27.53614
    0.19500E-01   -35.86727    -4.20523    -4.22790   -27.43414
    0.21300E-01   -35.13589    -4.14374    -4.17830   -26.81385
    0.27000E-01   -34.22230    -4.03990    -4.09855   -26.08385
    0.33000E-01   -33.44555    -3.92922    -4.01508   -25.50125
    0.39000E-01   -32.76951    -3.81611    -3.93262   -25.02077
    0.45000E-01   -32.17385    -3.70496    -3.85502   -24.61386
    0.51000E-01   -31.64637    -3.59939    -3.78256   -24.26443
    0.57000E-01   -31.17751    -3.50193    -3.71501   -23.96057
    0.63000E-01   -30.75933    -3.41509    -3.65204   -23.69219
    0.69000E-01   -30.38093    -3.33625    -3.59210   -23.45258
    0.75000E-01   -30.03658    -3.26400    -3.53442   -23.23816
    0.81000E-01   -29.71927    -3.19701    -3.47948   -23.04278
    0.87000E-01   -29.42562    -3.13397    -3.42728   -22.86437
    0.93000E-01   -29.15070    -3.07349    -3.37753   -22.69968
    0.99000E-01   -28.89310    -3.01626    -3.32909   -22.54775
    0.10500       -28.64852    -2.96061    -3.28196   -22.40595
    0.11100       -28.41783    -2.90802    -3.23738   -22.27243
    0.11700       -28.20105    -2.85880    -3.19404   -22.14822
    0.12300       -27.99536    -2.81133    -3.15278   -22.03125
    0.12900       -27.79997    -2.76549    -3.11276   -21.92173
    0.13500       -27.61392    -2.72222    -3.07449   -21.81721
    0.14100       -27.43698    -2.68074    -3.03685   -21.71939
    0.14700       -27.26633    -2.63995    -3.00049   -21.62589
    0.15300       -27.10356    -2.60029    -2.96604   -21.53723
    0.15900       -26.94815    -2.56290    -2.93199   -21.45326
    0.16500       -26.79864    -2.52642    -2.89913   -21.37309
    0.17100       -26.65486    -2.49136    -2.86750   -21.29601
    0.17700       -26.51483    -2.45704    -2.83626   -21.22152
    0.18300       -26.38062    -2.42387    -2.80625   -21.15049
    0.18900       -26.24999    -2.39183    -2.77654   -21.08162
    0.19500       -26.12534    -2.36004    -2.74835   -21.01695
    0.20100       -26.00415    -2.33022    -2.72048   -20.95345
    0.20700       -25.88713    -2.30068    -2.69330   -20.89315
    0.21300       -25.77468    -2.27265    -2.66696   -20.83506
    0.22700       -24.93728    -2.05705    -2.46735   -20.41288
    0.34500       -23.22715    -1.62450    -2.04502   -19.55763
    0.49500       -22.16436    -1.37247    -1.78248   -19.00941
    0.64500       -21.38605    -1.19988    -1.60520   -18.58098
    0.79500       -20.76987    -1.07408    -1.47654   -18.21924
    0.94500       -20.25748    -0.97548    -1.37661   -17.90539
     1.0950       -19.82418    -0.89814    -1.29491   -17.63113
     1.2450       -19.44949    -0.83372    -1.22542   -17.39035
     1.3950       -19.11793    -0.77881    -1.16611   -17.17301
     1.5450       -18.82548    -0.73318    -1.11560   -16.97670
     1.6950       -18.56092    -0.69259    -1.07083   -16.79750
     1.8450       -18.32255    -0.65790    -1.03131   -16.63335
     1.9950       -18.10727    -0.62714    -0.99692   -16.48322
     2.1450       -17.91693    -0.60061    -0.96543   -16.35089
     2.2950       -17.74209    -0.57759    -0.93760   -16.22690
     2.4450       -17.58153    -0.55652    -0.91277   -16.11224
     2.5950       -17.43842    -0.53855    -0.88814   -16.01173
     2.7450       -17.30450    -0.52189    -0.86676   -15.91584
     2.8950       -17.17718    -0.50730    -0.84668   -15.82320
     3.0450       -17.05371    -0.49357    -0.82812   -15.73201
     3.1950       -16.94517    -0.48178    -0.81075   -15.65264
     3.3450       -16.84479    -0.47029    -0.79507   -15.57942
     3.4950       -16.74839    -0.46151    -0.77972   -15.50716
     3.6450       -16.65490    -0.45191    -0.76563   -15.43736
     3.7950       -16.57439    -0.44471    -0.75232   -15.37736
     3.9450       -16.49479    -0.43729    -0.74014   -15.31736
     4.0950       -16.41861    -0.43104    -0.72847   -15.25911
     4.2450       -16.34244    -0.42483    -0.71711   -15.20050
     4.3950       -16.27441    -0.41962    -0.70634   -15.14844
     4.5450       -16.20857    -0.41315    -0.69596   -15.09947
     4.6950       -16.14813    -0.40923    -0.68643   -15.05248
     4.8450       -16.08797    -0.40377    -0.67747   -15.00673
     4.9950       -16.02985    -0.39819    -0.66910   -14.96256
     5.1450       -15.97313    -0.39278    -0.66092   -14.91944
     5.2950       -15.92024    -0.38968    -0.65323   -14.87733
     5.4450       -15.86756    -0.38495    -0.64577   -14.83685
     5.5950       -15.81673    -0.38065    -0.63869   -14.79739
     5.7450       -15.76751    -0.37685    -0.63235   -14.75831
     5.8950       -15.72032    -0.37309    -0.62632   -14.72091
     6.0450       -15.67365    -0.37000    -0.62000   -14.68365
     6.1950       -15.62877    -0.36794    -0.61370   -14.64713
     6.3450       -15.58469    -0.36403    -0.60822   -14.61244
     6.4950       -15.54332    -0.36045    -0.60441   -14.57846
     6.6450       -15.50510    -0.36005    -0.59985   -14.54519
     6.7950       -15.46532    -0.35795    -0.59459   -14.51277
     6.9450       -15.42731    -0.35435    -0.59195   -14.48100
     7.0950       -15.39220    -0.35135    -0.59102   -14.44983
     7.2450       -15.35788    -0.34839    -0.59013   -14.41936
     7.3950       -15.32425    -0.34546    -0.58927   -14.38952
     7.5450       -15.29384    -0.34515    -0.58844   -14.36024
     7.6950       -15.26402    -0.34486    -0.58765   -14.33151
     7.8450       -15.23289    -0.34458    -0.58498   -14.30333
     7.9950       -15.20240    -0.34245    -0.58425   -14.27571
     8.1450       -15.17245    -0.34030    -0.58352   -14.24862
     8.2950       -15.14480    -0.34007    -0.58283   -14.22189
     8.4450       -15.11769    -0.33984    -0.58216   -14.19569
     8.5950       -15.08913    -0.33767    -0.58150   -14.16996
     8.7450       -15.06298    -0.33745    -0.58086   -14.14466
     8.8950       -15.03737    -0.33724    -0.58024   -14.11989
     9.0450       -15.01212    -0.33701    -0.57963   -14.09548
     9.1950       -14.98730    -0.33681    -0.57905   -14.07145
     9.3450       -14.96290    -0.33661    -0.57847   -14.04782
     9.4950       -14.93889    -0.33642    -0.57792   -14.02456
     9.6450       -14.91530    -0.33625    -0.57738   -14.00167
     9.7950       -14.89204    -0.33608    -0.57686   -13.97910
     9.9450       -14.86916    -0.33591    -0.57634   -13.95692
     10.095       -14.84657    -0.33574    -0.57584   -13.93499
     10.245       -14.82434    -0.33559    -0.57535   -13.91340
     10.395       -14.80248    -0.33545    -0.57487   -13.89216
     10.545       -14.78093    -0.33530    -0.57440   -13.87124
     10.695       -14.75963    -0.33515    -0.57393   -13.85055
     10.845       -14.73868    -0.33502    -0.57348   -13.83019
     10.995       -14.71801    -0.33487    -0.57304   -13.81010
     11.145       -14.69768    -0.33475    -0.57260   -13.79034
     11.295       -14.67758    -0.33463    -0.57218   -13.77078
     11.445       -14.65777    -0.33450    -0.57176   -13.75151
     11.595       -14.63820    -0.33438    -0.57135   -13.73247
     11.745       -14.61886    -0.33426    -0.57095   -13.71364
     11.895       -14.59983    -0.33415    -0.57056   -13.69513
     12.045       -14.58108    -0.33404    -0.57016   -13.67688
     12.195       -14.56260    -0.33393    -0.56978   -13.65888
     12.345       -14.54426    -0.33383    -0.56940   -13.64102
     12.495       -14.52618    -0.33374    -0.56903   -13.62341
     12.645       -14.50827    -0.33363    -0.56867   -13.60597
     12.795       -14.49059    -0.33354    -0.56831   -13.58874
     12.945       -14.47313    -0.33344    -0.56796   -13.57173
     13.095       -14.45591    -0.33335    -0.56761   -13.55495
     13.245       -14.43888    -0.33327    -0.56726   -13.53835
     13.395       -14.42201    -0.33318    -0.56693   -13.52190
     13.545       -14.40530    -0.33309    -0.56660   -13.50562
     13.695       -14.38886    -0.33300    -0.56627   -13.48959
     13.845       -14.37256    -0.33291    -0.56594   -13.47371
     13.995       -14.35641    -0.33282    -0.56562   -13.45797
     14.145       -14.34044    -0.33274    -0.56530   -13.44240
     14.295       -14.32468    -0.33265    -0.56499   -13.42703
     14.445       -14.30909    -0.33258    -0.56469   -13.41182
     14.595       -14.29366    -0.33249    -0.56439   -13.39677
     14.745       -14.27842    -0.33242    -0.56410   -13.38191
     14.895       -14.26332    -0.33234    -0.56380   -13.36718
     15.045       -14.24836    -0.33226    -0.56351   -13.35259
     15.195       -14.23349    -0.33218    -0.56322   -13.33809
     15.345       -14.21887    -0.33211    -0.56293   -13.32383
     15.495       -14.20436    -0.33204    -0.56265   -13.30967
     15.645       -14.19006    -0.33197    -0.56238   -13.29572
     15.795       -14.17580    -0.33190    -0.56210   -13.28180
     15.945       -14.16169    -0.33182    -0.56183   -13.26804
     16.095       -14.14769    -0.33176    -0.56156   -13.25438
     16.245       -14.13389    -0.33170    -0.56130   -13.24089
     16.395       -14.12017    -0.33163    -0.56104   -13.22750
     16.545       -14.10661    -0.33157    -0.56077   -13.21427
     16.695       -14.09314    -0.33150    -0.56052   -13.20111
     16.845       -14.07984    -0.33143    -0.56027   -13.18814
     16.995       -14.06663    -0.33137    -0.56002   -13.17524
     17.145       -14.05359    -0.33131    -0.55977   -13.16250
     17.295       -14.04059    -0.33126    -0.55953   -13.14980
     17.445       -14.02775    -0.33120    -0.55928   -13.13727
     17.595       -14.01498    -0.33113    -0.55903   -13.12482
     17.745       -14.00239    -0.33107    -0.55879   -13.11252
     17.895       -13.98987    -0.33102    -0.55855   -13.10029
     18.045       -13.97745    -0.33096    -0.55832   -13.08817
     18.195       -13.96518    -0.33091    -0.55809   -13.07618
     18.345       -13.95301    -0.33086    -0.55787   -13.06428
     18.495       -13.94095    -0.33082    -0.55764   -13.05249
     18.645       -13.92897    -0.33077    -0.55741   -13.04079
     18.795       -13.91708    -0.33072    -0.55719   -13.02917
     18.945       -13.90527    -0.33067    -0.55697   -13.01763
     19.095       -13.89357    -0.33062    -0.55674   -13.00621
     19.245       -13.88196    -0.33056    -0.55653   -12.99487
     19.395       -13.87046    -0.33052    -0.55632   -12.98362
     19.545       -13.85902    -0.33046    -0.55610   -12.97245
     19.695       -13.84770    -0.33041    -0.55590   -12.96139
     19.845       -13.83643    -0.33036    -0.55569   -12.95038
     19.995       -13.82525    -0.33031    -0.55548   -12.93945
     20.145       -13.81416    -0.33026    -0.55528   -12.92863
     20.295       -13.80321    -0.33022    -0.55507   -12.91792
     20.445       -13.79230    -0.33018    -0.55487   -12.90726
     20.595       -13.78150    -0.33013    -0.55467   -12.89670
     20.745       -13.77076    -0.33009    -0.55447   -12.88620
     20.895       -13.76009    -0.33005    -0.55428   -12.87576
     21.045       -13.74953    -0.33001    -0.55409   -12.86543
     21.195       -13.73905    -0.32997    -0.55389   -12.85519
     21.345       -13.72867    -0.32993    -0.55370   -12.84503
     21.495       -13.71836    -0.32989    -0.55351   -12.83496
     21.645       -13.70806    -0.32986    -0.55332   -12.82488
     21.795       -13.69789    -0.32982    -0.55313   -12.81494
     21.945       -13.68778    -0.32978    -0.55295   -12.80506
     22.095       -13.67775    -0.32973    -0.55276   -12.79525
     22.245       -13.66777    -0.32970    -0.55258   -12.78549
     22.395       -13.65788    -0.32967    -0.55240   -12.77582
     22.545       -13.64804    -0.32964    -0.55222   -12.76618
     22.695       -13.63825    -0.32960    -0.55204   -12.75661
     22.845       -13.62855    -0.32957    -0.55186   -12.74713
     22.995       -13.61894    -0.32953    -0.55168   -12.73772
     23.145       -13.60938    -0.32949    -0.55151   -12.72838
     23.295       -13.59984    -0.32946    -0.55133   -12.71904
     23.445       -13.59041    -0.32942    -0.55116   -12.70983
     23.595       -13.58104    -0.32938    -0.55099   -12.70067
     23.745       -13.57174    -0.32935    -0.55082   -12.69157
     23.895       -13.56249    -0.32932    -0.55066   -12.68252
     24.045       -13.55326    -0.32928    -0.55049   -12.67349
     24.195       -13.54411    -0.32925    -0.55033   -12.66454
     24.345       -13.53503    -0.32922    -0.55016   -12.65565
     24.495       -13.52599    -0.32918    -0.55000   -12.64681
     24.645       -13.51698    -0.32914    -0.54984   -12.63800
     24.795       -13.50804    -0.32911    -0.54968   -12.62925
     24.945       -13.49915    -0.32908    -0.54951   -12.62056
     25.095       -13.49034    -0.32905    -0.54935   -12.61195
     25.245       -13.48159    -0.32901    -0.54919   -12.60338
     25.395       -13.47292    -0.32898    -0.54903   -12.59490
     25.545       -13.46425    -0.32895    -0.54887   -12.58643
     25.695       -13.45568    -0.32892    -0.54872   -12.57804
     25.845       -13.44716    -0.32889    -0.54856   -12.56971
     25.995       -13.43869    -0.32886    -0.54841   -12.56142
     26.145       -13.43027    -0.32883    -0.54825   -12.55318
     26.295       -13.42186    -0.32880    -0.54810   -12.54496
     26.445       -13.41352    -0.32877    -0.54795   -12.53680
     26.595       -13.40528    -0.32874    -0.54780   -12.52873
     26.745       -13.39704    -0.32871    -0.54765   -12.52068
     26.895       -13.38884    -0.32868    -0.54751   -12.51264
     27.045       -13.38068    -0.32864    -0.54736   -12.50468
     27.195       -13.37260    -0.32861    -0.54722   -12.49677
     27.345       -13.36455    -0.32858    -0.54707   -12.48889
     27.495       -13.35656    -0.32855    -0.54693   -12.48108
     27.645       -13.34862    -0.32852    -0.54678   -12.47332
     27.795       -13.34073    -0.32849    -0.54664   -12.46560
     27.945       -13.33286    -0.32846    -0.54650   -12.45790
     28.095       -13.32507    -0.32843    -0.54636   -12.45028
     28.245       -13.31728    -0.32840    -0.54622   -12.44267
     28.395       -13.30958    -0.32837    -0.54607   -12.43513
     28.545       -13.30192    -0.32834    -0.54594   -12.42764
     28.695       -13.29424    -0.32831    -0.54580   -12.42014
     28.845       -13.28663    -0.32828    -0.54566   -12.41270
     28.995       -13.27909    -0.32825    -0.54553   -12.40531
     29.145       -13.27159    -0.32822    -0.54539   -12.39798
     29.295       -13.26411    -0.32819    -0.54525   -12.39067
     29.445       -13.25664    -0.32816    -0.54512   -12.38336
     29.595       -13.24924    -0.32814    -0.54499   -12.37612
     29.745       -13.24189    -0.32811    -0.54486   -12.36891
     29.895       -13.23459    -0.32808    -0.54473   -12.36177
     30.045       -13.22731    -0.32806    -0.54460   -12.35465
     30.195       -13.22004    -0.32803    -0.54447   -12.34754
     30.345       -13.21284    -0.32801    -0.54435   -12.34049
     30.495       -13.20567    -0.32798    -0.54422   -12.33347
     30.645       -13.19855    -0.32796    -0.54409   -12.32650
     30.795       -13.19145    -0.32794    -0.54396   -12.31955
     30.945       -13.18441    -0.32792    -0.54383   -12.31266
     31.095       -13.17737    -0.32789    -0.54371   -12.30578
     31.245       -13.17038    -0.32786    -0.54359   -12.29893
     31.395       -13.16344    -0.32784    -0.54346   -12.29214
     31.545       -13.15652    -0.32782    -0.54334   -12.28536
     31.695       -13.14962    -0.32780    -0.54321   -12.27861
     31.845       -13.14277    -0.32778    -0.54309   -12.27190
     31.995       -13.13595    -0.32775    -0.54297   -12.26523
     32.145       -13.12921    -0.32773    -0.54285   -12.25864
     32.295       -13.12247    -0.32770    -0.54273   -12.25204
     32.445       -13.11575    -0.32768    -0.54261   -12.24546
     32.595       -13.10908    -0.32766    -0.54249   -12.23893
     32.745       -13.10239    -0.32764    -0.54237   -12.23239
     32.895       -13.09577    -0.32762    -0.54225   -12.22590
     33.045       -13.08919    -0.32759    -0.54213   -12.21947
     33.195       -13.08265    -0.32758    -0.54201   -12.21306
     33.345       -13.07612    -0.32756    -0.54189   -12.20667
     33.495       -13.06962    -0.32754    -0.54177   -12.20031
     33.645       -13.06318    -0.32752    -0.54166   -12.19401
     33.795       -13.05672    -0.32749    -0.54154   -12.18769
     33.945       -13.05034    -0.32747    -0.54142   -12.18145
     34.095       -13.04396    -0.32745    -0.54131   -12.17520
     34.245       -13.03763    -0.32742    -0.54120   -12.16900
     34.395       -13.03134    -0.32740    -0.54109   -12.16285
     34.545       -13.02506    -0.32738    -0.54098   -12.15670
     34.695       -13.01882    -0.32736    -0.54087   -12.15059
     34.845       -13.01259    -0.32734    -0.54076   -12.14449
     34.995       -13.00639    -0.32731    -0.54065   -12.13842
     35.145       -13.00020    -0.32729    -0.54054   -12.13237
     35.295       -12.99407    -0.32727    -0.54043   -12.12637
     35.445       -12.98792    -0.32725    -0.54032   -12.12035
     35.595       -12.98182    -0.32723    -0.54022   -12.11437
     35.745       -12.97577    -0.32720    -0.54011   -12.10845
     35.895       -12.96974    -0.32718    -0.54000   -12.10256
     36.045       -12.96372    -0.32716    -0.53989   -12.09667
     36.195       -12.95774    -0.32714    -0.53979   -12.09080
     36.345       -12.95177    -0.32712    -0.53968   -12.08497
     36.495       -12.94586    -0.32711    -0.53958   -12.07917
     36.645       -12.93997    -0.32709    -0.53947   -12.07341
     36.795       -12.93409    -0.32706    -0.53937   -12.06766
     36.945       -12.92824    -0.32704    -0.53926   -12.06194
     37.095       -12.92244    -0.32703    -0.53916   -12.05625
     37.245       -12.91664    -0.32701    -0.53906   -12.05057
     37.395       -12.91086    -0.32699    -0.53896   -12.04492
     37.545       -12.90514    -0.32696    -0.53885   -12.03932
     37.695       -12.89939    -0.32694    -0.53875   -12.03369
     37.845       -12.89369    -0.32693    -0.53865   -12.02812
     37.995       -12.88801    -0.32691    -0.53855   -12.02256
     38.145       -12.88233    -0.32690    -0.53845   -12.01699
     38.295       -12.87669    -0.32688    -0.53835   -12.01146
     38.445       -12.87105    -0.32686    -0.53825   -12.00594
     38.595       -12.86544    -0.32684    -0.53815   -12.00045
     38.745       -12.85989    -0.32682    -0.53805   -11.99502
     38.895       -12.85431    -0.32681    -0.53795   -11.98955
     39.045       -12.84877    -0.32679    -0.53785   -11.98412
     39.195       -12.84326    -0.32678    -0.53776   -11.97873
     39.345       -12.83774    -0.32676    -0.53766   -11.97333
     39.495       -12.83230    -0.32674    -0.53755   -11.96800
     39.645       -12.82685    -0.32672    -0.53746   -11.96267
     39.795       -12.82145    -0.32670    -0.53736   -11.95739
     39.945       -12.81605    -0.32668    -0.53726   -11.95211
     40.095       -12.81065    -0.32667    -0.53716   -11.94682
     40.245       -12.80531    -0.32665    -0.53707   -11.94159
     40.395       -12.79999    -0.32663    -0.53698   -11.93638
     40.545       -12.79469    -0.32662    -0.53688   -11.93120
     40.695       -12.78940    -0.32660    -0.53679   -11.92602
     40.845       -12.78413    -0.32658    -0.53669   -11.92085
     40.995       -12.77888    -0.32657    -0.53660   -11.91571
     41.145       -12.77364    -0.32654    -0.53651   -11.91058
     41.295       -12.76843    -0.32653    -0.53641   -11.90549
     41.445       -12.76323    -0.32651    -0.53632   -11.90040
     41.595       -12.75806    -0.32649    -0.53623   -11.89534
     41.745       -12.75292    -0.32647    -0.53614   -11.89031
     41.895       -12.74777    -0.32646    -0.53605   -11.88527
     42.045       -12.74266    -0.32644    -0.53596   -11.88026
     42.195       -12.73757    -0.32642    -0.53586   -11.87528
     42.345       -12.73248    -0.32641    -0.53577   -11.87030
     42.495       -12.72744    -0.32640    -0.53569   -11.86536
     42.645       -12.72243    -0.32637    -0.53560   -11.86045
     42.795       -12.71744    -0.32635    -0.53551   -11.85558
     42.945       -12.71243    -0.32634    -0.53542   -11.85067
     43.095       -12.70744    -0.32632    -0.53533   -11.84579
     43.245       -12.70249    -0.32630    -0.53524   -11.84095
     43.395       -12.69753    -0.32629    -0.53516   -11.83609
     43.545       -12.69260    -0.32627    -0.53507   -11.83126
     43.695       -12.68769    -0.32625    -0.53498   -11.82646
     43.845       -12.68281    -0.32623    -0.53489   -11.82168
     43.995       -12.67796    -0.32622    -0.53481   -11.81694
     44.145       -12.67310    -0.32620    -0.53472   -11.81217
     44.295       -12.66827    -0.32619    -0.53464   -11.80744
     44.445       -12.66346    -0.32618    -0.53456   -11.80272
     44.595       -12.65870    -0.32617    -0.53447   -11.79806
     44.745       -12.65389    -0.32615    -0.53439   -11.79335
     44.895       -12.64912    -0.32613    -0.53431   -11.78868
     45.045       -12.64436    -0.32612    -0.53422   -11.78402
     45.195       -12.63964    -0.32611    -0.53414   -11.77940
     45.345       -12.63495    -0.32609    -0.53405   -11.77480
     45.495       -12.63026    -0.32608    -0.53397   -11.77021
     45.645       -12.62559    -0.32606    -0.53389   -11.76564
     45.795       -12.62090    -0.32604    -0.53381   -11.76106
     45.945       -12.61623    -0.32603    -0.53373   -11.75648
     46.095       -12.61161    -0.32601    -0.53365   -11.75195
     46.245       -12.60700    -0.32599    -0.53356   -11.74744
     46.395       -12.60241    -0.32598    -0.53348   -11.74294
     46.545       -12.59784    -0.32597    -0.53340   -11.73847
     46.695       -12.59327    -0.32595    -0.53333   -11.73400
     46.845       -12.58872    -0.32594    -0.53324   -11.72954
     46.995       -12.58418    -0.32592    -0.53317   -11.72510
     47.145       -12.57968    -0.32591    -0.53308   -11.72068
     47.295       -12.57517    -0.32590    -0.53301   -11.71627
     47.445       -12.57069    -0.32588    -0.53293   -11.71188
     47.595       -12.56620    -0.32587    -0.53285   -11.70748
     47.745       -12.56173    -0.32585    -0.53277   -11.70311
     47.895       -12.55729    -0.32584    -0.53269   -11.69876
     48.045       -12.55288    -0.32582    -0.53261   -11.69444
     48.195       -12.54846    -0.32581    -0.53254   -11.69011
     48.345       -12.54406    -0.32580    -0.53246   -11.68581
     48.495       -12.53968    -0.32578    -0.53238   -11.68152
     48.645       -12.53531    -0.32577    -0.53230   -11.67724
     48.795       -12.53094    -0.32576    -0.53222   -11.67296
     48.945       -12.52659    -0.32574    -0.53215   -11.66870
     49.095       -12.52225    -0.32572    -0.53207   -11.66446
     49.245       -12.51792    -0.32571    -0.53200   -11.66022
     49.395       -12.51360    -0.32569    -0.53192   -11.65599
     49.545       -12.50930    -0.32568    -0.53184   -11.65178
     49.695       -12.50503    -0.32566    -0.53177   -11.64759
     49.845       -12.50076    -0.32565    -0.53170   -11.64342
     49.995       -12.49651    -0.32563    -0.53162   -11.63926
     50.145       -12.49228    -0.32562    -0.53154   -11.63512
     50.295       -12.48809    -0.32560    -0.53147   -11.63102
     50.445       -12.48389    -0.32559    -0.53139   -11.62690
     50.595       -12.47968    -0.32557    -0.53132   -11.62279
     50.745       -12.47549    -0.32557    -0.53125   -11.61868
     50.895       -12.47133    -0.32555    -0.53118   -11.61460
     51.045       -12.46719    -0.32554    -0.53110   -11.61055
     51.195       -12.46306    -0.32552    -0.53103   -11.60651
     51.345       -12.45891    -0.32551    -0.53096   -11.60245
     51.495       -12.45479    -0.32549    -0.53088   -11.59841
     51.645       -12.45068    -0.32548    -0.53082   -11.59439
     51.795       -12.44660    -0.32547    -0.53074   -11.59038
     51.945       -12.44253    -0.32546    -0.53067   -11.58639
     52.095       -12.43846    -0.32545    -0.53060   -11.58240
     52.245       -12.43440    -0.32544    -0.53053   -11.57843
     52.395       -12.43034    -0.32543    -0.53046   -11.57446
     52.545       -12.42634    -0.32541    -0.53039   -11.57054
     52.695       -12.42232    -0.32540    -0.53032   -11.56660
     52.845       -12.41831    -0.32539    -0.53025   -11.56268
     52.995       -12.41430    -0.32537    -0.53018   -11.55875
     53.145       -12.41029    -0.32536    -0.53011   -11.55482
     53.295       -12.40633    -0.32535    -0.53004   -11.55094
     53.445       -12.40239    -0.32534    -0.52997   -11.54708
     53.595       -12.39844    -0.32533    -0.52990   -11.54321
     53.745       -12.39449    -0.32531    -0.52983   -11.53935
     53.895       -12.39058    -0.32530    -0.52976   -11.53551
     54.045       -12.38670    -0.32530    -0.52970   -11.53170
     54.195       -12.38280    -0.32529    -0.52963   -11.52788
     54.345       -12.37894    -0.32528    -0.52957   -11.52410
     54.495       -12.37506    -0.32527    -0.52950   -11.52029
     54.645       -12.37122    -0.32526    -0.52943   -11.51653
     54.795       -12.36736    -0.32525    -0.52936   -11.51275
     54.945       -12.36352    -0.32524    -0.52929   -11.50899
     55.095       -12.35970    -0.32523    -0.52923   -11.50525
     59.433       -12.05967    -0.32431    -0.52399   -11.21137
     80.646       -11.62015    -0.32297    -0.51634   -10.78085
     111.21       -11.19237    -0.32169    -0.50899   -10.36170
     153.36       -10.77622    -0.32042    -0.50188    -9.95392
     211.49       -10.37219    -0.31926    -0.49501    -9.55793
     291.64        -9.98005    -0.31807    -0.48838    -9.17359
     402.18        -9.59969    -0.31695    -0.48201    -8.80073
     554.60        -9.23096    -0.31583    -0.47586    -8.43927
     764.80        -8.87376    -0.31474    -0.47000    -8.08902
     1054.7        -8.52791    -0.31374    -0.46432    -7.74985
     1454.4        -8.19253    -0.31272    -0.45888    -7.42093
     2005.6        -7.86752    -0.31173    -0.45365    -7.10214
     2765.8        -7.55206    -0.31074    -0.44863    -6.79269
     3814.0        -7.24611    -0.30981    -0.44380    -6.49249
     5259.5        -6.94880    -0.30892    -0.43914    -6.20074
     7252.9        -6.65995    -0.30807    -0.43465    -5.91722
     10002.        -6.37978    -0.30728    -0.43035    -5.64215
     13793.        -6.10838    -0.30652    -0.42620    -5.37566
     19020.        -5.84609    -0.30578    -0.42220    -5.11811
     26229.        -5.59376    -0.30508    -0.41832    -4.87035
     36170.        -5.35171    -0.30446    -0.41458    -4.63267
     49878.        -5.11989    -0.30386    -0.41095    -4.40507
     68782.        -4.89822    -0.30328    -0.40743    -4.18751
     94851.        -4.68637    -0.30273    -0.40404    -3.97961
    0.13080E+06    -4.48400    -0.30224    -0.40073    -3.78103
    0.18038E+06    -4.29101    -0.30179    -0.39753    -3.59170
    0.24874E+06    -4.10681    -0.30137    -0.39445    -3.41099
    0.34301E+06    -3.93129    -0.30100    -0.39147    -3.23882
    0.47302E+06    -3.76392    -0.30062    -0.38864    -3.07466
    0.65229E+06    -3.60448    -0.30029    -0.38592    -2.91827
    0.89952E+06    -3.45267    -0.29997    -0.38331    -2.76938
    0.12404E+07    -3.30801    -0.29967    -0.38082    -2.62751
    0.17106E+07    -3.17016    -0.29939    -0.37845    -2.49233
    0.23589E+07    -3.03893    -0.29913    -0.37617    -2.36363
    0.32529E+07    -2.91399    -0.29891    -0.37401    -2.24107
    0.44858E+07    -2.79511    -0.29868    -0.37193    -2.12450
    0.61860E+07    -2.68209    -0.29848    -0.36998    -2.01364
    0.85305E+07    -2.57433    -0.29828    -0.36812    -1.90794
    0.11764E+08    -2.47173    -0.29811    -0.36635    -1.80728
    0.16222E+08    -2.37427    -0.29794    -0.36466    -1.71168
    0.22370E+08    -2.28164    -0.29779    -0.36305    -1.62080
    0.30849E+08    -2.19400    -0.29767    -0.36153    -1.53481
    0.42541E+08    -2.11193    -0.29755    -0.36007    -1.45431
    0.58664E+08    -2.03516    -0.29744    -0.35868    -1.37904
    0.80898E+08    -1.96325    -0.29734    -0.35735    -1.30856
    0.11156E+09    -1.89596    -0.29725    -0.35609    -1.24261
    0.15384E+09    -1.83289    -0.29716    -0.35490    -1.18082
    0.21215E+09    -1.77352    -0.29709    -0.35376    -1.12266
    0.29255E+09    -1.71771    -0.29701    -0.35269    -1.06801
    0.40343E+09    -1.66530    -0.29695    -0.35166    -1.01670
    0.55633E+09    -1.61616    -0.29689    -0.35070    -0.96857
    0.76719E+09    -1.57123    -0.29684    -0.34980    -0.92459
    0.10580E+10    -1.53038    -0.29679    -0.34896    -0.88463
    0.14589E+10    -1.49286    -0.29675    -0.34816    -0.84795
    0.20119E+10    -1.45832    -0.29670    -0.34741    -0.81421
    0.27744E+10    -1.42638    -0.29667    -0.34671    -0.78300
    0.38259E+10    -1.39691    -0.29662    -0.34606    -0.75423
    0.52760E+10    -1.36969    -0.29658    -0.34544    -0.72767
    0.72756E+10    -1.34463    -0.29655    -0.34486    -0.70321
    0.10033E+11    -1.32147    -0.29652    -0.34433    -0.68062
    0.13836E+11    -1.30011    -0.29650    -0.34384    -0.65977
    0.19079E+11    -1.28045    -0.29647    -0.34340    -0.64058
    0.26311E+11    -1.26223    -0.29644    -0.34299    -0.62279
    0.36283E+11    -1.24542    -0.29643    -0.34261    -0.60637
    0.50034E+11    -1.22987    -0.29642    -0.34227    -0.59118
    0.68997E+11    -1.21556    -0.29640    -0.34195    -0.57722
    0.10000E+12    -1.04380    -0.29619    -0.33810    -0.40951
