    -99.945         0.00000     0.00000     0.00000     0.00000
    -99.795         0.00000     0.00000     0.00000     0.00000
    -99.645         0.00000     0.00000     0.00000     0.00000
    -99.495         0.00000     0.00000     0.00000     0.00000
    -99.345         0.00000     0.00000     0.00000     0.00000
    -99.195         0.00000     0.00000     0.00000     0.00000
    -99.045         0.00000     0.00000     0.00000     0.00000
    -98.895         0.00000     0.00000     0.00000     0.00000
    -98.745         0.00000     0.00000     0.00000     0.00000
    -98.595         0.00000     0.00000     0.00000     0.00000
    -98.445         0.00000     0.00000     0.00000     0.00000
    -98.295         0.00000     0.00000     0.00000     0.00000
    -98.145         0.00000     0.00000     0.00000     0.00000
    -97.995         0.00000     0.00000     0.00000     0.00000
    -97.845         0.00000     0.00000     0.00000     0.00000
    -97.695         0.00000     0.00000     0.00000     0.00000
    -97.545         0.00000     0.00000     0.00000     0.00000
    -97.395         0.00000     0.00000     0.00000     0.00000
    -97.245         0.00000     0.00000     0.00000     0.00000
    -97.095         0.00000     0.00000     0.00000     0.00000
    -96.945         0.00000     0.00000     0.00000     0.00000
    -96.795         0.00000     0.00000     0.00000     0.00000
    -96.645         0.00000     0.00000     0.00000     0.00000
    -96.495         0.00000     0.00000     0.00000     0.00000
    -96.345         0.00000     0.00000     0.00000     0.00000
    -96.195         0.00000     0.00000     0.00000     0.00000
    -96.045         0.00000     0.00000     0.00000     0.00000
    -95.895         0.00000     0.00000     0.00000     0.00000
    -95.745         0.00000     0.00000     0.00000     0.00000
    -95.595         0.00000     0.00000     0.00000     0.00000
    -95.445         0.00000     0.00000     0.00000     0.00000
    -95.295         0.00000     0.00000     0.00000     0.00000
    -95.145         0.00000     0.00000     0.00000     0.00000
    -94.995         0.00000     0.00000     0.00000     0.00000
    -94.845         0.00000     0.00000     0.00000     0.00000
    -94.695         0.00000     0.00000     0.00000     0.00000
    -94.545         0.00000     0.00000     0.00000     0.00000
    -94.395         0.00000     0.00000     0.00000     0.00000
    -94.245         0.00000     0.00000     0.00000     0.00000
    -94.095         0.00000     0.00000     0.00000     0.00000
    -93.945         0.00000     0.00000     0.00000     0.00000
    -93.795         0.00000     0.00000     0.00000     0.00000
    -93.645         0.00000     0.00000     0.00000     0.00000
    -93.495         0.00000     0.00000     0.00000     0.00000
    -93.345         0.00000     0.00000     0.00000     0.00000
    -93.195         0.00000     0.00000     0.00000     0.00000
    -93.045         0.00000     0.00000     0.00000     0.00000
    -92.895         0.00000     0.00000     0.00000     0.00000
    -92.745         0.00000     0.00000     0.00000     0.00000
    -92.595         0.00000     0.00000     0.00000     0.00000
    -92.445         0.00000     0.00000     0.00000     0.00000
    -92.295         0.00000     0.00000     0.00000     0.00000
    -92.145         0.00000     0.00000     0.00000     0.00000
    -91.995         0.00000     0.00000     0.00000     0.00000
    -91.845         0.00000     0.00000     0.00000     0.00000
    -91.695         0.00000     0.00000     0.00000     0.00000
    -91.545         0.00000     0.00000     0.00000     0.00000
    -91.395         0.00000     0.00000     0.00000     0.00000
    -91.245         0.00000     0.00000     0.00000     0.00000
    -91.095         0.00000     0.00000     0.00000     0.00000
    -90.945         0.00000     0.00000     0.00000     0.00000
    -90.795         0.00000     0.00000     0.00000     0.00000
    -90.645         0.00000     0.00000     0.00000     0.00000
    -90.495         0.00000     0.00000     0.00000     0.00000
    -90.345         0.00000     0.00000     0.00000     0.00000
    -90.195         0.00000     0.00000     0.00000     0.00000
    -90.045         0.00000     0.00000     0.00000     0.00000
    -89.895         0.00000     0.00000     0.00000     0.00000
    -89.745         0.00000     0.00000     0.00000     0.00000
    -89.595         0.00000     0.00000     0.00000     0.00000
    -89.445         0.00000     0.00000     0.00000     0.00000
    -89.295         0.00000     0.00000     0.00000     0.00000
    -89.145         0.00000     0.00000     0.00000     0.00000
    -88.995         0.00000     0.00000     0.00000     0.00000
    -88.845         0.00000     0.00000     0.00000     0.00000
    -88.695         0.00000     0.00000     0.00000     0.00000
    -88.545         0.00000     0.00000     0.00000     0.00000
    -88.395         0.00000     0.00000     0.00000     0.00000
    -88.245         0.00000     0.00000     0.00000     0.00000
    -88.095         0.00000     0.00000     0.00000     0.00000
    -87.945         0.00000     0.00000     0.00000     0.00000
    -87.795         0.00000     0.00000     0.00000     0.00000
    -87.645         0.00000     0.00000     0.00000     0.00000
    -87.495         0.00000     0.00000     0.00000     0.00000
    -87.345         0.00000     0.00000     0.00000     0.00000
    -87.195         0.00000     0.00000     0.00000     0.00000
    -87.045         0.00000     0.00000     0.00000     0.00000
    -86.895         0.00000     0.00000     0.00000     0.00000
    -86.745         0.00000     0.00000     0.00000     0.00000
    -86.595         0.00000     0.00000     0.00000     0.00000
    -86.445         0.00000     0.00000     0.00000     0.00000
    -86.295         0.00000     0.00000     0.00000     0.00000
    -86.145         0.00000     0.00000     0.00000     0.00000
    -85.995         0.00000     0.00000     0.00000     0.00000
    -85.845         0.00000     0.00000     0.00000     0.00000
    -85.695         0.00000     0.00000     0.00000     0.00000
    -85.545         0.00000     0.00000     0.00000     0.00000
    -85.395         0.00000     0.00000     0.00000     0.00000
    -85.245         0.00000     0.00000     0.00000     0.00000
    -85.095         0.00000     0.00000     0.00000     0.00000
    -84.945         0.00000     0.00000     0.00000     0.00000
    -84.795         0.00000     0.00000     0.00000     0.00000
    -84.645         0.00000     0.00000     0.00000     0.00000
    -84.495         0.00000     0.00000     0.00000     0.00000
    -84.345         0.00000     0.00000     0.00000     0.00000
    -84.195         0.00000     0.00000     0.00000     0.00000
    -84.045         0.00000     0.00000     0.00000     0.00000
    -83.895         0.00000     0.00000     0.00000     0.00000
    -83.745         0.00000     0.00000     0.00000     0.00000
    -83.595         0.00000     0.00000     0.00000     0.00000
    -83.445         0.00000     0.00000     0.00000     0.00000
    -83.295         0.00000     0.00000     0.00000     0.00000
    -83.145         0.00000     0.00000     0.00000     0.00000
    -82.995         0.00000     0.00000     0.00000     0.00000
    -82.845         0.00000     0.00000     0.00000     0.00000
    -82.695         0.00000     0.00000     0.00000     0.00000
    -82.545         0.00000     0.00000     0.00000     0.00000
    -82.395         0.00000     0.00000     0.00000     0.00000
    -82.245         0.00000     0.00000     0.00000     0.00000
    -82.095         0.00000     0.00000     0.00000     0.00000
    -81.945         0.00000     0.00000     0.00000     0.00000
    -81.795         0.00000     0.00000     0.00000     0.00000
    -81.645         0.00000     0.00000     0.00000     0.00000
    -81.495         0.00000     0.00000     0.00000     0.00000
    -81.345         0.00000     0.00000     0.00000     0.00000
    -81.195         0.00000     0.00000     0.00000     0.00000
    -81.045         0.00000     0.00000     0.00000     0.00000
    -80.895         0.00000     0.00000     0.00000     0.00000
    -80.745         0.00000     0.00000     0.00000     0.00000
    -80.595         0.00000     0.00000     0.00000     0.00000
    -80.445         0.00000     0.00000     0.00000     0.00000
    -80.295         0.00000     0.00000     0.00000     0.00000
    -80.145         0.00000     0.00000     0.00000     0.00000
    -79.995         0.00000     0.00000     0.00000     0.00000
    -79.845         0.00000     0.00000     0.00000     0.00000
    -79.695         0.00000     0.00000     0.00000     0.00000
    -79.545         0.00000     0.00000     0.00000     0.00000
    -79.395         0.00000     0.00000     0.00000     0.00000
    -79.245         0.00000     0.00000     0.00000     0.00000
    -79.095         0.00000     0.00000     0.00000     0.00000
    -78.945         0.00000     0.00000     0.00000     0.00000
    -78.795         0.00000     0.00000     0.00000     0.00000
    -78.645         0.00000     0.00000     0.00000     0.00000
    -78.495         0.00000     0.00000     0.00000     0.00000
    -78.345         0.00000     0.00000     0.00000     0.00000
    -78.195         0.00000     0.00000     0.00000     0.00000
    -78.045         0.00000     0.00000     0.00000     0.00000
    -77.895         0.00000     0.00000     0.00000     0.00000
    -77.745         0.00000     0.00000     0.00000     0.00000
    -77.595         0.00000     0.00000     0.00000     0.00000
    -77.445         0.00000     0.00000     0.00000     0.00000
    -77.295         0.00000     0.00000     0.00000     0.00000
    -77.145         0.00000     0.00000     0.00000     0.00000
    -76.995         0.00000     0.00000     0.00000     0.00000
    -76.845         0.00000     0.00000     0.00000     0.00000
    -76.695         0.00000     0.00000     0.00000     0.00000
    -76.545         0.00000     0.00000     0.00000     0.00000
    -76.395         0.00000     0.00000     0.00000     0.00000
    -76.245         0.00000     0.00000     0.00000     0.00000
    -76.095         0.00000     0.00000     0.00000     0.00000
    -75.945         0.00000     0.00000     0.00000     0.00000
    -75.795         0.00000     0.00000     0.00000     0.00000
    -75.645         0.00000     0.00000     0.00000     0.00000
    -75.495         0.00000     0.00000     0.00000     0.00000
    -75.345         0.00000     0.00000     0.00000     0.00000
    -75.195         0.00000     0.00000     0.00000     0.00000
    -75.045         0.00000     0.00000     0.00000     0.00000
    -74.895         0.00000     0.00000     0.00000     0.00000
    -74.745         0.00000     0.00000     0.00000     0.00000
    -74.595         0.00000     0.00000     0.00000     0.00000
    -74.445         0.00000     0.00000     0.00000     0.00000
    -74.295         0.00000     0.00000     0.00000     0.00000
    -74.145         0.00000     0.00000     0.00000     0.00000
    -73.995         0.00000     0.00000     0.00000     0.00000
    -73.845         0.00000     0.00000     0.00000     0.00000
    -73.695         0.00000     0.00000     0.00000     0.00000
    -73.545         0.00000     0.00000     0.00000     0.00000
    -73.395         0.00000     0.00000     0.00000     0.00000
    -73.245         0.00000     0.00000     0.00000     0.00000
    -73.095         0.00000     0.00000     0.00000     0.00000
    -72.945         0.00000     0.00000     0.00000     0.00000
    -72.795         0.00000     0.00000     0.00000     0.00000
    -72.645         0.00000     0.00000     0.00000     0.00000
    -72.495         0.00000     0.00000     0.00000     0.00000
    -72.345         0.00000     0.00000     0.00000     0.00000
    -72.195         0.00000     0.00000     0.00000     0.00000
    -72.045         0.00000     0.00000     0.00000     0.00000
    -71.895         0.00000     0.00000     0.00000     0.00000
    -71.745         0.00000     0.00000     0.00000     0.00000
    -71.595         0.00000     0.00000     0.00000     0.00000
    -71.445         0.00000     0.00000     0.00000     0.00000
    -71.295         0.00000     0.00000     0.00000     0.00000
    -71.145         0.00000     0.00000     0.00000     0.00000
    -70.995         0.00000     0.00000     0.00000     0.00000
    -70.845         0.00000     0.00000     0.00000     0.00000
    -70.695         0.00000     0.00000     0.00000     0.00000
    -70.545         0.00000     0.00000     0.00000     0.00000
    -70.395         0.00000     0.00000     0.00000     0.00000
    -70.245         0.00000     0.00000     0.00000     0.00000
    -70.095         0.00000     0.00000     0.00000     0.00000
    -69.945         0.00000     0.00000     0.00000     0.00000
    -69.795         0.00000     0.00000     0.00000     0.00000
    -69.645         0.00000     0.00000     0.00000     0.00000
    -69.495         0.00000     0.00000     0.00000     0.00000
    -69.345         0.00000     0.00000     0.00000     0.00000
    -69.195         0.00000     0.00000     0.00000     0.00000
    -69.045         0.00000     0.00000     0.00000     0.00000
    -68.895         0.00000     0.00000     0.00000     0.00000
    -68.745         0.00000     0.00000     0.00000     0.00000
    -68.595         0.00000     0.00000     0.00000     0.00000
    -68.445         0.00000     0.00000     0.00000     0.00000
    -68.295         0.00000     0.00000     0.00000     0.00000
    -68.145         0.00000     0.00000     0.00000     0.00000
    -67.995         0.00000     0.00000     0.00000     0.00000
    -67.845         0.00000     0.00000     0.00000     0.00000
    -67.695         0.00000     0.00000     0.00000     0.00000
    -67.545         0.00000     0.00000     0.00000     0.00000
    -67.395         0.00000     0.00000     0.00000     0.00000
    -67.245         0.00000     0.00000     0.00000     0.00000
    -67.095         0.00000     0.00000     0.00000     0.00000
    -66.945         0.00000     0.00000     0.00000     0.00000
    -66.795         0.00000     0.00000     0.00000     0.00000
    -66.645         0.00000     0.00000     0.00000     0.00000
    -66.495         0.00000     0.00000     0.00000     0.00000
    -66.345         0.00000     0.00000     0.00000     0.00000
    -66.195         0.00000     0.00000     0.00000     0.00000
    -66.045         0.00000     0.00000     0.00000     0.00000
    -65.895         0.00000     0.00000     0.00000     0.00000
    -65.745         0.00000     0.00000     0.00000     0.00000
    -65.595         0.00000     0.00000     0.00000     0.00000
    -65.445         0.00000     0.00000     0.00000     0.00000
    -65.295         0.00000     0.00000     0.00000     0.00000
    -65.145         0.00000     0.00000     0.00000     0.00000
    -64.995         0.00000     0.00000     0.00000     0.00000
    -64.845         0.00000     0.00000     0.00000     0.00000
    -64.695         0.00000     0.00000     0.00000     0.00000
    -64.545         0.00000     0.00000     0.00000     0.00000
    -64.395         0.00000     0.00000     0.00000     0.00000
    -64.245         0.00000     0.00000     0.00000     0.00000
    -64.095         0.00000     0.00000     0.00000     0.00000
    -63.945         0.00000     0.00000     0.00000     0.00000
    -63.795         0.00000     0.00000     0.00000     0.00000
    -63.645         0.00000     0.00000     0.00000     0.00000
    -63.495         0.00000     0.00000     0.00000     0.00000
    -63.345         0.00000     0.00000     0.00000     0.00000
    -63.195         0.00000     0.00000     0.00000     0.00000
    -63.045         0.00000     0.00000     0.00000     0.00000
    -62.895         0.00000     0.00000     0.00000     0.00000
    -62.745         0.00000     0.00000     0.00000     0.00000
    -62.595         0.00000     0.00000     0.00000     0.00000
    -62.445         0.00000     0.00000     0.00000     0.00000
    -62.295         0.00000     0.00000     0.00000     0.00000
    -62.145         0.00000     0.00000     0.00000     0.00000
    -61.995         0.00000     0.00000     0.00000     0.00000
    -61.845         0.00000     0.00000     0.00000     0.00000
    -61.695         0.00000     0.00000     0.00000     0.00000
    -61.545         0.00000     0.00000     0.00000     0.00000
    -61.395         0.00000     0.00000     0.00000     0.00000
    -61.245         0.00000     0.00000     0.00000     0.00000
    -61.095         0.00000     0.00000     0.00000     0.00000
    -60.945         0.00000     0.00000     0.00000     0.00000
    -60.795         0.00000     0.00000     0.00000     0.00000
    -60.645         0.00000     0.00000     0.00000     0.00000
    -60.495         0.00000     0.00000     0.00000     0.00000
    -60.345         0.00000     0.00000     0.00000     0.00000
    -60.195         0.00000     0.00000     0.00000     0.00000
    -60.045         0.00000     0.00000     0.00000     0.00000
    -59.895         0.00000     0.00000     0.00000     0.00000
    -59.745         0.00000     0.00000     0.00000     0.00000
    -59.595         0.00000     0.00000     0.00000     0.00000
    -59.445         0.00000     0.00000     0.00000     0.00000
    -59.295         0.00000     0.00000     0.00000     0.00000
    -59.145         0.00000     0.00000     0.00000     0.00000
    -58.995         0.00000     0.00000     0.00000     0.00000
    -58.845         0.00000     0.00000     0.00000     0.00000
    -58.695         0.00000     0.00000     0.00000     0.00000
    -58.545         0.00000     0.00000     0.00000     0.00000
    -58.395         0.00000     0.00000     0.00000     0.00000
    -58.245         0.00000     0.00000     0.00000     0.00000
    -58.095         0.00000     0.00000     0.00000     0.00000
    -57.945         0.00000     0.00000     0.00000     0.00000
    -57.795         0.00000     0.00000     0.00000     0.00000
    -57.645         0.00000     0.00000     0.00000     0.00000
    -57.495         0.00000     0.00000     0.00000     0.00000
    -57.345         0.00000     0.00000     0.00000     0.00000
    -57.195         0.00000     0.00000     0.00000     0.00000
    -57.045         0.00000     0.00000     0.00000     0.00000
    -56.895         0.00000     0.00000     0.00000     0.00000
    -56.745         0.00000     0.00000     0.00000     0.00000
    -56.595         0.00000     0.00000     0.00000     0.00000
    -56.445         0.00000     0.00000     0.00000     0.00000
    -56.295         0.00000     0.00000     0.00000     0.00000
    -56.145         0.00000     0.00000     0.00000     0.00000
    -55.995         0.00000     0.00000     0.00000     0.00000
    -55.845         0.00000     0.00000     0.00000     0.00000
    -55.695         0.00000     0.00000     0.00000     0.00000
    -55.545         0.00000     0.00000     0.00000     0.00000
    -55.395         0.00000     0.00000     0.00000     0.00000
    -55.245         0.00000     0.00000     0.00000     0.00000
    -55.095         0.00000     0.00000     0.00000     0.00000
    -54.945         0.00000     0.00000     0.00000     0.00000
    -54.795         0.00000     0.00000     0.00000     0.00000
    -54.645         0.00000     0.00000     0.00000     0.00000
    -54.495         0.00000     0.00000     0.00000     0.00000
    -54.345         0.00000     0.00000     0.00000     0.00000
    -54.195         0.00000     0.00000     0.00000     0.00000
    -54.045         0.00000     0.00000     0.00000     0.00000
    -53.895         0.00000     0.00000     0.00000     0.00000
    -53.745         0.00000     0.00000     0.00000     0.00000
    -53.595         0.00000     0.00000     0.00000     0.00000
    -53.445         0.00000     0.00000     0.00000     0.00000
    -53.295         0.00000     0.00000     0.00000     0.00000
    -53.145         0.00000     0.00000     0.00000     0.00000
    -52.995         0.00000     0.00000     0.00000     0.00000
    -52.845         0.00000     0.00000     0.00000     0.00000
    -52.695         0.00000     0.00000     0.00000     0.00000
    -52.545         0.00000     0.00000     0.00000     0.00000
    -52.395         0.00000     0.00000     0.00000     0.00000
    -52.245         0.00000     0.00000     0.00000     0.00000
    -52.095         0.00000     0.00000     0.00000     0.00000
    -51.945         0.00000     0.00000     0.00000     0.00000
    -51.795         0.00000     0.00000     0.00000     0.00000
    -51.645         0.00000     0.00000     0.00000     0.00000
    -51.495         0.00000     0.00000     0.00000     0.00000
    -51.345         0.00000     0.00000     0.00000     0.00000
    -51.195         0.00000     0.00000     0.00000     0.00000
    -51.045         0.00000     0.00000     0.00000     0.00000
    -50.895         0.00000     0.00000     0.00000     0.00000
    -50.745         0.00000     0.00000     0.00000     0.00000
    -50.595         0.00000     0.00000     0.00000     0.00000
    -50.445         0.00000     0.00000     0.00000     0.00000
    -50.295         0.00000     0.00000     0.00000     0.00000
    -50.145         0.00000     0.00000     0.00000     0.00000
    -49.995         0.00000     0.00000     0.00000     0.00000
    -49.845         0.00000     0.00000     0.00000     0.00000
    -49.695         0.00000     0.00000     0.00000     0.00000
    -49.545         0.00000     0.00000     0.00000     0.00000
    -49.395         0.00000     0.00000     0.00000     0.00000
    -49.245         0.00000     0.00000     0.00000     0.00000
    -49.095         0.00000     0.00000     0.00000     0.00000
    -48.945         0.00000     0.00000     0.00000     0.00000
    -48.795         0.00000     0.00000     0.00000     0.00000
    -48.645         0.00000     0.00000     0.00000     0.00000
    -48.495         0.00000     0.00000     0.00000     0.00000
    -48.345         0.00000     0.00000     0.00000     0.00000
    -48.195         0.00000     0.00000     0.00000     0.00000
    -48.045         0.00000     0.00000     0.00000     0.00000
    -47.895         0.00000     0.00000     0.00000     0.00000
    -47.745         0.00000     0.00000     0.00000     0.00000
    -47.595         0.00000     0.00000     0.00000     0.00000
    -47.445         0.00000     0.00000     0.00000     0.00000
    -47.295         0.00000     0.00000     0.00000     0.00000
    -47.145         0.00000     0.00000     0.00000     0.00000
    -46.995         0.00000     0.00000     0.00000     0.00000
    -46.845         0.00000     0.00000     0.00000     0.00000
    -46.695         0.00000     0.00000     0.00000     0.00000
    -46.545         0.00000     0.00000     0.00000     0.00000
    -46.395         0.00000     0.00000     0.00000     0.00000
    -46.245         0.00000     0.00000     0.00000     0.00000
    -46.095         0.00000     0.00000     0.00000     0.00000
    -45.945         0.00000     0.00000     0.00000     0.00000
    -45.795         0.00000     0.00000     0.00000     0.00000
    -45.645         0.00000     0.00000     0.00000     0.00000
    -45.495         0.00000     0.00000     0.00000     0.00000
    -45.345         0.00000     0.00000     0.00000     0.00000
    -45.195         0.00000     0.00000     0.00000     0.00000
    -45.045         0.00000     0.00000     0.00000     0.00000
    -44.895         0.00000     0.00000     0.00000     0.00000
    -44.745         0.00000     0.00000     0.00000     0.00000
    -44.595         0.00000     0.00000     0.00000     0.00000
    -44.445         0.00000     0.00000     0.00000     0.00000
    -44.295         0.00000     0.00000     0.00000     0.00000
    -44.145         0.00000     0.00000     0.00000     0.00000
    -43.995         0.00000     0.00000     0.00000     0.00000
    -43.845         0.00000     0.00000     0.00000     0.00000
    -43.695         0.00000     0.00000     0.00000     0.00000
    -43.545         0.00000     0.00000     0.00000     0.00000
    -43.395         0.00000     0.00000     0.00000     0.00000
    -43.245         0.00000     0.00000     0.00000     0.00000
    -43.095         0.00000     0.00000     0.00000     0.00000
    -42.945         0.00000     0.00000     0.00000     0.00000
    -42.795         0.00000     0.00000     0.00000     0.00000
    -42.645         0.00000     0.00000     0.00000     0.00000
    -42.495         0.00000     0.00000     0.00000     0.00000
    -42.345         0.00000     0.00000     0.00000     0.00000
    -42.195         0.00000     0.00000     0.00000     0.00000
    -42.045         0.00000     0.00000     0.00000     0.00000
    -41.895         0.00000     0.00000     0.00000     0.00000
    -41.745         0.00000     0.00000     0.00000     0.00000
    -41.595         0.00000     0.00000     0.00000     0.00000
    -41.445         0.00000     0.00000     0.00000     0.00000
    -41.295         0.00000     0.00000     0.00000     0.00000
    -41.145         0.00000     0.00000     0.00000     0.00000
    -40.995         0.00000     0.00000     0.00000     0.00000
    -40.845         0.00000     0.00000     0.00000     0.00000
    -40.695         0.00000     0.00000     0.00000     0.00000
    -40.545         0.00000     0.00000     0.00000     0.00000
    -40.395         0.00000     0.00000     0.00000     0.00000
    -40.245         0.00000     0.00000     0.00000     0.00000
    -40.095         0.00000     0.00000     0.00000     0.00000
    -39.945         0.00000     0.00000     0.00000     0.00000
    -39.795         0.00000     0.00000     0.00000     0.00000
    -39.645         0.00000     0.00000     0.00000     0.00000
    -39.495         0.00000     0.00000     0.00000     0.00000
    -39.345         0.00000     0.00000     0.00000     0.00000
    -39.195         0.00000     0.00000     0.00000     0.00000
    -39.045         0.00000     0.00000     0.00000     0.00000
    -38.895         0.00000     0.00000     0.00000     0.00000
    -38.745         0.00000     0.00000     0.00000     0.00000
    -38.595         0.00000     0.00000     0.00000     0.00000
    -38.445         0.00000     0.00000     0.00000     0.00000
    -38.295         0.00000     0.00000     0.00000     0.00000
    -38.145         0.00000     0.00000     0.00000     0.00000
    -37.995         0.00000     0.00000     0.00000     0.00000
    -37.845         0.00000     0.00000     0.00000     0.00000
    -37.695         0.00000     0.00000     0.00000     0.00000
    -37.545         0.00000     0.00000     0.00000     0.00000
    -37.395         0.00000     0.00000     0.00000     0.00000
    -37.245         0.00000     0.00000     0.00000     0.00000
    -37.095         0.00000     0.00000     0.00000     0.00000
    -36.945         0.00000     0.00000     0.00000     0.00000
    -36.795         0.00000     0.00000     0.00000     0.00000
    -36.645         0.00000     0.00000     0.00000     0.00000
    -36.495         0.00000     0.00000     0.00000     0.00000
    -36.345         0.00000     0.00000     0.00000     0.00000
    -36.195         0.00000     0.00000     0.00000     0.00000
    -36.045         0.00000     0.00000     0.00000     0.00000
    -35.895         0.00000     0.00000     0.00000     0.00000
    -35.745         0.00000     0.00000     0.00000     0.00000
    -35.595         0.00000     0.00000     0.00000     0.00000
    -35.445         0.00000     0.00000     0.00000     0.00000
    -35.295         0.00000     0.00000     0.00000     0.00000
    -35.145         0.00000     0.00000     0.00000     0.00000
    -34.995         0.00000     0.00000     0.00000     0.00000
    -34.845         0.00000     0.00000     0.00000     0.00000
    -34.695         0.00000     0.00000     0.00000     0.00000
    -34.545         0.00000     0.00000     0.00000     0.00000
    -34.395         0.00000     0.00000     0.00000     0.00000
    -34.245         0.00000     0.00000     0.00000     0.00000
    -34.095         0.00000     0.00000     0.00000     0.00000
    -33.945         0.00000     0.00000     0.00000     0.00000
    -33.795         0.00000     0.00000     0.00000     0.00000
    -33.645         0.00000     0.00000     0.00000     0.00000
    -33.495         0.00000     0.00000     0.00000     0.00000
    -33.345         0.00000     0.00000     0.00000     0.00000
    -33.195         0.00000     0.00000     0.00000     0.00000
    -33.045         0.00000     0.00000     0.00000     0.00000
    -32.895         0.00000     0.00000     0.00000     0.00000
    -32.745         0.00000     0.00000     0.00000     0.00000
    -32.595         0.00000     0.00000     0.00000     0.00000
    -32.445         0.00000     0.00000     0.00000     0.00000
    -32.295         0.00000     0.00000     0.00000     0.00000
    -32.145         0.00000     0.00000     0.00000     0.00000
    -31.995         0.00000     0.00000     0.00000     0.00000
    -31.845         0.00000     0.00000     0.00000     0.00000
    -31.695         0.00000     0.00000     0.00000     0.00000
    -31.545         0.00000     0.00000     0.00000     0.00000
    -31.395         0.00000     0.00000     0.00000     0.00000
    -31.245         0.00000     0.00000     0.00000     0.00000
    -31.095         0.00000     0.00000     0.00000     0.00000
    -30.945         0.00000     0.00000     0.00000     0.00000
    -30.795         0.00000     0.00000     0.00000     0.00000
    -30.645         0.00000     0.00000     0.00000     0.00000
    -30.495         0.00000     0.00000     0.00000     0.00000
    -30.345         0.00000     0.00000     0.00000     0.00000
    -30.195         0.00000     0.00000     0.00000     0.00000
    -30.045         0.00000     0.00000     0.00000     0.00000
    -29.895         0.00000     0.00000     0.00000     0.00000
    -29.745         0.00000     0.00000     0.00000     0.00000
    -29.595         0.00000     0.00000     0.00000     0.00000
    -29.445         0.00000     0.00000     0.00000     0.00000
    -29.295         0.00000     0.00000     0.00000     0.00000
    -29.145         0.00000     0.00000     0.00000     0.00000
    -28.995         0.00000     0.00000     0.00000     0.00000
    -28.845         0.00000     0.00000     0.00000     0.00000
    -28.695         0.00000     0.00000     0.00000     0.00000
    -28.545         0.00000     0.00000     0.00000     0.00000
    -28.395         0.00000     0.00000     0.00000     0.00000
    -28.245         0.00000     0.00000     0.00000     0.00000
    -28.095         0.00000     0.00000     0.00000     0.00000
    -27.945         0.00000     0.00000     0.00000     0.00000
    -27.795         0.00000     0.00000     0.00000     0.00000
    -27.645         0.00000     0.00000     0.00000     0.00000
    -27.495         0.00000     0.00000     0.00000     0.00000
    -27.345         0.00000     0.00000     0.00000     0.00000
    -27.195         0.00000     0.00000     0.00000     0.00000
    -27.045         0.00000     0.00000     0.00000     0.00000
    -26.895         0.00000     0.00000     0.00000     0.00000
    -26.745         0.00000     0.00000     0.00000     0.00000
    -26.595         0.00000     0.00000     0.00000     0.00000
    -26.445         0.00000     0.00000     0.00000     0.00000
    -26.295         0.00000     0.00000     0.00000     0.00000
    -26.145         0.00000     0.00000     0.00000     0.00000
    -25.995         0.00000     0.00000     0.00000     0.00000
    -25.845         0.00000     0.00000     0.00000     0.00000
    -25.695         0.00000     0.00000     0.00000     0.00000
    -25.545         0.00000     0.00000     0.00000     0.00000
    -25.395         0.00000     0.00000     0.00000     0.00000
    -25.245         0.00000     0.00000     0.00000     0.00000
    -25.095         0.00000     0.00000     0.00000     0.00000
    -24.945         0.00000     0.00000     0.00000     0.00000
    -24.795         0.00000     0.00000     0.00000     0.00000
    -24.645         0.00000     0.00000     0.00000     0.00000
    -24.495         0.00000     0.00000     0.00000     0.00000
    -24.345         0.00000     0.00000     0.00000     0.00000
    -24.195         0.00000     0.00000     0.00000     0.00000
    -24.045         0.00000     0.00000     0.00000     0.00000
    -23.895         0.00000     0.00000     0.00000     0.00000
    -23.745         0.00000     0.00000     0.00000     0.00000
    -23.595         0.00000     0.00000     0.00000     0.00000
    -23.445         0.00000     0.00000     0.00000     0.00000
    -23.295         0.00000     0.00000     0.00000     0.00000
    -23.145         0.00000     0.00000     0.00000     0.00000
    -22.995         0.00000     0.00000     0.00000     0.00000
    -22.845         0.00000     0.00000     0.00000     0.00000
    -22.695         0.00000     0.00000     0.00000     0.00000
    -22.545         0.00000     0.00000     0.00000     0.00000
    -22.395         0.00000     0.00000     0.00000     0.00000
    -22.245         0.00000     0.00000     0.00000     0.00000
    -22.095         0.00000     0.00000     0.00000     0.00000
    -21.945         0.00000     0.00000     0.00000     0.00000
    -21.795         0.00000     0.00000     0.00000     0.00000
    -21.645         0.00000     0.00000     0.00000     0.00000
    -21.495         0.00000     0.00000     0.00000     0.00000
    -21.345         0.00000     0.00000     0.00000     0.00000
    -21.195         0.00000     0.00000     0.00000     0.00000
    -21.045         0.00000     0.00000     0.00000     0.00000
    -20.895         0.00000     0.00000     0.00000     0.00000
    -20.745         0.00000     0.00000     0.00000     0.00000
    -20.595         0.00000     0.00000     0.00000     0.00000
    -20.445         0.00000     0.00000     0.00000     0.00000
    -20.295         0.00000     0.00000     0.00000     0.00000
    -20.145         0.00000     0.00000     0.00000     0.00000
    -19.995         0.00000     0.00000     0.00000     0.00000
    -19.845         0.00000     0.00000     0.00000     0.00000
    -19.695         0.00000     0.00000     0.00000     0.00000
    -19.545         0.00000     0.00000     0.00000     0.00000
    -19.395         0.00000     0.00000     0.00000     0.00000
    -19.245         0.00000     0.00000     0.00000     0.00000
    -19.095         0.00000     0.00000     0.00000     0.00000
    -18.945         0.00000     0.00000     0.00000     0.00000
    -18.795         0.00000     0.00000     0.00000     0.00000
    -18.645         0.00000     0.00000     0.00000     0.00000
    -18.495         0.00000     0.00000     0.00000     0.00000
    -18.345         0.00000     0.00000     0.00000     0.00000
    -18.195         0.00000     0.00000     0.00000     0.00000
    -18.045         0.00000     0.00000     0.00000     0.00000
    -17.895         0.00000     0.00000     0.00000     0.00000
    -17.745         0.00000     0.00000     0.00000     0.00000
    -17.595         0.00000     0.00000     0.00000     0.00000
    -17.445         0.00000     0.00000     0.00000     0.00000
    -17.295         0.00000     0.00000     0.00000     0.00000
    -17.145         0.00000     0.00000     0.00000     0.00000
    -16.995         0.00000     0.00000     0.00000     0.00000
    -16.845         0.00000     0.00000     0.00000     0.00000
    -16.695         0.00000     0.00000     0.00000     0.00000
    -16.545         0.00000     0.00000     0.00000     0.00000
    -16.395         0.00000     0.00000     0.00000     0.00000
    -16.245         0.00000     0.00000     0.00000     0.00000
    -16.095         0.00000     0.00000     0.00000     0.00000
    -15.945         0.00000     0.00000     0.00000     0.00000
    -15.795         0.00000     0.00000     0.00000     0.00000
    -15.645         0.00000     0.00000     0.00000     0.00000
    -15.495        -0.00000    -0.00000     0.00000     0.00000
    -15.345        -0.00062    -0.00062     0.00000     0.00000
    -15.195        -0.00062    -0.00062     0.00000     0.00000
    -15.045        -0.00130    -0.00130     0.00000     0.00000
    -14.895        -0.00199    -0.00199     0.00000     0.00000
    -14.745        -0.00272    -0.00272     0.00000     0.00000
    -14.595        -0.00348    -0.00348     0.00000     0.00000
    -14.445        -0.00695    -0.00695     0.00000     0.00000
    -14.295        -0.00783    -0.00783     0.00000     0.00000
    -14.145        -0.01596    -0.01596     0.00000     0.00000
    -13.995        -0.02608    -0.02608     0.00000     0.00000
    -13.845        -0.03881    -0.03881     0.00000     0.00000
    -13.695        -0.04910    -0.04910     0.00000     0.00000
    -13.545        -0.06801    -0.06801     0.00000     0.00000
    -13.395        -0.08512    -0.08512     0.00000     0.00000
    -13.245        -0.09982    -0.09982     0.00000     0.00000
    -13.095        -0.11867    -0.11867     0.00000     0.00000
    -12.945        -0.13688    -0.13688     0.00000     0.00000
    -12.795        -0.15207    -0.15207     0.00000     0.00000
    -12.645        -0.16313    -0.16313     0.00000     0.00000
    -12.495        -0.17472    -0.17472     0.00000     0.00000
    -12.345        -0.18919    -0.18919     0.00000     0.00000
    -12.195        -0.20244    -0.20244     0.00000     0.00000
    -12.045        -0.21395    -0.21395     0.00000     0.00000
    -11.895        -0.22432    -0.22432     0.00000     0.00000
    -11.745        -0.23463    -0.23463     0.00000     0.00000
    -11.595        -0.24712    -0.24712     0.00000     0.00000
    -11.445        -0.26279    -0.26279     0.00000     0.00000
    -11.295        -0.27622    -0.27622     0.00000     0.00000
    -11.145        -0.29120    -0.29120     0.00000     0.00000
    -10.995        -0.30135    -0.30135     0.00000     0.00000
    -10.845        -0.31148    -0.31148     0.00000     0.00000
    -10.695        -0.32414    -0.32414     0.00000     0.00000
    -10.545        -0.33573    -0.33573     0.00000     0.00000
    -10.395        -0.34373    -0.34373     0.00000     0.00000
    -10.245        -0.35424    -0.35424     0.00000     0.00000
    -10.095        -0.36126    -0.36126     0.00000     0.00000
    -9.9450        -0.37211    -0.37171    -0.00041     0.00000
    -9.7950        -0.38153    -0.38070    -0.00084     0.00000
    -9.6450        -0.39334    -0.39204    -0.00130     0.00000
    -9.4950        -0.40674    -0.40336    -0.00338     0.00000
    -9.3450        -0.41684    -0.41091    -0.00593     0.00000
    -9.1950        -0.43195    -0.42075    -0.01119     0.00000
    -9.0450        -0.44620    -0.42744    -0.01876     0.00000
    -8.8950        -0.46104    -0.43683    -0.02421     0.00000
    -8.7450        -0.47837    -0.44752    -0.03085     0.00000
    -8.5950        -0.49832    -0.45649    -0.04183     0.00000
    -8.4450        -0.51828    -0.46547    -0.05281     0.00000
    -8.2950        -0.53855    -0.47445    -0.06410     0.00000
    -8.1450        -0.55968    -0.48264    -0.07703     0.00000
    -7.9950        -0.57840    -0.49124    -0.08716     0.00000
    -7.8450        -0.59680    -0.49990    -0.09690     0.00000
    -7.6950        -0.61656    -0.50900    -0.10756     0.00000
    -7.5450        -0.63723    -0.51775    -0.11948     0.00000
    -7.3950        -0.65622    -0.52657    -0.12965     0.00000
    -7.2450        -0.67708    -0.53762    -0.13946     0.00000
    -7.0950        -0.69390    -0.54659    -0.14730     0.00000
    -6.9450        -0.71424    -0.55737    -0.15668    -0.00019
    -6.7950        -0.73357    -0.56718    -0.16509    -0.00130
    -6.6450        -0.76096    -0.57938    -0.17619    -0.00538
    -6.4950        -0.79416    -0.58971    -0.18574    -0.01872
    -6.3450        -0.84213    -0.60138    -0.19257    -0.04818
    -6.1950        -0.90940    -0.61250    -0.19975    -0.09715
    -6.0450        -1.00758    -0.62436    -0.20952    -0.17370
    -5.8950        -1.13442    -0.63629    -0.21705    -0.28107
    -5.7450        -1.29031    -0.65210    -0.22267    -0.41553
    -5.5950        -1.47521    -0.66573    -0.23168    -0.57780
    -5.4450        -1.68370    -0.68139    -0.24159    -0.76072
    -5.2950        -1.90372    -0.69793    -0.24765    -0.95814
    -5.1450        -2.13190    -0.71663    -0.25923    -1.15605
    -4.9950        -2.38007    -0.73638    -0.27019    -1.37350
    -4.8450        -2.62522    -0.75474    -0.28182    -1.58867
    -4.6950        -2.87141    -0.77510    -0.29342    -1.80290
    -4.5450        -3.11136    -0.79943    -0.30526    -2.00667
    -4.3950        -3.35311    -0.82311    -0.31895    -2.21104
    -4.2450        -3.58922    -0.84518    -0.33800    -2.40604
    -4.0950        -3.82202    -0.87050    -0.35630    -2.59522
    -3.9450        -4.05314    -0.89774    -0.37498    -2.78043
    -3.7950        -4.27394    -0.92226    -0.39585    -2.95583
    -3.6450        -4.49381    -0.95203    -0.41722    -3.12455
    -3.4950        -4.71406    -0.98650    -0.44301    -3.28454
    -3.3450        -4.92553    -1.01896    -0.47149    -3.43508
    -3.1950        -5.14182    -1.05555    -0.50328    -3.58299
    -3.0450        -5.35489    -1.08923    -0.53588    -3.72978
    -2.8950        -5.57363    -1.12358    -0.56900    -3.88105
    -2.7450        -5.80406    -1.16669    -0.60715    -4.03022
    -2.5950        -6.04503    -1.21477    -0.64949    -4.18077
    -2.4450        -6.30092    -1.26323    -0.69720    -4.34049
    -2.2950        -6.57620    -1.31651    -0.75057    -4.50912
    -2.1450        -6.88272    -1.37692    -0.81067    -4.69513
    -1.9950        -7.22550    -1.44468    -0.87889    -4.90194
    -1.8450        -7.62104    -1.51763    -0.95501    -5.14839
    -1.6950        -8.08278    -1.60174    -1.04218    -5.43885
    -1.5450        -8.63108    -1.69442    -1.14066    -5.79600
    -1.3950        -9.31856    -1.80737    -1.25803    -6.25317
    -1.2450       -10.16653    -1.93795    -1.39686    -6.83172
    -1.0950       -11.23415    -2.09003    -1.56659    -7.57753
   -0.94500       -12.55428    -2.27080    -1.77215    -8.51134
   -0.79500       -14.19192    -2.50153    -2.03673    -9.65366
   -0.64500       -16.27550    -2.81634    -2.37104   -11.08811
   -0.49500       -19.09537    -3.28941    -2.83858   -12.96739
   -0.34500       -23.13673    -4.06000    -3.60775   -15.46898
   -0.22700       -24.88532    -4.42581    -3.99393   -16.46558
   -0.21300       -25.11393    -4.47522    -4.04572   -16.59299
   -0.20700       -25.35058    -4.52695    -4.10007   -16.72355
   -0.20100       -25.59223    -4.57943    -4.15629   -16.85652
   -0.19500       -25.83889    -4.63357    -4.21474   -16.99058
   -0.18900       -26.09308    -4.69044    -4.27499   -17.12765
   -0.18300       -26.35433    -4.74876    -4.33787   -17.26769
   -0.17700       -26.62543    -4.80981    -4.40324   -17.41238
   -0.17100       -26.90039    -4.87096    -4.47048   -17.55895
   -0.16500       -27.18579    -4.93519    -4.54088   -17.70971
   -0.15900       -27.47823    -5.00079    -4.61296   -17.86448
   -0.15300       -27.78134    -5.06885    -4.68814   -18.02435
   -0.14700       -28.09594    -5.14010    -4.76639   -18.18946
   -0.14100       -28.42067    -5.21337    -4.84806   -18.35923
   -0.13500       -28.75503    -5.28916    -4.93280   -18.53306
   -0.12900       -29.10470    -5.36841    -5.02167   -18.71462
   -0.12300       -29.46730    -5.45164    -5.11440   -18.90126
   -0.11700       -29.84540    -5.53687    -5.21094   -19.09759
   -0.11100       -30.24128    -5.62591    -5.31262   -19.30275
   -0.10500       -30.65248    -5.71750    -5.41893   -19.51605
   -0.99000E-01   -31.08408    -5.81392    -5.53087   -19.73929
   -0.93000E-01   -31.53860    -5.91448    -5.64961   -19.97451
   -0.87000E-01   -32.01758    -6.01845    -5.77535   -20.22378
   -0.81000E-01   -32.52334    -6.12736    -5.90856   -20.48742
   -0.75000E-01   -33.06049    -6.24178    -6.05069   -20.76803
   -0.69000E-01   -33.63947    -6.36340    -6.20277   -21.07329
   -0.63000E-01   -34.26566    -6.49238    -6.37089   -21.40239
   -0.57000E-01   -34.94791    -6.63067    -6.55594   -21.76131
   -0.51000E-01   -35.70226    -6.78205    -6.76048   -22.15972
   -0.45000E-01   -36.52820    -6.94463    -6.97744   -22.60613
   -0.39000E-01   -37.43574    -7.11611    -7.20188   -23.11775
   -0.33000E-01   -38.43392    -7.28944    -7.42430   -23.72018
   -0.27000E-01   -39.54499    -7.45488    -7.63366   -24.45645
   -0.21300E-01   -40.39009    -7.55916    -7.75936   -25.07157
   -0.19500E-01   -40.52168    -7.57340    -7.77611   -25.17218
   -0.18900E-01   -40.65608    -7.58754    -7.79275   -25.27579
   -0.18300E-01   -40.79286    -7.60135    -7.80874   -25.38276
   -0.17700E-01   -40.93289    -7.61499    -7.82445   -25.49345
   -0.17100E-01   -41.07567    -7.62813    -7.83961   -25.60793
   -0.16500E-01   -41.22188    -7.64103    -7.85419   -25.72665
   -0.15900E-01   -41.37181    -7.65358    -7.86843   -25.84980
   -0.15300E-01   -41.52621    -7.66579    -7.88241   -25.97800
   -0.14700E-01   -41.68506    -7.67769    -7.89587   -26.11149
   -0.14100E-01   -41.84833    -7.68928    -7.90852   -26.25053
   -0.13500E-01   -42.01676    -7.70030    -7.92081   -26.39565
   -0.12900E-01   -42.19174    -7.71105    -7.93259   -26.54810
   -0.12300E-01   -42.37285    -7.72140    -7.94381   -26.70764
   -0.11700E-01   -42.56156    -7.73125    -7.95455   -26.87576
   -0.11100E-01   -42.75840    -7.74061    -7.96476   -27.05302
   -0.10500E-01   -42.96491    -7.74960    -7.97449   -27.24082
   -0.99000E-02   -43.18220    -7.75816    -7.98364   -27.44040
   -0.93000E-02   -43.41224    -7.76626    -7.99215   -27.65383
   -0.87000E-02   -43.65690    -7.77382    -8.00021   -27.88287
   -0.81000E-02   -43.91861    -7.78087    -8.00773   -28.13002
   -0.75000E-02   -44.20133    -7.78742    -8.01466   -28.39925
   -0.69000E-02   -44.51015    -7.79349    -8.02108   -28.69558
   -0.63000E-02   -44.85053    -7.79914    -8.02690   -29.02449
   -0.57000E-02   -45.22830    -7.80421    -8.03216   -29.39194
   -0.51000E-02   -45.65190    -7.80875    -8.03685   -29.80630
   -0.45000E-02   -46.12966    -7.81277    -8.04099   -30.27590
   -0.39000E-02   -46.67179    -7.81626    -8.04461   -30.81092
   -0.33000E-02   -47.28918    -7.81926    -8.04769   -31.42223
   -0.27000E-02   -47.99659    -7.82169    -8.05019   -32.12470
   -0.21000E-02   -48.81620    -7.82360    -8.05213   -32.94046
   -0.15000E-02   -49.78240    -7.82496    -8.05354   -33.90390
   -0.90000E-03   -50.78020    -7.82578    -8.05437   -34.90005
   -0.30000E-03   -51.22450    -7.82606    -8.05464   -35.34380
    0.30000E-03   -50.78075    -7.82579    -8.05437   -34.90059
    0.90000E-03   -49.78145    -7.82497    -8.05353   -33.90295
    0.15000E-02   -48.81382    -7.82359    -8.05216   -32.93807
    0.21000E-02   -47.99473    -7.82166    -8.05026   -32.12281
    0.27000E-02   -47.28802    -7.81916    -8.04780   -31.42106
    0.33000E-02   -46.67043    -7.81616    -8.04483   -30.80945
    0.39000E-02   -46.12786    -7.81252    -8.04130   -30.27404
    0.45000E-02   -45.64972    -7.80835    -8.03724   -29.80413
    0.51000E-02   -45.22586    -7.80368    -8.03265   -29.38952
    0.57000E-02   -44.84742    -7.79840    -8.02753   -29.02149
    0.63000E-02   -44.50766    -7.79257    -8.02192   -28.69317
    0.69000E-02   -44.19943    -7.78614    -8.01580   -28.39749
    0.75000E-02   -43.91730    -7.77921    -8.00922   -28.12888
    0.81000E-02   -43.65639    -7.77177    -8.00213   -27.88249
    0.87000E-02   -43.41267    -7.76370    -7.99458   -27.65439
    0.93000E-02   -43.18398    -7.75512    -7.98645   -27.44241
    0.99000E-02   -42.96728    -7.74599    -7.97791   -27.24338
    0.10500E-01   -42.76156    -7.73628    -7.96894   -27.05633
    0.11100E-01   -42.56553    -7.72615    -7.95944   -26.87993
    0.11700E-01   -42.37829    -7.71549    -7.94956   -26.71324
    0.12300E-01   -42.19812    -7.70430    -7.93937   -26.55445
    0.12900E-01   -42.02446    -7.69255    -7.92857   -26.40335
    0.13500E-01   -41.85735    -7.68040    -7.91750   -26.25945
    0.14100E-01   -41.69521    -7.66775    -7.90606   -26.12141
    0.14700E-01   -41.53818    -7.65462    -7.89419   -25.98937
    0.15300E-01   -41.38512    -7.64098    -7.88197   -25.86217
    0.15900E-01   -41.23619    -7.62674    -7.86939   -25.74006
    0.16500E-01   -41.09153    -7.61217    -7.85658   -25.62277
    0.17100E-01   -40.95009    -7.59703    -7.84349   -25.50958
    0.17700E-01   -40.81218    -7.58150    -7.83003   -25.40064
    0.18300E-01   -40.67665    -7.56556    -7.81616   -25.29493
    0.18900E-01   -40.54415    -7.54907    -7.80223   -25.19285
    0.19500E-01   -40.41412    -7.53214    -7.78804   -25.09394
    0.21300E-01   -39.58243    -7.40683    -7.68480   -24.49080
    0.27000E-01   -38.49655    -7.19848    -7.51900   -23.77908
    0.33000E-01   -37.52835    -6.97688    -7.34659   -23.20487
    0.39000E-01   -36.65708    -6.75197    -7.17610   -22.72901
    0.45000E-01   -35.87036    -6.53357    -7.01392   -22.32287
    0.51000E-01   -35.16389    -6.32847    -6.86230   -21.97312
    0.57000E-01   -34.53238    -6.14236    -6.72355   -21.66647
    0.63000E-01   -33.96174    -5.97485    -6.59340   -21.39350
    0.69000E-01   -33.44267    -5.82194    -6.47077   -21.14996
    0.75000E-01   -32.96693    -5.68121    -6.35533   -20.93040
    0.81000E-01   -32.52528    -5.54913    -6.24604   -20.73012
    0.87000E-01   -32.11422    -5.42488    -6.14113   -20.54821
    0.93000E-01   -31.72987    -5.30779    -6.04143   -20.38065
    0.99000E-01   -31.36781    -5.19666    -5.94481   -20.22635
    0.10500       -31.02784    -5.09110    -5.85373   -20.08301
    0.11100       -30.70636    -4.99066    -5.76641   -19.94929
    0.11700       -30.40025    -4.89521    -5.68081   -19.82424
    0.12300       -30.10981    -4.80354    -5.59975   -19.70651
    0.12900       -29.83452    -4.71691    -5.52150   -19.59610
    0.13500       -29.57083    -4.63356    -5.44556   -19.49172
    0.14100       -29.31919    -4.55367    -5.37262   -19.39290
    0.14700       -29.07785    -4.47652    -5.30149   -19.29983
    0.15300       -28.84607    -4.40180    -5.23324   -19.21103
    0.15900       -28.62344    -4.32977    -5.16671   -19.12697
    0.16500       -28.41047    -4.26143    -5.10309   -19.04595
    0.17100       -28.20391    -4.19445    -5.04165   -18.96782
    0.17700       -28.00564    -4.12975    -4.98240   -18.89349
    0.18300       -27.81313    -4.06710    -4.92418   -18.82185
    0.18900       -27.62831    -4.00644    -4.86819   -18.75368
    0.19500       -27.44958    -3.94755    -4.81362   -18.68841
    0.20100       -27.27629    -3.89024    -4.76009   -18.62596
    0.20700       -27.10848    -3.83432    -4.70831   -18.56586
    0.21300       -26.94741    -3.78040    -4.65862   -18.50839
    0.22700       -25.76475    -3.38460    -4.29346   -18.08669
    0.34500       -23.36882    -2.58345    -3.54486   -17.24051
    0.49500       -21.87309    -2.08918    -3.08441   -16.69950
    0.64500       -20.78176    -1.73872    -2.76247   -16.28057
    0.79500       -19.92850    -1.47573    -2.52400   -15.92877
    0.94500       -19.24059    -1.27358    -2.33958   -15.62743
     1.0950       -18.67242    -1.11085    -2.19171   -15.36986
     1.2450       -18.19679    -0.97793    -2.07077   -15.14809
     1.3950       -17.78908    -0.86728    -1.97120   -14.95059
     1.5450       -17.43008    -0.77515    -1.88438   -14.77055
     1.6950       -17.12157    -0.69976    -1.80814   -14.61367
     1.8450       -16.84190    -0.63523    -1.73914   -14.46753
     1.9950       -16.60489    -0.58138    -1.68252   -14.34099
     2.1450       -16.38828    -0.53355    -1.63046   -14.22427
     2.2950       -16.19110    -0.49270    -1.58166   -14.11674
     2.4450       -16.01092    -0.45881    -1.53864   -14.01347
     2.5950       -15.84314    -0.42842    -1.49867   -13.91606
     2.7450       -15.70135    -0.40277    -1.46331   -13.83527
     2.8950       -15.56841    -0.37921    -1.43058   -13.75862
     3.0450       -15.44658    -0.35999    -1.39964   -13.68695
     3.1950       -15.32624    -0.34132    -1.37097   -13.61395
     3.3450       -15.21983    -0.32369    -1.34589   -13.55025
     3.4950       -15.11576    -0.30852    -1.31990   -13.48734
     3.6450       -15.02103    -0.29379    -1.29646   -13.43077
     3.7950       -14.93361    -0.28059    -1.27498   -13.37804
     3.9450       -14.85167    -0.26904    -1.25399   -13.32864
     4.0950       -14.77266    -0.25834    -1.23371   -13.28061
     4.2450       -14.70112    -0.25107    -1.21511   -13.23493
     4.3950       -14.62904    -0.24320    -1.19743   -13.18842
     4.5450       -14.56522    -0.23664    -1.18181   -13.14677
     4.6950       -14.50266    -0.22886    -1.16737   -13.10643
     4.8450       -14.44378    -0.22394    -1.15321   -13.06663
     4.9950       -14.38621    -0.21813    -1.13953   -13.02856
     5.1450       -14.32749    -0.21055    -1.12704   -12.98990
     5.2950       -14.27495    -0.20560    -1.11548   -12.95387
     5.4450       -14.22715    -0.20166    -1.10634   -12.91914
     5.5950       -14.18107    -0.20031    -1.09597   -12.88480
     5.7450       -14.13586    -0.19903    -1.08485   -12.85198
     5.8950       -14.09363    -0.19781    -1.07578   -12.82004
     6.0450       -14.05303    -0.19663    -1.06753   -12.78887
     6.1950       -14.01162    -0.19554    -1.05763   -12.75845
     6.3450       -13.97730    -0.19449    -1.05397   -12.72884
     6.4950       -13.94208    -0.19347    -1.04884   -12.69978
     6.6450       -13.91084    -0.19251    -1.04687   -12.67145
     6.7950       -13.87681    -0.18980    -1.04329   -12.64372
     6.9450       -13.84708    -0.18890    -1.04150   -12.61668
     7.0950       -13.81792    -0.18804    -1.03977   -12.59011
     7.2450       -13.78758    -0.18721    -1.03625   -12.56412
     7.3950       -13.75776    -0.18640    -1.03274   -12.53861
     7.5450       -13.72683    -0.18564    -1.02759   -12.51361
     7.6950       -13.69810    -0.18489    -1.02408   -12.48913
     7.8450       -13.67198    -0.18416    -1.02267   -12.46515
     7.9950       -13.64637    -0.18346    -1.02131   -12.44161
     8.1450       -13.62135    -0.18277    -1.02000   -12.41858
     8.2950       -13.59677    -0.18211    -1.01872   -12.39594
     8.4450       -13.57269    -0.18148    -1.01748   -12.37374
     8.5950       -13.54904    -0.18086    -1.01628   -12.35189
     8.7450       -13.52575    -0.18027    -1.01513   -12.33036
     8.8950       -13.50284    -0.17967    -1.01399   -12.30918
     9.0450       -13.48037    -0.17911    -1.01290   -12.28837
     9.1950       -13.45832    -0.17854    -1.01183   -12.26795
     9.3450       -13.43664    -0.17798    -1.01080   -12.24785
     9.4950       -13.41535    -0.17745    -1.00979   -12.22810
     9.6450       -13.39441    -0.17693    -1.00880   -12.20868
     9.7950       -13.37369    -0.17642    -1.00785   -12.18942
     9.9450       -13.35337    -0.17592    -1.00692   -12.17053
     10.095       -13.33336    -0.17544    -1.00601   -12.15191
     10.245       -13.31372    -0.17496    -1.00511   -12.13364
     10.395       -13.29434    -0.17449    -1.00425   -12.11561
     10.545       -13.27524    -0.17404    -1.00339   -12.09781
     10.695       -13.25647    -0.17359    -1.00256   -12.08032
     10.845       -13.23793    -0.17315    -1.00175   -12.06303
     10.995       -13.21965    -0.17272    -1.00095   -12.04598
     11.145       -13.20166    -0.17231    -1.00017   -12.02918
     11.295       -13.18384    -0.17189    -0.99941   -12.01253
     11.445       -13.16637    -0.17148    -0.99866   -11.99622
     11.595       -13.14908    -0.17108    -0.99793   -11.98008
     11.745       -13.13208    -0.17069    -0.99720   -11.96419
     11.895       -13.11522    -0.17029    -0.99649   -11.94843
     12.045       -13.09862    -0.16992    -0.99581   -11.93289
     12.195       -13.08218    -0.16954    -0.99513   -11.91751
     12.345       -13.06603    -0.16917    -0.99446   -11.90240
     12.495       -13.05009    -0.16882    -0.99380   -11.88748
     12.645       -13.03430    -0.16846    -0.99315   -11.87270
     12.795       -13.01870    -0.16811    -0.99251   -11.85808
     12.945       -13.00329    -0.16777    -0.99188   -11.84364
     13.095       -12.98810    -0.16743    -0.99127   -11.82940
     13.245       -12.97309    -0.16711    -0.99066   -11.81532
     13.395       -12.95821    -0.16677    -0.99006   -11.80137
     13.545       -12.94351    -0.16644    -0.98948   -11.78758
     13.695       -12.92903    -0.16612    -0.98890   -11.77401
     13.845       -12.91467    -0.16580    -0.98833   -11.76054
     13.995       -12.90048    -0.16549    -0.98776   -11.74723
     14.145       -12.88641    -0.16519    -0.98720   -11.73403
     14.295       -12.87256    -0.16488    -0.98664   -11.72104
     14.445       -12.85886    -0.16459    -0.98610   -11.70818
     14.595       -12.84528    -0.16430    -0.98556   -11.69541
     14.745       -12.83183    -0.16401    -0.98505   -11.68278
     14.895       -12.81854    -0.16372    -0.98453   -11.67029
     15.045       -12.80536    -0.16344    -0.98402   -11.65790
     15.195       -12.79234    -0.16316    -0.98351   -11.64567
     15.345       -12.77947    -0.16288    -0.98301   -11.63358
     15.495       -12.76676    -0.16261    -0.98252   -11.62163
     15.645       -12.75418    -0.16235    -0.98203   -11.60980
     15.795       -12.74172    -0.16209    -0.98155   -11.59808
     15.945       -12.72937    -0.16183    -0.98107   -11.58646
     16.095       -12.71713    -0.16157    -0.98060   -11.57496
     16.245       -12.70498    -0.16131    -0.98014   -11.56353
     16.395       -12.69293    -0.16106    -0.97968   -11.55219
     16.545       -12.68104    -0.16081    -0.97922   -11.54101
     16.695       -12.66923    -0.16056    -0.97877   -11.52990
     16.845       -12.65753    -0.16032    -0.97833   -11.51889
     16.995       -12.64598    -0.16007    -0.97788   -11.50803
     17.145       -12.63453    -0.15984    -0.97745   -11.49724
     17.295       -12.62315    -0.15960    -0.97702   -11.48652
     17.445       -12.61184    -0.15936    -0.97659   -11.47588
     17.595       -12.60066    -0.15913    -0.97616   -11.46536
     17.745       -12.58959    -0.15891    -0.97575   -11.45493
     17.895       -12.57862    -0.15869    -0.97533   -11.44460
     18.045       -12.56776    -0.15846    -0.97492   -11.43438
     18.195       -12.55698    -0.15824    -0.97451   -11.42423
     18.345       -12.54631    -0.15802    -0.97411   -11.41419
     18.495       -12.53574    -0.15779    -0.97371   -11.40423
     18.645       -12.52521    -0.15757    -0.97332   -11.39432
     18.795       -12.51478    -0.15735    -0.97292   -11.38450
     18.945       -12.50441    -0.15713    -0.97254   -11.37474
     19.095       -12.49420    -0.15692    -0.97215   -11.36512
     19.245       -12.48401    -0.15672    -0.97177   -11.35552
     19.395       -12.47392    -0.15651    -0.97139   -11.34602
     19.545       -12.46390    -0.15630    -0.97101   -11.33659
     19.695       -12.45399    -0.15610    -0.97064   -11.32724
     19.845       -12.44415    -0.15590    -0.97028   -11.31797
     19.995       -12.43436    -0.15571    -0.96991   -11.30874
     20.145       -12.42470    -0.15551    -0.96955   -11.29964
     20.295       -12.41511    -0.15531    -0.96919   -11.29060
     20.445       -12.40554    -0.15512    -0.96884   -11.28158
     20.595       -12.39605    -0.15493    -0.96849   -11.27264
     20.745       -12.38666    -0.15473    -0.96814   -11.26379
     20.895       -12.37732    -0.15454    -0.96780   -11.25498
     21.045       -12.36808    -0.15435    -0.96747   -11.24627
     21.195       -12.35893    -0.15416    -0.96713   -11.23764
     21.345       -12.34980    -0.15397    -0.96679   -11.22903
     21.495       -12.34078    -0.15380    -0.96646   -11.22052
     21.645       -12.33184    -0.15362    -0.96614   -11.21208
     21.795       -12.32292    -0.15344    -0.96582   -11.20366
     21.945       -12.31409    -0.15326    -0.96549   -11.19533
     22.095       -12.30531    -0.15308    -0.96517   -11.18706
     22.245       -12.29661    -0.15290    -0.96485   -11.17886
     22.395       -12.28794    -0.15273    -0.96453   -11.17068
     22.545       -12.27929    -0.15255    -0.96421   -11.16252
     22.695       -12.27074    -0.15238    -0.96390   -11.15446
     22.845       -12.26228    -0.15221    -0.96359   -11.14648
     22.995       -12.25385    -0.15205    -0.96328   -11.13852
     23.145       -12.24551    -0.15188    -0.96297   -11.13065
     23.295       -12.23719    -0.15171    -0.96267   -11.12281
     23.445       -12.22897    -0.15154    -0.96237   -11.11505
     23.595       -12.22076    -0.15138    -0.96207   -11.10731
     23.745       -12.21264    -0.15122    -0.96178   -11.09964
     23.895       -12.20453    -0.15105    -0.96148   -11.09201
     24.045       -12.19649    -0.15089    -0.96118   -11.08443
     24.195       -12.18850    -0.15072    -0.96089   -11.07689
     24.345       -12.18056    -0.15057    -0.96060   -11.06939
     24.495       -12.17273    -0.15041    -0.96032   -11.06200
     24.645       -12.16491    -0.15026    -0.96003   -11.05462
     24.795       -12.15715    -0.15010    -0.95975   -11.04730
     24.945       -12.14942    -0.14995    -0.95947   -11.04000
     25.095       -12.14172    -0.14979    -0.95919   -11.03274
     25.245       -12.13410    -0.14964    -0.95892   -11.02554
     25.395       -12.12650    -0.14949    -0.95864   -11.01837
     25.545       -12.11897    -0.14934    -0.95837   -11.01125
     25.695       -12.11146    -0.14919    -0.95810   -11.00417
     25.845       -12.10399    -0.14904    -0.95783   -10.99712
     25.995       -12.09655    -0.14890    -0.95755   -10.99010
     26.145       -12.08919    -0.14875    -0.95729   -10.98315
     26.295       -12.08188    -0.14860    -0.95703   -10.97625
     26.445       -12.07458    -0.14846    -0.95676   -10.96936
     26.595       -12.06732    -0.14832    -0.95649   -10.96250
     26.745       -12.06014    -0.14818    -0.95623   -10.95574
     26.895       -12.05301    -0.14804    -0.95598   -10.94900
     27.045       -12.04593    -0.14790    -0.95573   -10.94230
     27.195       -12.03887    -0.14776    -0.95547   -10.93564
     27.345       -12.03184    -0.14762    -0.95522   -10.92900
     27.495       -12.02486    -0.14748    -0.95497   -10.92241
     27.645       -12.01788    -0.14734    -0.95472   -10.91582
     27.795       -12.01099    -0.14720    -0.95447   -10.90932
     27.945       -12.00413    -0.14707    -0.95423   -10.90283
     28.095       -11.99733    -0.14694    -0.95398   -10.89641
     28.245       -11.99054    -0.14681    -0.95373   -10.89000
     28.395       -11.98380    -0.14667    -0.95350   -10.88364
     28.545       -11.97708    -0.14654    -0.95326   -10.87728
     28.695       -11.97040    -0.14640    -0.95302   -10.87098
     28.845       -11.96377    -0.14628    -0.95278   -10.86471
     28.995       -11.95719    -0.14615    -0.95254   -10.85849
     29.145       -11.95063    -0.14603    -0.95231   -10.85229
     29.295       -11.94411    -0.14590    -0.95208   -10.84613
     29.445       -11.93768    -0.14577    -0.95185   -10.84005
     29.595       -11.93123    -0.14564    -0.95162   -10.83397
     29.745       -11.92480    -0.14551    -0.95140   -10.82789
     29.895       -11.91841    -0.14539    -0.95117   -10.82186
     30.045       -11.91204    -0.14526    -0.95094   -10.81584
     30.195       -11.90571    -0.14514    -0.95071   -10.80986
     30.345       -11.89944    -0.14502    -0.95049   -10.80392
     30.495       -11.89314    -0.14489    -0.95027   -10.79797
     30.645       -11.88691    -0.14477    -0.95005   -10.79209
     30.795       -11.88072    -0.14465    -0.94983   -10.78623
     30.945       -11.87458    -0.14453    -0.94961   -10.78044
     31.095       -11.86847    -0.14441    -0.94940   -10.77466
     31.245       -11.86237    -0.14429    -0.94918   -10.76890
     31.395       -11.85630    -0.14417    -0.94896   -10.76317
     31.545       -11.85028    -0.14405    -0.94875   -10.75747
     31.695       -11.84427    -0.14393    -0.94854   -10.75179
     31.845       -11.83830    -0.14382    -0.94833   -10.74615
     31.995       -11.83238    -0.14370    -0.94812   -10.74055
     32.145       -11.82646    -0.14359    -0.94791   -10.73497
     32.295       -11.82059    -0.14347    -0.94770   -10.72942
     32.445       -11.81473    -0.14336    -0.94749   -10.72388
     32.595       -11.80893    -0.14325    -0.94728   -10.71840
     32.745       -11.80313    -0.14313    -0.94708   -10.71292
     32.895       -11.79736    -0.14302    -0.94687   -10.70747
     33.045       -11.79165    -0.14291    -0.94667   -10.70207
     33.195       -11.78593    -0.14280    -0.94646   -10.69667
     33.345       -11.78026    -0.14269    -0.94626   -10.69131
     33.495       -11.77459    -0.14258    -0.94606   -10.68596
     33.645       -11.76893    -0.14247    -0.94585   -10.68061
     33.795       -11.76333    -0.14236    -0.94565   -10.67532
     33.945       -11.75774    -0.14225    -0.94545   -10.67004
     34.095       -11.75217    -0.14214    -0.94525   -10.66478
     34.245       -11.74666    -0.14203    -0.94506   -10.65957
     34.395       -11.74115    -0.14192    -0.94486   -10.65437
     34.545       -11.73568    -0.14181    -0.94466   -10.64921
     34.695       -11.73020    -0.14170    -0.94447   -10.64403
     34.845       -11.72476    -0.14159    -0.94428   -10.63889
     34.995       -11.71937    -0.14149    -0.94409   -10.63379
     35.145       -11.71400    -0.14138    -0.94389   -10.62872
     35.295       -11.70863    -0.14127    -0.94371   -10.62366
     35.445       -11.70332    -0.14117    -0.94352   -10.61863
     35.595       -11.69804    -0.14107    -0.94334   -10.61363
     35.745       -11.69278    -0.14097    -0.94315   -10.60866
     35.895       -11.68754    -0.14087    -0.94296   -10.60371
     36.045       -11.68230    -0.14077    -0.94278   -10.59876
     36.195       -11.67708    -0.14066    -0.94260   -10.59383
     36.345       -11.67190    -0.14056    -0.94241   -10.58893
     36.495       -11.66674    -0.14046    -0.94223   -10.58405
     36.645       -11.66159    -0.14036    -0.94205   -10.57918
     36.795       -11.65647    -0.14026    -0.94187   -10.57433
     36.945       -11.65139    -0.14016    -0.94170   -10.56954
     37.095       -11.64632    -0.14006    -0.94152   -10.56474
     37.245       -11.64126    -0.13996    -0.94134   -10.55996
     37.395       -11.63623    -0.13987    -0.94116   -10.55520
     37.545       -11.63121    -0.13977    -0.94098   -10.55046
     37.695       -11.62621    -0.13967    -0.94081   -10.54573
     37.845       -11.62126    -0.13958    -0.94063   -10.54105
     37.995       -11.61628    -0.13948    -0.94046   -10.53634
     38.145       -11.61138    -0.13939    -0.94028   -10.53170
     38.295       -11.60645    -0.13930    -0.94011   -10.52704
     38.445       -11.60154    -0.13920    -0.93993   -10.52240
     38.595       -11.59665    -0.13910    -0.93976   -10.51779
     38.745       -11.59179    -0.13901    -0.93959   -10.51319
     38.895       -11.58695    -0.13891    -0.93942   -10.50861
     39.045       -11.58212    -0.13882    -0.93925   -10.50405
     39.195       -11.57732    -0.13873    -0.93909   -10.49950
     39.345       -11.57258    -0.13864    -0.93892   -10.49502
     39.495       -11.56781    -0.13855    -0.93875   -10.49052
     39.645       -11.56309    -0.13846    -0.93858   -10.48605
     39.795       -11.55836    -0.13836    -0.93841   -10.48158
     39.945       -11.55368    -0.13827    -0.93825   -10.47716
     40.095       -11.54899    -0.13818    -0.93808   -10.47273
     40.245       -11.54431    -0.13809    -0.93792   -10.46831
     40.395       -11.53969    -0.13800    -0.93775   -10.46393
     40.545       -11.53505    -0.13791    -0.93759   -10.45954
     40.695       -11.53045    -0.13782    -0.93743   -10.45520
     40.845       -11.52588    -0.13773    -0.93727   -10.45088
     40.995       -11.52130    -0.13764    -0.93711   -10.44655
     41.145       -11.51678    -0.13756    -0.93695   -10.44227
     41.295       -11.51224    -0.13747    -0.93679   -10.43798
     41.445       -11.50771    -0.13738    -0.93663   -10.43370
     41.595       -11.50321    -0.13729    -0.93648   -10.42944
     41.745       -11.49874    -0.13721    -0.93632   -10.42521
     41.895       -11.49426    -0.13713    -0.93616   -10.42097
     42.045       -11.48983    -0.13704    -0.93601   -10.41678
     42.195       -11.48538    -0.13696    -0.93585   -10.41257
     42.345       -11.48095    -0.13688    -0.93570   -10.40838
     42.495       -11.47657    -0.13680    -0.93554   -10.40423
     42.645       -11.47223    -0.13672    -0.93539   -10.40013
     42.795       -11.46785    -0.13663    -0.93524   -10.39598
     42.945       -11.46351    -0.13655    -0.93508   -10.39188
     43.095       -11.45917    -0.13646    -0.93493   -10.38778
     43.245       -11.45485    -0.13638    -0.93478   -10.38370
     43.395       -11.45055    -0.13630    -0.93463   -10.37963
     43.545       -11.44627    -0.13621    -0.93448   -10.37558
     43.695       -11.44199    -0.13613    -0.93433   -10.37153
     43.845       -11.43774    -0.13605    -0.93418   -10.36751
     43.995       -11.43350    -0.13597    -0.93403   -10.36350
     44.145       -11.42930    -0.13588    -0.93388   -10.35953
     44.295       -11.42510    -0.13580    -0.93373   -10.35556
     44.445       -11.42093    -0.13573    -0.93359   -10.35161
     44.595       -11.41675    -0.13565    -0.93344   -10.34766
     44.745       -11.41258    -0.13557    -0.93330   -10.34372
     44.895       -11.40842    -0.13549    -0.93315   -10.33979
     45.045       -11.40431    -0.13541    -0.93300   -10.33590
     45.195       -11.40020    -0.13533    -0.93286   -10.33201
     45.345       -11.39608    -0.13525    -0.93272   -10.32811
     45.495       -11.39198    -0.13517    -0.93257   -10.32424
     45.645       -11.38789    -0.13509    -0.93243   -10.32037
     45.795       -11.38383    -0.13502    -0.93229   -10.31653
     45.945       -11.37979    -0.13494    -0.93215   -10.31271
     46.095       -11.37576    -0.13486    -0.93201   -10.30889
     46.245       -11.37175    -0.13478    -0.93187   -10.30510
     46.395       -11.36776    -0.13471    -0.93173   -10.30133
     46.545       -11.36379    -0.13463    -0.93159   -10.29757
     46.695       -11.35982    -0.13455    -0.93145   -10.29382
     46.845       -11.35589    -0.13448    -0.93131   -10.29009
     46.995       -11.35197    -0.13441    -0.93118   -10.28638
     47.145       -11.34802    -0.13433    -0.93104   -10.28264
     47.295       -11.34410    -0.13426    -0.93090   -10.27895
     47.445       -11.34021    -0.13418    -0.93076   -10.27526
     47.595       -11.33631    -0.13411    -0.93063   -10.27157
     47.745       -11.33244    -0.13403    -0.93049   -10.26791
     47.895       -11.32854    -0.13396    -0.93036   -10.26423
     48.045       -11.32469    -0.13388    -0.93022   -10.26058
     48.195       -11.32085    -0.13381    -0.93009   -10.25695
     48.345       -11.31702    -0.13374    -0.92996   -10.25333
     48.495       -11.31319    -0.13366    -0.92982   -10.24971
     48.645       -11.30939    -0.13359    -0.92969   -10.24611
     48.795       -11.30559    -0.13351    -0.92956   -10.24252
     48.945       -11.30180    -0.13344    -0.92943   -10.23893
     49.095       -11.29805    -0.13337    -0.92929   -10.23538
     49.245       -11.29429    -0.13330    -0.92916   -10.23183
     49.395       -11.29054    -0.13323    -0.92903   -10.22828
     49.545       -11.28681    -0.13316    -0.92890   -10.22475
     49.695       -11.28308    -0.13308    -0.92877   -10.22123
     49.845       -11.27938    -0.13301    -0.92864   -10.21773
     49.995       -11.27567    -0.13294    -0.92850   -10.21423
     50.145       -11.27199    -0.13287    -0.92838   -10.21074
     50.295       -11.26832    -0.13280    -0.92825   -10.20727
     50.445       -11.26466    -0.13273    -0.92812   -10.20382
     50.595       -11.26100    -0.13266    -0.92799   -10.20034
     50.745       -11.25737    -0.13259    -0.92787   -10.19691
     50.895       -11.25374    -0.13253    -0.92774   -10.19348
     51.045       -11.25017    -0.13246    -0.92761   -10.19010
     51.195       -11.24660    -0.13239    -0.92749   -10.18673
     51.345       -11.24302    -0.13232    -0.92736   -10.18334
     51.495       -11.23943    -0.13226    -0.92724   -10.17994
     51.645       -11.23587    -0.13219    -0.92711   -10.17657
     51.795       -11.23231    -0.13212    -0.92699   -10.17321
     51.945       -11.22880    -0.13205    -0.92686   -10.16989
     52.095       -11.22529    -0.13198    -0.92674   -10.16657
     52.245       -11.22175    -0.13191    -0.92662   -10.16322
     52.395       -11.21825    -0.13185    -0.92649   -10.15991
     52.545       -11.21476    -0.13178    -0.92637   -10.15661
     52.695       -11.21126    -0.13171    -0.92625   -10.15330
     52.845       -11.20778    -0.13164    -0.92613   -10.15001
     52.995       -11.20432    -0.13158    -0.92600   -10.14674
     53.145       -11.20087    -0.13151    -0.92588   -10.14347
     53.295       -11.19743    -0.13145    -0.92576   -10.14022
     53.445       -11.19399    -0.13138    -0.92565   -10.13696
     53.595       -11.19055    -0.13132    -0.92552   -10.13371
     53.745       -11.18714    -0.13125    -0.92540   -10.13048
     53.895       -11.18373    -0.13119    -0.92529   -10.12725
     54.045       -11.18033    -0.13113    -0.92517   -10.12403
     54.195       -11.17695    -0.13106    -0.92505   -10.12084
     54.345       -11.17356    -0.13099    -0.92493   -10.11764
     54.495       -11.17022    -0.13093    -0.92481   -10.11448
     54.645       -11.16686    -0.13087    -0.92470   -10.11129
     54.795       -11.16352    -0.13080    -0.92458   -10.10814
     54.945       -11.16020    -0.13074    -0.92447   -10.10500
     55.095       -11.15686    -0.13067    -0.92435   -10.10184
     59.433       -10.89655    -0.12572    -0.91536    -9.85547
     80.646       -10.51566    -0.11855    -0.90228    -9.49484
     111.21       -10.14526    -0.11158    -0.88969    -9.14400
     153.36        -9.78588    -0.10484    -0.87756    -8.80347
     211.49        -9.43733    -0.09832    -0.86585    -8.47316
     291.64        -9.09957    -0.09200    -0.85454    -8.15302
     402.18        -8.77297    -0.08589    -0.84372    -7.84336
     554.60        -8.45696    -0.07999    -0.83334    -7.54363
     764.80        -8.15117    -0.07430    -0.82339    -7.25348
     1054.7        -7.85559    -0.06880    -0.81387    -6.97293
     1454.4        -7.56939    -0.06345    -0.80471    -6.70123
     2005.6        -7.29256    -0.05830    -0.79590    -6.43836
     2765.8        -7.02444    -0.05334    -0.78744    -6.18366
     3814.0        -6.76473    -0.04849    -0.77936    -5.93688
     5259.5        -6.51311    -0.04383    -0.77160    -5.69769
     7252.9        -6.26917    -0.03932    -0.76413    -5.46572
     10002.        -6.03296    -0.03495    -0.75698    -5.24102
     13793.        -5.80460    -0.03071    -0.75009    -5.02380
     19020.        -5.58420    -0.02660    -0.74341    -4.81419
     26229.        -5.37244    -0.02261    -0.73698    -4.61286
     36170.        -5.16957    -0.01877    -0.73081    -4.41999
     49878.        -4.97529    -0.01508    -0.72482    -4.23539
     68782.        -4.78941    -0.01152    -0.71902    -4.05887
     94851.        -4.61189    -0.00812    -0.71344    -3.89033
    0.13080E+06    -4.44235    -0.00485    -0.70801    -3.72949
    0.18038E+06    -4.28066    -0.00174    -0.70279    -3.57613
    0.24874E+06    -4.12640     0.00124    -0.69775    -3.42989
    0.34301E+06    -3.97939     0.00408    -0.69292    -3.29056
    0.47302E+06    -3.83912     0.00679    -0.68828    -3.15763
    0.65229E+06    -3.70552     0.00936    -0.68385    -3.03103
    0.89952E+06    -3.57836     0.01183    -0.67962    -2.91057
    0.12404E+07    -3.45726     0.01415    -0.67558    -2.79583
    0.17106E+07    -3.34197     0.01638    -0.67173    -2.68662
    0.23589E+07    -3.23222     0.01851    -0.66805    -2.58267
    0.32529E+07    -3.12772     0.02054    -0.66454    -2.48371
    0.44858E+07    -3.02823     0.02247    -0.66122    -2.38948
    0.61860E+07    -2.93364     0.02429    -0.65804    -2.29989
    0.85305E+07    -2.84357     0.02602    -0.65500    -2.21460
    0.11764E+08    -2.75786     0.02768    -0.65213    -2.13341
    0.16222E+08    -2.67631     0.02927    -0.64940    -2.05618
    0.22370E+08    -2.59877     0.03076    -0.64676    -1.98277
    0.30849E+08    -2.52544     0.03221    -0.64429    -1.91336
    0.42541E+08    -2.45667     0.03357    -0.64192    -1.84832
    0.58664E+08    -2.39234     0.03486    -0.63968    -1.78752
    0.80898E+08    -2.33205     0.03607    -0.63754    -1.73057
    0.11156E+09    -2.27546     0.03721    -0.63551    -1.67716
    0.15384E+09    -2.22252     0.03828    -0.63356    -1.62724
    0.21215E+09    -2.17269     0.03929    -0.63172    -1.58026
    0.29255E+09    -2.12590     0.04022    -0.62997    -1.53615
    0.40343E+09    -2.08194     0.04111    -0.62831    -1.49473
    0.55633E+09    -2.04064     0.04194    -0.62676    -1.45583
    0.76719E+09    -2.00286     0.04272    -0.62529    -1.42029
    0.10580E+10    -1.96844     0.04345    -0.62391    -1.38798
    0.14589E+10    -1.93682     0.04413    -0.62264    -1.35831
    0.20119E+10    -1.90768     0.04475    -0.62145    -1.33098
    0.27744E+10    -1.88080     0.04531    -0.62033    -1.30577
    0.38259E+10    -1.85603     0.04582    -0.61927    -1.28258
    0.52760E+10    -1.83312     0.04631    -0.61829    -1.26114
    0.72756E+10    -1.81194     0.04675    -0.61736    -1.24133
    0.10033E+11    -1.79239     0.04716    -0.61649    -1.22305
    0.13836E+11    -1.77435     0.04754    -0.61571    -1.20618
    0.19079E+11    -1.75770     0.04789    -0.61500    -1.19060
    0.26311E+11    -1.74234     0.04821    -0.61434    -1.17621
    0.36283E+11    -1.72820     0.04850    -0.61373    -1.16297
    0.50034E+11    -1.71514     0.04878    -0.61317    -1.15075
    0.68997E+11    -1.70312     0.04902    -0.61265    -1.13948
    0.10000E+12    -1.55830     0.05203    -0.60644    -1.00389
