    -99.945         0.00000     0.00000     0.00000     0.00000
    -99.795         0.00000     0.00000     0.00000     0.00000
    -99.645         0.00000     0.00000     0.00000     0.00000
    -99.495         0.00000     0.00000     0.00000     0.00000
    -99.345         0.00000     0.00000     0.00000     0.00000
    -99.195         0.00000     0.00000     0.00000     0.00000
    -99.045         0.00000     0.00000     0.00000     0.00000
    -98.895         0.00000     0.00000     0.00000     0.00000
    -98.745         0.00000     0.00000     0.00000     0.00000
    -98.595         0.00000     0.00000     0.00000     0.00000
    -98.445         0.00000     0.00000     0.00000     0.00000
    -98.295         0.00000     0.00000     0.00000     0.00000
    -98.145         0.00000     0.00000     0.00000     0.00000
    -97.995         0.00000     0.00000     0.00000     0.00000
    -97.845         0.00000     0.00000     0.00000     0.00000
    -97.695         0.00000     0.00000     0.00000     0.00000
    -97.545         0.00000     0.00000     0.00000     0.00000
    -97.395         0.00000     0.00000     0.00000     0.00000
    -97.245         0.00000     0.00000     0.00000     0.00000
    -97.095         0.00000     0.00000     0.00000     0.00000
    -96.945         0.00000     0.00000     0.00000     0.00000
    -96.795         0.00000     0.00000     0.00000     0.00000
    -96.645         0.00000     0.00000     0.00000     0.00000
    -96.495         0.00000     0.00000     0.00000     0.00000
    -96.345         0.00000     0.00000     0.00000     0.00000
    -96.195         0.00000     0.00000     0.00000     0.00000
    -96.045         0.00000     0.00000     0.00000     0.00000
    -95.895         0.00000     0.00000     0.00000     0.00000
    -95.745         0.00000     0.00000     0.00000     0.00000
    -95.595         0.00000     0.00000     0.00000     0.00000
    -95.445         0.00000     0.00000     0.00000     0.00000
    -95.295         0.00000     0.00000     0.00000     0.00000
    -95.145         0.00000     0.00000     0.00000     0.00000
    -94.995         0.00000     0.00000     0.00000     0.00000
    -94.845         0.00000     0.00000     0.00000     0.00000
    -94.695         0.00000     0.00000     0.00000     0.00000
    -94.545         0.00000     0.00000     0.00000     0.00000
    -94.395         0.00000     0.00000     0.00000     0.00000
    -94.245         0.00000     0.00000     0.00000     0.00000
    -94.095         0.00000     0.00000     0.00000     0.00000
    -93.945         0.00000     0.00000     0.00000     0.00000
    -93.795         0.00000     0.00000     0.00000     0.00000
    -93.645         0.00000     0.00000     0.00000     0.00000
    -93.495         0.00000     0.00000     0.00000     0.00000
    -93.345         0.00000     0.00000     0.00000     0.00000
    -93.195         0.00000     0.00000     0.00000     0.00000
    -93.045         0.00000     0.00000     0.00000     0.00000
    -92.895         0.00000     0.00000     0.00000     0.00000
    -92.745         0.00000     0.00000     0.00000     0.00000
    -92.595         0.00000     0.00000     0.00000     0.00000
    -92.445         0.00000     0.00000     0.00000     0.00000
    -92.295         0.00000     0.00000     0.00000     0.00000
    -92.145         0.00000     0.00000     0.00000     0.00000
    -91.995         0.00000     0.00000     0.00000     0.00000
    -91.845         0.00000     0.00000     0.00000     0.00000
    -91.695         0.00000     0.00000     0.00000     0.00000
    -91.545         0.00000     0.00000     0.00000     0.00000
    -91.395         0.00000     0.00000     0.00000     0.00000
    -91.245         0.00000     0.00000     0.00000     0.00000
    -91.095         0.00000     0.00000     0.00000     0.00000
    -90.945         0.00000     0.00000     0.00000     0.00000
    -90.795         0.00000     0.00000     0.00000     0.00000
    -90.645         0.00000     0.00000     0.00000     0.00000
    -90.495         0.00000     0.00000     0.00000     0.00000
    -90.345         0.00000     0.00000     0.00000     0.00000
    -90.195         0.00000     0.00000     0.00000     0.00000
    -90.045         0.00000     0.00000     0.00000     0.00000
    -89.895         0.00000     0.00000     0.00000     0.00000
    -89.745         0.00000     0.00000     0.00000     0.00000
    -89.595         0.00000     0.00000     0.00000     0.00000
    -89.445         0.00000     0.00000     0.00000     0.00000
    -89.295         0.00000     0.00000     0.00000     0.00000
    -89.145         0.00000     0.00000     0.00000     0.00000
    -88.995         0.00000     0.00000     0.00000     0.00000
    -88.845         0.00000     0.00000     0.00000     0.00000
    -88.695         0.00000     0.00000     0.00000     0.00000
    -88.545         0.00000     0.00000     0.00000     0.00000
    -88.395         0.00000     0.00000     0.00000     0.00000
    -88.245         0.00000     0.00000     0.00000     0.00000
    -88.095         0.00000     0.00000     0.00000     0.00000
    -87.945         0.00000     0.00000     0.00000     0.00000
    -87.795         0.00000     0.00000     0.00000     0.00000
    -87.645         0.00000     0.00000     0.00000     0.00000
    -87.495         0.00000     0.00000     0.00000     0.00000
    -87.345         0.00000     0.00000     0.00000     0.00000
    -87.195         0.00000     0.00000     0.00000     0.00000
    -87.045         0.00000     0.00000     0.00000     0.00000
    -86.895         0.00000     0.00000     0.00000     0.00000
    -86.745         0.00000     0.00000     0.00000     0.00000
    -86.595         0.00000     0.00000     0.00000     0.00000
    -86.445         0.00000     0.00000     0.00000     0.00000
    -86.295         0.00000     0.00000     0.00000     0.00000
    -86.145         0.00000     0.00000     0.00000     0.00000
    -85.995         0.00000     0.00000     0.00000     0.00000
    -85.845         0.00000     0.00000     0.00000     0.00000
    -85.695         0.00000     0.00000     0.00000     0.00000
    -85.545         0.00000     0.00000     0.00000     0.00000
    -85.395         0.00000     0.00000     0.00000     0.00000
    -85.245         0.00000     0.00000     0.00000     0.00000
    -85.095         0.00000     0.00000     0.00000     0.00000
    -84.945         0.00000     0.00000     0.00000     0.00000
    -84.795         0.00000     0.00000     0.00000     0.00000
    -84.645         0.00000     0.00000     0.00000     0.00000
    -84.495         0.00000     0.00000     0.00000     0.00000
    -84.345         0.00000     0.00000     0.00000     0.00000
    -84.195         0.00000     0.00000     0.00000     0.00000
    -84.045         0.00000     0.00000     0.00000     0.00000
    -83.895         0.00000     0.00000     0.00000     0.00000
    -83.745         0.00000     0.00000     0.00000     0.00000
    -83.595         0.00000     0.00000     0.00000     0.00000
    -83.445         0.00000     0.00000     0.00000     0.00000
    -83.295         0.00000     0.00000     0.00000     0.00000
    -83.145         0.00000     0.00000     0.00000     0.00000
    -82.995         0.00000     0.00000     0.00000     0.00000
    -82.845         0.00000     0.00000     0.00000     0.00000
    -82.695         0.00000     0.00000     0.00000     0.00000
    -82.545         0.00000     0.00000     0.00000     0.00000
    -82.395         0.00000     0.00000     0.00000     0.00000
    -82.245         0.00000     0.00000     0.00000     0.00000
    -82.095         0.00000     0.00000     0.00000     0.00000
    -81.945         0.00000     0.00000     0.00000     0.00000
    -81.795         0.00000     0.00000     0.00000     0.00000
    -81.645         0.00000     0.00000     0.00000     0.00000
    -81.495         0.00000     0.00000     0.00000     0.00000
    -81.345         0.00000     0.00000     0.00000     0.00000
    -81.195         0.00000     0.00000     0.00000     0.00000
    -81.045         0.00000     0.00000     0.00000     0.00000
    -80.895         0.00000     0.00000     0.00000     0.00000
    -80.745         0.00000     0.00000     0.00000     0.00000
    -80.595         0.00000     0.00000     0.00000     0.00000
    -80.445         0.00000     0.00000     0.00000     0.00000
    -80.295         0.00000     0.00000     0.00000     0.00000
    -80.145         0.00000     0.00000     0.00000     0.00000
    -79.995         0.00000     0.00000     0.00000     0.00000
    -79.845         0.00000     0.00000     0.00000     0.00000
    -79.695         0.00000     0.00000     0.00000     0.00000
    -79.545         0.00000     0.00000     0.00000     0.00000
    -79.395         0.00000     0.00000     0.00000     0.00000
    -79.245         0.00000     0.00000     0.00000     0.00000
    -79.095         0.00000     0.00000     0.00000     0.00000
    -78.945         0.00000     0.00000     0.00000     0.00000
    -78.795         0.00000     0.00000     0.00000     0.00000
    -78.645         0.00000     0.00000     0.00000     0.00000
    -78.495         0.00000     0.00000     0.00000     0.00000
    -78.345         0.00000     0.00000     0.00000     0.00000
    -78.195         0.00000     0.00000     0.00000     0.00000
    -78.045         0.00000     0.00000     0.00000     0.00000
    -77.895         0.00000     0.00000     0.00000     0.00000
    -77.745         0.00000     0.00000     0.00000     0.00000
    -77.595         0.00000     0.00000     0.00000     0.00000
    -77.445         0.00000     0.00000     0.00000     0.00000
    -77.295         0.00000     0.00000     0.00000     0.00000
    -77.145         0.00000     0.00000     0.00000     0.00000
    -76.995         0.00000     0.00000     0.00000     0.00000
    -76.845         0.00000     0.00000     0.00000     0.00000
    -76.695         0.00000     0.00000     0.00000     0.00000
    -76.545         0.00000     0.00000     0.00000     0.00000
    -76.395         0.00000     0.00000     0.00000     0.00000
    -76.245         0.00000     0.00000     0.00000     0.00000
    -76.095         0.00000     0.00000     0.00000     0.00000
    -75.945         0.00000     0.00000     0.00000     0.00000
    -75.795         0.00000     0.00000     0.00000     0.00000
    -75.645         0.00000     0.00000     0.00000     0.00000
    -75.495         0.00000     0.00000     0.00000     0.00000
    -75.345         0.00000     0.00000     0.00000     0.00000
    -75.195         0.00000     0.00000     0.00000     0.00000
    -75.045         0.00000     0.00000     0.00000     0.00000
    -74.895         0.00000     0.00000     0.00000     0.00000
    -74.745         0.00000     0.00000     0.00000     0.00000
    -74.595         0.00000     0.00000     0.00000     0.00000
    -74.445         0.00000     0.00000     0.00000     0.00000
    -74.295         0.00000     0.00000     0.00000     0.00000
    -74.145         0.00000     0.00000     0.00000     0.00000
    -73.995         0.00000     0.00000     0.00000     0.00000
    -73.845         0.00000     0.00000     0.00000     0.00000
    -73.695         0.00000     0.00000     0.00000     0.00000
    -73.545         0.00000     0.00000     0.00000     0.00000
    -73.395         0.00000     0.00000     0.00000     0.00000
    -73.245         0.00000     0.00000     0.00000     0.00000
    -73.095         0.00000     0.00000     0.00000     0.00000
    -72.945         0.00000     0.00000     0.00000     0.00000
    -72.795         0.00000     0.00000     0.00000     0.00000
    -72.645         0.00000     0.00000     0.00000     0.00000
    -72.495         0.00000     0.00000     0.00000     0.00000
    -72.345         0.00000     0.00000     0.00000     0.00000
    -72.195         0.00000     0.00000     0.00000     0.00000
    -72.045         0.00000     0.00000     0.00000     0.00000
    -71.895         0.00000     0.00000     0.00000     0.00000
    -71.745         0.00000     0.00000     0.00000     0.00000
    -71.595         0.00000     0.00000     0.00000     0.00000
    -71.445         0.00000     0.00000     0.00000     0.00000
    -71.295         0.00000     0.00000     0.00000     0.00000
    -71.145         0.00000     0.00000     0.00000     0.00000
    -70.995         0.00000     0.00000     0.00000     0.00000
    -70.845         0.00000     0.00000     0.00000     0.00000
    -70.695         0.00000     0.00000     0.00000     0.00000
    -70.545         0.00000     0.00000     0.00000     0.00000
    -70.395         0.00000     0.00000     0.00000     0.00000
    -70.245         0.00000     0.00000     0.00000     0.00000
    -70.095         0.00000     0.00000     0.00000     0.00000
    -69.945         0.00000     0.00000     0.00000     0.00000
    -69.795         0.00000     0.00000     0.00000     0.00000
    -69.645         0.00000     0.00000     0.00000     0.00000
    -69.495         0.00000     0.00000     0.00000     0.00000
    -69.345         0.00000     0.00000     0.00000     0.00000
    -69.195         0.00000     0.00000     0.00000     0.00000
    -69.045         0.00000     0.00000     0.00000     0.00000
    -68.895         0.00000     0.00000     0.00000     0.00000
    -68.745         0.00000     0.00000     0.00000     0.00000
    -68.595         0.00000     0.00000     0.00000     0.00000
    -68.445         0.00000     0.00000     0.00000     0.00000
    -68.295         0.00000     0.00000     0.00000     0.00000
    -68.145         0.00000     0.00000     0.00000     0.00000
    -67.995         0.00000     0.00000     0.00000     0.00000
    -67.845         0.00000     0.00000     0.00000     0.00000
    -67.695         0.00000     0.00000     0.00000     0.00000
    -67.545         0.00000     0.00000     0.00000     0.00000
    -67.395         0.00000     0.00000     0.00000     0.00000
    -67.245         0.00000     0.00000     0.00000     0.00000
    -67.095         0.00000     0.00000     0.00000     0.00000
    -66.945         0.00000     0.00000     0.00000     0.00000
    -66.795         0.00000     0.00000     0.00000     0.00000
    -66.645         0.00000     0.00000     0.00000     0.00000
    -66.495         0.00000     0.00000     0.00000     0.00000
    -66.345         0.00000     0.00000     0.00000     0.00000
    -66.195         0.00000     0.00000     0.00000     0.00000
    -66.045         0.00000     0.00000     0.00000     0.00000
    -65.895         0.00000     0.00000     0.00000     0.00000
    -65.745         0.00000     0.00000     0.00000     0.00000
    -65.595         0.00000     0.00000     0.00000     0.00000
    -65.445         0.00000     0.00000     0.00000     0.00000
    -65.295         0.00000     0.00000     0.00000     0.00000
    -65.145         0.00000     0.00000     0.00000     0.00000
    -64.995         0.00000     0.00000     0.00000     0.00000
    -64.845         0.00000     0.00000     0.00000     0.00000
    -64.695         0.00000     0.00000     0.00000     0.00000
    -64.545         0.00000     0.00000     0.00000     0.00000
    -64.395         0.00000     0.00000     0.00000     0.00000
    -64.245         0.00000     0.00000     0.00000     0.00000
    -64.095         0.00000     0.00000     0.00000     0.00000
    -63.945         0.00000     0.00000     0.00000     0.00000
    -63.795         0.00000     0.00000     0.00000     0.00000
    -63.645         0.00000     0.00000     0.00000     0.00000
    -63.495         0.00000     0.00000     0.00000     0.00000
    -63.345         0.00000     0.00000     0.00000     0.00000
    -63.195         0.00000     0.00000     0.00000     0.00000
    -63.045         0.00000     0.00000     0.00000     0.00000
    -62.895         0.00000     0.00000     0.00000     0.00000
    -62.745         0.00000     0.00000     0.00000     0.00000
    -62.595         0.00000     0.00000     0.00000     0.00000
    -62.445         0.00000     0.00000     0.00000     0.00000
    -62.295         0.00000     0.00000     0.00000     0.00000
    -62.145         0.00000     0.00000     0.00000     0.00000
    -61.995         0.00000     0.00000     0.00000     0.00000
    -61.845         0.00000     0.00000     0.00000     0.00000
    -61.695         0.00000     0.00000     0.00000     0.00000
    -61.545         0.00000     0.00000     0.00000     0.00000
    -61.395         0.00000     0.00000     0.00000     0.00000
    -61.245         0.00000     0.00000     0.00000     0.00000
    -61.095         0.00000     0.00000     0.00000     0.00000
    -60.945         0.00000     0.00000     0.00000     0.00000
    -60.795         0.00000     0.00000     0.00000     0.00000
    -60.645         0.00000     0.00000     0.00000     0.00000
    -60.495         0.00000     0.00000     0.00000     0.00000
    -60.345         0.00000     0.00000     0.00000     0.00000
    -60.195         0.00000     0.00000     0.00000     0.00000
    -60.045         0.00000     0.00000     0.00000     0.00000
    -59.895         0.00000     0.00000     0.00000     0.00000
    -59.745         0.00000     0.00000     0.00000     0.00000
    -59.595         0.00000     0.00000     0.00000     0.00000
    -59.445         0.00000     0.00000     0.00000     0.00000
    -59.295         0.00000     0.00000     0.00000     0.00000
    -59.145         0.00000     0.00000     0.00000     0.00000
    -58.995         0.00000     0.00000     0.00000     0.00000
    -58.845         0.00000     0.00000     0.00000     0.00000
    -58.695         0.00000     0.00000     0.00000     0.00000
    -58.545         0.00000     0.00000     0.00000     0.00000
    -58.395         0.00000     0.00000     0.00000     0.00000
    -58.245         0.00000     0.00000     0.00000     0.00000
    -58.095         0.00000     0.00000     0.00000     0.00000
    -57.945         0.00000     0.00000     0.00000     0.00000
    -57.795         0.00000     0.00000     0.00000     0.00000
    -57.645         0.00000     0.00000     0.00000     0.00000
    -57.495         0.00000     0.00000     0.00000     0.00000
    -57.345         0.00000     0.00000     0.00000     0.00000
    -57.195         0.00000     0.00000     0.00000     0.00000
    -57.045         0.00000     0.00000     0.00000     0.00000
    -56.895         0.00000     0.00000     0.00000     0.00000
    -56.745         0.00000     0.00000     0.00000     0.00000
    -56.595         0.00000     0.00000     0.00000     0.00000
    -56.445         0.00000     0.00000     0.00000     0.00000
    -56.295         0.00000     0.00000     0.00000     0.00000
    -56.145         0.00000     0.00000     0.00000     0.00000
    -55.995         0.00000     0.00000     0.00000     0.00000
    -55.845         0.00000     0.00000     0.00000     0.00000
    -55.695         0.00000     0.00000     0.00000     0.00000
    -55.545         0.00000     0.00000     0.00000     0.00000
    -55.395         0.00000     0.00000     0.00000     0.00000
    -55.245         0.00000     0.00000     0.00000     0.00000
    -55.095         0.00000     0.00000     0.00000     0.00000
    -54.945         0.00000     0.00000     0.00000     0.00000
    -54.795         0.00000     0.00000     0.00000     0.00000
    -54.645         0.00000     0.00000     0.00000     0.00000
    -54.495         0.00000     0.00000     0.00000     0.00000
    -54.345         0.00000     0.00000     0.00000     0.00000
    -54.195         0.00000     0.00000     0.00000     0.00000
    -54.045         0.00000     0.00000     0.00000     0.00000
    -53.895         0.00000     0.00000     0.00000     0.00000
    -53.745         0.00000     0.00000     0.00000     0.00000
    -53.595         0.00000     0.00000     0.00000     0.00000
    -53.445         0.00000     0.00000     0.00000     0.00000
    -53.295         0.00000     0.00000     0.00000     0.00000
    -53.145         0.00000     0.00000     0.00000     0.00000
    -52.995         0.00000     0.00000     0.00000     0.00000
    -52.845         0.00000     0.00000     0.00000     0.00000
    -52.695         0.00000     0.00000     0.00000     0.00000
    -52.545         0.00000     0.00000     0.00000     0.00000
    -52.395         0.00000     0.00000     0.00000     0.00000
    -52.245         0.00000     0.00000     0.00000     0.00000
    -52.095         0.00000     0.00000     0.00000     0.00000
    -51.945         0.00000     0.00000     0.00000     0.00000
    -51.795         0.00000     0.00000     0.00000     0.00000
    -51.645         0.00000     0.00000     0.00000     0.00000
    -51.495         0.00000     0.00000     0.00000     0.00000
    -51.345         0.00000     0.00000     0.00000     0.00000
    -51.195         0.00000     0.00000     0.00000     0.00000
    -51.045         0.00000     0.00000     0.00000     0.00000
    -50.895         0.00000     0.00000     0.00000     0.00000
    -50.745         0.00000     0.00000     0.00000     0.00000
    -50.595         0.00000     0.00000     0.00000     0.00000
    -50.445         0.00000     0.00000     0.00000     0.00000
    -50.295         0.00000     0.00000     0.00000     0.00000
    -50.145         0.00000     0.00000     0.00000     0.00000
    -49.995         0.00000     0.00000     0.00000     0.00000
    -49.845         0.00000     0.00000     0.00000     0.00000
    -49.695         0.00000     0.00000     0.00000     0.00000
    -49.545         0.00000     0.00000     0.00000     0.00000
    -49.395         0.00000     0.00000     0.00000     0.00000
    -49.245         0.00000     0.00000     0.00000     0.00000
    -49.095         0.00000     0.00000     0.00000     0.00000
    -48.945         0.00000     0.00000     0.00000     0.00000
    -48.795         0.00000     0.00000     0.00000     0.00000
    -48.645         0.00000     0.00000     0.00000     0.00000
    -48.495         0.00000     0.00000     0.00000     0.00000
    -48.345         0.00000     0.00000     0.00000     0.00000
    -48.195         0.00000     0.00000     0.00000     0.00000
    -48.045         0.00000     0.00000     0.00000     0.00000
    -47.895         0.00000     0.00000     0.00000     0.00000
    -47.745         0.00000     0.00000     0.00000     0.00000
    -47.595         0.00000     0.00000     0.00000     0.00000
    -47.445         0.00000     0.00000     0.00000     0.00000
    -47.295         0.00000     0.00000     0.00000     0.00000
    -47.145         0.00000     0.00000     0.00000     0.00000
    -46.995         0.00000     0.00000     0.00000     0.00000
    -46.845         0.00000     0.00000     0.00000     0.00000
    -46.695         0.00000     0.00000     0.00000     0.00000
    -46.545         0.00000     0.00000     0.00000     0.00000
    -46.395         0.00000     0.00000     0.00000     0.00000
    -46.245         0.00000     0.00000     0.00000     0.00000
    -46.095         0.00000     0.00000     0.00000     0.00000
    -45.945         0.00000     0.00000     0.00000     0.00000
    -45.795         0.00000     0.00000     0.00000     0.00000
    -45.645         0.00000     0.00000     0.00000     0.00000
    -45.495         0.00000     0.00000     0.00000     0.00000
    -45.345         0.00000     0.00000     0.00000     0.00000
    -45.195         0.00000     0.00000     0.00000     0.00000
    -45.045         0.00000     0.00000     0.00000     0.00000
    -44.895         0.00000     0.00000     0.00000     0.00000
    -44.745         0.00000     0.00000     0.00000     0.00000
    -44.595         0.00000     0.00000     0.00000     0.00000
    -44.445         0.00000     0.00000     0.00000     0.00000
    -44.295         0.00000     0.00000     0.00000     0.00000
    -44.145         0.00000     0.00000     0.00000     0.00000
    -43.995         0.00000     0.00000     0.00000     0.00000
    -43.845         0.00000     0.00000     0.00000     0.00000
    -43.695         0.00000     0.00000     0.00000     0.00000
    -43.545         0.00000     0.00000     0.00000     0.00000
    -43.395         0.00000     0.00000     0.00000     0.00000
    -43.245         0.00000     0.00000     0.00000     0.00000
    -43.095         0.00000     0.00000     0.00000     0.00000
    -42.945         0.00000     0.00000     0.00000     0.00000
    -42.795         0.00000     0.00000     0.00000     0.00000
    -42.645         0.00000     0.00000     0.00000     0.00000
    -42.495         0.00000     0.00000     0.00000     0.00000
    -42.345         0.00000     0.00000     0.00000     0.00000
    -42.195         0.00000     0.00000     0.00000     0.00000
    -42.045         0.00000     0.00000     0.00000     0.00000
    -41.895         0.00000     0.00000     0.00000     0.00000
    -41.745         0.00000     0.00000     0.00000     0.00000
    -41.595         0.00000     0.00000     0.00000     0.00000
    -41.445         0.00000     0.00000     0.00000     0.00000
    -41.295         0.00000     0.00000     0.00000     0.00000
    -41.145         0.00000     0.00000     0.00000     0.00000
    -40.995         0.00000     0.00000     0.00000     0.00000
    -40.845         0.00000     0.00000     0.00000     0.00000
    -40.695         0.00000     0.00000     0.00000     0.00000
    -40.545         0.00000     0.00000     0.00000     0.00000
    -40.395         0.00000     0.00000     0.00000     0.00000
    -40.245         0.00000     0.00000     0.00000     0.00000
    -40.095         0.00000     0.00000     0.00000     0.00000
    -39.945         0.00000     0.00000     0.00000     0.00000
    -39.795         0.00000     0.00000     0.00000     0.00000
    -39.645         0.00000     0.00000     0.00000     0.00000
    -39.495         0.00000     0.00000     0.00000     0.00000
    -39.345         0.00000     0.00000     0.00000     0.00000
    -39.195         0.00000     0.00000     0.00000     0.00000
    -39.045         0.00000     0.00000     0.00000     0.00000
    -38.895         0.00000     0.00000     0.00000     0.00000
    -38.745         0.00000     0.00000     0.00000     0.00000
    -38.595         0.00000     0.00000     0.00000     0.00000
    -38.445         0.00000     0.00000     0.00000     0.00000
    -38.295         0.00000     0.00000     0.00000     0.00000
    -38.145         0.00000     0.00000     0.00000     0.00000
    -37.995         0.00000     0.00000     0.00000     0.00000
    -37.845         0.00000     0.00000     0.00000     0.00000
    -37.695         0.00000     0.00000     0.00000     0.00000
    -37.545         0.00000     0.00000     0.00000     0.00000
    -37.395         0.00000     0.00000     0.00000     0.00000
    -37.245         0.00000     0.00000     0.00000     0.00000
    -37.095         0.00000     0.00000     0.00000     0.00000
    -36.945         0.00000     0.00000     0.00000     0.00000
    -36.795         0.00000     0.00000     0.00000     0.00000
    -36.645         0.00000     0.00000     0.00000     0.00000
    -36.495         0.00000     0.00000     0.00000     0.00000
    -36.345         0.00000     0.00000     0.00000     0.00000
    -36.195         0.00000     0.00000     0.00000     0.00000
    -36.045         0.00000     0.00000     0.00000     0.00000
    -35.895         0.00000     0.00000     0.00000     0.00000
    -35.745         0.00000     0.00000     0.00000     0.00000
    -35.595         0.00000     0.00000     0.00000     0.00000
    -35.445         0.00000     0.00000     0.00000     0.00000
    -35.295         0.00000     0.00000     0.00000     0.00000
    -35.145         0.00000     0.00000     0.00000     0.00000
    -34.995         0.00000     0.00000     0.00000     0.00000
    -34.845         0.00000     0.00000     0.00000     0.00000
    -34.695         0.00000     0.00000     0.00000     0.00000
    -34.545         0.00000     0.00000     0.00000     0.00000
    -34.395         0.00000     0.00000     0.00000     0.00000
    -34.245         0.00000     0.00000     0.00000     0.00000
    -34.095         0.00000     0.00000     0.00000     0.00000
    -33.945         0.00000     0.00000     0.00000     0.00000
    -33.795         0.00000     0.00000     0.00000     0.00000
    -33.645         0.00000     0.00000     0.00000     0.00000
    -33.495         0.00000     0.00000     0.00000     0.00000
    -33.345         0.00000     0.00000     0.00000     0.00000
    -33.195         0.00000     0.00000     0.00000     0.00000
    -33.045         0.00000     0.00000     0.00000     0.00000
    -32.895         0.00000     0.00000     0.00000     0.00000
    -32.745         0.00000     0.00000     0.00000     0.00000
    -32.595         0.00000     0.00000     0.00000     0.00000
    -32.445         0.00000     0.00000     0.00000     0.00000
    -32.295         0.00000     0.00000     0.00000     0.00000
    -32.145         0.00000     0.00000     0.00000     0.00000
    -31.995         0.00000     0.00000     0.00000     0.00000
    -31.845         0.00000     0.00000     0.00000     0.00000
    -31.695         0.00000     0.00000     0.00000     0.00000
    -31.545         0.00000     0.00000     0.00000     0.00000
    -31.395         0.00000     0.00000     0.00000     0.00000
    -31.245         0.00000     0.00000     0.00000     0.00000
    -31.095         0.00000     0.00000     0.00000     0.00000
    -30.945         0.00000     0.00000     0.00000     0.00000
    -30.795         0.00000     0.00000     0.00000     0.00000
    -30.645         0.00000     0.00000     0.00000     0.00000
    -30.495         0.00000     0.00000     0.00000     0.00000
    -30.345         0.00000     0.00000     0.00000     0.00000
    -30.195         0.00000     0.00000     0.00000     0.00000
    -30.045         0.00000     0.00000     0.00000     0.00000
    -29.895         0.00000     0.00000     0.00000     0.00000
    -29.745         0.00000     0.00000     0.00000     0.00000
    -29.595         0.00000     0.00000     0.00000     0.00000
    -29.445         0.00000     0.00000     0.00000     0.00000
    -29.295         0.00000     0.00000     0.00000     0.00000
    -29.145         0.00000     0.00000     0.00000     0.00000
    -28.995         0.00000     0.00000     0.00000     0.00000
    -28.845         0.00000     0.00000     0.00000     0.00000
    -28.695         0.00000     0.00000     0.00000     0.00000
    -28.545         0.00000     0.00000     0.00000     0.00000
    -28.395         0.00000     0.00000     0.00000     0.00000
    -28.245         0.00000     0.00000     0.00000     0.00000
    -28.095         0.00000     0.00000     0.00000     0.00000
    -27.945         0.00000     0.00000     0.00000     0.00000
    -27.795         0.00000     0.00000     0.00000     0.00000
    -27.645         0.00000     0.00000     0.00000     0.00000
    -27.495         0.00000     0.00000     0.00000     0.00000
    -27.345         0.00000     0.00000     0.00000     0.00000
    -27.195         0.00000     0.00000     0.00000     0.00000
    -27.045         0.00000     0.00000     0.00000     0.00000
    -26.895         0.00000     0.00000     0.00000     0.00000
    -26.745         0.00000     0.00000     0.00000     0.00000
    -26.595         0.00000     0.00000     0.00000     0.00000
    -26.445         0.00000     0.00000     0.00000     0.00000
    -26.295         0.00000     0.00000     0.00000     0.00000
    -26.145         0.00000     0.00000     0.00000     0.00000
    -25.995         0.00000     0.00000     0.00000     0.00000
    -25.845         0.00000     0.00000     0.00000     0.00000
    -25.695         0.00000     0.00000     0.00000     0.00000
    -25.545         0.00000     0.00000     0.00000     0.00000
    -25.395         0.00000     0.00000     0.00000     0.00000
    -25.245         0.00000     0.00000     0.00000     0.00000
    -25.095         0.00000     0.00000     0.00000     0.00000
    -24.945         0.00000     0.00000     0.00000     0.00000
    -24.795         0.00000     0.00000     0.00000     0.00000
    -24.645         0.00000     0.00000     0.00000     0.00000
    -24.495         0.00000     0.00000     0.00000     0.00000
    -24.345         0.00000     0.00000     0.00000     0.00000
    -24.195         0.00000     0.00000     0.00000     0.00000
    -24.045         0.00000     0.00000     0.00000     0.00000
    -23.895         0.00000     0.00000     0.00000     0.00000
    -23.745         0.00000     0.00000     0.00000     0.00000
    -23.595         0.00000     0.00000     0.00000     0.00000
    -23.445         0.00000     0.00000     0.00000     0.00000
    -23.295         0.00000     0.00000     0.00000     0.00000
    -23.145         0.00000     0.00000     0.00000     0.00000
    -22.995         0.00000     0.00000     0.00000     0.00000
    -22.845         0.00000     0.00000     0.00000     0.00000
    -22.695         0.00000     0.00000     0.00000     0.00000
    -22.545         0.00000     0.00000     0.00000     0.00000
    -22.395         0.00000     0.00000     0.00000     0.00000
    -22.245         0.00000     0.00000     0.00000     0.00000
    -22.095         0.00000     0.00000     0.00000     0.00000
    -21.945        -0.00000    -0.00000     0.00000     0.00000
    -21.795        -0.00000    -0.00000     0.00000     0.00000
    -21.645        -0.00000    -0.00000     0.00000     0.00000
    -21.495        -0.00000    -0.00000     0.00000     0.00000
    -21.345        -0.00097    -0.00097     0.00000     0.00000
    -21.195        -0.00097    -0.00097     0.00000     0.00000
    -21.045        -0.00197    -0.00197     0.00000     0.00000
    -20.895        -0.00197    -0.00197     0.00000     0.00000
    -20.745        -0.00299    -0.00299     0.00000     0.00000
    -20.595        -0.00299    -0.00299     0.00000     0.00000
    -20.445        -0.00784    -0.00784     0.00000     0.00000
    -20.295        -0.01365    -0.01365     0.00000     0.00000
    -20.145        -0.01762    -0.01762     0.00000     0.00000
    -19.995        -0.02257    -0.02257     0.00000     0.00000
    -19.845        -0.03215    -0.03215     0.00000     0.00000
    -19.695        -0.04086    -0.04086     0.00000     0.00000
    -19.545        -0.04407    -0.04407     0.00000     0.00000
    -19.395        -0.05822    -0.05822     0.00000     0.00000
    -19.245        -0.06881    -0.06881     0.00000     0.00000
    -19.095        -0.08208    -0.08208     0.00000     0.00000
    -18.945        -0.09269    -0.09269     0.00000     0.00000
    -18.795        -0.10680    -0.10680     0.00000     0.00000
    -18.645        -0.12092    -0.12092     0.00000     0.00000
    -18.495        -0.13671    -0.13671     0.00000     0.00000
    -18.345        -0.14987    -0.14987     0.00000     0.00000
    -18.195        -0.16303    -0.16303     0.00000     0.00000
    -18.045        -0.19037    -0.19037     0.00000     0.00000
    -17.895        -0.20420    -0.20420     0.00000     0.00000
    -17.745        -0.21634    -0.21634     0.00000     0.00000
    -17.595        -0.22922    -0.22922     0.00000     0.00000
    -17.445        -0.24370    -0.24370     0.00000     0.00000
    -17.295        -0.25893    -0.25893     0.00000     0.00000
    -17.145        -0.26921    -0.26921     0.00000     0.00000
    -16.995        -0.28269    -0.28269     0.00000     0.00000
    -16.845        -0.28881    -0.28881     0.00000     0.00000
    -16.695        -0.30058    -0.30058     0.00000     0.00000
    -16.545        -0.31461    -0.31461     0.00000     0.00000
    -16.395        -0.32547    -0.32547     0.00000     0.00000
    -16.245        -0.33705    -0.33705     0.00000     0.00000
    -16.095        -0.34390    -0.34390     0.00000     0.00000
    -15.945        -0.34919    -0.34919     0.00000     0.00000
    -15.795        -0.36057    -0.36057     0.00000     0.00000
    -15.645        -0.36887    -0.36887     0.00000     0.00000
    -15.495        -0.37335    -0.37335     0.00000     0.00000
    -15.345        -0.38232    -0.38232     0.00000     0.00000
    -15.195        -0.38980    -0.38980     0.00000     0.00000
    -15.045        -0.39650    -0.39650     0.00000     0.00000
    -14.895        -0.40316    -0.40316     0.00000     0.00000
    -14.745        -0.40984    -0.40984     0.00000     0.00000
    -14.595        -0.42001    -0.42001     0.00000     0.00000
    -14.445        -0.42809    -0.42809     0.00000     0.00000
    -14.295        -0.43539    -0.43539     0.00000     0.00000
    -14.145        -0.44129    -0.44129     0.00000     0.00000
    -13.995        -0.44648    -0.44648     0.00000     0.00000
    -13.845        -0.45167    -0.45167     0.00000     0.00000
    -13.695        -0.45685    -0.45685     0.00000     0.00000
    -13.545        -0.46136    -0.46136    -0.00000     0.00000
    -13.395        -0.46522    -0.46522    -0.00000     0.00000
    -13.245        -0.47028    -0.46975    -0.00054     0.00000
    -13.095        -0.47601    -0.47492    -0.00109     0.00000
    -12.945        -0.48055    -0.47946    -0.00109     0.00000
    -12.795        -0.48548    -0.48271    -0.00276     0.00000
    -12.645        -0.49148    -0.48595    -0.00552     0.00000
    -12.495        -0.50284    -0.48988    -0.01296     0.00000
    -12.345        -0.50857    -0.49384    -0.01473     0.00000
    -12.195        -0.52007    -0.49783    -0.02223     0.00000
    -12.045        -0.53157    -0.50182    -0.02975     0.00000
    -11.895        -0.54626    -0.50701    -0.03925     0.00000
    -11.745        -0.56319    -0.51101    -0.05218     0.00000
    -11.595        -0.57848    -0.51682    -0.06167     0.00000
    -11.445        -0.59281    -0.52021    -0.07260     0.00000
    -11.295        -0.60497    -0.52488    -0.08009     0.00000
    -11.145        -0.61731    -0.52831    -0.08900     0.00000
    -10.995        -0.62810    -0.53069    -0.09741     0.00000
    -10.845        -0.64424    -0.53708    -0.10716     0.00000
    -10.695        -0.65493    -0.53946    -0.11547     0.00000
    -10.545        -0.66939    -0.54428    -0.12511     0.00000
    -10.395        -0.67874    -0.54446    -0.13428     0.00000
    -10.245        -0.69180    -0.54798    -0.14382     0.00000
    -10.095        -0.70619    -0.55289    -0.15330     0.00000
    -9.9450        -0.71301    -0.55527    -0.15774     0.00000
    -9.7950        -0.72790    -0.56124    -0.16666     0.00000
    -9.6450        -0.73869    -0.56360    -0.17509     0.00000
    -9.4950        -0.75345    -0.56915    -0.18430     0.00000
    -9.3450        -0.76739    -0.57519    -0.19220     0.00000
    -9.1950        -0.77800    -0.57879    -0.19921     0.00000
    -9.0450        -0.78771    -0.58238    -0.20533     0.00000
    -8.8950        -0.80073    -0.58805    -0.21268     0.00000
    -8.7450        -0.80408    -0.58824    -0.21584     0.00000
    -8.5950        -0.81590    -0.59401    -0.22189     0.00000
    -8.4450        -0.82839    -0.59925    -0.22914     0.00000
    -8.2950        -0.84452    -0.60508    -0.23944     0.00000
    -8.1450        -0.85779    -0.61194    -0.24586     0.00000
    -7.9950        -0.86914    -0.61724    -0.25190     0.00000
    -7.8450        -0.88175    -0.62420    -0.25755     0.00000
    -7.6950        -0.89013    -0.62881    -0.26132     0.00000
    -7.5450        -0.90408    -0.63708    -0.26700     0.00000
    -7.3950        -0.91595    -0.64546    -0.27049     0.00000
    -7.2450        -0.93332    -0.65567    -0.27764     0.00000
    -7.0950        -0.95352    -0.66738    -0.28615     0.00000
    -6.9450        -0.96914    -0.67802    -0.29092    -0.00020
    -6.7950        -0.98566    -0.68975    -0.29440    -0.00150
    -6.6450        -1.01283    -0.70383    -0.30327    -0.00573
    -6.4950        -1.04308    -0.71695    -0.30931    -0.01682
    -6.3450        -1.08374    -0.73042    -0.31607    -0.03724
    -6.1950        -1.13615    -0.74364    -0.32324    -0.06926
    -6.0450        -1.20645    -0.75535    -0.33024    -0.12086
    -5.8950        -1.30230    -0.77159    -0.33883    -0.19188
    -5.7450        -1.42936    -0.78645    -0.34612    -0.29679
    -5.5950        -1.59892    -0.80223    -0.35751    -0.43918
    -5.4450        -1.78915    -0.81968    -0.36984    -0.59963
    -5.2950        -2.00252    -0.83976    -0.37967    -0.78308
    -5.1450        -2.23870    -0.85708    -0.39029    -0.99133
    -4.9950        -2.48631    -0.87921    -0.40213    -1.20497
    -4.8450        -2.74426    -0.90327    -0.41596    -1.42503
    -4.6950        -2.99179    -0.92167    -0.43081    -1.63932
    -4.5450        -3.24425    -0.94137    -0.44658    -1.85630
    -4.3950        -3.48548    -0.96097    -0.46077    -2.06374
    -4.2450        -3.73118    -0.98126    -0.47928    -2.27064
    -4.0950        -3.96852    -1.00115    -0.49970    -2.46768
    -3.9450        -4.19852    -1.02234    -0.52076    -2.65541
    -3.7950        -4.42528    -1.04301    -0.54405    -2.83822
    -3.6450        -4.65582    -1.06278    -0.56848    -3.02456
    -3.4950        -4.88354    -1.08515    -0.59829    -3.20010
    -3.3450        -5.10401    -1.10890    -0.62648    -3.36863
    -3.1950        -5.32420    -1.13649    -0.65948    -3.52823
    -3.0450        -5.55548    -1.16702    -0.69616    -3.69231
    -2.8950        -5.79567    -1.19995    -0.73337    -3.86236
    -2.7450        -6.03317    -1.23503    -0.77486    -4.02327
    -2.5950        -6.27696    -1.27375    -0.81935    -4.18386
    -2.4450        -6.53831    -1.31573    -0.86780    -4.35478
    -2.2950        -6.81781    -1.36160    -0.92181    -4.53441
    -2.1450        -7.13103    -1.41788    -0.98808    -4.72506
    -1.9950        -7.47488    -1.47865    -1.06160    -4.93463
    -1.8450        -7.86204    -1.54770    -1.14135    -5.17299
    -1.6950        -8.31622    -1.63009    -1.23083    -5.45529
    -1.5450        -8.85259    -1.72301    -1.33570    -5.79387
    -1.3950        -9.48416    -1.82890    -1.45276    -6.20249
    -1.2450       -10.27711    -1.95929    -1.59103    -6.72679
    -1.0950       -11.24751    -2.11373    -1.76115    -7.37264
   -0.94500       -12.44077    -2.30750    -1.96412    -8.16914
   -0.79500       -13.92719    -2.55743    -2.22277    -9.14699
   -0.64500       -15.79369    -2.89543    -2.56097   -10.33730
   -0.49500       -18.19150    -3.38563    -3.05835   -11.74751
   -0.34500       -21.68146    -4.18402    -3.89007   -13.60737
   -0.22700       -23.27369    -4.56654    -4.28914   -14.41800
   -0.21300       -23.48527    -4.61787    -4.34371   -14.52369
   -0.20700       -23.70391    -4.67095    -4.39942   -14.63354
   -0.20100       -23.93061    -4.72568    -4.45754   -14.74739
   -0.19500       -24.16414    -4.78309    -4.51843   -14.86263
   -0.18900       -24.40335    -4.84145    -4.58014   -14.98176
   -0.18300       -24.65265    -4.90204    -4.64556   -15.10506
   -0.17700       -24.90794    -4.96479    -4.71323   -15.22992
   -0.17100       -25.17008    -5.02952    -4.78141   -15.35915
   -0.16500       -25.44154    -5.09717    -4.85249   -15.49188
   -0.15900       -25.72434    -5.16591    -4.92781   -15.63061
   -0.15300       -26.01500    -5.23697    -5.00423   -15.77380
   -0.14700       -26.31705    -5.31092    -5.08425   -15.92188
   -0.14100       -26.62912    -5.38808    -5.16590   -16.07514
   -0.13500       -26.95386    -5.46784    -5.25078   -16.23524
   -0.12900       -27.29289    -5.55052    -5.33918   -16.40319
   -0.12300       -27.64380    -5.63565    -5.43148   -16.57667
   -0.11700       -28.01014    -5.72466    -5.52670   -16.75878
   -0.11100       -28.39330    -5.81767    -5.62643   -16.94920
   -0.10500       -28.79444    -5.91394    -5.73038   -17.15011
   -0.99000E-01   -29.21671    -6.01490    -5.84047   -17.36134
   -0.93000E-01   -29.65983    -6.12069    -5.95510   -17.58404
   -0.87000E-01   -30.12906    -6.23159    -6.07616   -17.82132
   -0.81000E-01   -30.62612    -6.34623    -6.20443   -18.07546
   -0.75000E-01   -31.15715    -6.46684    -6.34244   -18.34788
   -0.69000E-01   -31.72467    -6.59294    -6.48893   -18.64280
   -0.63000E-01   -32.33775    -6.72731    -6.64730   -18.96314
   -0.57000E-01   -33.00748    -6.86967    -6.82220   -19.31561
   -0.51000E-01   -33.75452    -7.02644    -7.01828   -19.70980
   -0.45000E-01   -34.58293    -7.20040    -7.22791   -20.15462
   -0.39000E-01   -35.49208    -7.38332    -7.44113   -20.66764
   -0.33000E-01   -36.49270    -7.56583    -7.65032   -21.27656
   -0.27000E-01   -37.60919    -7.73852    -7.84666   -22.02401
   -0.21300E-01   -38.46308    -7.84602    -7.96709   -22.64998
   -0.19500E-01   -38.59621    -7.86090    -7.98322   -22.75209
   -0.18900E-01   -38.73230    -7.87538    -7.99911   -22.85782
   -0.18300E-01   -38.87131    -7.88970    -8.01468   -22.96693
   -0.17700E-01   -39.01342    -7.90371    -8.02986   -23.07986
   -0.17100E-01   -39.15831    -7.91734    -8.04460   -23.19637
   -0.16500E-01   -39.30731    -7.93054    -8.05878   -23.31800
   -0.15900E-01   -39.45932    -7.94342    -8.07256   -23.44333
   -0.15300E-01   -39.61555    -7.95597    -8.08605   -23.57352
   -0.14700E-01   -39.77661    -7.96814    -8.09892   -23.70955
   -0.14100E-01   -39.94272    -7.97988    -8.11147   -23.85138
   -0.13500E-01   -40.11419    -7.99118    -8.12343   -23.99958
   -0.12900E-01   -40.29145    -8.00199    -8.13479   -24.15467
   -0.12300E-01   -40.47565    -8.01249    -8.14561   -24.31754
   -0.11700E-01   -40.66779    -8.02245    -8.15601   -24.48933
   -0.11100E-01   -40.86834    -8.03202    -8.16591   -24.67042
   -0.10500E-01   -41.07802    -8.04101    -8.17532   -24.86170
   -0.99000E-02   -41.29906    -8.04959    -8.18417   -25.06529
   -0.93000E-02   -41.53284    -8.05768    -8.19255   -25.28261
   -0.87000E-02   -41.78186    -8.06526    -8.20049   -25.51612
   -0.81000E-02   -42.04840    -8.07237    -8.20783   -25.76821
   -0.75000E-02   -42.33685    -8.07897    -8.21455   -26.04333
   -0.69000E-02   -42.65259    -8.08510    -8.22070   -26.34679
   -0.63000E-02   -43.00157    -8.09073    -8.22634   -26.68450
   -0.57000E-02   -43.39031    -8.09579    -8.23154   -27.06298
   -0.51000E-02   -43.82610    -8.10035    -8.23613   -27.48962
   -0.45000E-02   -44.31768    -8.10437    -8.24025   -27.97306
   -0.39000E-02   -44.87460    -8.10785    -8.24383   -28.52292
   -0.33000E-02   -45.50697    -8.11081    -8.24684   -29.14932
   -0.27000E-02   -46.22877    -8.11326    -8.24929   -29.86622
   -0.21000E-02   -47.06117    -8.11515    -8.25121   -30.69481
   -0.15000E-02   -48.04503    -8.11651    -8.25257   -31.67595
   -0.90000E-03   -49.04171    -8.11732    -8.25339   -32.67100
   -0.30000E-03   -49.47147    -8.11759    -8.25366   -33.10022
    0.30000E-03   -49.04287    -8.11732    -8.25339   -32.67217
    0.90000E-03   -48.04597    -8.11652    -8.25258   -31.67687
    0.15000E-02   -47.06230    -8.11518    -8.25124   -30.69589
    0.21000E-02   -46.22967    -8.11328    -8.24936   -29.86703
    0.27000E-02   -45.50788    -8.11084    -8.24694   -29.15010
    0.33000E-02   -44.87545    -8.10785    -8.24399   -28.52360
    0.39000E-02   -44.31866    -8.10434    -8.24051   -27.97381
    0.45000E-02   -43.82714    -8.10028    -8.23650   -27.49036
    0.51000E-02   -43.39101    -8.09568    -8.23199   -27.06334
    0.57000E-02   -43.00277    -8.09052    -8.22691   -26.68534
    0.63000E-02   -42.65440    -8.08486    -8.22133   -26.34821
    0.69000E-02   -42.33878    -8.07860    -8.21529   -26.04489
    0.75000E-02   -42.05020    -8.07190    -8.20865   -25.76965
    0.81000E-02   -41.78337    -8.06464    -8.20149   -25.51724
    0.87000E-02   -41.53451    -8.05689    -8.19390   -25.28372
    0.93000E-02   -41.30047    -8.04859    -8.18580   -25.06608
    0.99000E-02   -41.07928    -8.03978    -8.17721   -24.86229
    0.10500E-01   -40.86949    -8.03042    -8.16816   -24.67091
    0.11100E-01   -40.66896    -8.02052    -8.15864   -24.48980
    0.11700E-01   -40.47735    -8.01018    -8.14868   -24.31849
    0.12300E-01   -40.29297    -7.99925    -8.13816   -24.15556
    0.12900E-01   -40.11573    -7.98796    -8.12726   -24.00051
    0.13500E-01   -39.94415    -7.97618    -8.11594   -23.85203
    0.14100E-01   -39.77802    -7.96376    -8.10421   -23.71005
    0.14700E-01   -39.61723    -7.95106    -8.09211   -23.57407
    0.15300E-01   -39.46105    -7.93766    -8.07968   -23.44371
    0.15900E-01   -39.30920    -7.92391    -8.06691   -23.31838
    0.16500E-01   -39.16055    -7.90976    -8.05375   -23.19704
    0.17100E-01   -39.01547    -7.89520    -8.04017   -23.08010
    0.17700E-01   -38.87386    -7.88009    -8.02620   -22.96757
    0.18300E-01   -38.73517    -7.86458    -8.01200   -22.85859
    0.18900E-01   -38.59867    -7.84867    -7.99730   -22.75270
    0.19500E-01   -38.46512    -7.83244    -7.98247   -22.65021
    0.21300E-01   -37.61180    -7.71221    -7.87497   -22.02462
    0.27000E-01   -36.49351    -7.51486    -7.70220   -21.27645
    0.33000E-01   -35.49130    -7.30483    -7.51938   -20.66709
    0.39000E-01   -34.57972    -7.09084    -7.33628   -20.15260
    0.45000E-01   -33.75331    -6.88157    -7.16272   -19.70902
    0.51000E-01   -33.01021    -6.68564    -7.00621   -19.31837
    0.57000E-01   -32.34589    -6.51028    -6.86371   -18.97191
    0.63000E-01   -31.74197    -6.35206    -6.72992   -18.65999
    0.69000E-01   -31.18651    -6.20527    -6.60338   -18.37786
    0.75000E-01   -30.67092    -6.06808    -6.48322   -18.11963
    0.81000E-01   -30.18867    -5.93743    -6.36916   -17.88207
    0.87000E-01   -29.73749    -5.81389    -6.26058   -17.66302
    0.93000E-01   -29.31105    -5.69667    -6.15686   -17.45753
    0.99000E-01   -28.90849    -5.58545    -6.05717   -17.26587
    0.10500       -28.52659    -5.47850    -5.96171   -17.08638
    0.11100       -28.16577    -5.37744    -5.86991   -16.91842
    0.11700       -27.82105    -5.27990    -5.78064   -16.76051
    0.12300       -27.49391    -5.18640    -5.69543   -16.61207
    0.12900       -27.18170    -5.09809    -5.61371   -16.46989
    0.13500       -26.88296    -5.01285    -5.53475   -16.33536
    0.14100       -26.59636    -4.93051    -5.45797   -16.20788
    0.14700       -26.32143    -4.85118    -5.38393   -16.08632
    0.15300       -26.05794    -4.77485    -5.31258   -15.97051
    0.15900       -25.80405    -4.70034    -5.24346   -15.86026
    0.16500       -25.56131    -4.63004    -5.17710   -15.75417
    0.17100       -25.32601    -4.56179    -5.11144   -15.65278
    0.17700       -25.09936    -4.49572    -5.04763   -15.55600
    0.18300       -24.88138    -4.43146    -4.98772   -15.46220
    0.18900       -24.67025    -4.36925    -4.92815   -15.37284
    0.19500       -24.46608    -4.30864    -4.87042   -15.28702
    0.20100       -24.27161    -4.25021    -4.81512   -15.20627
    0.20700       -24.08208    -4.19371    -4.76132   -15.12705
    0.21300       -23.89744    -4.13943    -4.70825   -15.04975
    0.22700       -22.55953    -3.73366    -4.32398   -14.50189
    0.34500       -19.87791    -2.91693    -3.54111   -13.41986
    0.49500       -18.22424    -2.40570    -3.05492   -12.76362
    0.64500       -17.05206    -2.06324    -2.71555   -12.27326
    0.79500       -16.14334    -1.81582    -2.45595   -11.87156
    0.94500       -15.42451    -1.63619    -2.25545   -11.53287
     1.0950       -14.83529    -1.48995    -2.09664   -11.24869
     1.2450       -14.33663    -1.36946    -1.96415   -11.00302
     1.3950       -13.91486    -1.27189    -1.85478   -10.78818
     1.5450       -13.54615    -1.18809    -1.76177   -10.59630
     1.6950       -13.22662    -1.11822    -1.68203   -10.42637
     1.8450       -12.94435    -1.05608    -1.61075   -10.27752
     1.9950       -12.68367    -1.00301    -1.54644   -10.13423
     2.1450       -12.44722    -0.95767    -1.48989    -9.99966
     2.2950       -12.23632    -0.91838    -1.43619    -9.88174
     2.4450       -12.03817    -0.87721    -1.38864    -9.77231
     2.5950       -11.85596    -0.83974    -1.34706    -9.66916
     2.7450       -11.69760    -0.80901    -1.30807    -9.58052
     2.8950       -11.54622    -0.78037    -1.27293    -9.49293
     3.0450       -11.41302    -0.75192    -1.24088    -9.42023
     3.1950       -11.28738    -0.72629    -1.21106    -9.35003
     3.3450       -11.17354    -0.70233    -1.18412    -9.28709
     3.4950       -11.06926    -0.68236    -1.15790    -9.22899
     3.6450       -10.97107    -0.66140    -1.13330    -9.17637
     3.7950       -10.88411    -0.64311    -1.11043    -9.13057
     3.9450       -10.81069    -0.62970    -1.09163    -9.08936
     4.0950       -10.73013    -0.61465    -1.07193    -9.04355
     4.2450       -10.65784    -0.59935    -1.05484    -9.00365
     4.3950       -10.59371    -0.58678    -1.03863    -8.96830
     4.5450       -10.53328    -0.57647    -1.02394    -8.93288
     4.6950       -10.47421    -0.56517    -1.00757    -8.90147
     4.8450       -10.41139    -0.55505    -0.99228    -8.86407
     4.9950       -10.36008    -0.54871    -0.97812    -8.83324
     5.1450       -10.31479    -0.54463    -0.96712    -8.80304
     5.2950       -10.26563    -0.53542    -0.95388    -8.77633
     5.4450       -10.22494    -0.53133    -0.94425    -8.74936
     5.5950       -10.18334    -0.52243    -0.93617    -8.72474
     5.7450       -10.14302    -0.51610    -0.92609    -8.70083
     5.8950       -10.10198    -0.50904    -0.91615    -8.67679
     6.0450       -10.06208    -0.50104    -0.90684    -8.65420
     6.1950       -10.02705    -0.49410    -0.90078    -8.63216
     6.3450        -9.99424    -0.48878    -0.89473    -8.61072
     6.4950        -9.96199    -0.48348    -0.88866    -8.58985
     6.6450        -9.93287    -0.48082    -0.88260    -8.56944
     6.7950        -9.90165    -0.47556    -0.87655    -8.54953
     6.9450        -9.87150    -0.46965    -0.87177    -8.53009
     7.0950        -9.84708    -0.46546    -0.87053    -8.51109
     7.2450        -9.82067    -0.46033    -0.86935    -8.49098
     7.3950        -9.79870    -0.45968    -0.86619    -8.47283
     7.5450        -9.77711    -0.45906    -0.86300    -8.45505
     7.6950        -9.75593    -0.45848    -0.85981    -8.43765
     7.8450        -9.73248    -0.45307    -0.85882    -8.42059
     7.9950        -9.71433    -0.45256    -0.85788    -8.40390
     8.1450        -9.69296    -0.44847    -0.85697    -8.38753
     8.2950        -9.66941    -0.44570    -0.85219    -8.37152
     8.4450        -9.65232    -0.44525    -0.85134    -8.35574
     8.5950        -9.62969    -0.44123    -0.84813    -8.34033
     8.7450        -9.61327    -0.44080    -0.84734    -8.32513
     8.8950        -9.59727    -0.44039    -0.84659    -8.31028
     9.0450        -9.58153    -0.44000    -0.84585    -8.29568
     9.1950        -9.56606    -0.43963    -0.84514    -8.28129
     9.3450        -9.55090    -0.43926    -0.84445    -8.26719
     9.4950        -9.53601    -0.43892    -0.84378    -8.25330
     9.6450        -9.52132    -0.43859    -0.84314    -8.23959
     9.7950        -9.50696    -0.43827    -0.84252    -8.22618
     9.9450        -9.49285    -0.43795    -0.84192    -8.21298
     10.095        -9.47895    -0.43764    -0.84133    -8.19999
     10.245        -9.46531    -0.43736    -0.84075    -8.18720
     10.395        -9.45190    -0.43707    -0.84020    -8.17463
     10.545        -9.43871    -0.43681    -0.83966    -8.16224
     10.695        -9.42572    -0.43654    -0.83914    -8.15004
     10.845        -9.41294    -0.43630    -0.83863    -8.13801
     10.995        -9.40033    -0.43605    -0.83814    -8.12614
     11.145        -9.38790    -0.43580    -0.83765    -8.11445
     11.295        -9.37567    -0.43558    -0.83717    -8.10292
     11.445        -9.36363    -0.43536    -0.83671    -8.09157
     11.595        -9.35177    -0.43514    -0.83626    -8.08037
     11.745        -9.34005    -0.43494    -0.83582    -8.06929
     11.895        -9.32853    -0.43473    -0.83539    -8.05841
     12.045        -9.31714    -0.43453    -0.83497    -8.04764
     12.195        -9.30590    -0.43434    -0.83455    -8.03701
     12.345        -9.29481    -0.43415    -0.83415    -8.02652
     12.495        -9.28390    -0.43397    -0.83376    -8.01617
     12.645        -9.27314    -0.43378    -0.83337    -8.00599
     12.795        -9.26250    -0.43361    -0.83298    -7.99590
     12.945        -9.25196    -0.43344    -0.83261    -7.98591
     13.095        -9.24161    -0.43328    -0.83225    -7.97608
     13.245        -9.23136    -0.43311    -0.83189    -7.96636
     13.395        -9.22122    -0.43294    -0.83155    -7.95673
     13.545        -9.21122    -0.43279    -0.83120    -7.94723
     13.695        -9.20135    -0.43263    -0.83086    -7.93786
     13.845        -9.19161    -0.43248    -0.83052    -7.92861
     13.995        -9.18204    -0.43234    -0.83019    -7.91951
     14.145        -9.17253    -0.43220    -0.82987    -7.91045
     14.295        -9.16315    -0.43206    -0.82956    -7.90153
     14.445        -9.15387    -0.43192    -0.82925    -7.89270
     14.595        -9.14468    -0.43179    -0.82894    -7.88395
     14.745        -9.13559    -0.43167    -0.82864    -7.87529
     14.895        -9.12661    -0.43154    -0.82834    -7.86673
     15.045        -9.11772    -0.43141    -0.82806    -7.85826
     15.195        -9.10892    -0.43128    -0.82777    -7.84987
     15.345        -9.10020    -0.43116    -0.82749    -7.84156
     15.495        -9.09163    -0.43104    -0.82721    -7.83339
     15.645        -9.08309    -0.43092    -0.82693    -7.82523
     15.795        -9.07467    -0.43081    -0.82666    -7.81719
     15.945        -9.06634    -0.43070    -0.82639    -7.80924
     16.095        -9.05811    -0.43060    -0.82614    -7.80138
     16.245        -9.04996    -0.43049    -0.82588    -7.79359
     16.395        -9.04187    -0.43039    -0.82561    -7.78587
     16.545        -9.03389    -0.43028    -0.82536    -7.77825
     16.695        -9.02596    -0.43018    -0.82511    -7.77067
     16.845        -9.01814    -0.43008    -0.82487    -7.76319
     16.995        -9.01033    -0.42997    -0.82462    -7.75574
     17.145        -9.00262    -0.42988    -0.82438    -7.74836
     17.295        -8.99500    -0.42978    -0.82415    -7.74107
     17.445        -8.98745    -0.42968    -0.82391    -7.73386
     17.595        -8.97996    -0.42959    -0.82368    -7.72669
     17.745        -8.97257    -0.42950    -0.82345    -7.71963
     17.895        -8.96523    -0.42941    -0.82322    -7.71261
     18.045        -8.95795    -0.42932    -0.82299    -7.70564
     18.195        -8.95072    -0.42923    -0.82277    -7.69873
     18.345        -8.94359    -0.42914    -0.82255    -7.69190
     18.495        -8.93651    -0.42905    -0.82233    -7.68513
     18.645        -8.92946    -0.42897    -0.82211    -7.67838
     18.795        -8.92247    -0.42889    -0.82190    -7.67168
     18.945        -8.91561    -0.42882    -0.82169    -7.66509
     19.095        -8.90877    -0.42874    -0.82149    -7.65854
     19.245        -8.90197    -0.42866    -0.82130    -7.65202
     19.395        -8.89524    -0.42858    -0.82110    -7.64557
     19.545        -8.88856    -0.42850    -0.82089    -7.63917
     19.695        -8.88198    -0.42842    -0.82069    -7.63287
     19.845        -8.87540    -0.42834    -0.82050    -7.62656
     19.995        -8.86891    -0.42827    -0.82030    -7.62033
     20.145        -8.86245    -0.42820    -0.82012    -7.61414
     20.295        -8.85608    -0.42812    -0.81993    -7.60803
     20.445        -8.84976    -0.42805    -0.81974    -7.60197
     20.595        -8.84346    -0.42798    -0.81955    -7.59592
     20.745        -8.83721    -0.42791    -0.81937    -7.58993
     20.895        -8.83102    -0.42784    -0.81919    -7.58399
     21.045        -8.82488    -0.42778    -0.81901    -7.57809
     21.195        -8.81877    -0.42771    -0.81883    -7.57223
     21.345        -8.81272    -0.42764    -0.81865    -7.56642
     21.495        -8.80672    -0.42758    -0.81847    -7.56067
     21.645        -8.80073    -0.42751    -0.81830    -7.55492
     21.795        -8.79482    -0.42746    -0.81812    -7.54924
     21.945        -8.78897    -0.42740    -0.81795    -7.54362
     22.095        -8.78312    -0.42734    -0.81777    -7.53801
     22.245        -8.77733    -0.42728    -0.81761    -7.53244
     22.395        -8.77157    -0.42721    -0.81744    -7.52692
     22.545        -8.76584    -0.42716    -0.81728    -7.52140
     22.695        -8.76017    -0.42710    -0.81711    -7.51596
     22.845        -8.75456    -0.42704    -0.81695    -7.51057
     22.995        -8.74899    -0.42698    -0.81679    -7.50522
     23.145        -8.74346    -0.42693    -0.81663    -7.49990
     23.295        -8.73797    -0.42687    -0.81648    -7.49463
     23.445        -8.73250    -0.42682    -0.81632    -7.48937
     23.595        -8.72710    -0.42677    -0.81617    -7.48417
     23.745        -8.72174    -0.42671    -0.81601    -7.47901
     23.895        -8.71638    -0.42665    -0.81586    -7.47387
     24.045        -8.71108    -0.42660    -0.81571    -7.46877
     24.195        -8.70582    -0.42655    -0.81555    -7.46372
     24.345        -8.70055    -0.42649    -0.81540    -7.45865
     24.495        -8.69533    -0.42644    -0.81525    -7.45364
     24.645        -8.69016    -0.42639    -0.81510    -7.44867
     24.795        -8.68504    -0.42634    -0.81496    -7.44374
     24.945        -8.67994    -0.42629    -0.81482    -7.43884
     25.095        -8.67489    -0.42624    -0.81467    -7.43398
     25.245        -8.66983    -0.42619    -0.81453    -7.42911
     25.395        -8.66479    -0.42613    -0.81438    -7.42428
     25.545        -8.65982    -0.42609    -0.81424    -7.41949
     25.695        -8.65488    -0.42603    -0.81410    -7.41475
     25.845        -8.64995    -0.42598    -0.81396    -7.41001
     25.995        -8.64509    -0.42594    -0.81382    -7.40534
     26.145        -8.64023    -0.42589    -0.81368    -7.40065
     26.295        -8.63542    -0.42584    -0.81354    -7.39603
     26.445        -8.63063    -0.42580    -0.81341    -7.39142
     26.595        -8.62586    -0.42575    -0.81328    -7.38683
     26.745        -8.62114    -0.42571    -0.81314    -7.38229
     26.895        -8.61644    -0.42566    -0.81301    -7.37778
     27.045        -8.61176    -0.42561    -0.81287    -7.37328
     27.195        -8.60711    -0.42556    -0.81274    -7.36881
     27.345        -8.60251    -0.42553    -0.81261    -7.36437
     27.495        -8.59792    -0.42548    -0.81248    -7.35995
     27.645        -8.59337    -0.42544    -0.81235    -7.35558
     27.795        -8.58883    -0.42539    -0.81222    -7.35121
     27.945        -8.58431    -0.42535    -0.81210    -7.34686
     28.095        -8.57982    -0.42530    -0.81197    -7.34254
     28.245        -8.57537    -0.42526    -0.81185    -7.33826
     28.395        -8.57093    -0.42522    -0.81172    -7.33398
     28.545        -8.56653    -0.42518    -0.81160    -7.32975
     28.695        -8.56215    -0.42514    -0.81147    -7.32553
     28.845        -8.55781    -0.42510    -0.81135    -7.32136
     28.995        -8.55347    -0.42507    -0.81123    -7.31718
     29.145        -8.54917    -0.42502    -0.81111    -7.31304
     29.295        -8.54489    -0.42498    -0.81099    -7.30891
     29.445        -8.54062    -0.42494    -0.81087    -7.30480
     29.595        -8.53641    -0.42491    -0.81076    -7.30075
     29.745        -8.53220    -0.42487    -0.81064    -7.29670
     29.895        -8.52799    -0.42482    -0.81052    -7.29265
     30.045        -8.52384    -0.42478    -0.81041    -7.28865
     30.195        -8.51969    -0.42474    -0.81029    -7.28466
     30.345        -8.51558    -0.42471    -0.81018    -7.28070
     30.495        -8.51150    -0.42467    -0.81006    -7.27676
     30.645        -8.50745    -0.42463    -0.80995    -7.27286
     30.795        -8.50340    -0.42460    -0.80984    -7.26896
     30.945        -8.49938    -0.42456    -0.80973    -7.26509
     31.095        -8.49538    -0.42453    -0.80961    -7.26124
     31.245        -8.49138    -0.42449    -0.80951    -7.25738
     31.395        -8.48739    -0.42446    -0.80940    -7.25354
     31.545        -8.48345    -0.42442    -0.80929    -7.24975
     31.695        -8.47954    -0.42438    -0.80918    -7.24598
     31.845        -8.47564    -0.42434    -0.80907    -7.24223
     31.995        -8.47175    -0.42431    -0.80896    -7.23849
     32.145        -8.46788    -0.42427    -0.80886    -7.23475
     32.295        -8.46403    -0.42424    -0.80874    -7.23105
     32.445        -8.46020    -0.42421    -0.80864    -7.22736
     32.595        -8.45639    -0.42417    -0.80853    -7.22369
     32.745        -8.45260    -0.42414    -0.80843    -7.22003
     32.895        -8.44884    -0.42410    -0.80833    -7.21642
     33.045        -8.44509    -0.42407    -0.80822    -7.21280
     33.195        -8.44139    -0.42404    -0.80812    -7.20923
     33.345        -8.43766    -0.42401    -0.80802    -7.20564
     33.495        -8.43396    -0.42397    -0.80792    -7.20208
     33.645        -8.43029    -0.42394    -0.80781    -7.19854
     33.795        -8.42662    -0.42390    -0.80771    -7.19500
     33.945        -8.42299    -0.42387    -0.80761    -7.19152
     34.095        -8.41937    -0.42384    -0.80751    -7.18802
     34.245        -8.41576    -0.42381    -0.80741    -7.18454
     34.395        -8.41218    -0.42378    -0.80731    -7.18110
     34.545        -8.40862    -0.42375    -0.80721    -7.17766
     34.695        -8.40505    -0.42372    -0.80711    -7.17423
     34.845        -8.40153    -0.42369    -0.80701    -7.17083
     34.995        -8.39803    -0.42366    -0.80691    -7.16746
     35.145        -8.39451    -0.42362    -0.80682    -7.16407
     35.295        -8.39101    -0.42359    -0.80673    -7.16069
     35.445        -8.38754    -0.42356    -0.80663    -7.15735
     35.595        -8.38410    -0.42353    -0.80654    -7.15403
     35.745        -8.38064    -0.42350    -0.80644    -7.15069
     35.895        -8.37721    -0.42347    -0.80634    -7.14740
     36.045        -8.37380    -0.42344    -0.80625    -7.14410
     36.195        -8.37040    -0.42341    -0.80616    -7.14084
     36.345        -8.36701    -0.42338    -0.80606    -7.13757
     36.495        -8.36366    -0.42335    -0.80598    -7.13433
     36.645        -8.36030    -0.42332    -0.80588    -7.13109
     36.795        -8.35697    -0.42329    -0.80579    -7.12789
     36.945        -8.35366    -0.42326    -0.80570    -7.12469
     37.095        -8.35036    -0.42324    -0.80561    -7.12151
     37.245        -8.34707    -0.42321    -0.80552    -7.11834
     37.395        -8.34379    -0.42318    -0.80544    -7.11518
     37.545        -8.34053    -0.42315    -0.80535    -7.11203
     37.695        -8.33728    -0.42312    -0.80526    -7.10890
     37.845        -8.33405    -0.42309    -0.80517    -7.10579
     37.995        -8.33083    -0.42306    -0.80508    -7.10269
     38.145        -8.32762    -0.42303    -0.80500    -7.09960
     38.295        -8.32443    -0.42300    -0.80491    -7.09651
     38.445        -8.32125    -0.42297    -0.80483    -7.09346
     38.595        -8.31811    -0.42295    -0.80474    -7.09042
     38.745        -8.31495    -0.42292    -0.80465    -7.08738
     38.895        -8.31180    -0.42289    -0.80457    -7.08434
     39.045        -8.30867    -0.42287    -0.80449    -7.08132
     39.195        -8.30556    -0.42284    -0.80440    -7.07832
     39.345        -8.30249    -0.42281    -0.80432    -7.07536
     39.495        -8.29942    -0.42278    -0.80424    -7.07240
     39.645        -8.29634    -0.42276    -0.80416    -7.06942
     39.795        -8.29327    -0.42274    -0.80407    -7.06646
     39.945        -8.29021    -0.42271    -0.80399    -7.06351
     40.095        -8.28719    -0.42269    -0.80391    -7.06059
     40.245        -8.28417    -0.42267    -0.80383    -7.05768
     40.395        -8.28116    -0.42264    -0.80375    -7.05477
     40.545        -8.27816    -0.42262    -0.80367    -7.05188
     40.695        -8.27518    -0.42259    -0.80359    -7.04901
     40.845        -8.27222    -0.42256    -0.80351    -7.04615
     40.995        -8.26927    -0.42254    -0.80343    -7.04330
     41.145        -8.26633    -0.42252    -0.80335    -7.04046
     41.295        -8.26340    -0.42250    -0.80327    -7.03764
     41.445        -8.26048    -0.42248    -0.80319    -7.03481
     41.595        -8.25758    -0.42246    -0.80311    -7.03200
     41.745        -8.25468    -0.42244    -0.80304    -7.02921
     41.895        -8.25178    -0.42241    -0.80296    -7.02642
     42.045        -8.24889    -0.42238    -0.80288    -7.02363
     42.195        -8.24604    -0.42236    -0.80281    -7.02088
     42.345        -8.24317    -0.42233    -0.80273    -7.01811
     42.495        -8.24034    -0.42231    -0.80265    -7.01538
     42.645        -8.23749    -0.42229    -0.80257    -7.01263
     42.795        -8.23468    -0.42226    -0.80249    -7.00992
     42.945        -8.23187    -0.42224    -0.80242    -7.00720
     43.095        -8.22906    -0.42222    -0.80234    -7.00450
     43.245        -8.22627    -0.42219    -0.80227    -7.00181
     43.395        -8.22350    -0.42218    -0.80219    -6.99913
     43.545        -8.22074    -0.42215    -0.80212    -6.99647
     43.695        -8.21797    -0.42213    -0.80204    -6.99380
     43.845        -8.21524    -0.42211    -0.80197    -6.99116
     43.995        -8.21251    -0.42208    -0.80190    -6.98853
     44.145        -8.20981    -0.42206    -0.80183    -6.98592
     44.295        -8.20709    -0.42204    -0.80175    -6.98330
     44.445        -8.20439    -0.42201    -0.80168    -6.98070
     44.595        -8.20170    -0.42199    -0.80161    -6.97811
     44.745        -8.19902    -0.42197    -0.80153    -6.97552
     44.895        -8.19636    -0.42195    -0.80146    -6.97294
     45.045        -8.19368    -0.42193    -0.80139    -6.97037
     45.195        -8.19106    -0.42191    -0.80132    -6.96782
     45.345        -8.18841    -0.42189    -0.80125    -6.96527
     45.495        -8.18578    -0.42187    -0.80118    -6.96273
     45.645        -8.18314    -0.42185    -0.80111    -6.96019
     45.795        -8.18052    -0.42183    -0.80103    -6.95766
     45.945        -8.17789    -0.42180    -0.80097    -6.95512
     46.095        -8.17529    -0.42178    -0.80089    -6.95262
     46.245        -8.17270    -0.42176    -0.80082    -6.95012
     46.395        -8.17014    -0.42174    -0.80075    -6.94765
     46.545        -8.16756    -0.42172    -0.80068    -6.94516
     46.695        -8.16499    -0.42170    -0.80061    -6.94268
     46.845        -8.16245    -0.42168    -0.80055    -6.94023
     46.995        -8.15991    -0.42165    -0.80047    -6.93778
     47.145        -8.15737    -0.42163    -0.80041    -6.93533
     47.295        -8.15485    -0.42161    -0.80034    -6.93289
     47.445        -8.15233    -0.42160    -0.80027    -6.93046
     47.595        -8.14983    -0.42158    -0.80020    -6.92805
     47.745        -8.14732    -0.42156    -0.80013    -6.92563
     47.895        -8.14483    -0.42154    -0.80007    -6.92322
     48.045        -8.14235    -0.42152    -0.80000    -6.92083
     48.195        -8.13987    -0.42150    -0.79993    -6.91844
     48.345        -8.13740    -0.42148    -0.79987    -6.91605
     48.495        -8.13495    -0.42146    -0.79980    -6.91368
     48.645        -8.13251    -0.42144    -0.79974    -6.91133
     48.795        -8.13007    -0.42142    -0.79967    -6.90898
     48.945        -8.12764    -0.42141    -0.79961    -6.90662
     49.095        -8.12521    -0.42139    -0.79954    -6.90428
     49.245        -8.12278    -0.42137    -0.79948    -6.90193
     49.395        -8.12036    -0.42135    -0.79942    -6.89960
     49.545        -8.11797    -0.42133    -0.79935    -6.89729
     49.695        -8.11556    -0.42131    -0.79929    -6.89497
     49.845        -8.11317    -0.42129    -0.79923    -6.89265
     49.995        -8.11080    -0.42127    -0.79916    -6.89036
     50.145        -8.10843    -0.42125    -0.79910    -6.88808
     50.295        -8.10608    -0.42123    -0.79904    -6.88580
     50.445        -8.10372    -0.42121    -0.79898    -6.88353
     50.595        -8.10138    -0.42119    -0.79892    -6.88127
     50.745        -8.09905    -0.42118    -0.79885    -6.87902
     50.895        -8.09673    -0.42116    -0.79879    -6.87678
     51.045        -8.09442    -0.42113    -0.79873    -6.87456
     51.195        -8.09210    -0.42112    -0.79866    -6.87231
     51.345        -8.08980    -0.42110    -0.79860    -6.87009
     51.495        -8.08750    -0.42108    -0.79854    -6.86787
     51.645        -8.08520    -0.42106    -0.79848    -6.86566
     51.795        -8.08291    -0.42105    -0.79842    -6.86345
     51.945        -8.08064    -0.42103    -0.79836    -6.86126
     52.095        -8.07838    -0.42100    -0.79830    -6.85908
     52.245        -8.07611    -0.42099    -0.79824    -6.85689
     52.395        -8.07387    -0.42097    -0.79818    -6.85472
     52.545        -8.07163    -0.42096    -0.79811    -6.85256
     52.695        -8.06939    -0.42094    -0.79805    -6.85040
     52.845        -8.06714    -0.42092    -0.79799    -6.84823
     52.995        -8.06492    -0.42090    -0.79794    -6.84608
     53.145        -8.06270    -0.42089    -0.79787    -6.84393
     53.295        -8.06047    -0.42087    -0.79781    -6.84178
     53.445        -8.05825    -0.42085    -0.79775    -6.83965
     53.595        -8.05604    -0.42083    -0.79769    -6.83751
     53.745        -8.05384    -0.42081    -0.79764    -6.83539
     53.895        -8.05165    -0.42079    -0.79758    -6.83328
     54.045        -8.04948    -0.42078    -0.79752    -6.83118
     54.195        -8.04731    -0.42076    -0.79746    -6.82909
     54.345        -8.04515    -0.42075    -0.79741    -6.82700
     54.495        -8.04299    -0.42073    -0.79735    -6.82491
     54.645        -8.04083    -0.42071    -0.79729    -6.82282
     54.795        -8.03870    -0.42070    -0.79723    -6.82077
     54.945        -8.03654    -0.42068    -0.79717    -6.81869
     55.095        -8.03441    -0.42066    -0.79712    -6.81664
     59.433        -7.86761    -0.41933    -0.79268    -6.65561
     80.646        -7.62605    -0.41748    -0.78629    -6.42227
     111.21        -7.39318    -0.41572    -0.78021    -6.19725
     153.36        -7.16906    -0.41406    -0.77436    -5.98064
     211.49        -6.95380    -0.41243    -0.76878    -5.77259
     291.64        -6.74720    -0.41088    -0.76340    -5.57292
     402.18        -6.54913    -0.40937    -0.75829    -5.38147
     554.60        -6.35943    -0.40794    -0.75338    -5.19811
     764.80        -6.17794    -0.40655    -0.74872    -5.02268
     1054.7        -6.00431    -0.40521    -0.74424    -4.85486
     1454.4        -5.83828    -0.40390    -0.73996    -4.69442
     2005.6        -5.67942    -0.40266    -0.73589    -4.54087
     2765.8        -5.52773    -0.40146    -0.73201    -4.39426
     3814.0        -5.38275    -0.40032    -0.72829    -4.25414
     5259.5        -5.24417    -0.39923    -0.72474    -4.12020
     7252.9        -5.11182    -0.39819    -0.72137    -3.99226
     10002.        -4.98538    -0.39718    -0.71815    -3.87006
     13793.        -4.86461    -0.39621    -0.71509    -3.75331
     19020.        -4.74936    -0.39529    -0.71215    -3.64191
     26229.        -4.63934    -0.39442    -0.70934    -3.53558
     36170.        -4.53443    -0.39361    -0.70670    -3.43411
     49878.        -4.43451    -0.39284    -0.70416    -3.33750
     68782.        -4.33923    -0.39212    -0.70173    -3.24538
     94851.        -4.24847    -0.39143    -0.69941    -3.15763
    0.13080E+06    -4.16218    -0.39079    -0.69718    -3.07421
    0.18038E+06    -4.08005    -0.39018    -0.69509    -2.99478
    0.24874E+06    -4.00190    -0.38961    -0.69309    -2.91919
    0.34301E+06    -3.92770    -0.38908    -0.69118    -2.84744
    0.47302E+06    -3.85712    -0.38858    -0.68934    -2.77920
    0.65229E+06    -3.79008    -0.38811    -0.68762    -2.71435
    0.89952E+06    -3.72647    -0.38767    -0.68597    -2.65282
    0.12404E+07    -3.66597    -0.38726    -0.68441    -2.59431
    0.17106E+07    -3.60848    -0.38687    -0.68291    -2.53870
    0.23589E+07    -3.55392    -0.38651    -0.68149    -2.48592
    0.32529E+07    -3.50210    -0.38620    -0.68014    -2.43575
    0.44858E+07    -3.45288    -0.38588    -0.67887    -2.38813
    0.61860E+07    -3.40611    -0.38559    -0.67764    -2.34288
    0.85305E+07    -3.36178    -0.38532    -0.67647    -2.29999
    0.11764E+08    -3.31966    -0.38507    -0.67538    -2.25922
    0.16222E+08    -3.27960    -0.38485    -0.67432    -2.22043
    0.22370E+08    -3.24161    -0.38463    -0.67334    -2.18364
    0.30849E+08    -3.20555    -0.38443    -0.67239    -2.14873
    0.42541E+08    -3.17155    -0.38424    -0.67150    -2.11581
    0.58664E+08    -3.13962    -0.38408    -0.67064    -2.08490
    0.80898E+08    -3.10974    -0.38392    -0.66983    -2.05599
    0.11156E+09    -3.08180    -0.38378    -0.66906    -2.02896
    0.15384E+09    -3.05560    -0.38365    -0.66833    -2.00362
    0.21215E+09    -3.03103    -0.38352    -0.66765    -1.97986
    0.29255E+09    -3.00801    -0.38341    -0.66699    -1.95760
    0.40343E+09    -2.98634    -0.38331    -0.66638    -1.93665
    0.55633E+09    -2.96606    -0.38322    -0.66581    -1.91703
    0.76719E+09    -2.94758    -0.38314    -0.66528    -1.89916
    0.10580E+10    -2.93069    -0.38305    -0.66478    -1.88286
    0.14589E+10    -2.91519    -0.38297    -0.66431    -1.86790
    0.20119E+10    -2.90082    -0.38290    -0.66388    -1.85404
    0.27744E+10    -2.88763    -0.38284    -0.66347    -1.84133
    0.38259E+10    -2.87540    -0.38278    -0.66309    -1.82953
    0.52760E+10    -2.86412    -0.38274    -0.66274    -1.81865
    0.72756E+10    -2.85374    -0.38269    -0.66242    -1.80863
    0.10033E+11    -2.84412    -0.38265    -0.66212    -1.79936
    0.13836E+11    -2.83526    -0.38261    -0.66185    -1.79080
    0.19079E+11    -2.82712    -0.38258    -0.66160    -1.78294
    0.26311E+11    -2.81956    -0.38254    -0.66137    -1.77565
    0.36283E+11    -2.81260    -0.38252    -0.66115    -1.76894
    0.50034E+11    -2.80616    -0.38249    -0.66096    -1.76272
    0.68997E+11    -2.80024    -0.38246    -0.66078    -1.75700
    0.10000E+12    -2.72876    -0.38214    -0.65862    -1.68800
