    -99.945         0.00000     0.00000     0.00000     0.00000
    -99.795         0.00000     0.00000     0.00000     0.00000
    -99.645         0.00000     0.00000     0.00000     0.00000
    -99.495         0.00000     0.00000     0.00000     0.00000
    -99.345         0.00000     0.00000     0.00000     0.00000
    -99.195         0.00000     0.00000     0.00000     0.00000
    -99.045         0.00000     0.00000     0.00000     0.00000
    -98.895         0.00000     0.00000     0.00000     0.00000
    -98.745         0.00000     0.00000     0.00000     0.00000
    -98.595         0.00000     0.00000     0.00000     0.00000
    -98.445         0.00000     0.00000     0.00000     0.00000
    -98.295         0.00000     0.00000     0.00000     0.00000
    -98.145         0.00000     0.00000     0.00000     0.00000
    -97.995         0.00000     0.00000     0.00000     0.00000
    -97.845         0.00000     0.00000     0.00000     0.00000
    -97.695         0.00000     0.00000     0.00000     0.00000
    -97.545         0.00000     0.00000     0.00000     0.00000
    -97.395         0.00000     0.00000     0.00000     0.00000
    -97.245         0.00000     0.00000     0.00000     0.00000
    -97.095         0.00000     0.00000     0.00000     0.00000
    -96.945         0.00000     0.00000     0.00000     0.00000
    -96.795         0.00000     0.00000     0.00000     0.00000
    -96.645         0.00000     0.00000     0.00000     0.00000
    -96.495         0.00000     0.00000     0.00000     0.00000
    -96.345         0.00000     0.00000     0.00000     0.00000
    -96.195         0.00000     0.00000     0.00000     0.00000
    -96.045         0.00000     0.00000     0.00000     0.00000
    -95.895         0.00000     0.00000     0.00000     0.00000
    -95.745         0.00000     0.00000     0.00000     0.00000
    -95.595         0.00000     0.00000     0.00000     0.00000
    -95.445         0.00000     0.00000     0.00000     0.00000
    -95.295         0.00000     0.00000     0.00000     0.00000
    -95.145         0.00000     0.00000     0.00000     0.00000
    -94.995         0.00000     0.00000     0.00000     0.00000
    -94.845         0.00000     0.00000     0.00000     0.00000
    -94.695         0.00000     0.00000     0.00000     0.00000
    -94.545         0.00000     0.00000     0.00000     0.00000
    -94.395         0.00000     0.00000     0.00000     0.00000
    -94.245         0.00000     0.00000     0.00000     0.00000
    -94.095         0.00000     0.00000     0.00000     0.00000
    -93.945         0.00000     0.00000     0.00000     0.00000
    -93.795         0.00000     0.00000     0.00000     0.00000
    -93.645         0.00000     0.00000     0.00000     0.00000
    -93.495         0.00000     0.00000     0.00000     0.00000
    -93.345         0.00000     0.00000     0.00000     0.00000
    -93.195         0.00000     0.00000     0.00000     0.00000
    -93.045         0.00000     0.00000     0.00000     0.00000
    -92.895         0.00000     0.00000     0.00000     0.00000
    -92.745         0.00000     0.00000     0.00000     0.00000
    -92.595         0.00000     0.00000     0.00000     0.00000
    -92.445         0.00000     0.00000     0.00000     0.00000
    -92.295         0.00000     0.00000     0.00000     0.00000
    -92.145         0.00000     0.00000     0.00000     0.00000
    -91.995         0.00000     0.00000     0.00000     0.00000
    -91.845         0.00000     0.00000     0.00000     0.00000
    -91.695         0.00000     0.00000     0.00000     0.00000
    -91.545         0.00000     0.00000     0.00000     0.00000
    -91.395         0.00000     0.00000     0.00000     0.00000
    -91.245         0.00000     0.00000     0.00000     0.00000
    -91.095         0.00000     0.00000     0.00000     0.00000
    -90.945         0.00000     0.00000     0.00000     0.00000
    -90.795         0.00000     0.00000     0.00000     0.00000
    -90.645         0.00000     0.00000     0.00000     0.00000
    -90.495         0.00000     0.00000     0.00000     0.00000
    -90.345         0.00000     0.00000     0.00000     0.00000
    -90.195         0.00000     0.00000     0.00000     0.00000
    -90.045         0.00000     0.00000     0.00000     0.00000
    -89.895         0.00000     0.00000     0.00000     0.00000
    -89.745         0.00000     0.00000     0.00000     0.00000
    -89.595         0.00000     0.00000     0.00000     0.00000
    -89.445         0.00000     0.00000     0.00000     0.00000
    -89.295         0.00000     0.00000     0.00000     0.00000
    -89.145         0.00000     0.00000     0.00000     0.00000
    -88.995         0.00000     0.00000     0.00000     0.00000
    -88.845         0.00000     0.00000     0.00000     0.00000
    -88.695         0.00000     0.00000     0.00000     0.00000
    -88.545         0.00000     0.00000     0.00000     0.00000
    -88.395         0.00000     0.00000     0.00000     0.00000
    -88.245         0.00000     0.00000     0.00000     0.00000
    -88.095         0.00000     0.00000     0.00000     0.00000
    -87.945         0.00000     0.00000     0.00000     0.00000
    -87.795         0.00000     0.00000     0.00000     0.00000
    -87.645         0.00000     0.00000     0.00000     0.00000
    -87.495         0.00000     0.00000     0.00000     0.00000
    -87.345         0.00000     0.00000     0.00000     0.00000
    -87.195         0.00000     0.00000     0.00000     0.00000
    -87.045         0.00000     0.00000     0.00000     0.00000
    -86.895         0.00000     0.00000     0.00000     0.00000
    -86.745         0.00000     0.00000     0.00000     0.00000
    -86.595         0.00000     0.00000     0.00000     0.00000
    -86.445         0.00000     0.00000     0.00000     0.00000
    -86.295         0.00000     0.00000     0.00000     0.00000
    -86.145         0.00000     0.00000     0.00000     0.00000
    -85.995         0.00000     0.00000     0.00000     0.00000
    -85.845         0.00000     0.00000     0.00000     0.00000
    -85.695         0.00000     0.00000     0.00000     0.00000
    -85.545         0.00000     0.00000     0.00000     0.00000
    -85.395         0.00000     0.00000     0.00000     0.00000
    -85.245         0.00000     0.00000     0.00000     0.00000
    -85.095         0.00000     0.00000     0.00000     0.00000
    -84.945         0.00000     0.00000     0.00000     0.00000
    -84.795         0.00000     0.00000     0.00000     0.00000
    -84.645         0.00000     0.00000     0.00000     0.00000
    -84.495         0.00000     0.00000     0.00000     0.00000
    -84.345         0.00000     0.00000     0.00000     0.00000
    -84.195         0.00000     0.00000     0.00000     0.00000
    -84.045         0.00000     0.00000     0.00000     0.00000
    -83.895         0.00000     0.00000     0.00000     0.00000
    -83.745         0.00000     0.00000     0.00000     0.00000
    -83.595         0.00000     0.00000     0.00000     0.00000
    -83.445         0.00000     0.00000     0.00000     0.00000
    -83.295         0.00000     0.00000     0.00000     0.00000
    -83.145         0.00000     0.00000     0.00000     0.00000
    -82.995         0.00000     0.00000     0.00000     0.00000
    -82.845         0.00000     0.00000     0.00000     0.00000
    -82.695         0.00000     0.00000     0.00000     0.00000
    -82.545         0.00000     0.00000     0.00000     0.00000
    -82.395         0.00000     0.00000     0.00000     0.00000
    -82.245         0.00000     0.00000     0.00000     0.00000
    -82.095         0.00000     0.00000     0.00000     0.00000
    -81.945         0.00000     0.00000     0.00000     0.00000
    -81.795         0.00000     0.00000     0.00000     0.00000
    -81.645         0.00000     0.00000     0.00000     0.00000
    -81.495         0.00000     0.00000     0.00000     0.00000
    -81.345         0.00000     0.00000     0.00000     0.00000
    -81.195         0.00000     0.00000     0.00000     0.00000
    -81.045         0.00000     0.00000     0.00000     0.00000
    -80.895         0.00000     0.00000     0.00000     0.00000
    -80.745         0.00000     0.00000     0.00000     0.00000
    -80.595         0.00000     0.00000     0.00000     0.00000
    -80.445         0.00000     0.00000     0.00000     0.00000
    -80.295         0.00000     0.00000     0.00000     0.00000
    -80.145         0.00000     0.00000     0.00000     0.00000
    -79.995         0.00000     0.00000     0.00000     0.00000
    -79.845         0.00000     0.00000     0.00000     0.00000
    -79.695         0.00000     0.00000     0.00000     0.00000
    -79.545         0.00000     0.00000     0.00000     0.00000
    -79.395         0.00000     0.00000     0.00000     0.00000
    -79.245         0.00000     0.00000     0.00000     0.00000
    -79.095         0.00000     0.00000     0.00000     0.00000
    -78.945         0.00000     0.00000     0.00000     0.00000
    -78.795         0.00000     0.00000     0.00000     0.00000
    -78.645         0.00000     0.00000     0.00000     0.00000
    -78.495         0.00000     0.00000     0.00000     0.00000
    -78.345         0.00000     0.00000     0.00000     0.00000
    -78.195         0.00000     0.00000     0.00000     0.00000
    -78.045         0.00000     0.00000     0.00000     0.00000
    -77.895         0.00000     0.00000     0.00000     0.00000
    -77.745         0.00000     0.00000     0.00000     0.00000
    -77.595         0.00000     0.00000     0.00000     0.00000
    -77.445         0.00000     0.00000     0.00000     0.00000
    -77.295         0.00000     0.00000     0.00000     0.00000
    -77.145         0.00000     0.00000     0.00000     0.00000
    -76.995         0.00000     0.00000     0.00000     0.00000
    -76.845         0.00000     0.00000     0.00000     0.00000
    -76.695         0.00000     0.00000     0.00000     0.00000
    -76.545         0.00000     0.00000     0.00000     0.00000
    -76.395         0.00000     0.00000     0.00000     0.00000
    -76.245         0.00000     0.00000     0.00000     0.00000
    -76.095         0.00000     0.00000     0.00000     0.00000
    -75.945         0.00000     0.00000     0.00000     0.00000
    -75.795         0.00000     0.00000     0.00000     0.00000
    -75.645         0.00000     0.00000     0.00000     0.00000
    -75.495         0.00000     0.00000     0.00000     0.00000
    -75.345         0.00000     0.00000     0.00000     0.00000
    -75.195         0.00000     0.00000     0.00000     0.00000
    -75.045         0.00000     0.00000     0.00000     0.00000
    -74.895         0.00000     0.00000     0.00000     0.00000
    -74.745         0.00000     0.00000     0.00000     0.00000
    -74.595         0.00000     0.00000     0.00000     0.00000
    -74.445         0.00000     0.00000     0.00000     0.00000
    -74.295         0.00000     0.00000     0.00000     0.00000
    -74.145         0.00000     0.00000     0.00000     0.00000
    -73.995         0.00000     0.00000     0.00000     0.00000
    -73.845         0.00000     0.00000     0.00000     0.00000
    -73.695         0.00000     0.00000     0.00000     0.00000
    -73.545         0.00000     0.00000     0.00000     0.00000
    -73.395         0.00000     0.00000     0.00000     0.00000
    -73.245         0.00000     0.00000     0.00000     0.00000
    -73.095         0.00000     0.00000     0.00000     0.00000
    -72.945         0.00000     0.00000     0.00000     0.00000
    -72.795         0.00000     0.00000     0.00000     0.00000
    -72.645         0.00000     0.00000     0.00000     0.00000
    -72.495         0.00000     0.00000     0.00000     0.00000
    -72.345         0.00000     0.00000     0.00000     0.00000
    -72.195         0.00000     0.00000     0.00000     0.00000
    -72.045         0.00000     0.00000     0.00000     0.00000
    -71.895         0.00000     0.00000     0.00000     0.00000
    -71.745         0.00000     0.00000     0.00000     0.00000
    -71.595         0.00000     0.00000     0.00000     0.00000
    -71.445         0.00000     0.00000     0.00000     0.00000
    -71.295         0.00000     0.00000     0.00000     0.00000
    -71.145         0.00000     0.00000     0.00000     0.00000
    -70.995         0.00000     0.00000     0.00000     0.00000
    -70.845         0.00000     0.00000     0.00000     0.00000
    -70.695         0.00000     0.00000     0.00000     0.00000
    -70.545         0.00000     0.00000     0.00000     0.00000
    -70.395         0.00000     0.00000     0.00000     0.00000
    -70.245         0.00000     0.00000     0.00000     0.00000
    -70.095         0.00000     0.00000     0.00000     0.00000
    -69.945         0.00000     0.00000     0.00000     0.00000
    -69.795         0.00000     0.00000     0.00000     0.00000
    -69.645         0.00000     0.00000     0.00000     0.00000
    -69.495         0.00000     0.00000     0.00000     0.00000
    -69.345         0.00000     0.00000     0.00000     0.00000
    -69.195         0.00000     0.00000     0.00000     0.00000
    -69.045         0.00000     0.00000     0.00000     0.00000
    -68.895         0.00000     0.00000     0.00000     0.00000
    -68.745         0.00000     0.00000     0.00000     0.00000
    -68.595         0.00000     0.00000     0.00000     0.00000
    -68.445         0.00000     0.00000     0.00000     0.00000
    -68.295         0.00000     0.00000     0.00000     0.00000
    -68.145         0.00000     0.00000     0.00000     0.00000
    -67.995         0.00000     0.00000     0.00000     0.00000
    -67.845         0.00000     0.00000     0.00000     0.00000
    -67.695         0.00000     0.00000     0.00000     0.00000
    -67.545         0.00000     0.00000     0.00000     0.00000
    -67.395         0.00000     0.00000     0.00000     0.00000
    -67.245         0.00000     0.00000     0.00000     0.00000
    -67.095         0.00000     0.00000     0.00000     0.00000
    -66.945         0.00000     0.00000     0.00000     0.00000
    -66.795         0.00000     0.00000     0.00000     0.00000
    -66.645         0.00000     0.00000     0.00000     0.00000
    -66.495         0.00000     0.00000     0.00000     0.00000
    -66.345         0.00000     0.00000     0.00000     0.00000
    -66.195         0.00000     0.00000     0.00000     0.00000
    -66.045         0.00000     0.00000     0.00000     0.00000
    -65.895         0.00000     0.00000     0.00000     0.00000
    -65.745         0.00000     0.00000     0.00000     0.00000
    -65.595         0.00000     0.00000     0.00000     0.00000
    -65.445         0.00000     0.00000     0.00000     0.00000
    -65.295         0.00000     0.00000     0.00000     0.00000
    -65.145         0.00000     0.00000     0.00000     0.00000
    -64.995         0.00000     0.00000     0.00000     0.00000
    -64.845         0.00000     0.00000     0.00000     0.00000
    -64.695         0.00000     0.00000     0.00000     0.00000
    -64.545         0.00000     0.00000     0.00000     0.00000
    -64.395         0.00000     0.00000     0.00000     0.00000
    -64.245         0.00000     0.00000     0.00000     0.00000
    -64.095         0.00000     0.00000     0.00000     0.00000
    -63.945         0.00000     0.00000     0.00000     0.00000
    -63.795         0.00000     0.00000     0.00000     0.00000
    -63.645         0.00000     0.00000     0.00000     0.00000
    -63.495         0.00000     0.00000     0.00000     0.00000
    -63.345         0.00000     0.00000     0.00000     0.00000
    -63.195         0.00000     0.00000     0.00000     0.00000
    -63.045         0.00000     0.00000     0.00000     0.00000
    -62.895         0.00000     0.00000     0.00000     0.00000
    -62.745         0.00000     0.00000     0.00000     0.00000
    -62.595         0.00000     0.00000     0.00000     0.00000
    -62.445         0.00000     0.00000     0.00000     0.00000
    -62.295         0.00000     0.00000     0.00000     0.00000
    -62.145         0.00000     0.00000     0.00000     0.00000
    -61.995         0.00000     0.00000     0.00000     0.00000
    -61.845         0.00000     0.00000     0.00000     0.00000
    -61.695         0.00000     0.00000     0.00000     0.00000
    -61.545         0.00000     0.00000     0.00000     0.00000
    -61.395         0.00000     0.00000     0.00000     0.00000
    -61.245         0.00000     0.00000     0.00000     0.00000
    -61.095         0.00000     0.00000     0.00000     0.00000
    -60.945         0.00000     0.00000     0.00000     0.00000
    -60.795         0.00000     0.00000     0.00000     0.00000
    -60.645         0.00000     0.00000     0.00000     0.00000
    -60.495         0.00000     0.00000     0.00000     0.00000
    -60.345         0.00000     0.00000     0.00000     0.00000
    -60.195         0.00000     0.00000     0.00000     0.00000
    -60.045         0.00000     0.00000     0.00000     0.00000
    -59.895         0.00000     0.00000     0.00000     0.00000
    -59.745         0.00000     0.00000     0.00000     0.00000
    -59.595         0.00000     0.00000     0.00000     0.00000
    -59.445         0.00000     0.00000     0.00000     0.00000
    -59.295         0.00000     0.00000     0.00000     0.00000
    -59.145         0.00000     0.00000     0.00000     0.00000
    -58.995         0.00000     0.00000     0.00000     0.00000
    -58.845         0.00000     0.00000     0.00000     0.00000
    -58.695         0.00000     0.00000     0.00000     0.00000
    -58.545         0.00000     0.00000     0.00000     0.00000
    -58.395         0.00000     0.00000     0.00000     0.00000
    -58.245         0.00000     0.00000     0.00000     0.00000
    -58.095         0.00000     0.00000     0.00000     0.00000
    -57.945         0.00000     0.00000     0.00000     0.00000
    -57.795         0.00000     0.00000     0.00000     0.00000
    -57.645         0.00000     0.00000     0.00000     0.00000
    -57.495         0.00000     0.00000     0.00000     0.00000
    -57.345         0.00000     0.00000     0.00000     0.00000
    -57.195         0.00000     0.00000     0.00000     0.00000
    -57.045         0.00000     0.00000     0.00000     0.00000
    -56.895         0.00000     0.00000     0.00000     0.00000
    -56.745         0.00000     0.00000     0.00000     0.00000
    -56.595         0.00000     0.00000     0.00000     0.00000
    -56.445         0.00000     0.00000     0.00000     0.00000
    -56.295         0.00000     0.00000     0.00000     0.00000
    -56.145         0.00000     0.00000     0.00000     0.00000
    -55.995         0.00000     0.00000     0.00000     0.00000
    -55.845         0.00000     0.00000     0.00000     0.00000
    -55.695         0.00000     0.00000     0.00000     0.00000
    -55.545         0.00000     0.00000     0.00000     0.00000
    -55.395         0.00000     0.00000     0.00000     0.00000
    -55.245         0.00000     0.00000     0.00000     0.00000
    -55.095         0.00000     0.00000     0.00000     0.00000
    -54.945         0.00000     0.00000     0.00000     0.00000
    -54.795         0.00000     0.00000     0.00000     0.00000
    -54.645         0.00000     0.00000     0.00000     0.00000
    -54.495         0.00000     0.00000     0.00000     0.00000
    -54.345         0.00000     0.00000     0.00000     0.00000
    -54.195         0.00000     0.00000     0.00000     0.00000
    -54.045         0.00000     0.00000     0.00000     0.00000
    -53.895         0.00000     0.00000     0.00000     0.00000
    -53.745         0.00000     0.00000     0.00000     0.00000
    -53.595         0.00000     0.00000     0.00000     0.00000
    -53.445         0.00000     0.00000     0.00000     0.00000
    -53.295         0.00000     0.00000     0.00000     0.00000
    -53.145         0.00000     0.00000     0.00000     0.00000
    -52.995         0.00000     0.00000     0.00000     0.00000
    -52.845         0.00000     0.00000     0.00000     0.00000
    -52.695         0.00000     0.00000     0.00000     0.00000
    -52.545         0.00000     0.00000     0.00000     0.00000
    -52.395         0.00000     0.00000     0.00000     0.00000
    -52.245         0.00000     0.00000     0.00000     0.00000
    -52.095         0.00000     0.00000     0.00000     0.00000
    -51.945         0.00000     0.00000     0.00000     0.00000
    -51.795         0.00000     0.00000     0.00000     0.00000
    -51.645         0.00000     0.00000     0.00000     0.00000
    -51.495         0.00000     0.00000     0.00000     0.00000
    -51.345         0.00000     0.00000     0.00000     0.00000
    -51.195         0.00000     0.00000     0.00000     0.00000
    -51.045         0.00000     0.00000     0.00000     0.00000
    -50.895         0.00000     0.00000     0.00000     0.00000
    -50.745         0.00000     0.00000     0.00000     0.00000
    -50.595         0.00000     0.00000     0.00000     0.00000
    -50.445         0.00000     0.00000     0.00000     0.00000
    -50.295         0.00000     0.00000     0.00000     0.00000
    -50.145         0.00000     0.00000     0.00000     0.00000
    -49.995         0.00000     0.00000     0.00000     0.00000
    -49.845         0.00000     0.00000     0.00000     0.00000
    -49.695         0.00000     0.00000     0.00000     0.00000
    -49.545         0.00000     0.00000     0.00000     0.00000
    -49.395         0.00000     0.00000     0.00000     0.00000
    -49.245         0.00000     0.00000     0.00000     0.00000
    -49.095         0.00000     0.00000     0.00000     0.00000
    -48.945         0.00000     0.00000     0.00000     0.00000
    -48.795         0.00000     0.00000     0.00000     0.00000
    -48.645         0.00000     0.00000     0.00000     0.00000
    -48.495         0.00000     0.00000     0.00000     0.00000
    -48.345         0.00000     0.00000     0.00000     0.00000
    -48.195         0.00000     0.00000     0.00000     0.00000
    -48.045         0.00000     0.00000     0.00000     0.00000
    -47.895         0.00000     0.00000     0.00000     0.00000
    -47.745         0.00000     0.00000     0.00000     0.00000
    -47.595         0.00000     0.00000     0.00000     0.00000
    -47.445         0.00000     0.00000     0.00000     0.00000
    -47.295         0.00000     0.00000     0.00000     0.00000
    -47.145         0.00000     0.00000     0.00000     0.00000
    -46.995         0.00000     0.00000     0.00000     0.00000
    -46.845         0.00000     0.00000     0.00000     0.00000
    -46.695         0.00000     0.00000     0.00000     0.00000
    -46.545         0.00000     0.00000     0.00000     0.00000
    -46.395         0.00000     0.00000     0.00000     0.00000
    -46.245         0.00000     0.00000     0.00000     0.00000
    -46.095         0.00000     0.00000     0.00000     0.00000
    -45.945         0.00000     0.00000     0.00000     0.00000
    -45.795         0.00000     0.00000     0.00000     0.00000
    -45.645         0.00000     0.00000     0.00000     0.00000
    -45.495         0.00000     0.00000     0.00000     0.00000
    -45.345         0.00000     0.00000     0.00000     0.00000
    -45.195         0.00000     0.00000     0.00000     0.00000
    -45.045         0.00000     0.00000     0.00000     0.00000
    -44.895         0.00000     0.00000     0.00000     0.00000
    -44.745         0.00000     0.00000     0.00000     0.00000
    -44.595         0.00000     0.00000     0.00000     0.00000
    -44.445         0.00000     0.00000     0.00000     0.00000
    -44.295         0.00000     0.00000     0.00000     0.00000
    -44.145         0.00000     0.00000     0.00000     0.00000
    -43.995         0.00000     0.00000     0.00000     0.00000
    -43.845         0.00000     0.00000     0.00000     0.00000
    -43.695         0.00000     0.00000     0.00000     0.00000
    -43.545         0.00000     0.00000     0.00000     0.00000
    -43.395         0.00000     0.00000     0.00000     0.00000
    -43.245         0.00000     0.00000     0.00000     0.00000
    -43.095         0.00000     0.00000     0.00000     0.00000
    -42.945         0.00000     0.00000     0.00000     0.00000
    -42.795         0.00000     0.00000     0.00000     0.00000
    -42.645         0.00000     0.00000     0.00000     0.00000
    -42.495         0.00000     0.00000     0.00000     0.00000
    -42.345         0.00000     0.00000     0.00000     0.00000
    -42.195         0.00000     0.00000     0.00000     0.00000
    -42.045         0.00000     0.00000     0.00000     0.00000
    -41.895         0.00000     0.00000     0.00000     0.00000
    -41.745         0.00000     0.00000     0.00000     0.00000
    -41.595         0.00000     0.00000     0.00000     0.00000
    -41.445         0.00000     0.00000     0.00000     0.00000
    -41.295         0.00000     0.00000     0.00000     0.00000
    -41.145         0.00000     0.00000     0.00000     0.00000
    -40.995         0.00000     0.00000     0.00000     0.00000
    -40.845         0.00000     0.00000     0.00000     0.00000
    -40.695         0.00000     0.00000     0.00000     0.00000
    -40.545         0.00000     0.00000     0.00000     0.00000
    -40.395         0.00000     0.00000     0.00000     0.00000
    -40.245         0.00000     0.00000     0.00000     0.00000
    -40.095         0.00000     0.00000     0.00000     0.00000
    -39.945         0.00000     0.00000     0.00000     0.00000
    -39.795         0.00000     0.00000     0.00000     0.00000
    -39.645         0.00000     0.00000     0.00000     0.00000
    -39.495         0.00000     0.00000     0.00000     0.00000
    -39.345         0.00000     0.00000     0.00000     0.00000
    -39.195         0.00000     0.00000     0.00000     0.00000
    -39.045         0.00000     0.00000     0.00000     0.00000
    -38.895         0.00000     0.00000     0.00000     0.00000
    -38.745         0.00000     0.00000     0.00000     0.00000
    -38.595         0.00000     0.00000     0.00000     0.00000
    -38.445         0.00000     0.00000     0.00000     0.00000
    -38.295         0.00000     0.00000     0.00000     0.00000
    -38.145         0.00000     0.00000     0.00000     0.00000
    -37.995         0.00000     0.00000     0.00000     0.00000
    -37.845         0.00000     0.00000     0.00000     0.00000
    -37.695         0.00000     0.00000     0.00000     0.00000
    -37.545         0.00000     0.00000     0.00000     0.00000
    -37.395         0.00000     0.00000     0.00000     0.00000
    -37.245         0.00000     0.00000     0.00000     0.00000
    -37.095         0.00000     0.00000     0.00000     0.00000
    -36.945         0.00000     0.00000     0.00000     0.00000
    -36.795         0.00000     0.00000     0.00000     0.00000
    -36.645         0.00000     0.00000     0.00000     0.00000
    -36.495         0.00000     0.00000     0.00000     0.00000
    -36.345         0.00000     0.00000     0.00000     0.00000
    -36.195         0.00000     0.00000     0.00000     0.00000
    -36.045         0.00000     0.00000     0.00000     0.00000
    -35.895         0.00000     0.00000     0.00000     0.00000
    -35.745         0.00000     0.00000     0.00000     0.00000
    -35.595         0.00000     0.00000     0.00000     0.00000
    -35.445         0.00000     0.00000     0.00000     0.00000
    -35.295         0.00000     0.00000     0.00000     0.00000
    -35.145         0.00000     0.00000     0.00000     0.00000
    -34.995         0.00000     0.00000     0.00000     0.00000
    -34.845         0.00000     0.00000     0.00000     0.00000
    -34.695         0.00000     0.00000     0.00000     0.00000
    -34.545         0.00000     0.00000     0.00000     0.00000
    -34.395         0.00000     0.00000     0.00000     0.00000
    -34.245         0.00000     0.00000     0.00000     0.00000
    -34.095         0.00000     0.00000     0.00000     0.00000
    -33.945         0.00000     0.00000     0.00000     0.00000
    -33.795         0.00000     0.00000     0.00000     0.00000
    -33.645         0.00000     0.00000     0.00000     0.00000
    -33.495         0.00000     0.00000     0.00000     0.00000
    -33.345         0.00000     0.00000     0.00000     0.00000
    -33.195         0.00000     0.00000     0.00000     0.00000
    -33.045         0.00000     0.00000     0.00000     0.00000
    -32.895         0.00000     0.00000     0.00000     0.00000
    -32.745         0.00000     0.00000     0.00000     0.00000
    -32.595         0.00000     0.00000     0.00000     0.00000
    -32.445         0.00000     0.00000     0.00000     0.00000
    -32.295         0.00000     0.00000     0.00000     0.00000
    -32.145         0.00000     0.00000     0.00000     0.00000
    -31.995         0.00000     0.00000     0.00000     0.00000
    -31.845         0.00000     0.00000     0.00000     0.00000
    -31.695         0.00000     0.00000     0.00000     0.00000
    -31.545         0.00000     0.00000     0.00000     0.00000
    -31.395         0.00000     0.00000     0.00000     0.00000
    -31.245         0.00000     0.00000     0.00000     0.00000
    -31.095         0.00000     0.00000     0.00000     0.00000
    -30.945         0.00000     0.00000     0.00000     0.00000
    -30.795         0.00000     0.00000     0.00000     0.00000
    -30.645         0.00000     0.00000     0.00000     0.00000
    -30.495         0.00000     0.00000     0.00000     0.00000
    -30.345         0.00000     0.00000     0.00000     0.00000
    -30.195         0.00000     0.00000     0.00000     0.00000
    -30.045         0.00000     0.00000     0.00000     0.00000
    -29.895         0.00000     0.00000     0.00000     0.00000
    -29.745         0.00000     0.00000     0.00000     0.00000
    -29.595         0.00000     0.00000     0.00000     0.00000
    -29.445         0.00000     0.00000     0.00000     0.00000
    -29.295         0.00000     0.00000     0.00000     0.00000
    -29.145         0.00000     0.00000     0.00000     0.00000
    -28.995         0.00000     0.00000     0.00000     0.00000
    -28.845         0.00000     0.00000     0.00000     0.00000
    -28.695         0.00000     0.00000     0.00000     0.00000
    -28.545         0.00000     0.00000     0.00000     0.00000
    -28.395         0.00000     0.00000     0.00000     0.00000
    -28.245         0.00000     0.00000     0.00000     0.00000
    -28.095         0.00000     0.00000     0.00000     0.00000
    -27.945         0.00000     0.00000     0.00000     0.00000
    -27.795         0.00000     0.00000     0.00000     0.00000
    -27.645         0.00000     0.00000     0.00000     0.00000
    -27.495         0.00000     0.00000     0.00000     0.00000
    -27.345         0.00000     0.00000     0.00000     0.00000
    -27.195         0.00000     0.00000     0.00000     0.00000
    -27.045         0.00000     0.00000     0.00000     0.00000
    -26.895         0.00000     0.00000     0.00000     0.00000
    -26.745         0.00000     0.00000     0.00000     0.00000
    -26.595         0.00000     0.00000     0.00000     0.00000
    -26.445         0.00000     0.00000     0.00000     0.00000
    -26.295         0.00000     0.00000     0.00000     0.00000
    -26.145         0.00000     0.00000     0.00000     0.00000
    -25.995         0.00000     0.00000     0.00000     0.00000
    -25.845         0.00000     0.00000     0.00000     0.00000
    -25.695         0.00000     0.00000     0.00000     0.00000
    -25.545         0.00000     0.00000     0.00000     0.00000
    -25.395         0.00000     0.00000     0.00000     0.00000
    -25.245         0.00000     0.00000     0.00000     0.00000
    -25.095         0.00000     0.00000     0.00000     0.00000
    -24.945         0.00000     0.00000     0.00000     0.00000
    -24.795         0.00000     0.00000     0.00000     0.00000
    -24.645         0.00000     0.00000     0.00000     0.00000
    -24.495         0.00000     0.00000     0.00000     0.00000
    -24.345         0.00000     0.00000     0.00000     0.00000
    -24.195         0.00000     0.00000     0.00000     0.00000
    -24.045         0.00000     0.00000     0.00000     0.00000
    -23.895         0.00000     0.00000     0.00000     0.00000
    -23.745         0.00000     0.00000     0.00000     0.00000
    -23.595         0.00000     0.00000     0.00000     0.00000
    -23.445         0.00000     0.00000     0.00000     0.00000
    -23.295         0.00000     0.00000     0.00000     0.00000
    -23.145         0.00000     0.00000     0.00000     0.00000
    -22.995         0.00000     0.00000     0.00000     0.00000
    -22.845         0.00000     0.00000     0.00000     0.00000
    -22.695         0.00000     0.00000     0.00000     0.00000
    -22.545         0.00000     0.00000     0.00000     0.00000
    -22.395         0.00000     0.00000     0.00000     0.00000
    -22.245         0.00000     0.00000     0.00000     0.00000
    -22.095         0.00000     0.00000     0.00000     0.00000
    -21.945         0.00000     0.00000     0.00000     0.00000
    -21.795         0.00000     0.00000     0.00000     0.00000
    -21.645         0.00000     0.00000     0.00000     0.00000
    -21.495         0.00000     0.00000     0.00000     0.00000
    -21.345         0.00000     0.00000     0.00000     0.00000
    -21.195         0.00000     0.00000     0.00000     0.00000
    -21.045         0.00000     0.00000     0.00000     0.00000
    -20.895         0.00000     0.00000     0.00000     0.00000
    -20.745         0.00000     0.00000     0.00000     0.00000
    -20.595         0.00000     0.00000     0.00000     0.00000
    -20.445         0.00000     0.00000     0.00000     0.00000
    -20.295         0.00000     0.00000     0.00000     0.00000
    -20.145         0.00000     0.00000     0.00000     0.00000
    -19.995         0.00000     0.00000     0.00000     0.00000
    -19.845         0.00000     0.00000     0.00000     0.00000
    -19.695         0.00000     0.00000     0.00000     0.00000
    -19.545         0.00000     0.00000     0.00000     0.00000
    -19.395         0.00000     0.00000     0.00000     0.00000
    -19.245         0.00000     0.00000     0.00000     0.00000
    -19.095         0.00000     0.00000     0.00000     0.00000
    -18.945         0.00000     0.00000     0.00000     0.00000
    -18.795         0.00000     0.00000     0.00000     0.00000
    -18.645         0.00000     0.00000     0.00000     0.00000
    -18.495         0.00000     0.00000     0.00000     0.00000
    -18.345         0.00000     0.00000     0.00000     0.00000
    -18.195         0.00000     0.00000     0.00000     0.00000
    -18.045         0.00000     0.00000     0.00000     0.00000
    -17.895         0.00000     0.00000     0.00000     0.00000
    -17.745         0.00000     0.00000     0.00000     0.00000
    -17.595         0.00000     0.00000     0.00000     0.00000
    -17.445         0.00000     0.00000     0.00000     0.00000
    -17.295         0.00000     0.00000     0.00000     0.00000
    -17.145         0.00000     0.00000     0.00000     0.00000
    -16.995         0.00000     0.00000     0.00000     0.00000
    -16.845         0.00000     0.00000     0.00000     0.00000
    -16.695         0.00000     0.00000     0.00000     0.00000
    -16.545         0.00000     0.00000     0.00000     0.00000
    -16.395         0.00000     0.00000     0.00000     0.00000
    -16.245         0.00000     0.00000     0.00000     0.00000
    -16.095         0.00000     0.00000     0.00000     0.00000
    -15.945         0.00000     0.00000     0.00000     0.00000
    -15.795         0.00000     0.00000     0.00000     0.00000
    -15.645         0.00000     0.00000     0.00000     0.00000
    -15.495         0.00000     0.00000     0.00000     0.00000
    -15.345         0.00000     0.00000     0.00000     0.00000
    -15.195         0.00000     0.00000     0.00000     0.00000
    -15.045         0.00000     0.00000     0.00000     0.00000
    -14.895         0.00000     0.00000     0.00000     0.00000
    -14.745         0.00000     0.00000     0.00000     0.00000
    -14.595         0.00000     0.00000     0.00000     0.00000
    -14.445         0.00000     0.00000     0.00000     0.00000
    -14.295         0.00000     0.00000     0.00000     0.00000
    -14.145         0.00000     0.00000     0.00000     0.00000
    -13.995         0.00000     0.00000     0.00000     0.00000
    -13.845         0.00000     0.00000     0.00000     0.00000
    -13.695         0.00000     0.00000     0.00000     0.00000
    -13.545         0.00000     0.00000     0.00000     0.00000
    -13.395         0.00000     0.00000     0.00000     0.00000
    -13.245         0.00000     0.00000     0.00000     0.00000
    -13.095         0.00000     0.00000     0.00000     0.00000
    -12.945         0.00000     0.00000     0.00000     0.00000
    -12.795         0.00000     0.00000     0.00000     0.00000
    -12.645         0.00000     0.00000     0.00000     0.00000
    -12.495         0.00000     0.00000     0.00000     0.00000
    -12.345         0.00000     0.00000     0.00000     0.00000
    -12.195         0.00000     0.00000     0.00000     0.00000
    -12.045         0.00000     0.00000     0.00000     0.00000
    -11.895         0.00000     0.00000     0.00000     0.00000
    -11.745         0.00000     0.00000     0.00000     0.00000
    -11.595         0.00000     0.00000     0.00000     0.00000
    -11.445         0.00000     0.00000     0.00000     0.00000
    -11.295         0.00000     0.00000     0.00000     0.00000
    -11.145         0.00000     0.00000     0.00000     0.00000
    -10.995         0.00000     0.00000     0.00000     0.00000
    -10.845         0.00000     0.00000     0.00000     0.00000
    -10.695         0.00000     0.00000     0.00000     0.00000
    -10.545         0.00000     0.00000     0.00000     0.00000
    -10.395         0.00000     0.00000     0.00000     0.00000
    -10.245         0.00000     0.00000     0.00000     0.00000
    -10.095         0.00000     0.00000     0.00000     0.00000
    -9.9450         0.00000     0.00000     0.00000     0.00000
    -9.7950         0.00000     0.00000     0.00000     0.00000
    -9.6450         0.00000     0.00000     0.00000     0.00000
    -9.4950         0.00000     0.00000     0.00000     0.00000
    -9.3450         0.00000     0.00000     0.00000     0.00000
    -9.1950         0.00000     0.00000     0.00000     0.00000
    -9.0450         0.00000     0.00000     0.00000     0.00000
    -8.8950         0.00000     0.00000     0.00000     0.00000
    -8.7450         0.00000     0.00000     0.00000     0.00000
    -8.5950         0.00000     0.00000     0.00000     0.00000
    -8.4450         0.00000     0.00000     0.00000     0.00000
    -8.2950         0.00000     0.00000     0.00000     0.00000
    -8.1450         0.00000     0.00000     0.00000     0.00000
    -7.9950         0.00000     0.00000     0.00000     0.00000
    -7.8450         0.00000     0.00000     0.00000     0.00000
    -7.6950         0.00000     0.00000     0.00000     0.00000
    -7.5450         0.00000     0.00000     0.00000     0.00000
    -7.3950         0.00000     0.00000     0.00000     0.00000
    -7.2450         0.00000     0.00000     0.00000     0.00000
    -7.0950         0.00000     0.00000     0.00000     0.00000
    -6.9450         0.00000     0.00000     0.00000     0.00000
    -6.7950         0.00000     0.00000     0.00000     0.00000
    -6.6450         0.00000     0.00000     0.00000     0.00000
    -6.4950         0.00000     0.00000     0.00000     0.00000
    -6.3450         0.00000     0.00000     0.00000     0.00000
    -6.1950         0.00000     0.00000     0.00000     0.00000
    -6.0450         0.00000     0.00000     0.00000     0.00000
    -5.8950         0.00000     0.00000     0.00000     0.00000
    -5.7450         0.00000     0.00000     0.00000     0.00000
    -5.5950         0.00000     0.00000     0.00000     0.00000
    -5.4450         0.00000     0.00000     0.00000     0.00000
    -5.2950         0.00000     0.00000     0.00000     0.00000
    -5.1450         0.00000     0.00000     0.00000     0.00000
    -4.9950         0.00000     0.00000     0.00000     0.00000
    -4.8450         0.00000     0.00000     0.00000     0.00000
    -4.6950         0.00000     0.00000     0.00000     0.00000
    -4.5450         0.00000     0.00000     0.00000     0.00000
    -4.3950         0.00000     0.00000     0.00000     0.00000
    -4.2450         0.00000     0.00000     0.00000     0.00000
    -4.0950         0.00000     0.00000     0.00000     0.00000
    -3.9450         0.00000     0.00000     0.00000     0.00000
    -3.7950         0.00000     0.00000     0.00000     0.00000
    -3.6450         0.00000     0.00000     0.00000     0.00000
    -3.4950         0.00000     0.00000     0.00000     0.00000
    -3.3450         0.00000     0.00000     0.00000     0.00000
    -3.1950         0.00000     0.00000     0.00000     0.00000
    -3.0450        -0.00000    -0.00000     0.00000     0.00000
    -2.8950        -0.00000    -0.00000     0.00000     0.00000
    -2.7450        -0.00000    -0.00000     0.00000     0.00000
    -2.5950        -0.00000    -0.00000     0.00000     0.00000
    -2.4450        -0.00000    -0.00000     0.00000     0.00000
    -2.2950        -0.00001    -0.00001     0.00000     0.00000
    -2.1450        -0.00001    -0.00001     0.00000     0.00000
    -1.9950        -0.00002    -0.00002     0.00000     0.00000
    -1.8450        -0.00003    -0.00003     0.00000     0.00000
    -1.6950        -0.00005    -0.00005     0.00000     0.00000
    -1.5450        -0.00013    -0.00008     0.00000    -0.00005
    -1.3950        -0.00030    -0.00011     0.00000    -0.00020
    -1.2450        -0.00216    -0.00012     0.00000    -0.00204
    -1.0950        -0.00886    -0.00061     0.00000    -0.00825
   -0.94500        -0.03451    -0.00174     0.00001    -0.03279
   -0.79500        -0.13138    -0.00376    -0.00072    -0.12690
   -0.64500        -0.59890    -0.00823    -0.01226    -0.57841
   -0.49500        -2.29802    -0.01572    -0.06915    -2.21314
   -0.34500        -5.12270    -0.03061    -0.16079    -4.93130
   -0.22700        -5.96597    -0.03745    -0.18626    -5.74226
   -0.21300        -6.05786    -0.03836    -0.18937    -5.83013
   -0.20700        -6.14920    -0.03933    -0.19209    -5.91778
   -0.20100        -6.24077    -0.04022    -0.19495    -6.00559
   -0.19500        -6.32966    -0.04126    -0.19785    -6.09055
   -0.18900        -6.41673    -0.04230    -0.20075    -6.17368
   -0.18300        -6.50436    -0.04337    -0.20355    -6.25744
   -0.17700        -6.59157    -0.04452    -0.20643    -6.34063
   -0.17100        -6.67773    -0.04573    -0.20931    -6.42269
   -0.16500        -6.76374    -0.04705    -0.21203    -6.50465
   -0.15900        -6.84960    -0.04839    -0.21490    -6.58631
   -0.15300        -6.93578    -0.04989    -0.21796    -6.66794
   -0.14700        -7.02239    -0.05130    -0.22109    -6.75001
   -0.14100        -7.10948    -0.05280    -0.22429    -6.83240
   -0.13500        -7.19582    -0.05437    -0.22749    -6.91396
   -0.12900        -7.28443    -0.05591    -0.23091    -6.99761
   -0.12300        -7.37278    -0.05772    -0.23455    -7.08051
   -0.11700        -7.46257    -0.05952    -0.23808    -7.16497
   -0.11100        -7.55369    -0.06143    -0.24188    -7.25038
   -0.10500        -7.64685    -0.06365    -0.24571    -7.33749
   -0.99000E-01    -7.74253    -0.06594    -0.24962    -7.42696
   -0.93000E-01    -7.84028    -0.06849    -0.25390    -7.51789
   -0.87000E-01    -7.94197    -0.07113    -0.25855    -7.61229
   -0.81000E-01    -8.04721    -0.07394    -0.26333    -7.70994
   -0.75000E-01    -8.15723    -0.07717    -0.26830    -7.81175
   -0.69000E-01    -8.27338    -0.08059    -0.27376    -7.91903
   -0.63000E-01    -8.39618    -0.08435    -0.27950    -8.03233
   -0.57000E-01    -8.52779    -0.08849    -0.28569    -8.15361
   -0.51000E-01    -8.67067    -0.09325    -0.29231    -8.28511
   -0.45000E-01    -8.82636    -0.09862    -0.29984    -8.42790
   -0.39000E-01    -8.99706    -0.10487    -0.30832    -8.58387
   -0.33000E-01    -9.18519    -0.11228    -0.31860    -8.75430
   -0.27000E-01    -9.39559    -0.12158    -0.33189    -8.94212
   -0.21300E-01    -9.55470    -0.12936    -0.34383    -9.08151
   -0.19500E-01    -9.57938    -0.13065    -0.34596    -9.10277
   -0.18900E-01    -9.60455    -0.13194    -0.34813    -9.12447
   -0.18300E-01    -9.63013    -0.13330    -0.35040    -9.14642
   -0.17700E-01    -9.65594    -0.13470    -0.35275    -9.16848
   -0.17100E-01    -9.68247    -0.13613    -0.35532    -9.19102
   -0.16500E-01    -9.70952    -0.13763    -0.35800    -9.21389
   -0.15900E-01    -9.73698    -0.13917    -0.36087    -9.23694
   -0.15300E-01    -9.76506    -0.14074    -0.36381    -9.26051
   -0.14700E-01    -9.79395    -0.14240    -0.36700    -9.28456
   -0.14100E-01    -9.82345    -0.14412    -0.37045    -9.30888
   -0.13500E-01    -9.85371    -0.14590    -0.37418    -9.33362
   -0.12900E-01    -9.88443    -0.14773    -0.37818    -9.35852
   -0.12300E-01    -9.91639    -0.14971    -0.38250    -9.38418
   -0.11700E-01    -9.94915    -0.15169    -0.38710    -9.41036
   -0.11100E-01    -9.98276    -0.15379    -0.39215    -9.43683
   -0.10500E-01   -10.01763    -0.15597    -0.39769    -9.46397
   -0.99000E-02   -10.05341    -0.15822    -0.40377    -9.49142
   -0.93000E-02   -10.09062    -0.16063    -0.41056    -9.51944
   -0.87000E-02   -10.12938    -0.16313    -0.41819    -9.54807
   -0.81000E-02   -10.16987    -0.16576    -0.42681    -9.57731
   -0.75000E-02   -10.21234    -0.16848    -0.43658    -9.60728
   -0.69000E-02   -10.25681    -0.17130    -0.44797    -9.63754
   -0.63000E-02   -10.30426    -0.17432    -0.46142    -9.66852
   -0.57000E-02   -10.35536    -0.17748    -0.47791    -9.69997
   -0.51000E-02   -10.41175    -0.18078    -0.49897    -9.73200
   -0.45000E-02   -10.47608    -0.18419    -0.52737    -9.76451
   -0.39000E-02   -10.55295    -0.18777    -0.56756    -9.79762
   -0.33000E-02   -10.64887    -0.19146    -0.62586    -9.83155
   -0.27000E-02   -10.76675    -0.19518    -0.70485    -9.86672
   -0.21000E-02   -10.87600    -0.19889    -0.77206    -9.90505
   -0.15000E-02   -10.95789    -0.20232    -0.80293    -9.95263
   -0.90000E-03   -11.05150    -0.20515    -0.81367   -10.03268
   -0.30000E-03   -12.49179    -0.20652    -0.81580   -11.46946
    0.30000E-03   -11.05238    -0.20439    -0.81444   -10.03356
    0.90000E-03   -10.96708    -0.19366    -0.81162    -9.96180
    0.15000E-02   -10.90295    -0.16271    -0.80819    -9.93205
    0.21000E-02   -10.81865    -0.09543    -0.80450    -9.91872
    0.27000E-02   -10.72986    -0.01643    -0.80075    -9.91268
    0.33000E-02   -10.66505     0.04198    -0.79708    -9.90995
    0.39000E-02   -10.61990     0.08228    -0.79352    -9.90866
    0.45000E-02   -10.58738     0.11078    -0.79009    -9.90807
    0.51000E-02   -10.56275     0.13186    -0.78683    -9.90778
    0.57000E-02   -10.54304     0.14831    -0.78372    -9.90763
    0.63000E-02   -10.52655     0.16175    -0.78074    -9.90756
    0.69000E-02   -10.51236     0.17303    -0.77788    -9.90752
    0.75000E-02   -10.49987     0.18279    -0.77517    -9.90749
    0.81000E-02   -10.48878     0.19130    -0.77261    -9.90747
    0.87000E-02   -10.47883     0.19880    -0.77018    -9.90745
    0.93000E-02   -10.46982     0.20549    -0.76788    -9.90743
    0.99000E-02   -10.46159     0.21156    -0.76574    -9.90741
    0.10500E-01   -10.45389     0.21713    -0.76362    -9.90739
    0.11100E-01   -10.44686     0.22215    -0.76164    -9.90737
    0.11700E-01   -10.44027     0.22684    -0.75976    -9.90735
    0.12300E-01   -10.43422     0.23110    -0.75798    -9.90733
    0.12900E-01   -10.42847     0.23509    -0.75626    -9.90730
    0.13500E-01   -10.42312     0.23877    -0.75461    -9.90728
    0.14100E-01   -10.41812     0.24221    -0.75307    -9.90726
    0.14700E-01   -10.41335     0.24546    -0.75158    -9.90723
    0.15300E-01   -10.40888     0.24849    -0.75017    -9.90720
    0.15900E-01   -10.40466     0.25133    -0.74882    -9.90717
    0.16500E-01   -10.40063     0.25404    -0.74752    -9.90715
    0.17100E-01   -10.39680     0.25660    -0.74628    -9.90712
    0.17700E-01   -10.39312     0.25899    -0.74502    -9.90709
    0.18300E-01   -10.38965     0.26127    -0.74387    -9.90705
    0.18900E-01   -10.38631     0.26349    -0.74279    -9.90701
    0.19500E-01   -10.38312     0.26557    -0.74171    -9.90698
    0.21300E-01   -10.36483     0.27753    -0.73562    -9.90674
    0.27000E-01   -10.34515     0.29015    -0.72900    -9.90630
    0.33000E-01   -10.33112     0.29922    -0.72459    -9.90574
    0.39000E-01   -10.32067     0.30600    -0.72154    -9.90512
    0.45000E-01   -10.31251     0.31134    -0.71948    -9.90437
    0.51000E-01   -10.30610     0.31559    -0.71809    -9.90360
    0.57000E-01   -10.30085     0.31899    -0.71717    -9.90268
    0.63000E-01   -10.29630     0.32189    -0.71653    -9.90166
    0.69000E-01   -10.29237     0.32433    -0.71606    -9.90065
    0.75000E-01   -10.28888     0.32638    -0.71576    -9.89951
    0.81000E-01   -10.28598     0.32797    -0.71555    -9.89840
    0.87000E-01   -10.28302     0.32949    -0.71542    -9.89709
    0.93000E-01   -10.28051     0.33066    -0.71533    -9.89584
    0.99000E-01   -10.27800     0.33168    -0.71521    -9.89446
    0.10500       -10.27555     0.33257    -0.71515    -9.89297
    0.11100       -10.27325     0.33329    -0.71509    -9.89145
    0.11700       -10.27090     0.33403    -0.71502    -9.88990
    0.12300       -10.26882     0.33455    -0.71497    -9.88839
    0.12900       -10.26657     0.33506    -0.71492    -9.88671
    0.13500       -10.26436     0.33543    -0.71486    -9.88493
    0.14100       -10.26214     0.33581    -0.71480    -9.88315
    0.14700       -10.25999     0.33614    -0.71475    -9.88137
    0.15300       -10.25758     0.33635    -0.71432    -9.87962
    0.15900       -10.25535     0.33660    -0.71423    -9.87772
    0.16500       -10.25308     0.33678    -0.71417    -9.87568
    0.17100       -10.25058     0.33690    -0.71375    -9.87373
    0.17700       -10.24833     0.33704    -0.71367    -9.87171
    0.18300       -10.24616     0.33723    -0.71361    -9.86978
    0.18900       -10.24364     0.33733    -0.71320    -9.86777
    0.19500       -10.24152     0.33744    -0.71312    -9.86584
    0.20100       -10.23925     0.33752    -0.71306    -9.86371
    0.20700       -10.23704     0.33762    -0.71299    -9.86166
    0.21300       -10.23446     0.33768    -0.71261    -9.85953
    0.22700       -10.21393     0.33805    -0.71193    -9.84005
    0.34500       -10.14175     0.34001    -0.70946    -9.77229
    0.49500       -10.06077     0.34149    -0.70594    -9.69632
    0.64500        -9.97723     0.34229    -0.70221    -9.61731
    0.79500        -9.89027     0.34302    -0.69670    -9.53658
    0.94500        -9.80344     0.34388    -0.69289    -9.45443
     1.0950        -9.71570     0.34469    -0.68837    -9.37202
     1.2450        -9.62913     0.34538    -0.68483    -9.28969
     1.3950        -9.54494     0.34603    -0.68182    -9.20916
     1.5450        -9.46167     0.34661    -0.67827    -9.13001
     1.6950        -9.38066     0.34715    -0.67496    -9.05285
     1.8450        -9.30210     0.34765    -0.67185    -8.97789
     1.9950        -9.22557     0.34810    -0.66893    -8.90475
     2.1450        -9.15205     0.34852    -0.66614    -8.83442
     2.2950        -9.08163     0.34893    -0.66352    -8.76703
     2.4450        -9.01399     0.34933    -0.66105    -8.70228
     2.5950        -8.94882     0.34971    -0.65868    -8.63985
     2.7450        -8.88618     0.35008    -0.65641    -8.57986
     2.8950        -8.82588     0.35042    -0.65424    -8.52206
     3.0450        -8.76689     0.35073    -0.65217    -8.46545
     3.1950        -8.71094     0.35105    -0.65018    -8.41181
     3.3450        -8.65681     0.35133    -0.64824    -8.35990
     3.4950        -8.60476     0.35163    -0.64642    -8.30997
     3.6450        -8.55413     0.35193    -0.64465    -8.26141
     3.7950        -8.50528     0.35219    -0.64294    -8.21453
     3.9450        -8.45831     0.35244    -0.64129    -8.16946
     4.0950        -8.41268     0.35267    -0.63968    -8.12567
     4.2450        -8.36851     0.35291    -0.63812    -8.08330
     4.3950        -8.32566     0.35315    -0.63662    -8.04219
     4.5450        -8.28410     0.35338    -0.63518    -8.00231
     4.6950        -8.24366     0.35361    -0.63375    -7.96352
     4.8450        -8.20446     0.35382    -0.63237    -7.92591
     4.9950        -8.16633     0.35402    -0.63104    -7.88931
     5.1450        -8.12917     0.35422    -0.62973    -7.85366
     5.2950        -8.09306     0.35440    -0.62847    -7.81900
     5.4450        -8.05776     0.35459    -0.62723    -7.78512
     5.5950        -8.02340     0.35479    -0.62603    -7.75216
     5.7450        -7.98986     0.35497    -0.62484    -7.71999
     5.8950        -7.95711     0.35514    -0.62369    -7.68857
     6.0450        -7.92511     0.35531    -0.62256    -7.65785
     6.1950        -7.89386     0.35548    -0.62147    -7.62786
     6.3450        -7.86325     0.35565    -0.62041    -7.59849
     6.4950        -7.83338     0.35582    -0.61936    -7.56984
     6.6450        -7.80410     0.35597    -0.61832    -7.54175
     6.7950        -7.77541     0.35613    -0.61731    -7.51422
     6.9450        -7.74729     0.35628    -0.61630    -7.48726
     7.0950        -7.71976     0.35642    -0.61535    -7.46083
     7.2450        -7.69276     0.35655    -0.61440    -7.43491
     7.3950        -7.66632     0.35669    -0.61347    -7.40955
     7.5450        -7.64045     0.35682    -0.61256    -7.38471
     7.6950        -7.61494     0.35696    -0.61167    -7.36023
     7.8450        -7.58993     0.35709    -0.61080    -7.33622
     7.9950        -7.56548     0.35722    -0.60993    -7.31276
     8.1450        -7.54139     0.35735    -0.60909    -7.28965
     8.2950        -7.51768     0.35749    -0.60826    -7.26690
     8.4450        -7.49441     0.35760    -0.60745    -7.24456
     8.5950        -7.47149     0.35773    -0.60665    -7.22258
     8.7450        -7.44898     0.35785    -0.60585    -7.20098
     8.8950        -7.42687     0.35797    -0.60507    -7.17976
     9.0450        -7.40509     0.35809    -0.60431    -7.15887
     9.1950        -7.38372     0.35820    -0.60356    -7.13837
     9.3450        -7.36267     0.35832    -0.60283    -7.11816
     9.4950        -7.34191     0.35843    -0.60210    -7.09823
     9.6450        -7.32149     0.35853    -0.60139    -7.07863
     9.7950        -7.30136     0.35864    -0.60068    -7.05932
     9.9450        -7.28149     0.35875    -0.59999    -7.04026
     10.095        -7.26197     0.35886    -0.59930    -7.02153
     10.245        -7.24277     0.35896    -0.59863    -7.00310
     10.395        -7.22375     0.35905    -0.59797    -6.98483
     10.545        -7.20502     0.35914    -0.59731    -6.96685
     10.695        -7.18654     0.35924    -0.59665    -6.94913
     10.845        -7.16830     0.35935    -0.59602    -6.93163
     10.995        -7.15035     0.35943    -0.59539    -6.91439
     11.145        -7.13258     0.35953    -0.59477    -6.89734
     11.295        -7.11511     0.35962    -0.59416    -6.88057
     11.445        -7.09784     0.35971    -0.59356    -6.86400
     11.595        -7.08084     0.35981    -0.59296    -6.84769
     11.745        -7.06405     0.35989    -0.59237    -6.83157
     11.895        -7.04749     0.35997    -0.59179    -6.81568
     12.045        -7.03107     0.36007    -0.59122    -6.79993
     12.195        -7.01489     0.36016    -0.59065    -6.78440
     12.345        -6.99886     0.36025    -0.59009    -6.76903
     12.495        -6.98302     0.36033    -0.58953    -6.75382
     12.645        -6.96741     0.36041    -0.58898    -6.73884
     12.795        -6.95194     0.36050    -0.58844    -6.72400
     12.945        -6.93667     0.36058    -0.58791    -6.70935
     13.095        -6.92157     0.36066    -0.58738    -6.69485
     13.245        -6.90665     0.36074    -0.58686    -6.68053
     13.395        -6.89189     0.36082    -0.58634    -6.66636
     13.545        -6.87729     0.36089    -0.58583    -6.65235
     13.695        -6.86286     0.36096    -0.58533    -6.63849
     13.845        -6.84856     0.36104    -0.58483    -6.62477
     13.995        -6.83442     0.36111    -0.58434    -6.61119
     14.145        -6.82049     0.36119    -0.58386    -6.59782
     14.295        -6.80666     0.36126    -0.58337    -6.58455
     14.445        -6.79298     0.36133    -0.58290    -6.57141
     14.595        -6.77946     0.36140    -0.58243    -6.55844
     14.745        -6.76610     0.36148    -0.58196    -6.54561
     14.895        -6.75286     0.36155    -0.58150    -6.53291
     15.045        -6.73974     0.36163    -0.58105    -6.52032
     15.195        -6.72673     0.36170    -0.58060    -6.50783
     15.345        -6.71384     0.36177    -0.58015    -6.49546
     15.495        -6.70111     0.36183    -0.57970    -6.48324
     15.645        -6.68851     0.36191    -0.57927    -6.47115
     15.795        -6.67601     0.36197    -0.57883    -6.45915
     15.945        -6.66363     0.36204    -0.57840    -6.44726
     16.095        -6.65140     0.36209    -0.57797    -6.43552
     16.245        -6.63928     0.36215    -0.57754    -6.42389
     16.395        -6.62728     0.36222    -0.57712    -6.41238
     16.545        -6.61537     0.36228    -0.57671    -6.40094
     16.695        -6.60359     0.36234    -0.57631    -6.38963
     16.845        -6.59193     0.36240    -0.57590    -6.37842
     16.995        -6.58033     0.36247    -0.57549    -6.36731
     17.145        -6.56886     0.36252    -0.57510    -6.35629
     17.295        -6.55748     0.36259    -0.57470    -6.34537
     17.445        -6.54620     0.36265    -0.57431    -6.33454
     17.595        -6.53499     0.36272    -0.57392    -6.32378
     17.745        -6.52391     0.36277    -0.57353    -6.31315
     17.895        -6.51292     0.36284    -0.57315    -6.30261
     18.045        -6.50206     0.36289    -0.57277    -6.29218
     18.195        -6.49125     0.36295    -0.57240    -6.28180
     18.345        -6.48053     0.36301    -0.57202    -6.27152
     18.495        -6.46992     0.36307    -0.57166    -6.26134
     18.645        -6.45940     0.36313    -0.57129    -6.25124
     18.795        -6.44895     0.36318    -0.57092    -6.24121
     18.945        -6.43857     0.36323    -0.57056    -6.23123
     19.095        -6.42826     0.36328    -0.57021    -6.22134
     19.245        -6.41810     0.36335    -0.56985    -6.21159
     19.395        -6.40799     0.36340    -0.56950    -6.20189
     19.545        -6.39797     0.36345    -0.56916    -6.19227
     19.695        -6.38802     0.36351    -0.56881    -6.18272
     19.845        -6.37813     0.36356    -0.56847    -6.17322
     19.995        -6.36832     0.36362    -0.56813    -6.16381
     20.145        -6.35859     0.36368    -0.56780    -6.15447
     20.295        -6.34894     0.36372    -0.56747    -6.14520
     20.445        -6.33937     0.36378    -0.56713    -6.13602
     20.595        -6.32987     0.36383    -0.56680    -6.12690
     20.745        -6.32045     0.36388    -0.56648    -6.11785
     20.895        -6.31108     0.36393    -0.56615    -6.10886
     21.045        -6.30178     0.36398    -0.56583    -6.09993
     21.195        -6.29252     0.36403    -0.56550    -6.09104
     21.345        -6.28334     0.36408    -0.56518    -6.08223
     21.495        -6.27425     0.36413    -0.56487    -6.07352
     21.645        -6.26523     0.36418    -0.56456    -6.06486
     21.795        -6.25627     0.36423    -0.56424    -6.05626
     21.945        -6.24736     0.36428    -0.56394    -6.04770
     22.095        -6.23851     0.36433    -0.56363    -6.03921
     22.245        -6.22971     0.36437    -0.56333    -6.03076
     22.395        -6.22101     0.36442    -0.56303    -6.02239
     22.545        -6.21237     0.36446    -0.56273    -6.01410
     22.695        -6.20377     0.36452    -0.56243    -6.00585
     22.845        -6.19521     0.36456    -0.56213    -5.99764
     22.995        -6.18674     0.36461    -0.56183    -5.98951
     23.145        -6.17827     0.36465    -0.56154    -5.98138
     23.295        -6.16990     0.36470    -0.56125    -5.97335
     23.445        -6.16154     0.36474    -0.56096    -5.96533
     23.595        -6.15331     0.36478    -0.56067    -5.95741
     23.745        -6.14511     0.36483    -0.56039    -5.94954
     23.895        -6.13696     0.36487    -0.56011    -5.94172
     24.045        -6.12887     0.36492    -0.55984    -5.93396
     24.195        -6.12084     0.36497    -0.55955    -5.92625
     24.345        -6.11285     0.36502    -0.55928    -5.91859
     24.495        -6.10491     0.36506    -0.55900    -5.91096
     24.645        -6.09701     0.36510    -0.55873    -5.90337
     24.795        -6.08916     0.36514    -0.55846    -5.89585
     24.945        -6.08139     0.36518    -0.55819    -5.88838
     25.095        -6.07360     0.36522    -0.55792    -5.88091
     25.245        -6.06591     0.36527    -0.55765    -5.87352
     25.395        -6.05829     0.36531    -0.55739    -5.86621
     25.545        -6.05067     0.36535    -0.55712    -5.85890
     25.695        -6.04310     0.36538    -0.55686    -5.85162
     25.845        -6.03557     0.36542    -0.55660    -5.84439
     25.995        -6.02808     0.36546    -0.55634    -5.83719
     26.145        -6.02066     0.36550    -0.55609    -5.83007
     26.295        -6.01329     0.36553    -0.55583    -5.82299
     26.445        -6.00596     0.36557    -0.55558    -5.81596
     26.595        -5.99867     0.36562    -0.55533    -5.80895
     26.745        -5.99142     0.36566    -0.55508    -5.80199
     26.895        -5.98420     0.36570    -0.55483    -5.79507
     27.045        -5.97703     0.36574    -0.55458    -5.78819
     27.195        -5.96991     0.36578    -0.55434    -5.78134
     27.345        -5.96281     0.36581    -0.55409    -5.77453
     27.495        -5.95578     0.36585    -0.55384    -5.76778
     27.645        -5.94876     0.36588    -0.55360    -5.76105
     27.795        -5.94179     0.36592    -0.55336    -5.75436
     27.945        -5.93485     0.36596    -0.55312    -5.74769
     28.095        -5.92793     0.36600    -0.55289    -5.74105
     28.245        -5.92109     0.36604    -0.55265    -5.73448
     28.395        -5.91428     0.36607    -0.55241    -5.72794
     28.545        -5.90748     0.36611    -0.55218    -5.72141
     28.695        -5.90072     0.36615    -0.55195    -5.71493
     28.845        -5.89401     0.36619    -0.55171    -5.70849
     28.995        -5.88734     0.36623    -0.55148    -5.70208
     29.145        -5.88070     0.36626    -0.55125    -5.69571
     29.295        -5.87409     0.36630    -0.55102    -5.68937
     29.445        -5.86753     0.36633    -0.55080    -5.68306
     29.595        -5.86102     0.36636    -0.55057    -5.67682
     29.745        -5.85453     0.36640    -0.55035    -5.67058
     29.895        -5.84808     0.36643    -0.55012    -5.66438
     30.045        -5.84166     0.36647    -0.54991    -5.65822
     30.195        -5.83529     0.36651    -0.54968    -5.65212
     30.345        -5.82891     0.36655    -0.54946    -5.64599
     30.495        -5.82259     0.36658    -0.54924    -5.63992
     30.645        -5.81630     0.36661    -0.54902    -5.63389
     30.795        -5.81005     0.36664    -0.54880    -5.62788
     30.945        -5.80385     0.36667    -0.54859    -5.62194
     31.095        -5.79767     0.36671    -0.54837    -5.61600
     31.245        -5.79149     0.36673    -0.54816    -5.61007
     31.395        -5.78539     0.36677    -0.54795    -5.60421
     31.545        -5.77927     0.36680    -0.54774    -5.59833
     31.695        -5.77323     0.36683    -0.54753    -5.59253
     31.845        -5.76721     0.36687    -0.54732    -5.58676
     31.995        -5.76122     0.36690    -0.54712    -5.58100
     32.145        -5.75527     0.36693    -0.54691    -5.57528
     32.295        -5.74930     0.36696    -0.54671    -5.56955
     32.445        -5.74338     0.36699    -0.54650    -5.56387
     32.595        -5.73748     0.36702    -0.54629    -5.55821
     32.745        -5.73162     0.36706    -0.54609    -5.55259
     32.895        -5.72579     0.36709    -0.54589    -5.54699
     33.045        -5.71998     0.36712    -0.54569    -5.54141
     33.195        -5.71420     0.36714    -0.54549    -5.53585
     33.345        -5.70844     0.36718    -0.54529    -5.53033
     33.495        -5.70272     0.36720    -0.54509    -5.52483
     33.645        -5.69700     0.36723    -0.54489    -5.51934
     33.795        -5.69133     0.36727    -0.54470    -5.51390
     33.945        -5.68568     0.36730    -0.54450    -5.50847
     34.095        -5.68007     0.36733    -0.54432    -5.50309
     34.245        -5.67450     0.36736    -0.54412    -5.49774
     34.395        -5.66893     0.36739    -0.54393    -5.49239
     34.545        -5.66342     0.36742    -0.54374    -5.48710
     34.695        -5.65791     0.36745    -0.54355    -5.48181
     34.845        -5.65244     0.36748    -0.54335    -5.47657
     34.995        -5.64695     0.36751    -0.54316    -5.47130
     35.145        -5.64152     0.36754    -0.54298    -5.46608
     35.295        -5.63610     0.36757    -0.54279    -5.46088
     35.445        -5.63071     0.36760    -0.54260    -5.45571
     35.595        -5.62534     0.36763    -0.54241    -5.45055
     35.745        -5.62001     0.36766    -0.54223    -5.44544
     35.895        -5.61468     0.36769    -0.54204    -5.44033
     36.045        -5.60939     0.36772    -0.54186    -5.43525
     36.195        -5.60413     0.36775    -0.54167    -5.43020
     36.345        -5.59888     0.36778    -0.54149    -5.42517
     36.495        -5.59364     0.36781    -0.54131    -5.42014
     36.645        -5.58845     0.36784    -0.54113    -5.41516
     36.795        -5.58328     0.36786    -0.54095    -5.41019
     36.945        -5.57813     0.36789    -0.54077    -5.40524
     37.095        -5.57298     0.36791    -0.54059    -5.40030
     37.245        -5.56786     0.36794    -0.54042    -5.39539
     37.395        -5.56276     0.36798    -0.54024    -5.39050
     37.545        -5.55767     0.36801    -0.54007    -5.38560
     37.695        -5.55262     0.36803    -0.53989    -5.38076
     37.845        -5.54759     0.36806    -0.53971    -5.37593
     37.995        -5.54261     0.36808    -0.53954    -5.37115
     38.145        -5.53762     0.36811    -0.53937    -5.36636
     38.295        -5.53268     0.36813    -0.53920    -5.36161
     38.445        -5.52774     0.36816    -0.53903    -5.35687
     38.595        -5.52280     0.36819    -0.53886    -5.35213
     38.745        -5.51789     0.36822    -0.53869    -5.34741
     38.895        -5.51300     0.36824    -0.53852    -5.34273
     39.045        -5.50814     0.36827    -0.53835    -5.33805
     39.195        -5.50330     0.36829    -0.53818    -5.33341
     39.345        -5.49847     0.36832    -0.53802    -5.32877
     39.495        -5.49366     0.36834    -0.53785    -5.32416
     39.645        -5.48887     0.36837    -0.53769    -5.31956
     39.795        -5.48411     0.36839    -0.53752    -5.31498
     39.945        -5.47936     0.36842    -0.53736    -5.31042
     40.095        -5.47463     0.36844    -0.53719    -5.30589
     40.245        -5.46995     0.36847    -0.53703    -5.30138
     40.395        -5.46524     0.36849    -0.53686    -5.29687
     40.545        -5.46055     0.36852    -0.53670    -5.29237
     40.695        -5.45588     0.36855    -0.53653    -5.28789
     40.845        -5.45123     0.36857    -0.53638    -5.28343
     40.995        -5.44662     0.36860    -0.53621    -5.27901
     41.145        -5.44203     0.36863    -0.53605    -5.27461
     41.295        -5.43747     0.36865    -0.53589    -5.27023
     41.445        -5.43291     0.36868    -0.53574    -5.26585
     41.595        -5.42836     0.36870    -0.53558    -5.26148
     41.745        -5.42382     0.36873    -0.53542    -5.25713
     41.895        -5.41932     0.36876    -0.53526    -5.25281
     42.045        -5.41482     0.36878    -0.53511    -5.24849
     42.195        -5.41035     0.36881    -0.53496    -5.24420
     42.345        -5.40589     0.36883    -0.53480    -5.23991
     42.495        -5.40145     0.36885    -0.53465    -5.23564
     42.645        -5.39703     0.36887    -0.53450    -5.23140
     42.795        -5.39263     0.36890    -0.53435    -5.22717
     42.945        -5.38825     0.36892    -0.53420    -5.22296
     43.095        -5.38388     0.36894    -0.53405    -5.21876
     43.245        -5.37951     0.36896    -0.53390    -5.21457
     43.395        -5.37516     0.36899    -0.53375    -5.21040
     43.545        -5.37081     0.36901    -0.53360    -5.20622
     43.695        -5.36650     0.36903    -0.53345    -5.20208
     43.845        -5.36220     0.36905    -0.53331    -5.19794
     43.995        -5.35791     0.36907    -0.53316    -5.19383
     44.145        -5.35365     0.36909    -0.53301    -5.18974
     44.295        -5.34939     0.36912    -0.53287    -5.18565
     44.445        -5.34517     0.36914    -0.53272    -5.18159
     44.595        -5.34095     0.36917    -0.53257    -5.17755
     44.745        -5.33674     0.36919    -0.53243    -5.17351
     44.895        -5.33255     0.36922    -0.53229    -5.16948
     45.045        -5.32838     0.36924    -0.53214    -5.16548
     45.195        -5.32420     0.36926    -0.53200    -5.16146
     45.345        -5.32003     0.36929    -0.53186    -5.15746
     45.495        -5.31589     0.36931    -0.53172    -5.15349
     45.645        -5.31178     0.36934    -0.53157    -5.14954
     45.795        -5.30766     0.36936    -0.53143    -5.14558
     45.945        -5.30358     0.36938    -0.53129    -5.14167
     46.095        -5.29950     0.36940    -0.53115    -5.13775
     46.245        -5.29545     0.36942    -0.53101    -5.13386
     46.395        -5.29139     0.36944    -0.53088    -5.12996
     46.545        -5.28737     0.36946    -0.53074    -5.12609
     46.695        -5.28334     0.36948    -0.53060    -5.12223
     46.845        -5.27933     0.36950    -0.53046    -5.11837
     46.995        -5.27533     0.36952    -0.53032    -5.11452
     47.145        -5.27136     0.36954    -0.53019    -5.11072
     47.295        -5.26739     0.36957    -0.53005    -5.10691
     47.445        -5.26345     0.36959    -0.52991    -5.10312
     47.595        -5.25948     0.36961    -0.52977    -5.09932
     47.745        -5.25555     0.36963    -0.52964    -5.09555
     47.895        -5.25166     0.36965    -0.52951    -5.09180
     48.045        -5.24777     0.36968    -0.52938    -5.08808
     48.195        -5.24388     0.36970    -0.52924    -5.08434
     48.345        -5.24004     0.36972    -0.52911    -5.08066
     48.495        -5.23618     0.36974    -0.52897    -5.07695
     48.645        -5.23232     0.36976    -0.52884    -5.07325
     48.795        -5.22851     0.36978    -0.52870    -5.06959
     48.945        -5.22468     0.36981    -0.52857    -5.06591
     49.095        -5.22087     0.36983    -0.52844    -5.06226
     49.245        -5.21708     0.36985    -0.52832    -5.05861
     49.395        -5.21328     0.36987    -0.52818    -5.05496
     49.545        -5.20950     0.36989    -0.52806    -5.05133
     49.695        -5.20573     0.36991    -0.52793    -5.04771
     49.845        -5.20198     0.36993    -0.52780    -5.04411
     49.995        -5.19823     0.36995    -0.52767    -5.04051
     50.145        -5.19449     0.36997    -0.52754    -5.03693
     50.295        -5.19077     0.36999    -0.52741    -5.03335
     50.445        -5.18708     0.37001    -0.52728    -5.02982
     50.595        -5.18340     0.37003    -0.52715    -5.02628
     50.745        -5.17971     0.37005    -0.52702    -5.02274
     50.895        -5.17603     0.37007    -0.52689    -5.01921
     51.045        -5.17236     0.37010    -0.52677    -5.01569
     51.195        -5.16873     0.37011    -0.52664    -5.01220
     51.345        -5.16508     0.37013    -0.52651    -5.00869
     51.495        -5.16145     0.37015    -0.52639    -5.00521
     51.645        -5.15785     0.37017    -0.52626    -5.00175
     51.795        -5.15426     0.37018    -0.52614    -4.99830
     51.945        -5.15066     0.37020    -0.52601    -4.99485
     52.095        -5.14710     0.37022    -0.52589    -4.99143
     52.245        -5.14353     0.37024    -0.52577    -4.98801
     52.395        -5.13997     0.37027    -0.52565    -4.98458
     52.545        -5.13641     0.37028    -0.52553    -4.98117
     52.695        -5.13289     0.37030    -0.52541    -4.97778
     52.845        -5.12935     0.37033    -0.52529    -4.97439
     52.995        -5.12583     0.37035    -0.52517    -4.97101
     53.145        -5.12233     0.37036    -0.52505    -4.96764
     53.295        -5.11882     0.37039    -0.52493    -4.96428
     53.445        -5.11535     0.37040    -0.52481    -4.96094
     53.595        -5.11191     0.37042    -0.52470    -4.95763
     53.745        -5.10843     0.37044    -0.52458    -4.95428
     53.895        -5.10498     0.37046    -0.52446    -4.95098
     54.045        -5.10155     0.37048    -0.52434    -4.94769
     54.195        -5.09810     0.37050    -0.52422    -4.94438
     54.345        -5.09466     0.37052    -0.52410    -4.94108
     54.495        -5.09127     0.37054    -0.52398    -4.93782
     54.645        -5.08787     0.37056    -0.52387    -4.93456
     54.795        -5.08448     0.37058    -0.52375    -4.93130
     54.945        -5.08109     0.37060    -0.52363    -4.92806
     55.095        -5.07772     0.37062    -0.52351    -4.92483
     59.433        -4.81376     0.37210    -0.51447    -4.67140
     80.646        -4.42819     0.37425    -0.50129    -4.30116
     111.21        -4.05320     0.37631    -0.48857    -3.94094
     153.36        -3.68945     0.37834    -0.47634    -3.59145
     211.49        -3.33690     0.38034    -0.46452    -3.25273
     291.64        -2.99589     0.38226    -0.45316    -2.92499
     402.18        -2.66586     0.38408    -0.44230    -2.60764
     554.60        -2.34702     0.38585    -0.43184    -2.30103
     764.80        -2.03842     0.38759    -0.42179    -2.00422
     1054.7        -1.74049     0.38925    -0.41215    -1.71759
     1454.4        -1.45249     0.39081    -0.40292    -1.44038
     2005.6        -1.17403     0.39231    -0.39409    -1.17226
     2765.8        -0.90468     0.39372    -0.38558    -0.91282
     3814.0        -0.64389     0.39509    -0.37742    -0.66156
     5259.5        -0.39139     0.39636    -0.36961    -0.41815
     7252.9        -0.14713     0.39757    -0.36211    -0.18259
     10002.         0.08935     0.39872    -0.35487     0.04550
     13793.         0.31769     0.39979    -0.34796     0.26587
     19020.         0.53758     0.40074    -0.34128     0.47812
     26229.         0.74897     0.40167    -0.33486     0.68216
     36170.         0.95123     0.40250    -0.32864     0.87737
     49878.         1.14487     0.40330    -0.32262     1.06419
     68782.         1.33008     0.40404    -0.31679     1.24284
     94851.         1.50670     0.40471    -0.31117     1.41316
    0.13080E+06     1.67540     0.40535    -0.30572     1.57577
    0.18038E+06     1.83618     0.40594    -0.30047     1.73072
    0.24874E+06     1.98955     0.40648    -0.29542     1.87849
    0.34301E+06     2.13569     0.40699    -0.29056     2.01925
    0.47302E+06     2.27494     0.40745    -0.28590     2.15339
    0.65229E+06     2.40763     0.40788    -0.28143     2.28118
    0.89952E+06     2.53382     0.40827    -0.27718     2.40273
    0.12404E+07     2.65386     0.40861    -0.27311     2.51836
    0.17106E+07     2.76819     0.40895    -0.26923     2.62847
    0.23589E+07     2.87691     0.40925    -0.26553     2.73319
    0.32529E+07     2.98034     0.40950    -0.26200     2.83284
    0.44858E+07     3.07885     0.40975    -0.25865     2.92776
    0.61860E+07     3.17246     0.40997    -0.25545     3.01794
    0.85305E+07     3.26156     0.41017    -0.25241     3.10381
    0.11764E+08     3.34631     0.41035    -0.24951     3.18547
    0.16222E+08     3.42682     0.41051    -0.24674     3.26306
    0.22370E+08     3.50332     0.41066    -0.24412     3.33678
    0.30849E+08     3.57557     0.41080    -0.24162     3.40640
    0.42541E+08     3.64342     0.41093    -0.23924     3.47173
    0.58664E+08     3.70682     0.41104    -0.23697     3.53275
    0.80898E+08     3.76631     0.41113    -0.23484     3.59003
    0.11156E+09     3.82226     0.41121    -0.23277     3.64381
    0.15384E+09     3.87489     0.41128    -0.23082     3.69443
    0.21215E+09     3.92444     0.41136    -0.22897     3.74205
    0.29255E+09     3.97116     0.41142    -0.22720     3.78693
    0.40343E+09     4.01519     0.41148    -0.22552     3.82923
    0.55633E+09     4.05670     0.41154    -0.22395     3.86911
    0.76719E+09     4.09452     0.41158    -0.22249     3.90543
    0.10580E+10     4.12887     0.41162    -0.22113     3.93838
    0.14589E+10     4.16048     0.41167    -0.21983     3.96863
    0.20119E+10     4.18960     0.41172    -0.21861     3.99648
    0.27744E+10     4.21640     0.41177    -0.21747     4.02210
    0.38259E+10     4.24112     0.41180    -0.21638     4.04571
    0.52760E+10     4.26398     0.41183    -0.21537     4.06752
    0.72756E+10     4.28505     0.41186    -0.21442     4.08760
    0.10033E+11     4.30452     0.41188    -0.21353     4.10616
    0.13836E+11     4.32249     0.41191    -0.21273     4.12331
    0.19079E+11     4.33906     0.41193    -0.21199     4.13912
    0.26311E+11     4.35439     0.41195    -0.21132     4.15376
    0.36283E+11     4.36849     0.41197    -0.21069     4.16722
    0.50034E+11     4.38150     0.41198    -0.21012     4.17964
    0.68997E+11     4.39352     0.41200    -0.20959     4.19112
    0.10000E+12     4.53743     0.41218    -0.20329     4.32855
