    -99.945         0.00000     0.00000     0.00000     0.00000
    -99.795         0.00000     0.00000     0.00000     0.00000
    -99.645         0.00000     0.00000     0.00000     0.00000
    -99.495         0.00000     0.00000     0.00000     0.00000
    -99.345         0.00000     0.00000     0.00000     0.00000
    -99.195         0.00000     0.00000     0.00000     0.00000
    -99.045         0.00000     0.00000     0.00000     0.00000
    -98.895         0.00000     0.00000     0.00000     0.00000
    -98.745         0.00000     0.00000     0.00000     0.00000
    -98.595         0.00000     0.00000     0.00000     0.00000
    -98.445         0.00000     0.00000     0.00000     0.00000
    -98.295         0.00000     0.00000     0.00000     0.00000
    -98.145         0.00000     0.00000     0.00000     0.00000
    -97.995         0.00000     0.00000     0.00000     0.00000
    -97.845         0.00000     0.00000     0.00000     0.00000
    -97.695         0.00000     0.00000     0.00000     0.00000
    -97.545         0.00000     0.00000     0.00000     0.00000
    -97.395         0.00000     0.00000     0.00000     0.00000
    -97.245         0.00000     0.00000     0.00000     0.00000
    -97.095         0.00000     0.00000     0.00000     0.00000
    -96.945         0.00000     0.00000     0.00000     0.00000
    -96.795         0.00000     0.00000     0.00000     0.00000
    -96.645         0.00000     0.00000     0.00000     0.00000
    -96.495         0.00000     0.00000     0.00000     0.00000
    -96.345         0.00000     0.00000     0.00000     0.00000
    -96.195         0.00000     0.00000     0.00000     0.00000
    -96.045         0.00000     0.00000     0.00000     0.00000
    -95.895         0.00000     0.00000     0.00000     0.00000
    -95.745         0.00000     0.00000     0.00000     0.00000
    -95.595         0.00000     0.00000     0.00000     0.00000
    -95.445         0.00000     0.00000     0.00000     0.00000
    -95.295         0.00000     0.00000     0.00000     0.00000
    -95.145         0.00000     0.00000     0.00000     0.00000
    -94.995         0.00000     0.00000     0.00000     0.00000
    -94.845         0.00000     0.00000     0.00000     0.00000
    -94.695         0.00000     0.00000     0.00000     0.00000
    -94.545         0.00000     0.00000     0.00000     0.00000
    -94.395         0.00000     0.00000     0.00000     0.00000
    -94.245         0.00000     0.00000     0.00000     0.00000
    -94.095         0.00000     0.00000     0.00000     0.00000
    -93.945         0.00000     0.00000     0.00000     0.00000
    -93.795         0.00000     0.00000     0.00000     0.00000
    -93.645         0.00000     0.00000     0.00000     0.00000
    -93.495         0.00000     0.00000     0.00000     0.00000
    -93.345         0.00000     0.00000     0.00000     0.00000
    -93.195         0.00000     0.00000     0.00000     0.00000
    -93.045         0.00000     0.00000     0.00000     0.00000
    -92.895         0.00000     0.00000     0.00000     0.00000
    -92.745         0.00000     0.00000     0.00000     0.00000
    -92.595         0.00000     0.00000     0.00000     0.00000
    -92.445         0.00000     0.00000     0.00000     0.00000
    -92.295         0.00000     0.00000     0.00000     0.00000
    -92.145         0.00000     0.00000     0.00000     0.00000
    -91.995         0.00000     0.00000     0.00000     0.00000
    -91.845         0.00000     0.00000     0.00000     0.00000
    -91.695         0.00000     0.00000     0.00000     0.00000
    -91.545         0.00000     0.00000     0.00000     0.00000
    -91.395         0.00000     0.00000     0.00000     0.00000
    -91.245         0.00000     0.00000     0.00000     0.00000
    -91.095         0.00000     0.00000     0.00000     0.00000
    -90.945         0.00000     0.00000     0.00000     0.00000
    -90.795         0.00000     0.00000     0.00000     0.00000
    -90.645         0.00000     0.00000     0.00000     0.00000
    -90.495         0.00000     0.00000     0.00000     0.00000
    -90.345         0.00000     0.00000     0.00000     0.00000
    -90.195         0.00000     0.00000     0.00000     0.00000
    -90.045         0.00000     0.00000     0.00000     0.00000
    -89.895         0.00000     0.00000     0.00000     0.00000
    -89.745         0.00000     0.00000     0.00000     0.00000
    -89.595         0.00000     0.00000     0.00000     0.00000
    -89.445         0.00000     0.00000     0.00000     0.00000
    -89.295         0.00000     0.00000     0.00000     0.00000
    -89.145         0.00000     0.00000     0.00000     0.00000
    -88.995         0.00000     0.00000     0.00000     0.00000
    -88.845         0.00000     0.00000     0.00000     0.00000
    -88.695         0.00000     0.00000     0.00000     0.00000
    -88.545         0.00000     0.00000     0.00000     0.00000
    -88.395         0.00000     0.00000     0.00000     0.00000
    -88.245         0.00000     0.00000     0.00000     0.00000
    -88.095         0.00000     0.00000     0.00000     0.00000
    -87.945         0.00000     0.00000     0.00000     0.00000
    -87.795         0.00000     0.00000     0.00000     0.00000
    -87.645         0.00000     0.00000     0.00000     0.00000
    -87.495         0.00000     0.00000     0.00000     0.00000
    -87.345         0.00000     0.00000     0.00000     0.00000
    -87.195         0.00000     0.00000     0.00000     0.00000
    -87.045         0.00000     0.00000     0.00000     0.00000
    -86.895         0.00000     0.00000     0.00000     0.00000
    -86.745         0.00000     0.00000     0.00000     0.00000
    -86.595         0.00000     0.00000     0.00000     0.00000
    -86.445         0.00000     0.00000     0.00000     0.00000
    -86.295         0.00000     0.00000     0.00000     0.00000
    -86.145         0.00000     0.00000     0.00000     0.00000
    -85.995         0.00000     0.00000     0.00000     0.00000
    -85.845         0.00000     0.00000     0.00000     0.00000
    -85.695         0.00000     0.00000     0.00000     0.00000
    -85.545         0.00000     0.00000     0.00000     0.00000
    -85.395         0.00000     0.00000     0.00000     0.00000
    -85.245         0.00000     0.00000     0.00000     0.00000
    -85.095         0.00000     0.00000     0.00000     0.00000
    -84.945         0.00000     0.00000     0.00000     0.00000
    -84.795         0.00000     0.00000     0.00000     0.00000
    -84.645         0.00000     0.00000     0.00000     0.00000
    -84.495         0.00000     0.00000     0.00000     0.00000
    -84.345         0.00000     0.00000     0.00000     0.00000
    -84.195         0.00000     0.00000     0.00000     0.00000
    -84.045         0.00000     0.00000     0.00000     0.00000
    -83.895         0.00000     0.00000     0.00000     0.00000
    -83.745         0.00000     0.00000     0.00000     0.00000
    -83.595         0.00000     0.00000     0.00000     0.00000
    -83.445         0.00000     0.00000     0.00000     0.00000
    -83.295         0.00000     0.00000     0.00000     0.00000
    -83.145         0.00000     0.00000     0.00000     0.00000
    -82.995         0.00000     0.00000     0.00000     0.00000
    -82.845         0.00000     0.00000     0.00000     0.00000
    -82.695         0.00000     0.00000     0.00000     0.00000
    -82.545         0.00000     0.00000     0.00000     0.00000
    -82.395         0.00000     0.00000     0.00000     0.00000
    -82.245         0.00000     0.00000     0.00000     0.00000
    -82.095         0.00000     0.00000     0.00000     0.00000
    -81.945         0.00000     0.00000     0.00000     0.00000
    -81.795         0.00000     0.00000     0.00000     0.00000
    -81.645         0.00000     0.00000     0.00000     0.00000
    -81.495         0.00000     0.00000     0.00000     0.00000
    -81.345         0.00000     0.00000     0.00000     0.00000
    -81.195         0.00000     0.00000     0.00000     0.00000
    -81.045         0.00000     0.00000     0.00000     0.00000
    -80.895         0.00000     0.00000     0.00000     0.00000
    -80.745         0.00000     0.00000     0.00000     0.00000
    -80.595         0.00000     0.00000     0.00000     0.00000
    -80.445         0.00000     0.00000     0.00000     0.00000
    -80.295         0.00000     0.00000     0.00000     0.00000
    -80.145         0.00000     0.00000     0.00000     0.00000
    -79.995         0.00000     0.00000     0.00000     0.00000
    -79.845         0.00000     0.00000     0.00000     0.00000
    -79.695         0.00000     0.00000     0.00000     0.00000
    -79.545         0.00000     0.00000     0.00000     0.00000
    -79.395         0.00000     0.00000     0.00000     0.00000
    -79.245         0.00000     0.00000     0.00000     0.00000
    -79.095         0.00000     0.00000     0.00000     0.00000
    -78.945         0.00000     0.00000     0.00000     0.00000
    -78.795         0.00000     0.00000     0.00000     0.00000
    -78.645         0.00000     0.00000     0.00000     0.00000
    -78.495         0.00000     0.00000     0.00000     0.00000
    -78.345         0.00000     0.00000     0.00000     0.00000
    -78.195         0.00000     0.00000     0.00000     0.00000
    -78.045         0.00000     0.00000     0.00000     0.00000
    -77.895         0.00000     0.00000     0.00000     0.00000
    -77.745         0.00000     0.00000     0.00000     0.00000
    -77.595         0.00000     0.00000     0.00000     0.00000
    -77.445         0.00000     0.00000     0.00000     0.00000
    -77.295         0.00000     0.00000     0.00000     0.00000
    -77.145         0.00000     0.00000     0.00000     0.00000
    -76.995         0.00000     0.00000     0.00000     0.00000
    -76.845         0.00000     0.00000     0.00000     0.00000
    -76.695         0.00000     0.00000     0.00000     0.00000
    -76.545         0.00000     0.00000     0.00000     0.00000
    -76.395         0.00000     0.00000     0.00000     0.00000
    -76.245         0.00000     0.00000     0.00000     0.00000
    -76.095         0.00000     0.00000     0.00000     0.00000
    -75.945         0.00000     0.00000     0.00000     0.00000
    -75.795         0.00000     0.00000     0.00000     0.00000
    -75.645         0.00000     0.00000     0.00000     0.00000
    -75.495         0.00000     0.00000     0.00000     0.00000
    -75.345         0.00000     0.00000     0.00000     0.00000
    -75.195         0.00000     0.00000     0.00000     0.00000
    -75.045         0.00000     0.00000     0.00000     0.00000
    -74.895         0.00000     0.00000     0.00000     0.00000
    -74.745         0.00000     0.00000     0.00000     0.00000
    -74.595         0.00000     0.00000     0.00000     0.00000
    -74.445         0.00000     0.00000     0.00000     0.00000
    -74.295         0.00000     0.00000     0.00000     0.00000
    -74.145         0.00000     0.00000     0.00000     0.00000
    -73.995         0.00000     0.00000     0.00000     0.00000
    -73.845         0.00000     0.00000     0.00000     0.00000
    -73.695         0.00000     0.00000     0.00000     0.00000
    -73.545         0.00000     0.00000     0.00000     0.00000
    -73.395         0.00000     0.00000     0.00000     0.00000
    -73.245         0.00000     0.00000     0.00000     0.00000
    -73.095         0.00000     0.00000     0.00000     0.00000
    -72.945         0.00000     0.00000     0.00000     0.00000
    -72.795         0.00000     0.00000     0.00000     0.00000
    -72.645         0.00000     0.00000     0.00000     0.00000
    -72.495         0.00000     0.00000     0.00000     0.00000
    -72.345         0.00000     0.00000     0.00000     0.00000
    -72.195         0.00000     0.00000     0.00000     0.00000
    -72.045         0.00000     0.00000     0.00000     0.00000
    -71.895         0.00000     0.00000     0.00000     0.00000
    -71.745         0.00000     0.00000     0.00000     0.00000
    -71.595         0.00000     0.00000     0.00000     0.00000
    -71.445         0.00000     0.00000     0.00000     0.00000
    -71.295         0.00000     0.00000     0.00000     0.00000
    -71.145         0.00000     0.00000     0.00000     0.00000
    -70.995         0.00000     0.00000     0.00000     0.00000
    -70.845         0.00000     0.00000     0.00000     0.00000
    -70.695         0.00000     0.00000     0.00000     0.00000
    -70.545         0.00000     0.00000     0.00000     0.00000
    -70.395         0.00000     0.00000     0.00000     0.00000
    -70.245         0.00000     0.00000     0.00000     0.00000
    -70.095         0.00000     0.00000     0.00000     0.00000
    -69.945         0.00000     0.00000     0.00000     0.00000
    -69.795         0.00000     0.00000     0.00000     0.00000
    -69.645         0.00000     0.00000     0.00000     0.00000
    -69.495         0.00000     0.00000     0.00000     0.00000
    -69.345         0.00000     0.00000     0.00000     0.00000
    -69.195         0.00000     0.00000     0.00000     0.00000
    -69.045         0.00000     0.00000     0.00000     0.00000
    -68.895         0.00000     0.00000     0.00000     0.00000
    -68.745         0.00000     0.00000     0.00000     0.00000
    -68.595         0.00000     0.00000     0.00000     0.00000
    -68.445         0.00000     0.00000     0.00000     0.00000
    -68.295         0.00000     0.00000     0.00000     0.00000
    -68.145         0.00000     0.00000     0.00000     0.00000
    -67.995         0.00000     0.00000     0.00000     0.00000
    -67.845         0.00000     0.00000     0.00000     0.00000
    -67.695         0.00000     0.00000     0.00000     0.00000
    -67.545         0.00000     0.00000     0.00000     0.00000
    -67.395         0.00000     0.00000     0.00000     0.00000
    -67.245         0.00000     0.00000     0.00000     0.00000
    -67.095         0.00000     0.00000     0.00000     0.00000
    -66.945         0.00000     0.00000     0.00000     0.00000
    -66.795         0.00000     0.00000     0.00000     0.00000
    -66.645         0.00000     0.00000     0.00000     0.00000
    -66.495         0.00000     0.00000     0.00000     0.00000
    -66.345         0.00000     0.00000     0.00000     0.00000
    -66.195         0.00000     0.00000     0.00000     0.00000
    -66.045         0.00000     0.00000     0.00000     0.00000
    -65.895         0.00000     0.00000     0.00000     0.00000
    -65.745         0.00000     0.00000     0.00000     0.00000
    -65.595         0.00000     0.00000     0.00000     0.00000
    -65.445         0.00000     0.00000     0.00000     0.00000
    -65.295         0.00000     0.00000     0.00000     0.00000
    -65.145         0.00000     0.00000     0.00000     0.00000
    -64.995         0.00000     0.00000     0.00000     0.00000
    -64.845         0.00000     0.00000     0.00000     0.00000
    -64.695         0.00000     0.00000     0.00000     0.00000
    -64.545         0.00000     0.00000     0.00000     0.00000
    -64.395         0.00000     0.00000     0.00000     0.00000
    -64.245         0.00000     0.00000     0.00000     0.00000
    -64.095         0.00000     0.00000     0.00000     0.00000
    -63.945         0.00000     0.00000     0.00000     0.00000
    -63.795         0.00000     0.00000     0.00000     0.00000
    -63.645         0.00000     0.00000     0.00000     0.00000
    -63.495         0.00000     0.00000     0.00000     0.00000
    -63.345         0.00000     0.00000     0.00000     0.00000
    -63.195         0.00000     0.00000     0.00000     0.00000
    -63.045         0.00000     0.00000     0.00000     0.00000
    -62.895         0.00000     0.00000     0.00000     0.00000
    -62.745         0.00000     0.00000     0.00000     0.00000
    -62.595         0.00000     0.00000     0.00000     0.00000
    -62.445         0.00000     0.00000     0.00000     0.00000
    -62.295         0.00000     0.00000     0.00000     0.00000
    -62.145         0.00000     0.00000     0.00000     0.00000
    -61.995         0.00000     0.00000     0.00000     0.00000
    -61.845         0.00000     0.00000     0.00000     0.00000
    -61.695         0.00000     0.00000     0.00000     0.00000
    -61.545         0.00000     0.00000     0.00000     0.00000
    -61.395         0.00000     0.00000     0.00000     0.00000
    -61.245         0.00000     0.00000     0.00000     0.00000
    -61.095         0.00000     0.00000     0.00000     0.00000
    -60.945         0.00000     0.00000     0.00000     0.00000
    -60.795         0.00000     0.00000     0.00000     0.00000
    -60.645         0.00000     0.00000     0.00000     0.00000
    -60.495         0.00000     0.00000     0.00000     0.00000
    -60.345         0.00000     0.00000     0.00000     0.00000
    -60.195         0.00000     0.00000     0.00000     0.00000
    -60.045         0.00000     0.00000     0.00000     0.00000
    -59.895         0.00000     0.00000     0.00000     0.00000
    -59.745         0.00000     0.00000     0.00000     0.00000
    -59.595         0.00000     0.00000     0.00000     0.00000
    -59.445         0.00000     0.00000     0.00000     0.00000
    -59.295         0.00000     0.00000     0.00000     0.00000
    -59.145         0.00000     0.00000     0.00000     0.00000
    -58.995         0.00000     0.00000     0.00000     0.00000
    -58.845         0.00000     0.00000     0.00000     0.00000
    -58.695         0.00000     0.00000     0.00000     0.00000
    -58.545         0.00000     0.00000     0.00000     0.00000
    -58.395         0.00000     0.00000     0.00000     0.00000
    -58.245         0.00000     0.00000     0.00000     0.00000
    -58.095         0.00000     0.00000     0.00000     0.00000
    -57.945         0.00000     0.00000     0.00000     0.00000
    -57.795         0.00000     0.00000     0.00000     0.00000
    -57.645         0.00000     0.00000     0.00000     0.00000
    -57.495         0.00000     0.00000     0.00000     0.00000
    -57.345         0.00000     0.00000     0.00000     0.00000
    -57.195         0.00000     0.00000     0.00000     0.00000
    -57.045         0.00000     0.00000     0.00000     0.00000
    -56.895         0.00000     0.00000     0.00000     0.00000
    -56.745         0.00000     0.00000     0.00000     0.00000
    -56.595         0.00000     0.00000     0.00000     0.00000
    -56.445         0.00000     0.00000     0.00000     0.00000
    -56.295         0.00000     0.00000     0.00000     0.00000
    -56.145         0.00000     0.00000     0.00000     0.00000
    -55.995         0.00000     0.00000     0.00000     0.00000
    -55.845         0.00000     0.00000     0.00000     0.00000
    -55.695         0.00000     0.00000     0.00000     0.00000
    -55.545         0.00000     0.00000     0.00000     0.00000
    -55.395         0.00000     0.00000     0.00000     0.00000
    -55.245         0.00000     0.00000     0.00000     0.00000
    -55.095         0.00000     0.00000     0.00000     0.00000
    -54.945         0.00000     0.00000     0.00000     0.00000
    -54.795         0.00000     0.00000     0.00000     0.00000
    -54.645         0.00000     0.00000     0.00000     0.00000
    -54.495         0.00000     0.00000     0.00000     0.00000
    -54.345         0.00000     0.00000     0.00000     0.00000
    -54.195         0.00000     0.00000     0.00000     0.00000
    -54.045         0.00000     0.00000     0.00000     0.00000
    -53.895         0.00000     0.00000     0.00000     0.00000
    -53.745         0.00000     0.00000     0.00000     0.00000
    -53.595         0.00000     0.00000     0.00000     0.00000
    -53.445         0.00000     0.00000     0.00000     0.00000
    -53.295         0.00000     0.00000     0.00000     0.00000
    -53.145         0.00000     0.00000     0.00000     0.00000
    -52.995         0.00000     0.00000     0.00000     0.00000
    -52.845         0.00000     0.00000     0.00000     0.00000
    -52.695         0.00000     0.00000     0.00000     0.00000
    -52.545         0.00000     0.00000     0.00000     0.00000
    -52.395         0.00000     0.00000     0.00000     0.00000
    -52.245         0.00000     0.00000     0.00000     0.00000
    -52.095         0.00000     0.00000     0.00000     0.00000
    -51.945         0.00000     0.00000     0.00000     0.00000
    -51.795         0.00000     0.00000     0.00000     0.00000
    -51.645         0.00000     0.00000     0.00000     0.00000
    -51.495         0.00000     0.00000     0.00000     0.00000
    -51.345         0.00000     0.00000     0.00000     0.00000
    -51.195         0.00000     0.00000     0.00000     0.00000
    -51.045         0.00000     0.00000     0.00000     0.00000
    -50.895         0.00000     0.00000     0.00000     0.00000
    -50.745         0.00000     0.00000     0.00000     0.00000
    -50.595         0.00000     0.00000     0.00000     0.00000
    -50.445         0.00000     0.00000     0.00000     0.00000
    -50.295         0.00000     0.00000     0.00000     0.00000
    -50.145         0.00000     0.00000     0.00000     0.00000
    -49.995         0.00000     0.00000     0.00000     0.00000
    -49.845         0.00000     0.00000     0.00000     0.00000
    -49.695         0.00000     0.00000     0.00000     0.00000
    -49.545         0.00000     0.00000     0.00000     0.00000
    -49.395         0.00000     0.00000     0.00000     0.00000
    -49.245         0.00000     0.00000     0.00000     0.00000
    -49.095         0.00000     0.00000     0.00000     0.00000
    -48.945         0.00000     0.00000     0.00000     0.00000
    -48.795         0.00000     0.00000     0.00000     0.00000
    -48.645         0.00000     0.00000     0.00000     0.00000
    -48.495         0.00000     0.00000     0.00000     0.00000
    -48.345         0.00000     0.00000     0.00000     0.00000
    -48.195         0.00000     0.00000     0.00000     0.00000
    -48.045         0.00000     0.00000     0.00000     0.00000
    -47.895         0.00000     0.00000     0.00000     0.00000
    -47.745         0.00000     0.00000     0.00000     0.00000
    -47.595         0.00000     0.00000     0.00000     0.00000
    -47.445         0.00000     0.00000     0.00000     0.00000
    -47.295         0.00000     0.00000     0.00000     0.00000
    -47.145         0.00000     0.00000     0.00000     0.00000
    -46.995         0.00000     0.00000     0.00000     0.00000
    -46.845         0.00000     0.00000     0.00000     0.00000
    -46.695         0.00000     0.00000     0.00000     0.00000
    -46.545         0.00000     0.00000     0.00000     0.00000
    -46.395         0.00000     0.00000     0.00000     0.00000
    -46.245         0.00000     0.00000     0.00000     0.00000
    -46.095         0.00000     0.00000     0.00000     0.00000
    -45.945         0.00000     0.00000     0.00000     0.00000
    -45.795         0.00000     0.00000     0.00000     0.00000
    -45.645         0.00000     0.00000     0.00000     0.00000
    -45.495         0.00000     0.00000     0.00000     0.00000
    -45.345         0.00000     0.00000     0.00000     0.00000
    -45.195         0.00000     0.00000     0.00000     0.00000
    -45.045         0.00000     0.00000     0.00000     0.00000
    -44.895         0.00000     0.00000     0.00000     0.00000
    -44.745         0.00000     0.00000     0.00000     0.00000
    -44.595         0.00000     0.00000     0.00000     0.00000
    -44.445         0.00000     0.00000     0.00000     0.00000
    -44.295         0.00000     0.00000     0.00000     0.00000
    -44.145         0.00000     0.00000     0.00000     0.00000
    -43.995         0.00000     0.00000     0.00000     0.00000
    -43.845         0.00000     0.00000     0.00000     0.00000
    -43.695         0.00000     0.00000     0.00000     0.00000
    -43.545         0.00000     0.00000     0.00000     0.00000
    -43.395         0.00000     0.00000     0.00000     0.00000
    -43.245         0.00000     0.00000     0.00000     0.00000
    -43.095         0.00000     0.00000     0.00000     0.00000
    -42.945         0.00000     0.00000     0.00000     0.00000
    -42.795         0.00000     0.00000     0.00000     0.00000
    -42.645         0.00000     0.00000     0.00000     0.00000
    -42.495         0.00000     0.00000     0.00000     0.00000
    -42.345         0.00000     0.00000     0.00000     0.00000
    -42.195         0.00000     0.00000     0.00000     0.00000
    -42.045         0.00000     0.00000     0.00000     0.00000
    -41.895         0.00000     0.00000     0.00000     0.00000
    -41.745         0.00000     0.00000     0.00000     0.00000
    -41.595         0.00000     0.00000     0.00000     0.00000
    -41.445         0.00000     0.00000     0.00000     0.00000
    -41.295         0.00000     0.00000     0.00000     0.00000
    -41.145         0.00000     0.00000     0.00000     0.00000
    -40.995         0.00000     0.00000     0.00000     0.00000
    -40.845         0.00000     0.00000     0.00000     0.00000
    -40.695         0.00000     0.00000     0.00000     0.00000
    -40.545         0.00000     0.00000     0.00000     0.00000
    -40.395         0.00000     0.00000     0.00000     0.00000
    -40.245         0.00000     0.00000     0.00000     0.00000
    -40.095         0.00000     0.00000     0.00000     0.00000
    -39.945         0.00000     0.00000     0.00000     0.00000
    -39.795         0.00000     0.00000     0.00000     0.00000
    -39.645         0.00000     0.00000     0.00000     0.00000
    -39.495         0.00000     0.00000     0.00000     0.00000
    -39.345         0.00000     0.00000     0.00000     0.00000
    -39.195         0.00000     0.00000     0.00000     0.00000
    -39.045         0.00000     0.00000     0.00000     0.00000
    -38.895         0.00000     0.00000     0.00000     0.00000
    -38.745         0.00000     0.00000     0.00000     0.00000
    -38.595         0.00000     0.00000     0.00000     0.00000
    -38.445         0.00000     0.00000     0.00000     0.00000
    -38.295         0.00000     0.00000     0.00000     0.00000
    -38.145         0.00000     0.00000     0.00000     0.00000
    -37.995         0.00000     0.00000     0.00000     0.00000
    -37.845         0.00000     0.00000     0.00000     0.00000
    -37.695         0.00000     0.00000     0.00000     0.00000
    -37.545         0.00000     0.00000     0.00000     0.00000
    -37.395         0.00000     0.00000     0.00000     0.00000
    -37.245         0.00000     0.00000     0.00000     0.00000
    -37.095         0.00000     0.00000     0.00000     0.00000
    -36.945         0.00000     0.00000     0.00000     0.00000
    -36.795         0.00000     0.00000     0.00000     0.00000
    -36.645         0.00000     0.00000     0.00000     0.00000
    -36.495         0.00000     0.00000     0.00000     0.00000
    -36.345         0.00000     0.00000     0.00000     0.00000
    -36.195         0.00000     0.00000     0.00000     0.00000
    -36.045         0.00000     0.00000     0.00000     0.00000
    -35.895         0.00000     0.00000     0.00000     0.00000
    -35.745         0.00000     0.00000     0.00000     0.00000
    -35.595         0.00000     0.00000     0.00000     0.00000
    -35.445         0.00000     0.00000     0.00000     0.00000
    -35.295         0.00000     0.00000     0.00000     0.00000
    -35.145         0.00000     0.00000     0.00000     0.00000
    -34.995         0.00000     0.00000     0.00000     0.00000
    -34.845         0.00000     0.00000     0.00000     0.00000
    -34.695         0.00000     0.00000     0.00000     0.00000
    -34.545         0.00000     0.00000     0.00000     0.00000
    -34.395         0.00000     0.00000     0.00000     0.00000
    -34.245         0.00000     0.00000     0.00000     0.00000
    -34.095         0.00000     0.00000     0.00000     0.00000
    -33.945         0.00000     0.00000     0.00000     0.00000
    -33.795         0.00000     0.00000     0.00000     0.00000
    -33.645         0.00000     0.00000     0.00000     0.00000
    -33.495         0.00000     0.00000     0.00000     0.00000
    -33.345         0.00000     0.00000     0.00000     0.00000
    -33.195         0.00000     0.00000     0.00000     0.00000
    -33.045         0.00000     0.00000     0.00000     0.00000
    -32.895         0.00000     0.00000     0.00000     0.00000
    -32.745         0.00000     0.00000     0.00000     0.00000
    -32.595         0.00000     0.00000     0.00000     0.00000
    -32.445         0.00000     0.00000     0.00000     0.00000
    -32.295         0.00000     0.00000     0.00000     0.00000
    -32.145         0.00000     0.00000     0.00000     0.00000
    -31.995         0.00000     0.00000     0.00000     0.00000
    -31.845         0.00000     0.00000     0.00000     0.00000
    -31.695         0.00000     0.00000     0.00000     0.00000
    -31.545         0.00000     0.00000     0.00000     0.00000
    -31.395         0.00000     0.00000     0.00000     0.00000
    -31.245         0.00000     0.00000     0.00000     0.00000
    -31.095         0.00000     0.00000     0.00000     0.00000
    -30.945         0.00000     0.00000     0.00000     0.00000
    -30.795         0.00000     0.00000     0.00000     0.00000
    -30.645         0.00000     0.00000     0.00000     0.00000
    -30.495         0.00000     0.00000     0.00000     0.00000
    -30.345         0.00000     0.00000     0.00000     0.00000
    -30.195         0.00000     0.00000     0.00000     0.00000
    -30.045         0.00000     0.00000     0.00000     0.00000
    -29.895         0.00000     0.00000     0.00000     0.00000
    -29.745         0.00000     0.00000     0.00000     0.00000
    -29.595         0.00000     0.00000     0.00000     0.00000
    -29.445         0.00000     0.00000     0.00000     0.00000
    -29.295         0.00000     0.00000     0.00000     0.00000
    -29.145         0.00000     0.00000     0.00000     0.00000
    -28.995         0.00000     0.00000     0.00000     0.00000
    -28.845         0.00000     0.00000     0.00000     0.00000
    -28.695         0.00000     0.00000     0.00000     0.00000
    -28.545         0.00000     0.00000     0.00000     0.00000
    -28.395         0.00000     0.00000     0.00000     0.00000
    -28.245         0.00000     0.00000     0.00000     0.00000
    -28.095         0.00000     0.00000     0.00000     0.00000
    -27.945         0.00000     0.00000     0.00000     0.00000
    -27.795         0.00000     0.00000     0.00000     0.00000
    -27.645         0.00000     0.00000     0.00000     0.00000
    -27.495         0.00000     0.00000     0.00000     0.00000
    -27.345         0.00000     0.00000     0.00000     0.00000
    -27.195         0.00000     0.00000     0.00000     0.00000
    -27.045         0.00000     0.00000     0.00000     0.00000
    -26.895         0.00000     0.00000     0.00000     0.00000
    -26.745         0.00000     0.00000     0.00000     0.00000
    -26.595         0.00000     0.00000     0.00000     0.00000
    -26.445         0.00000     0.00000     0.00000     0.00000
    -26.295         0.00000     0.00000     0.00000     0.00000
    -26.145         0.00000     0.00000     0.00000     0.00000
    -25.995         0.00000     0.00000     0.00000     0.00000
    -25.845         0.00000     0.00000     0.00000     0.00000
    -25.695         0.00000     0.00000     0.00000     0.00000
    -25.545         0.00000     0.00000     0.00000     0.00000
    -25.395         0.00000     0.00000     0.00000     0.00000
    -25.245         0.00000     0.00000     0.00000     0.00000
    -25.095         0.00000     0.00000     0.00000     0.00000
    -24.945         0.00000     0.00000     0.00000     0.00000
    -24.795         0.00000     0.00000     0.00000     0.00000
    -24.645         0.00000     0.00000     0.00000     0.00000
    -24.495         0.00000     0.00000     0.00000     0.00000
    -24.345         0.00000     0.00000     0.00000     0.00000
    -24.195         0.00000     0.00000     0.00000     0.00000
    -24.045         0.00000     0.00000     0.00000     0.00000
    -23.895         0.00000     0.00000     0.00000     0.00000
    -23.745         0.00000     0.00000     0.00000     0.00000
    -23.595         0.00000     0.00000     0.00000     0.00000
    -23.445         0.00000     0.00000     0.00000     0.00000
    -23.295         0.00000     0.00000     0.00000     0.00000
    -23.145         0.00000     0.00000     0.00000     0.00000
    -22.995         0.00000     0.00000     0.00000     0.00000
    -22.845         0.00000     0.00000     0.00000     0.00000
    -22.695         0.00000     0.00000     0.00000     0.00000
    -22.545         0.00000     0.00000     0.00000     0.00000
    -22.395         0.00000     0.00000     0.00000     0.00000
    -22.245         0.00000     0.00000     0.00000     0.00000
    -22.095         0.00000     0.00000     0.00000     0.00000
    -21.945         0.00000     0.00000     0.00000     0.00000
    -21.795         0.00000     0.00000     0.00000     0.00000
    -21.645         0.00000     0.00000     0.00000     0.00000
    -21.495         0.00000     0.00000     0.00000     0.00000
    -21.345         0.00000     0.00000     0.00000     0.00000
    -21.195         0.00000     0.00000     0.00000     0.00000
    -21.045         0.00000     0.00000     0.00000     0.00000
    -20.895         0.00000     0.00000     0.00000     0.00000
    -20.745         0.00000     0.00000     0.00000     0.00000
    -20.595         0.00000     0.00000     0.00000     0.00000
    -20.445         0.00000     0.00000     0.00000     0.00000
    -20.295         0.00000     0.00000     0.00000     0.00000
    -20.145         0.00000     0.00000     0.00000     0.00000
    -19.995         0.00000     0.00000     0.00000     0.00000
    -19.845         0.00000     0.00000     0.00000     0.00000
    -19.695         0.00000     0.00000     0.00000     0.00000
    -19.545         0.00000     0.00000     0.00000     0.00000
    -19.395         0.00000     0.00000     0.00000     0.00000
    -19.245         0.00000     0.00000     0.00000     0.00000
    -19.095         0.00000     0.00000     0.00000     0.00000
    -18.945         0.00000     0.00000     0.00000     0.00000
    -18.795         0.00000     0.00000     0.00000     0.00000
    -18.645         0.00000     0.00000     0.00000     0.00000
    -18.495         0.00000     0.00000     0.00000     0.00000
    -18.345         0.00000     0.00000     0.00000     0.00000
    -18.195         0.00000     0.00000     0.00000     0.00000
    -18.045         0.00000     0.00000     0.00000     0.00000
    -17.895         0.00000     0.00000     0.00000     0.00000
    -17.745         0.00000     0.00000     0.00000     0.00000
    -17.595         0.00000     0.00000     0.00000     0.00000
    -17.445         0.00000     0.00000     0.00000     0.00000
    -17.295         0.00000     0.00000     0.00000     0.00000
    -17.145         0.00000     0.00000     0.00000     0.00000
    -16.995         0.00000     0.00000     0.00000     0.00000
    -16.845         0.00000     0.00000     0.00000     0.00000
    -16.695         0.00000     0.00000     0.00000     0.00000
    -16.545         0.00000     0.00000     0.00000     0.00000
    -16.395         0.00000     0.00000     0.00000     0.00000
    -16.245         0.00000     0.00000     0.00000     0.00000
    -16.095         0.00000     0.00000     0.00000     0.00000
    -15.945         0.00000     0.00000     0.00000     0.00000
    -15.795         0.00000     0.00000     0.00000     0.00000
    -15.645         0.00000     0.00000     0.00000     0.00000
    -15.495         0.00000     0.00000     0.00000     0.00000
    -15.345         0.00000     0.00000     0.00000     0.00000
    -15.195         0.00000     0.00000     0.00000     0.00000
    -15.045         0.00000     0.00000     0.00000     0.00000
    -14.895         0.00000     0.00000     0.00000     0.00000
    -14.745         0.00000     0.00000     0.00000     0.00000
    -14.595         0.00000     0.00000     0.00000     0.00000
    -14.445         0.00000     0.00000     0.00000     0.00000
    -14.295         0.00000     0.00000     0.00000     0.00000
    -14.145         0.00000     0.00000     0.00000     0.00000
    -13.995         0.00000     0.00000     0.00000     0.00000
    -13.845         0.00000     0.00000     0.00000     0.00000
    -13.695         0.00000     0.00000     0.00000     0.00000
    -13.545         0.00000     0.00000     0.00000     0.00000
    -13.395         0.00000     0.00000     0.00000     0.00000
    -13.245         0.00000     0.00000     0.00000     0.00000
    -13.095         0.00000     0.00000     0.00000     0.00000
    -12.945         0.00000     0.00000     0.00000     0.00000
    -12.795         0.00000     0.00000     0.00000     0.00000
    -12.645         0.00000     0.00000     0.00000     0.00000
    -12.495         0.00000     0.00000     0.00000     0.00000
    -12.345         0.00000     0.00000     0.00000     0.00000
    -12.195         0.00000     0.00000     0.00000     0.00000
    -12.045         0.00000     0.00000     0.00000     0.00000
    -11.895         0.00000     0.00000     0.00000     0.00000
    -11.745         0.00000     0.00000     0.00000     0.00000
    -11.595         0.00000     0.00000     0.00000     0.00000
    -11.445         0.00000     0.00000     0.00000     0.00000
    -11.295         0.00000     0.00000     0.00000     0.00000
    -11.145         0.00000     0.00000     0.00000     0.00000
    -10.995         0.00000     0.00000     0.00000     0.00000
    -10.845         0.00000     0.00000     0.00000     0.00000
    -10.695         0.00000     0.00000     0.00000     0.00000
    -10.545         0.00000     0.00000     0.00000     0.00000
    -10.395         0.00000     0.00000     0.00000     0.00000
    -10.245         0.00000     0.00000     0.00000     0.00000
    -10.095         0.00000     0.00000     0.00000     0.00000
    -9.9450         0.00000     0.00000     0.00000     0.00000
    -9.7950         0.00000     0.00000     0.00000     0.00000
    -9.6450         0.00000     0.00000     0.00000     0.00000
    -9.4950         0.00000     0.00000     0.00000     0.00000
    -9.3450         0.00000     0.00000     0.00000     0.00000
    -9.1950         0.00000     0.00000     0.00000     0.00000
    -9.0450         0.00000     0.00000     0.00000     0.00000
    -8.8950         0.00000     0.00000     0.00000     0.00000
    -8.7450         0.00000     0.00000     0.00000     0.00000
    -8.5950         0.00000     0.00000     0.00000     0.00000
    -8.4450         0.00000     0.00000     0.00000     0.00000
    -8.2950         0.00000     0.00000     0.00000     0.00000
    -8.1450         0.00000     0.00000     0.00000     0.00000
    -7.9950         0.00000     0.00000     0.00000     0.00000
    -7.8450         0.00000     0.00000     0.00000     0.00000
    -7.6950         0.00000     0.00000     0.00000     0.00000
    -7.5450         0.00000     0.00000     0.00000     0.00000
    -7.3950         0.00000     0.00000     0.00000     0.00000
    -7.2450         0.00000     0.00000     0.00000     0.00000
    -7.0950         0.00000     0.00000     0.00000     0.00000
    -6.9450         0.00000     0.00000     0.00000     0.00000
    -6.7950         0.00000     0.00000     0.00000     0.00000
    -6.6450         0.00000     0.00000     0.00000     0.00000
    -6.4950         0.00000     0.00000     0.00000     0.00000
    -6.3450         0.00000     0.00000     0.00000     0.00000
    -6.1950         0.00000     0.00000     0.00000     0.00000
    -6.0450         0.00000     0.00000     0.00000     0.00000
    -5.8950         0.00000     0.00000     0.00000     0.00000
    -5.7450         0.00000     0.00000     0.00000     0.00000
    -5.5950         0.00000     0.00000     0.00000     0.00000
    -5.4450         0.00000     0.00000     0.00000     0.00000
    -5.2950         0.00000     0.00000     0.00000     0.00000
    -5.1450         0.00000     0.00000     0.00000     0.00000
    -4.9950         0.00000     0.00000     0.00000     0.00000
    -4.8450         0.00000     0.00000     0.00000     0.00000
    -4.6950         0.00000     0.00000     0.00000     0.00000
    -4.5450         0.00000     0.00000     0.00000     0.00000
    -4.3950         0.00000     0.00000     0.00000     0.00000
    -4.2450         0.00000     0.00000     0.00000     0.00000
    -4.0950         0.00000     0.00000     0.00000     0.00000
    -3.9450         0.00000     0.00000     0.00000     0.00000
    -3.7950         0.00000     0.00000     0.00000     0.00000
    -3.6450         0.00000     0.00000     0.00000     0.00000
    -3.4950         0.00000     0.00000     0.00000     0.00000
    -3.3450         0.00000     0.00000     0.00000     0.00000
    -3.1950        -0.00000    -0.00000     0.00000     0.00000
    -3.0450        -0.00000    -0.00000     0.00000     0.00000
    -2.8950        -0.00000    -0.00000     0.00000     0.00000
    -2.7450        -0.00000    -0.00000     0.00000     0.00000
    -2.5950        -0.00000    -0.00000     0.00000     0.00000
    -2.4450        -0.00001    -0.00001     0.00000     0.00000
    -2.2950        -0.00001    -0.00001     0.00000     0.00000
    -2.1450        -0.00002    -0.00002     0.00000     0.00000
    -1.9950        -0.00003    -0.00003     0.00000     0.00000
    -1.8450        -0.00005    -0.00005     0.00000     0.00000
    -1.6950        -0.00009    -0.00009     0.00000     0.00001
    -1.5450        -0.00033    -0.00014     0.00000    -0.00019
    -1.3950        -0.00150    -0.00020     0.00000    -0.00131
    -1.2450        -0.00675    -0.00026     0.00000    -0.00649
    -1.0950        -0.02393    -0.00031     0.00000    -0.02362
   -0.94500        -0.07656    -0.00028     0.00002    -0.07631
   -0.79500        -0.27068    -0.00083     0.00039    -0.27024
   -0.64500        -1.06501    -0.00235     0.00076    -1.06341
   -0.49500        -3.19851    -0.00661    -0.00440    -3.18750
   -0.34500        -6.28850    -0.01576    -0.01274    -6.26001
   -0.22700        -7.20208    -0.02011    -0.01401    -7.16795
   -0.21300        -7.30251    -0.02064    -0.01440    -7.26747
   -0.20700        -7.40285    -0.02124    -0.01454    -7.36708
   -0.20100        -7.50106    -0.02182    -0.01391    -7.46534
   -0.19500        -7.59813    -0.02245    -0.01444    -7.56124
   -0.18900        -7.69548    -0.02305    -0.01467    -7.65775
   -0.18300        -7.79125    -0.02369    -0.01530    -7.75227
   -0.17700        -7.88682    -0.02432    -0.01605    -7.84645
   -0.17100        -7.98160    -0.02508    -0.01592    -7.94061
   -0.16500        -8.07736    -0.02590    -0.01648    -8.03498
   -0.15900        -8.17104    -0.02665    -0.01683    -8.12755
   -0.15300        -8.26590    -0.02749    -0.01765    -8.22077
   -0.14700        -8.36133    -0.02826    -0.01816    -8.31491
   -0.14100        -8.45570    -0.02902    -0.01825    -8.40842
   -0.13500        -8.55173    -0.02983    -0.01916    -8.50275
   -0.12900        -8.64927    -0.03076    -0.01990    -8.59861
   -0.12300        -8.74725    -0.03174    -0.02007    -8.69544
   -0.11700        -8.84687    -0.03280    -0.02109    -8.79298
   -0.11100        -8.94877    -0.03391    -0.02223    -8.89263
   -0.10500        -9.05234    -0.03499    -0.02338    -8.99396
   -0.99000E-01    -9.15882    -0.03617    -0.02457    -9.09808
   -0.93000E-01    -9.26833    -0.03738    -0.02596    -9.20500
   -0.87000E-01    -9.38123    -0.03875    -0.02733    -9.31516
   -0.81000E-01    -9.49961    -0.04025    -0.02905    -9.43032
   -0.75000E-01    -9.62377    -0.04178    -0.03077    -9.55122
   -0.69000E-01    -9.75391    -0.04352    -0.03267    -9.67772
   -0.63000E-01    -9.89211    -0.04543    -0.03482    -9.81186
   -0.57000E-01   -10.04079    -0.04747    -0.03719    -9.95613
   -0.51000E-01   -10.20142    -0.04980    -0.03994   -10.11168
   -0.45000E-01   -10.37525    -0.05245    -0.04337   -10.27943
   -0.39000E-01   -10.56440    -0.05558    -0.04733   -10.46149
   -0.33000E-01   -10.77030    -0.05925    -0.05260   -10.65845
   -0.27000E-01   -10.99809    -0.06379    -0.05980   -10.87450
   -0.21300E-01   -11.16817    -0.06759    -0.06668   -11.03390
   -0.19500E-01   -11.19433    -0.06821    -0.06791   -11.05820
   -0.18900E-01   -11.22101    -0.06885    -0.06918   -11.08297
   -0.18300E-01   -11.24809    -0.06952    -0.07053   -11.10804
   -0.17700E-01   -11.27561    -0.07021    -0.07197   -11.13343
   -0.17100E-01   -11.30349    -0.07092    -0.07347   -11.15910
   -0.16500E-01   -11.33194    -0.07166    -0.07510   -11.18518
   -0.15900E-01   -11.36095    -0.07243    -0.07684   -11.21168
   -0.15300E-01   -11.39043    -0.07321    -0.07869   -11.23853
   -0.14700E-01   -11.42038    -0.07402    -0.08065   -11.26570
   -0.14100E-01   -11.45115    -0.07486    -0.08279   -11.29349
   -0.13500E-01   -11.48243    -0.07573    -0.08508   -11.32161
   -0.12900E-01   -11.51427    -0.07664    -0.08758   -11.35006
   -0.12300E-01   -11.54690    -0.07759    -0.09030   -11.37902
   -0.11700E-01   -11.58049    -0.07858    -0.09329   -11.40861
   -0.11100E-01   -11.61453    -0.07960    -0.09659   -11.43835
   -0.10500E-01   -11.64976    -0.08065    -0.10025   -11.46887
   -0.99000E-02   -11.68601    -0.08176    -0.10436   -11.49989
   -0.93000E-02   -11.72326    -0.08290    -0.10897   -11.53139
   -0.87000E-02   -11.76209    -0.08409    -0.11429   -11.56371
   -0.81000E-02   -11.80210    -0.08534    -0.12041   -11.59634
   -0.75000E-02   -11.84374    -0.08666    -0.12763   -11.62946
   -0.69000E-02   -11.88755    -0.08804    -0.13635   -11.66316
   -0.63000E-02   -11.93416    -0.08946    -0.14731   -11.69740
   -0.57000E-02   -11.98454    -0.09093    -0.16148   -11.73213
   -0.51000E-02   -12.04047    -0.09245    -0.18048   -11.76753
   -0.45000E-02   -12.10428    -0.09403    -0.20674   -11.80351
   -0.39000E-02   -12.17960    -0.09565    -0.24370   -11.84025
   -0.33000E-02   -12.26501    -0.09728    -0.28976   -11.87797
   -0.27000E-02   -12.34363    -0.09891    -0.32688   -11.91785
   -0.21000E-02   -12.40927    -0.10047    -0.34643   -11.96237
   -0.15000E-02   -12.47601    -0.10190    -0.35508   -12.01903
   -0.90000E-03   -12.57671    -0.10301    -0.35835   -12.11535
   -0.30000E-03   -14.00149    -0.10351    -0.35907   -13.53891
    0.30000E-03   -12.57707    -0.10280    -0.35857   -12.11570
    0.90000E-03   -12.48257    -0.09954    -0.35746   -12.02557
    0.15000E-02   -12.43146    -0.09095    -0.35605   -11.98445
    0.21000E-02   -12.38986    -0.07149    -0.35449   -11.96387
    0.27000E-02   -12.34083    -0.03434    -0.35290   -11.95360
    0.33000E-02   -12.28793     0.01170    -0.35126   -11.94837
    0.39000E-02   -12.24671     0.04868    -0.34966   -11.94573
    0.45000E-02   -12.21758     0.07490    -0.34810   -11.94437
    0.51000E-02   -12.19639     0.09386    -0.34659   -11.94366
    0.57000E-02   -12.18035     0.10807    -0.34515   -11.94327
    0.63000E-02   -12.16781     0.11902    -0.34376   -11.94307
    0.69000E-02   -12.15754     0.12782    -0.34242   -11.94294
    0.75000E-02   -12.14896     0.13506    -0.34114   -11.94287
    0.81000E-02   -12.14156     0.14117    -0.33990   -11.94282
    0.87000E-02   -12.13513     0.14640    -0.33875   -11.94279
    0.93000E-02   -12.12937     0.15103    -0.33763   -11.94276
    0.99000E-02   -12.12418     0.15517    -0.33661   -11.94273
    0.10500E-01   -12.11949     0.15880    -0.33558   -11.94271
    0.11100E-01   -12.11525     0.16208    -0.33465   -11.94268
    0.11700E-01   -12.11137     0.16503    -0.33374   -11.94265
    0.12300E-01   -12.10779     0.16772    -0.33288   -11.94263
    0.12900E-01   -12.10447     0.17021    -0.33208   -11.94260
    0.13500E-01   -12.10136     0.17250    -0.33129   -11.94257
    0.14100E-01   -12.09847     0.17458    -0.33051   -11.94255
    0.14700E-01   -12.09589     0.17644    -0.32980   -11.94252
    0.15300E-01   -12.09333     0.17825    -0.32908   -11.94249
    0.15900E-01   -12.09101     0.17989    -0.32844   -11.94246
    0.16500E-01   -12.08883     0.18138    -0.32778   -11.94243
    0.17100E-01   -12.08676     0.18281    -0.32718   -11.94239
    0.17700E-01   -12.08476     0.18419    -0.32659   -11.94236
    0.18300E-01   -12.08285     0.18549    -0.32602   -11.94232
    0.18900E-01   -12.08109     0.18667    -0.32548   -11.94228
    0.19500E-01   -12.07943     0.18780    -0.32499   -11.94224
    0.21300E-01   -12.07002     0.19380    -0.32187   -11.94195
    0.27000E-01   -12.06009     0.19995    -0.31855   -11.94149
    0.33000E-01   -12.05272     0.20429    -0.31613   -11.94089
    0.39000E-01   -12.04704     0.20749    -0.31434   -11.94019
    0.45000E-01   -12.04251     0.20992    -0.31299   -11.93943
    0.51000E-01   -12.03849     0.21207    -0.31197   -11.93859
    0.57000E-01   -12.03511     0.21368    -0.31119   -11.93760
    0.63000E-01   -12.03212     0.21497    -0.31056   -11.93653
    0.69000E-01   -12.02907     0.21604    -0.30975   -11.93536
    0.75000E-01   -12.02637     0.21711    -0.30939   -11.93409
    0.81000E-01   -12.02402     0.21792    -0.30909   -11.93285
    0.87000E-01   -12.02186     0.21854    -0.30887   -11.93153
    0.93000E-01   -12.01961     0.21913    -0.30863   -11.93011
    0.99000E-01   -12.01758     0.21957    -0.30849   -11.92866
    0.10500       -12.01537     0.21999    -0.30837   -11.92700
    0.11100       -12.01289     0.22043    -0.30801   -11.92531
    0.11700       -12.01068     0.22073    -0.30789   -11.92353
    0.12300       -12.00849     0.22103    -0.30772   -11.92180
    0.12900       -12.00592     0.22126    -0.30728   -11.91991
    0.13500       -12.00342     0.22147    -0.30690   -11.91798
    0.14100       -12.00127     0.22165    -0.30683   -11.91609
    0.14700       -11.99885     0.22179    -0.30654   -11.91410
    0.15300       -11.99637     0.22191    -0.30628   -11.91200
    0.15900       -11.99396     0.22207    -0.30603   -11.90999
    0.16500       -11.99155     0.22217    -0.30581   -11.90792
    0.17100       -11.98924     0.22229    -0.30578   -11.90575
    0.17700       -11.98675     0.22240    -0.30557   -11.90358
    0.18300       -11.98429     0.22246    -0.30537   -11.90138
    0.18900       -11.98173     0.22272    -0.30534   -11.89911
    0.19500       -11.97898     0.22278    -0.30516   -11.89660
    0.20100       -11.97632     0.22282    -0.30498   -11.89416
    0.20700       -11.97352     0.22286    -0.30482   -11.89157
    0.21300       -11.97086     0.22289    -0.30465   -11.88910
    0.22700       -11.94771     0.22311    -0.30320   -11.86761
    0.34500       -11.86995     0.22369    -0.30089   -11.79275
    0.49500       -11.78260     0.22434    -0.29896   -11.70798
    0.64500       -11.69004     0.22485    -0.29635   -11.61854
    0.79500       -11.59504     0.22528    -0.29402   -11.52631
    0.94500       -11.49870     0.22564    -0.29240   -11.43193
     1.0950       -11.40162     0.22595    -0.29052   -11.33705
     1.2450       -11.30497     0.22622    -0.28878   -11.24242
     1.3950       -11.20908     0.22650    -0.28716   -11.14841
     1.5450       -11.11473     0.22676    -0.28567   -11.05581
     1.6950       -11.02357     0.22699    -0.28429   -10.96627
     1.8450       -10.93470     0.22721    -0.28298   -10.87893
     1.9950       -10.84804     0.22743    -0.28174   -10.79373
     2.1450       -10.76477     0.22761    -0.28058   -10.71181
     2.2950       -10.68468     0.22780    -0.27948   -10.63300
     2.4450       -10.60769     0.22797    -0.27844   -10.55723
     2.5950       -10.53372     0.22812    -0.27743   -10.48441
     2.7450       -10.46197     0.22829    -0.27648   -10.41378
     2.8950       -10.39320     0.22845    -0.27556   -10.34609
     3.0450       -10.32681     0.22862    -0.27468   -10.28075
     3.1950       -10.26305     0.22874    -0.27384   -10.21795
     3.3450       -10.20153     0.22886    -0.27302   -10.15736
     3.4950       -10.14212     0.22898    -0.27225   -10.09885
     3.6450       -10.08463     0.22910    -0.27149   -10.04224
     3.7950       -10.02907     0.22922    -0.27077    -9.98752
     3.9450        -9.97538     0.22933    -0.27007    -9.93464
     4.0950        -9.92322     0.22943    -0.26939    -9.88327
     4.2450        -9.87267     0.22954    -0.26874    -9.83347
     4.3950        -9.82355     0.22964    -0.26810    -9.78509
     4.5450        -9.77595     0.22974    -0.26747    -9.73821
     4.6950        -9.72969     0.22984    -0.26688    -9.69265
     4.8450        -9.68457     0.22994    -0.26629    -9.64822
     4.9950        -9.64083     0.23003    -0.26572    -9.60514
     5.1450        -9.59796     0.23010    -0.26516    -9.56291
     5.2950        -9.55656     0.23019    -0.26462    -9.52213
     5.4450        -9.51613     0.23027    -0.26410    -9.48230
     5.5950        -9.47671     0.23035    -0.26358    -9.44348
     5.7450        -9.43823     0.23043    -0.26309    -9.40557
     5.8950        -9.40060     0.23051    -0.26260    -9.36851
     6.0450        -9.36387     0.23058    -0.26214    -9.33232
     6.1950        -9.32790     0.23066    -0.26168    -9.29688
     6.3450        -9.29281     0.23074    -0.26122    -9.26233
     6.4950        -9.25851     0.23082    -0.26077    -9.22856
     6.6450        -9.22484     0.23088    -0.26034    -9.19538
     6.7950        -9.19196     0.23094    -0.25991    -9.16299
     6.9450        -9.15974     0.23102    -0.25949    -9.13126
     7.0950        -9.12811     0.23108    -0.25908    -9.10010
     7.2450        -9.09715     0.23114    -0.25868    -9.06961
     7.3950        -9.06671     0.23120    -0.25828    -9.03962
     7.5450        -9.03685     0.23126    -0.25790    -9.01022
     7.6950        -9.00754     0.23132    -0.25752    -8.98134
     7.8450        -8.97883     0.23139    -0.25714    -8.95308
     7.9950        -8.95061     0.23144    -0.25677    -8.92528
     8.1450        -8.92292     0.23150    -0.25642    -8.89801
     8.2950        -8.89571     0.23156    -0.25606    -8.87121
     8.4450        -8.86890     0.23161    -0.25571    -8.84480
     8.5950        -8.84254     0.23167    -0.25538    -8.81883
     8.7450        -8.81663     0.23172    -0.25504    -8.79331
     8.8950        -8.79120     0.23178    -0.25471    -8.76827
     9.0450        -8.76618     0.23184    -0.25439    -8.74363
     9.1950        -8.74155     0.23188    -0.25407    -8.71936
     9.3450        -8.71725     0.23193    -0.25376    -8.69543
     9.4950        -8.69329     0.23198    -0.25345    -8.67182
     9.6450        -8.66975     0.23203    -0.25314    -8.64863
     9.7950        -8.64657     0.23208    -0.25284    -8.62580
     9.9450        -8.62377     0.23212    -0.25255    -8.60335
     10.095        -8.60122     0.23217    -0.25226    -8.58113
     10.245        -8.57896     0.23222    -0.25197    -8.55922
     10.395        -8.55708     0.23226    -0.25168    -8.53766
     10.545        -8.53553     0.23231    -0.25140    -8.51644
     10.695        -8.51424     0.23236    -0.25113    -8.49547
     10.845        -8.49327     0.23241    -0.25086    -8.47482
     10.995        -8.47260     0.23245    -0.25058    -8.45446
     11.145        -8.45216     0.23248    -0.25032    -8.43433
     11.295        -8.43204     0.23253    -0.25006    -8.41451
     11.445        -8.41215     0.23257    -0.24980    -8.39491
     11.595        -8.39250     0.23261    -0.24955    -8.37556
     11.745        -8.37310     0.23266    -0.24930    -8.35645
     11.895        -8.35397     0.23270    -0.24906    -8.33761
     12.045        -8.33506     0.23274    -0.24881    -8.31900
     12.195        -8.31636     0.23277    -0.24857    -8.30056
     12.345        -8.29790     0.23280    -0.24833    -8.28238
     12.495        -8.27966     0.23284    -0.24809    -8.26441
     12.645        -8.26167     0.23288    -0.24786    -8.24669
     12.795        -8.24383     0.23292    -0.24763    -8.22912
     12.945        -8.22622     0.23295    -0.24741    -8.21177
     13.095        -8.20880     0.23299    -0.24719    -8.19460
     13.245        -8.19157     0.23303    -0.24697    -8.17763
     13.395        -8.17456     0.23306    -0.24675    -8.16087
     13.545        -8.15770     0.23309    -0.24653    -8.14426
     13.695        -8.14106     0.23313    -0.24632    -8.12787
     13.845        -8.12457     0.23316    -0.24611    -8.11163
     13.995        -8.10827     0.23320    -0.24589    -8.09558
     14.145        -8.09211     0.23324    -0.24569    -8.07965
     14.295        -8.07615     0.23327    -0.24549    -8.06393
     14.445        -8.06035     0.23330    -0.24529    -8.04836
     14.595        -8.04472     0.23334    -0.24508    -8.03297
     14.745        -8.02928     0.23336    -0.24489    -8.01775
     14.895        -8.01400     0.23339    -0.24468    -8.00271
     15.045        -7.99883     0.23343    -0.24449    -7.98777
     15.195        -7.98386     0.23345    -0.24429    -7.97302
     15.345        -7.96899     0.23349    -0.24410    -7.95837
     15.495        -7.95429     0.23351    -0.24391    -7.94389
     15.645        -7.93976     0.23354    -0.24373    -7.92958
     15.795        -7.92537     0.23358    -0.24354    -7.91540
     15.945        -7.91104     0.23361    -0.24335    -7.90130
     16.095        -7.89687     0.23364    -0.24317    -7.88734
     16.245        -7.88285     0.23367    -0.24299    -7.87353
     16.395        -7.86893     0.23370    -0.24281    -7.85982
     16.545        -7.85515     0.23373    -0.24263    -7.84625
     16.695        -7.84155     0.23375    -0.24246    -7.83285
     16.845        -7.82807     0.23378    -0.24228    -7.81958
     16.995        -7.81470     0.23381    -0.24211    -7.80640
     17.145        -7.80142     0.23383    -0.24194    -7.79332
     17.295        -7.78826     0.23386    -0.24177    -7.78036
     17.445        -7.77521     0.23389    -0.24160    -7.76750
     17.595        -7.76228     0.23392    -0.24144    -7.75476
     17.745        -7.74946     0.23395    -0.24127    -7.74213
     17.895        -7.73671     0.23398    -0.24111    -7.72958
     18.045        -7.72409     0.23400    -0.24095    -7.71714
     18.195        -7.71159     0.23403    -0.24078    -7.70484
     18.345        -7.69921     0.23405    -0.24062    -7.69264
     18.495        -7.68691     0.23408    -0.24046    -7.68053
     18.645        -7.67473     0.23411    -0.24030    -7.66854
     18.795        -7.66267     0.23413    -0.24015    -7.65665
     18.945        -7.65067     0.23416    -0.23999    -7.64484
     19.095        -7.63879     0.23418    -0.23983    -7.63314
     19.245        -7.62697     0.23422    -0.23968    -7.62150
     19.395        -7.61528     0.23424    -0.23953    -7.60998
     19.545        -7.60366     0.23427    -0.23938    -7.59854
     19.695        -7.59213     0.23429    -0.23924    -7.58718
     19.845        -7.58070     0.23431    -0.23909    -7.57592
     19.995        -7.56934     0.23434    -0.23895    -7.56473
     20.145        -7.55806     0.23436    -0.23880    -7.55362
     20.295        -7.54684     0.23438    -0.23866    -7.54256
     20.445        -7.53572     0.23441    -0.23851    -7.53161
     20.595        -7.52474     0.23443    -0.23837    -7.52080
     20.745        -7.51381     0.23445    -0.23823    -7.51002
     20.895        -7.50297     0.23447    -0.23809    -7.49935
     21.045        -7.49217     0.23450    -0.23795    -7.48872
     21.195        -7.48147     0.23452    -0.23781    -7.47817
     21.345        -7.47084     0.23455    -0.23768    -7.46771
     21.495        -7.46028     0.23457    -0.23754    -7.45731
     21.645        -7.44987     0.23458    -0.23741    -7.44704
     21.795        -7.43948     0.23461    -0.23727    -7.43682
     21.945        -7.42917     0.23463    -0.23714    -7.42666
     22.095        -7.41896     0.23465    -0.23701    -7.41660
     22.245        -7.40876     0.23468    -0.23688    -7.40656
     22.395        -7.39867     0.23470    -0.23675    -7.39662
     22.545        -7.38862     0.23472    -0.23662    -7.38672
     22.695        -7.37867     0.23474    -0.23649    -7.37692
     22.845        -7.36877     0.23477    -0.23637    -7.36717
     22.995        -7.35896     0.23479    -0.23625    -7.35750
     23.145        -7.34924     0.23481    -0.23612    -7.34792
     23.295        -7.33955     0.23483    -0.23600    -7.33838
     23.445        -7.32991     0.23485    -0.23588    -7.32888
     23.595        -7.32035     0.23487    -0.23576    -7.31947
     23.745        -7.31085     0.23489    -0.23563    -7.31010
     23.895        -7.30137     0.23491    -0.23551    -7.30077
     24.045        -7.29199     0.23493    -0.23539    -7.29152
     24.195        -7.28267     0.23495    -0.23527    -7.28235
     24.345        -7.27342     0.23497    -0.23515    -7.27324
     24.495        -7.26421     0.23499    -0.23503    -7.26417
     24.645        -7.25506     0.23500    -0.23491    -7.25515
     24.795        -7.24599     0.23502    -0.23480    -7.24622
     24.945        -7.23696     0.23505    -0.23468    -7.23733
     25.095        -7.22799     0.23507    -0.23457    -7.22849
     25.245        -7.21908     0.23508    -0.23445    -7.21971
     25.395        -7.21023     0.23510    -0.23434    -7.21099
     25.545        -7.20142     0.23512    -0.23423    -7.20231
     25.695        -7.19270     0.23513    -0.23412    -7.19372
     25.845        -7.18398     0.23515    -0.23400    -7.18513
     25.995        -7.17534     0.23518    -0.23389    -7.17663
     26.145        -7.16678     0.23519    -0.23378    -7.16818
     26.295        -7.15825     0.23520    -0.23367    -7.15978
     26.445        -7.14973     0.23522    -0.23356    -7.15139
     26.595        -7.14127     0.23524    -0.23345    -7.14306
     26.745        -7.13286     0.23526    -0.23335    -7.13478
     26.895        -7.12450     0.23527    -0.23324    -7.12654
     27.045        -7.11619     0.23529    -0.23313    -7.11835
     27.195        -7.10791     0.23531    -0.23303    -7.11020
     27.345        -7.09971     0.23532    -0.23292    -7.10211
     27.495        -7.09153     0.23534    -0.23282    -7.09406
     27.645        -7.08341     0.23536    -0.23271    -7.08606
     27.795        -7.07535     0.23538    -0.23260    -7.07812
     27.945        -7.06730     0.23539    -0.23250    -7.07019
     28.095        -7.05929     0.23540    -0.23240    -7.06230
     28.245        -7.05134     0.23542    -0.23230    -7.05446
     28.395        -7.04343     0.23543    -0.23220    -7.04666
     28.545        -7.03557     0.23544    -0.23209    -7.03892
     28.695        -7.02778     0.23546    -0.23199    -7.03125
     28.845        -7.02000     0.23549    -0.23189    -7.02360
     28.995        -7.01227     0.23550    -0.23179    -7.01599
     29.145        -7.00461     0.23552    -0.23169    -7.00844
     29.295        -6.99699     0.23554    -0.23159    -7.00093
     29.445        -6.98939     0.23556    -0.23149    -6.99345
     29.595        -6.98179     0.23557    -0.23140    -6.98597
     29.745        -6.97427     0.23559    -0.23129    -6.97856
     29.895        -6.96677     0.23560    -0.23120    -6.97118
     30.045        -6.95932     0.23562    -0.23110    -6.96384
     30.195        -6.95192     0.23564    -0.23100    -6.95655
     30.345        -6.94450     0.23565    -0.23091    -6.94925
     30.495        -6.93718     0.23567    -0.23081    -6.94204
     30.645        -6.92987     0.23569    -0.23072    -6.93484
     30.795        -6.92260     0.23571    -0.23062    -6.92768
     30.945        -6.91538     0.23573    -0.23054    -6.92057
     31.095        -6.90821     0.23574    -0.23044    -6.91351
     31.245        -6.90106     0.23576    -0.23035    -6.90647
     31.395        -6.89394     0.23578    -0.23026    -6.89945
     31.545        -6.88689     0.23579    -0.23017    -6.89251
     31.695        -6.87987     0.23580    -0.23008    -6.88559
     31.845        -6.87287     0.23581    -0.22999    -6.87869
     31.995        -6.86590     0.23583    -0.22990    -6.87183
     32.145        -6.85898     0.23585    -0.22981    -6.86501
     32.295        -6.85208     0.23586    -0.22973    -6.85822
     32.445        -6.84518     0.23587    -0.22964    -6.85142
     32.595        -6.83835     0.23589    -0.22955    -6.84469
     32.745        -6.83156     0.23591    -0.22946    -6.83801
     32.895        -6.82482     0.23592    -0.22938    -6.83137
     33.045        -6.81808     0.23594    -0.22929    -6.82473
     33.195        -6.81136     0.23595    -0.22920    -6.81811
     33.345        -6.80468     0.23597    -0.22912    -6.81153
     33.495        -6.79805     0.23598    -0.22903    -6.80499
     33.645        -6.79142     0.23599    -0.22895    -6.79846
     33.795        -6.78484     0.23601    -0.22886    -6.79198
     33.945        -6.77825     0.23602    -0.22878    -6.78549
     34.095        -6.77171     0.23604    -0.22870    -6.77905
     34.245        -6.76522     0.23605    -0.22861    -6.77266
     34.395        -6.75877     0.23606    -0.22853    -6.76630
     34.545        -6.75235     0.23608    -0.22845    -6.75998
     34.695        -6.74594     0.23609    -0.22836    -6.75367
     34.845        -6.73958     0.23611    -0.22828    -6.74741
     34.995        -6.73327     0.23612    -0.22820    -6.74119
     35.145        -6.72697     0.23613    -0.22812    -6.73498
     35.295        -6.72069     0.23615    -0.22804    -6.72879
     35.445        -6.71445     0.23616    -0.22796    -6.72264
     35.595        -6.70825     0.23617    -0.22788    -6.71653
     35.745        -6.70205     0.23619    -0.22780    -6.71043
     35.895        -6.69587     0.23620    -0.22772    -6.70434
     36.045        -6.68969     0.23621    -0.22764    -6.69826
     36.195        -6.68356     0.23622    -0.22756    -6.69222
     36.345        -6.67745     0.23624    -0.22748    -6.68621
     36.495        -6.67138     0.23625    -0.22740    -6.68023
     36.645        -6.66535     0.23627    -0.22733    -6.67429
     36.795        -6.65935     0.23628    -0.22725    -6.66838
     36.945        -6.65336     0.23629    -0.22717    -6.66249
     37.095        -6.64740     0.23631    -0.22709    -6.65661
     37.245        -6.64146     0.23632    -0.22702    -6.65077
     37.395        -6.63554     0.23633    -0.22694    -6.64494
     37.545        -6.62964     0.23635    -0.22686    -6.63913
     37.695        -6.62378     0.23635    -0.22679    -6.63335
     37.845        -6.61795     0.23637    -0.22671    -6.62761
     37.995        -6.61211     0.23638    -0.22664    -6.62185
     38.145        -6.60631     0.23640    -0.22656    -6.61614
     38.295        -6.60056     0.23641    -0.22649    -6.61048
     38.445        -6.59482     0.23642    -0.22642    -6.60483
     38.595        -6.58912     0.23644    -0.22634    -6.59921
     38.745        -6.58343     0.23645    -0.22627    -6.59361
     38.895        -6.57775     0.23646    -0.22620    -6.58801
     39.045        -6.57212     0.23647    -0.22613    -6.58246
     39.195        -6.56650     0.23648    -0.22606    -6.57693
     39.345        -6.56091     0.23650    -0.22598    -6.57143
     39.495        -6.55533     0.23651    -0.22591    -6.56593
     39.645        -6.54976     0.23652    -0.22584    -6.56044
     39.795        -6.54424     0.23653    -0.22577    -6.55500
     39.945        -6.53875     0.23654    -0.22570    -6.54959
     40.095        -6.53325     0.23655    -0.22563    -6.54417
     40.245        -6.52780     0.23656    -0.22556    -6.53880
     40.395        -6.52234     0.23657    -0.22550    -6.53342
     40.545        -6.51692     0.23659    -0.22543    -6.52808
     40.695        -6.51154     0.23660    -0.22536    -6.52279
     40.845        -6.50615     0.23661    -0.22529    -6.51747
     40.995        -6.50079     0.23662    -0.22522    -6.51219
     41.145        -6.49543     0.23664    -0.22515    -6.50691
     41.295        -6.49009     0.23665    -0.22508    -6.50166
     41.445        -6.48481     0.23666    -0.22501    -6.49646
     41.595        -6.47951     0.23667    -0.22495    -6.49123
     41.745        -6.47427     0.23668    -0.22488    -6.48607
     41.895        -6.46905     0.23669    -0.22481    -6.48093
     42.045        -6.46383     0.23670    -0.22474    -6.47579
     42.195        -6.45863     0.23671    -0.22467    -6.47066
     42.345        -6.45344     0.23672    -0.22461    -6.46555
     42.495        -6.44830     0.23673    -0.22454    -6.46049
     42.645        -6.44314     0.23674    -0.22447    -6.45542
     42.795        -6.43803     0.23675    -0.22440    -6.45038
     42.945        -6.43292     0.23676    -0.22434    -6.44534
     43.095        -6.42783     0.23677    -0.22427    -6.44033
     43.245        -6.42275     0.23678    -0.22421    -6.43532
     43.395        -6.41768     0.23679    -0.22414    -6.43033
     43.545        -6.41265     0.23680    -0.22408    -6.42537
     43.695        -6.40765     0.23681    -0.22402    -6.42045
     43.845        -6.40266     0.23682    -0.22395    -6.41553
     43.995        -6.39768     0.23684    -0.22389    -6.41064
     44.145        -6.39274     0.23685    -0.22382    -6.40576
     44.295        -6.38780     0.23685    -0.22376    -6.40090
     44.445        -6.38288     0.23686    -0.22370    -6.39605
     44.595        -6.37797     0.23687    -0.22363    -6.39121
     44.745        -6.37306     0.23689    -0.22357    -6.38637
     44.895        -6.36820     0.23690    -0.22351    -6.38159
     45.045        -6.36333     0.23692    -0.22345    -6.37680
     45.195        -6.35851     0.23693    -0.22339    -6.37205
     45.345        -6.35367     0.23694    -0.22333    -6.36728
     45.495        -6.34887     0.23695    -0.22326    -6.36256
     45.645        -6.34409     0.23696    -0.22320    -6.35785
     45.795        -6.33931     0.23696    -0.22314    -6.35313
     45.945        -6.33455     0.23698    -0.22308    -6.34845
     46.095        -6.32982     0.23699    -0.22302    -6.34379
     46.245        -6.32513     0.23699    -0.22296    -6.33916
     46.395        -6.32045     0.23700    -0.22290    -6.33455
     46.545        -6.31577     0.23701    -0.22284    -6.32994
     46.695        -6.31108     0.23702    -0.22278    -6.32532
     46.845        -6.30641     0.23703    -0.22272    -6.32072
     46.995        -6.30176     0.23704    -0.22266    -6.31614
     47.145        -6.29714     0.23705    -0.22261    -6.31159
     47.295        -6.29253     0.23706    -0.22255    -6.30705
     47.445        -6.28795     0.23707    -0.22249    -6.30253
     47.595        -6.28337     0.23708    -0.22243    -6.29802
     47.745        -6.27879     0.23709    -0.22237    -6.29351
     47.895        -6.27423     0.23711    -0.22231    -6.28902
     48.045        -6.26967     0.23712    -0.22225    -6.28453
     48.195        -6.26514     0.23713    -0.22220    -6.28008
     48.345        -6.26062     0.23714    -0.22214    -6.27562
     48.495        -6.25613     0.23715    -0.22208    -6.27119
     48.645        -6.25164     0.23716    -0.22203    -6.26678
     48.795        -6.24719     0.23716    -0.22197    -6.26238
     48.945        -6.24276     0.23717    -0.22191    -6.25803
     49.095        -6.23832     0.23718    -0.22185    -6.25365
     49.245        -6.23391     0.23719    -0.22179    -6.24931
     49.395        -6.22952     0.23720    -0.22174    -6.24498
     49.545        -6.22514     0.23721    -0.22168    -6.24066
     49.695        -6.22076     0.23721    -0.22163    -6.23635
     49.845        -6.21640     0.23722    -0.22157    -6.23205
     49.995        -6.21205     0.23723    -0.22151    -6.22777
     50.145        -6.20773     0.23724    -0.22146    -6.22351
     50.295        -6.20345     0.23725    -0.22140    -6.21929
     50.445        -6.19914     0.23726    -0.22135    -6.21505
     50.595        -6.19484     0.23727    -0.22129    -6.21081
     50.745        -6.19057     0.23728    -0.22124    -6.20661
     50.895        -6.18633     0.23729    -0.22118    -6.20244
     51.045        -6.18209     0.23729    -0.22113    -6.19826
     51.195        -6.17784     0.23730    -0.22107    -6.19407
     51.345        -6.17363     0.23732    -0.22102    -6.18993
     51.495        -6.16941     0.23733    -0.22096    -6.18578
     51.645        -6.16517     0.23734    -0.22091    -6.18160
     51.795        -6.16099     0.23735    -0.22086    -6.17748
     51.945        -6.15681     0.23735    -0.22080    -6.17336
     52.095        -6.15264     0.23736    -0.22075    -6.16926
     52.245        -6.14850     0.23737    -0.22069    -6.16518
     52.395        -6.14437     0.23738    -0.22064    -6.16112
     52.545        -6.14026     0.23739    -0.22058    -6.15706
     52.695        -6.13615     0.23740    -0.22053    -6.15302
     52.845        -6.13203     0.23741    -0.22048    -6.14897
     52.995        -6.12794     0.23742    -0.22043    -6.14494
     53.145        -6.12388     0.23743    -0.22038    -6.14093
     53.295        -6.11983     0.23744    -0.22033    -6.13695
     53.445        -6.11577     0.23746    -0.22027    -6.13295
     53.595        -6.11172     0.23747    -0.22022    -6.12896
     53.745        -6.10767     0.23748    -0.22017    -6.12498
     53.895        -6.10365     0.23749    -0.22011    -6.12103
     54.045        -6.09964     0.23750    -0.22006    -6.11708
     54.195        -6.09564     0.23751    -0.22001    -6.11314
     54.345        -6.09168     0.23751    -0.21996    -6.10924
     54.495        -6.08769     0.23753    -0.21991    -6.10531
     54.645        -6.08376     0.23753    -0.21986    -6.10143
     54.795        -6.07980     0.23754    -0.21980    -6.09754
     54.945        -6.07587     0.23755    -0.21975    -6.09366
     55.095        -6.07195     0.23756    -0.21971    -6.08981
     59.433        -5.76467     0.23823    -0.21578    -5.78712
     80.646        -5.31489     0.23925    -0.21003    -5.34411
     111.21        -4.87707     0.24028    -0.20445    -4.91290
     153.36        -4.45141     0.24126    -0.19903    -4.49363
     211.49        -4.03813     0.24223    -0.19382    -4.08654
     291.64        -3.63748     0.24315    -0.18878    -3.69186
     402.18        -3.24938     0.24404    -0.18390    -3.30952
     554.60        -2.87347     0.24489    -0.17918    -2.93918
     764.80        -2.50927     0.24573    -0.17465    -2.58036
     1054.7        -2.15705     0.24650    -0.17026    -2.23328
     1454.4        -1.81574     0.24726    -0.16605    -1.89696
     2005.6        -1.48498     0.24800    -0.16200    -1.57099
     2765.8        -1.16441     0.24869    -0.15808    -1.25502
     3814.0        -0.85337     0.24937    -0.15431    -0.94843
     5259.5        -0.55168     0.25002    -0.15065    -0.65104
     7252.9        -0.25876     0.25059    -0.14709    -0.36227
     10002.         0.02525     0.25112    -0.14369    -0.08218
     13793.         0.30023     0.25164    -0.14037     0.18897
     19020.         0.56557     0.25210    -0.13717     0.45064
     26229.         0.82069     0.25251    -0.13408     0.70226
     36170.         1.06546     0.25292    -0.13108     0.94363
     49878.         1.29962     0.25325    -0.12816     1.17453
     68782.         1.52360     0.25360    -0.12533     1.39534
     94851.         1.73757     0.25387    -0.12259     1.60629
    0.13080E+06     1.94169     0.25416    -0.11996     1.80749
    0.18038E+06     2.13665     0.25444    -0.11745     1.99966
    0.24874E+06     2.32242     0.25468    -0.11504     2.18278
    0.34301E+06     2.49945     0.25490    -0.11272     2.35727
    0.47302E+06     2.66805     0.25509    -0.11051     2.52346
    0.65229E+06     2.82851     0.25525    -0.10840     2.68166
    0.89952E+06     2.98139     0.25542    -0.10639     2.83236
    0.12404E+07     3.12689     0.25558    -0.10448     2.97579
    0.17106E+07     3.26550     0.25572    -0.10266     3.11244
    0.23589E+07     3.39748     0.25583    -0.10090     3.24255
    0.32529E+07     3.52297     0.25594    -0.09922     3.36625
    0.44858E+07     3.64235     0.25604    -0.09766     3.48396
    0.61860E+07     3.75612     0.25614    -0.09614     3.59612
    0.85305E+07     3.86444     0.25622    -0.09470     3.70292
    0.11764E+08     3.96744     0.25629    -0.09333     3.80448
    0.16222E+08     4.06529     0.25635    -0.09202     3.90096
    0.22370E+08     4.15831     0.25640    -0.09079     3.99270
    0.30849E+08     4.24623     0.25644    -0.08961     4.07939
    0.42541E+08     4.32850     0.25647    -0.08848     4.16051
    0.58664E+08     4.40535     0.25651    -0.08742     4.23626
    0.80898E+08     4.47741     0.25655    -0.08641     4.30728
    0.11156E+09     4.54524     0.25658    -0.08543     4.37410
    0.15384E+09     4.60909     0.25660    -0.08451     4.43700
    0.21215E+09     4.66906     0.25662    -0.08365     4.49608
    0.29255E+09     4.72553     0.25665    -0.08284     4.55173
    0.40343E+09     4.77873     0.25667    -0.08209     4.60416
    0.55633E+09     4.82881     0.25668    -0.08138     4.65351
    0.76719E+09     4.87460     0.25670    -0.08072     4.69862
    0.10580E+10     4.91614     0.25671    -0.08010     4.73952
    0.14589E+10     4.95418     0.25673    -0.07951     4.77696
    0.20119E+10     4.98922     0.25673    -0.07896     4.81145
    0.27744E+10     5.02152     0.25674    -0.07844     4.84322
    0.38259E+10     5.05132     0.25675    -0.07795     4.87252
    0.52760E+10     5.07885     0.25676    -0.07751     4.89960
    0.72756E+10     5.10421     0.25677    -0.07711     4.92455
    0.10033E+11     5.12765     0.25678    -0.07674     4.94760
    0.13836E+11     5.14923     0.25679    -0.07640     4.96883
    0.19079E+11     5.16920     0.25681    -0.07609     4.98848
    0.26311E+11     5.18761     0.25681    -0.07580     5.00660
    0.36283E+11     5.20460     0.25682    -0.07553     5.02332
    0.50034E+11     5.22028     0.25682    -0.07529     5.03875
    0.68997E+11     5.23475     0.25683    -0.07506     5.05299
    0.10000E+12     5.40792     0.25687    -0.07236     5.22341
