    -99.945         0.00000     0.00000     0.00000     0.00000
    -99.795         0.00000     0.00000     0.00000     0.00000
    -99.645         0.00000     0.00000     0.00000     0.00000
    -99.495         0.00000     0.00000     0.00000     0.00000
    -99.345         0.00000     0.00000     0.00000     0.00000
    -99.195         0.00000     0.00000     0.00000     0.00000
    -99.045         0.00000     0.00000     0.00000     0.00000
    -98.895         0.00000     0.00000     0.00000     0.00000
    -98.745         0.00000     0.00000     0.00000     0.00000
    -98.595         0.00000     0.00000     0.00000     0.00000
    -98.445         0.00000     0.00000     0.00000     0.00000
    -98.295         0.00000     0.00000     0.00000     0.00000
    -98.145         0.00000     0.00000     0.00000     0.00000
    -97.995         0.00000     0.00000     0.00000     0.00000
    -97.845         0.00000     0.00000     0.00000     0.00000
    -97.695         0.00000     0.00000     0.00000     0.00000
    -97.545         0.00000     0.00000     0.00000     0.00000
    -97.395         0.00000     0.00000     0.00000     0.00000
    -97.245         0.00000     0.00000     0.00000     0.00000
    -97.095         0.00000     0.00000     0.00000     0.00000
    -96.945         0.00000     0.00000     0.00000     0.00000
    -96.795         0.00000     0.00000     0.00000     0.00000
    -96.645         0.00000     0.00000     0.00000     0.00000
    -96.495         0.00000     0.00000     0.00000     0.00000
    -96.345         0.00000     0.00000     0.00000     0.00000
    -96.195         0.00000     0.00000     0.00000     0.00000
    -96.045         0.00000     0.00000     0.00000     0.00000
    -95.895         0.00000     0.00000     0.00000     0.00000
    -95.745         0.00000     0.00000     0.00000     0.00000
    -95.595         0.00000     0.00000     0.00000     0.00000
    -95.445         0.00000     0.00000     0.00000     0.00000
    -95.295         0.00000     0.00000     0.00000     0.00000
    -95.145         0.00000     0.00000     0.00000     0.00000
    -94.995         0.00000     0.00000     0.00000     0.00000
    -94.845         0.00000     0.00000     0.00000     0.00000
    -94.695         0.00000     0.00000     0.00000     0.00000
    -94.545         0.00000     0.00000     0.00000     0.00000
    -94.395         0.00000     0.00000     0.00000     0.00000
    -94.245         0.00000     0.00000     0.00000     0.00000
    -94.095         0.00000     0.00000     0.00000     0.00000
    -93.945         0.00000     0.00000     0.00000     0.00000
    -93.795         0.00000     0.00000     0.00000     0.00000
    -93.645         0.00000     0.00000     0.00000     0.00000
    -93.495         0.00000     0.00000     0.00000     0.00000
    -93.345         0.00000     0.00000     0.00000     0.00000
    -93.195         0.00000     0.00000     0.00000     0.00000
    -93.045         0.00000     0.00000     0.00000     0.00000
    -92.895         0.00000     0.00000     0.00000     0.00000
    -92.745         0.00000     0.00000     0.00000     0.00000
    -92.595         0.00000     0.00000     0.00000     0.00000
    -92.445         0.00000     0.00000     0.00000     0.00000
    -92.295         0.00000     0.00000     0.00000     0.00000
    -92.145         0.00000     0.00000     0.00000     0.00000
    -91.995         0.00000     0.00000     0.00000     0.00000
    -91.845         0.00000     0.00000     0.00000     0.00000
    -91.695         0.00000     0.00000     0.00000     0.00000
    -91.545         0.00000     0.00000     0.00000     0.00000
    -91.395         0.00000     0.00000     0.00000     0.00000
    -91.245         0.00000     0.00000     0.00000     0.00000
    -91.095         0.00000     0.00000     0.00000     0.00000
    -90.945         0.00000     0.00000     0.00000     0.00000
    -90.795         0.00000     0.00000     0.00000     0.00000
    -90.645         0.00000     0.00000     0.00000     0.00000
    -90.495         0.00000     0.00000     0.00000     0.00000
    -90.345         0.00000     0.00000     0.00000     0.00000
    -90.195         0.00000     0.00000     0.00000     0.00000
    -90.045         0.00000     0.00000     0.00000     0.00000
    -89.895         0.00000     0.00000     0.00000     0.00000
    -89.745         0.00000     0.00000     0.00000     0.00000
    -89.595         0.00000     0.00000     0.00000     0.00000
    -89.445         0.00000     0.00000     0.00000     0.00000
    -89.295         0.00000     0.00000     0.00000     0.00000
    -89.145         0.00000     0.00000     0.00000     0.00000
    -88.995         0.00000     0.00000     0.00000     0.00000
    -88.845         0.00000     0.00000     0.00000     0.00000
    -88.695         0.00000     0.00000     0.00000     0.00000
    -88.545         0.00000     0.00000     0.00000     0.00000
    -88.395         0.00000     0.00000     0.00000     0.00000
    -88.245         0.00000     0.00000     0.00000     0.00000
    -88.095         0.00000     0.00000     0.00000     0.00000
    -87.945         0.00000     0.00000     0.00000     0.00000
    -87.795         0.00000     0.00000     0.00000     0.00000
    -87.645         0.00000     0.00000     0.00000     0.00000
    -87.495         0.00000     0.00000     0.00000     0.00000
    -87.345         0.00000     0.00000     0.00000     0.00000
    -87.195         0.00000     0.00000     0.00000     0.00000
    -87.045         0.00000     0.00000     0.00000     0.00000
    -86.895         0.00000     0.00000     0.00000     0.00000
    -86.745         0.00000     0.00000     0.00000     0.00000
    -86.595         0.00000     0.00000     0.00000     0.00000
    -86.445         0.00000     0.00000     0.00000     0.00000
    -86.295         0.00000     0.00000     0.00000     0.00000
    -86.145         0.00000     0.00000     0.00000     0.00000
    -85.995         0.00000     0.00000     0.00000     0.00000
    -85.845         0.00000     0.00000     0.00000     0.00000
    -85.695         0.00000     0.00000     0.00000     0.00000
    -85.545         0.00000     0.00000     0.00000     0.00000
    -85.395         0.00000     0.00000     0.00000     0.00000
    -85.245         0.00000     0.00000     0.00000     0.00000
    -85.095         0.00000     0.00000     0.00000     0.00000
    -84.945         0.00000     0.00000     0.00000     0.00000
    -84.795         0.00000     0.00000     0.00000     0.00000
    -84.645         0.00000     0.00000     0.00000     0.00000
    -84.495         0.00000     0.00000     0.00000     0.00000
    -84.345         0.00000     0.00000     0.00000     0.00000
    -84.195         0.00000     0.00000     0.00000     0.00000
    -84.045         0.00000     0.00000     0.00000     0.00000
    -83.895         0.00000     0.00000     0.00000     0.00000
    -83.745         0.00000     0.00000     0.00000     0.00000
    -83.595         0.00000     0.00000     0.00000     0.00000
    -83.445         0.00000     0.00000     0.00000     0.00000
    -83.295         0.00000     0.00000     0.00000     0.00000
    -83.145         0.00000     0.00000     0.00000     0.00000
    -82.995         0.00000     0.00000     0.00000     0.00000
    -82.845         0.00000     0.00000     0.00000     0.00000
    -82.695         0.00000     0.00000     0.00000     0.00000
    -82.545         0.00000     0.00000     0.00000     0.00000
    -82.395         0.00000     0.00000     0.00000     0.00000
    -82.245         0.00000     0.00000     0.00000     0.00000
    -82.095         0.00000     0.00000     0.00000     0.00000
    -81.945         0.00000     0.00000     0.00000     0.00000
    -81.795         0.00000     0.00000     0.00000     0.00000
    -81.645         0.00000     0.00000     0.00000     0.00000
    -81.495         0.00000     0.00000     0.00000     0.00000
    -81.345         0.00000     0.00000     0.00000     0.00000
    -81.195         0.00000     0.00000     0.00000     0.00000
    -81.045         0.00000     0.00000     0.00000     0.00000
    -80.895         0.00000     0.00000     0.00000     0.00000
    -80.745         0.00000     0.00000     0.00000     0.00000
    -80.595         0.00000     0.00000     0.00000     0.00000
    -80.445         0.00000     0.00000     0.00000     0.00000
    -80.295         0.00000     0.00000     0.00000     0.00000
    -80.145         0.00000     0.00000     0.00000     0.00000
    -79.995         0.00000     0.00000     0.00000     0.00000
    -79.845         0.00000     0.00000     0.00000     0.00000
    -79.695         0.00000     0.00000     0.00000     0.00000
    -79.545         0.00000     0.00000     0.00000     0.00000
    -79.395         0.00000     0.00000     0.00000     0.00000
    -79.245         0.00000     0.00000     0.00000     0.00000
    -79.095         0.00000     0.00000     0.00000     0.00000
    -78.945         0.00000     0.00000     0.00000     0.00000
    -78.795         0.00000     0.00000     0.00000     0.00000
    -78.645         0.00000     0.00000     0.00000     0.00000
    -78.495         0.00000     0.00000     0.00000     0.00000
    -78.345         0.00000     0.00000     0.00000     0.00000
    -78.195         0.00000     0.00000     0.00000     0.00000
    -78.045         0.00000     0.00000     0.00000     0.00000
    -77.895         0.00000     0.00000     0.00000     0.00000
    -77.745         0.00000     0.00000     0.00000     0.00000
    -77.595         0.00000     0.00000     0.00000     0.00000
    -77.445         0.00000     0.00000     0.00000     0.00000
    -77.295         0.00000     0.00000     0.00000     0.00000
    -77.145         0.00000     0.00000     0.00000     0.00000
    -76.995         0.00000     0.00000     0.00000     0.00000
    -76.845         0.00000     0.00000     0.00000     0.00000
    -76.695         0.00000     0.00000     0.00000     0.00000
    -76.545         0.00000     0.00000     0.00000     0.00000
    -76.395         0.00000     0.00000     0.00000     0.00000
    -76.245         0.00000     0.00000     0.00000     0.00000
    -76.095         0.00000     0.00000     0.00000     0.00000
    -75.945         0.00000     0.00000     0.00000     0.00000
    -75.795         0.00000     0.00000     0.00000     0.00000
    -75.645         0.00000     0.00000     0.00000     0.00000
    -75.495         0.00000     0.00000     0.00000     0.00000
    -75.345         0.00000     0.00000     0.00000     0.00000
    -75.195         0.00000     0.00000     0.00000     0.00000
    -75.045         0.00000     0.00000     0.00000     0.00000
    -74.895         0.00000     0.00000     0.00000     0.00000
    -74.745         0.00000     0.00000     0.00000     0.00000
    -74.595         0.00000     0.00000     0.00000     0.00000
    -74.445         0.00000     0.00000     0.00000     0.00000
    -74.295         0.00000     0.00000     0.00000     0.00000
    -74.145         0.00000     0.00000     0.00000     0.00000
    -73.995         0.00000     0.00000     0.00000     0.00000
    -73.845         0.00000     0.00000     0.00000     0.00000
    -73.695         0.00000     0.00000     0.00000     0.00000
    -73.545         0.00000     0.00000     0.00000     0.00000
    -73.395         0.00000     0.00000     0.00000     0.00000
    -73.245         0.00000     0.00000     0.00000     0.00000
    -73.095         0.00000     0.00000     0.00000     0.00000
    -72.945         0.00000     0.00000     0.00000     0.00000
    -72.795         0.00000     0.00000     0.00000     0.00000
    -72.645         0.00000     0.00000     0.00000     0.00000
    -72.495         0.00000     0.00000     0.00000     0.00000
    -72.345         0.00000     0.00000     0.00000     0.00000
    -72.195         0.00000     0.00000     0.00000     0.00000
    -72.045         0.00000     0.00000     0.00000     0.00000
    -71.895         0.00000     0.00000     0.00000     0.00000
    -71.745         0.00000     0.00000     0.00000     0.00000
    -71.595         0.00000     0.00000     0.00000     0.00000
    -71.445         0.00000     0.00000     0.00000     0.00000
    -71.295         0.00000     0.00000     0.00000     0.00000
    -71.145         0.00000     0.00000     0.00000     0.00000
    -70.995         0.00000     0.00000     0.00000     0.00000
    -70.845         0.00000     0.00000     0.00000     0.00000
    -70.695         0.00000     0.00000     0.00000     0.00000
    -70.545         0.00000     0.00000     0.00000     0.00000
    -70.395         0.00000     0.00000     0.00000     0.00000
    -70.245         0.00000     0.00000     0.00000     0.00000
    -70.095         0.00000     0.00000     0.00000     0.00000
    -69.945         0.00000     0.00000     0.00000     0.00000
    -69.795         0.00000     0.00000     0.00000     0.00000
    -69.645         0.00000     0.00000     0.00000     0.00000
    -69.495         0.00000     0.00000     0.00000     0.00000
    -69.345         0.00000     0.00000     0.00000     0.00000
    -69.195         0.00000     0.00000     0.00000     0.00000
    -69.045         0.00000     0.00000     0.00000     0.00000
    -68.895         0.00000     0.00000     0.00000     0.00000
    -68.745         0.00000     0.00000     0.00000     0.00000
    -68.595         0.00000     0.00000     0.00000     0.00000
    -68.445         0.00000     0.00000     0.00000     0.00000
    -68.295         0.00000     0.00000     0.00000     0.00000
    -68.145         0.00000     0.00000     0.00000     0.00000
    -67.995         0.00000     0.00000     0.00000     0.00000
    -67.845         0.00000     0.00000     0.00000     0.00000
    -67.695         0.00000     0.00000     0.00000     0.00000
    -67.545         0.00000     0.00000     0.00000     0.00000
    -67.395         0.00000     0.00000     0.00000     0.00000
    -67.245         0.00000     0.00000     0.00000     0.00000
    -67.095         0.00000     0.00000     0.00000     0.00000
    -66.945         0.00000     0.00000     0.00000     0.00000
    -66.795         0.00000     0.00000     0.00000     0.00000
    -66.645         0.00000     0.00000     0.00000     0.00000
    -66.495         0.00000     0.00000     0.00000     0.00000
    -66.345         0.00000     0.00000     0.00000     0.00000
    -66.195         0.00000     0.00000     0.00000     0.00000
    -66.045         0.00000     0.00000     0.00000     0.00000
    -65.895         0.00000     0.00000     0.00000     0.00000
    -65.745         0.00000     0.00000     0.00000     0.00000
    -65.595         0.00000     0.00000     0.00000     0.00000
    -65.445         0.00000     0.00000     0.00000     0.00000
    -65.295         0.00000     0.00000     0.00000     0.00000
    -65.145         0.00000     0.00000     0.00000     0.00000
    -64.995         0.00000     0.00000     0.00000     0.00000
    -64.845         0.00000     0.00000     0.00000     0.00000
    -64.695         0.00000     0.00000     0.00000     0.00000
    -64.545         0.00000     0.00000     0.00000     0.00000
    -64.395         0.00000     0.00000     0.00000     0.00000
    -64.245         0.00000     0.00000     0.00000     0.00000
    -64.095         0.00000     0.00000     0.00000     0.00000
    -63.945         0.00000     0.00000     0.00000     0.00000
    -63.795         0.00000     0.00000     0.00000     0.00000
    -63.645         0.00000     0.00000     0.00000     0.00000
    -63.495         0.00000     0.00000     0.00000     0.00000
    -63.345         0.00000     0.00000     0.00000     0.00000
    -63.195         0.00000     0.00000     0.00000     0.00000
    -63.045         0.00000     0.00000     0.00000     0.00000
    -62.895         0.00000     0.00000     0.00000     0.00000
    -62.745         0.00000     0.00000     0.00000     0.00000
    -62.595         0.00000     0.00000     0.00000     0.00000
    -62.445         0.00000     0.00000     0.00000     0.00000
    -62.295         0.00000     0.00000     0.00000     0.00000
    -62.145         0.00000     0.00000     0.00000     0.00000
    -61.995         0.00000     0.00000     0.00000     0.00000
    -61.845         0.00000     0.00000     0.00000     0.00000
    -61.695         0.00000     0.00000     0.00000     0.00000
    -61.545         0.00000     0.00000     0.00000     0.00000
    -61.395         0.00000     0.00000     0.00000     0.00000
    -61.245         0.00000     0.00000     0.00000     0.00000
    -61.095         0.00000     0.00000     0.00000     0.00000
    -60.945         0.00000     0.00000     0.00000     0.00000
    -60.795         0.00000     0.00000     0.00000     0.00000
    -60.645         0.00000     0.00000     0.00000     0.00000
    -60.495         0.00000     0.00000     0.00000     0.00000
    -60.345         0.00000     0.00000     0.00000     0.00000
    -60.195         0.00000     0.00000     0.00000     0.00000
    -60.045         0.00000     0.00000     0.00000     0.00000
    -59.895         0.00000     0.00000     0.00000     0.00000
    -59.745         0.00000     0.00000     0.00000     0.00000
    -59.595         0.00000     0.00000     0.00000     0.00000
    -59.445         0.00000     0.00000     0.00000     0.00000
    -59.295         0.00000     0.00000     0.00000     0.00000
    -59.145         0.00000     0.00000     0.00000     0.00000
    -58.995         0.00000     0.00000     0.00000     0.00000
    -58.845         0.00000     0.00000     0.00000     0.00000
    -58.695         0.00000     0.00000     0.00000     0.00000
    -58.545         0.00000     0.00000     0.00000     0.00000
    -58.395         0.00000     0.00000     0.00000     0.00000
    -58.245         0.00000     0.00000     0.00000     0.00000
    -58.095         0.00000     0.00000     0.00000     0.00000
    -57.945         0.00000     0.00000     0.00000     0.00000
    -57.795         0.00000     0.00000     0.00000     0.00000
    -57.645         0.00000     0.00000     0.00000     0.00000
    -57.495         0.00000     0.00000     0.00000     0.00000
    -57.345         0.00000     0.00000     0.00000     0.00000
    -57.195         0.00000     0.00000     0.00000     0.00000
    -57.045         0.00000     0.00000     0.00000     0.00000
    -56.895         0.00000     0.00000     0.00000     0.00000
    -56.745         0.00000     0.00000     0.00000     0.00000
    -56.595         0.00000     0.00000     0.00000     0.00000
    -56.445         0.00000     0.00000     0.00000     0.00000
    -56.295         0.00000     0.00000     0.00000     0.00000
    -56.145         0.00000     0.00000     0.00000     0.00000
    -55.995         0.00000     0.00000     0.00000     0.00000
    -55.845         0.00000     0.00000     0.00000     0.00000
    -55.695         0.00000     0.00000     0.00000     0.00000
    -55.545         0.00000     0.00000     0.00000     0.00000
    -55.395         0.00000     0.00000     0.00000     0.00000
    -55.245         0.00000     0.00000     0.00000     0.00000
    -55.095         0.00000     0.00000     0.00000     0.00000
    -54.945         0.00000     0.00000     0.00000     0.00000
    -54.795         0.00000     0.00000     0.00000     0.00000
    -54.645         0.00000     0.00000     0.00000     0.00000
    -54.495         0.00000     0.00000     0.00000     0.00000
    -54.345         0.00000     0.00000     0.00000     0.00000
    -54.195         0.00000     0.00000     0.00000     0.00000
    -54.045         0.00000     0.00000     0.00000     0.00000
    -53.895         0.00000     0.00000     0.00000     0.00000
    -53.745         0.00000     0.00000     0.00000     0.00000
    -53.595         0.00000     0.00000     0.00000     0.00000
    -53.445         0.00000     0.00000     0.00000     0.00000
    -53.295         0.00000     0.00000     0.00000     0.00000
    -53.145         0.00000     0.00000     0.00000     0.00000
    -52.995         0.00000     0.00000     0.00000     0.00000
    -52.845         0.00000     0.00000     0.00000     0.00000
    -52.695         0.00000     0.00000     0.00000     0.00000
    -52.545         0.00000     0.00000     0.00000     0.00000
    -52.395         0.00000     0.00000     0.00000     0.00000
    -52.245         0.00000     0.00000     0.00000     0.00000
    -52.095         0.00000     0.00000     0.00000     0.00000
    -51.945         0.00000     0.00000     0.00000     0.00000
    -51.795         0.00000     0.00000     0.00000     0.00000
    -51.645         0.00000     0.00000     0.00000     0.00000
    -51.495         0.00000     0.00000     0.00000     0.00000
    -51.345         0.00000     0.00000     0.00000     0.00000
    -51.195         0.00000     0.00000     0.00000     0.00000
    -51.045         0.00000     0.00000     0.00000     0.00000
    -50.895         0.00000     0.00000     0.00000     0.00000
    -50.745         0.00000     0.00000     0.00000     0.00000
    -50.595         0.00000     0.00000     0.00000     0.00000
    -50.445         0.00000     0.00000     0.00000     0.00000
    -50.295         0.00000     0.00000     0.00000     0.00000
    -50.145         0.00000     0.00000     0.00000     0.00000
    -49.995         0.00000     0.00000     0.00000     0.00000
    -49.845         0.00000     0.00000     0.00000     0.00000
    -49.695         0.00000     0.00000     0.00000     0.00000
    -49.545         0.00000     0.00000     0.00000     0.00000
    -49.395         0.00000     0.00000     0.00000     0.00000
    -49.245         0.00000     0.00000     0.00000     0.00000
    -49.095         0.00000     0.00000     0.00000     0.00000
    -48.945         0.00000     0.00000     0.00000     0.00000
    -48.795         0.00000     0.00000     0.00000     0.00000
    -48.645         0.00000     0.00000     0.00000     0.00000
    -48.495         0.00000     0.00000     0.00000     0.00000
    -48.345         0.00000     0.00000     0.00000     0.00000
    -48.195         0.00000     0.00000     0.00000     0.00000
    -48.045         0.00000     0.00000     0.00000     0.00000
    -47.895         0.00000     0.00000     0.00000     0.00000
    -47.745         0.00000     0.00000     0.00000     0.00000
    -47.595         0.00000     0.00000     0.00000     0.00000
    -47.445         0.00000     0.00000     0.00000     0.00000
    -47.295         0.00000     0.00000     0.00000     0.00000
    -47.145         0.00000     0.00000     0.00000     0.00000
    -46.995         0.00000     0.00000     0.00000     0.00000
    -46.845         0.00000     0.00000     0.00000     0.00000
    -46.695         0.00000     0.00000     0.00000     0.00000
    -46.545         0.00000     0.00000     0.00000     0.00000
    -46.395         0.00000     0.00000     0.00000     0.00000
    -46.245         0.00000     0.00000     0.00000     0.00000
    -46.095         0.00000     0.00000     0.00000     0.00000
    -45.945         0.00000     0.00000     0.00000     0.00000
    -45.795         0.00000     0.00000     0.00000     0.00000
    -45.645         0.00000     0.00000     0.00000     0.00000
    -45.495         0.00000     0.00000     0.00000     0.00000
    -45.345         0.00000     0.00000     0.00000     0.00000
    -45.195         0.00000     0.00000     0.00000     0.00000
    -45.045         0.00000     0.00000     0.00000     0.00000
    -44.895         0.00000     0.00000     0.00000     0.00000
    -44.745         0.00000     0.00000     0.00000     0.00000
    -44.595         0.00000     0.00000     0.00000     0.00000
    -44.445         0.00000     0.00000     0.00000     0.00000
    -44.295         0.00000     0.00000     0.00000     0.00000
    -44.145         0.00000     0.00000     0.00000     0.00000
    -43.995         0.00000     0.00000     0.00000     0.00000
    -43.845         0.00000     0.00000     0.00000     0.00000
    -43.695         0.00000     0.00000     0.00000     0.00000
    -43.545         0.00000     0.00000     0.00000     0.00000
    -43.395         0.00000     0.00000     0.00000     0.00000
    -43.245         0.00000     0.00000     0.00000     0.00000
    -43.095         0.00000     0.00000     0.00000     0.00000
    -42.945         0.00000     0.00000     0.00000     0.00000
    -42.795         0.00000     0.00000     0.00000     0.00000
    -42.645         0.00000     0.00000     0.00000     0.00000
    -42.495         0.00000     0.00000     0.00000     0.00000
    -42.345         0.00000     0.00000     0.00000     0.00000
    -42.195         0.00000     0.00000     0.00000     0.00000
    -42.045         0.00000     0.00000     0.00000     0.00000
    -41.895         0.00000     0.00000     0.00000     0.00000
    -41.745         0.00000     0.00000     0.00000     0.00000
    -41.595         0.00000     0.00000     0.00000     0.00000
    -41.445         0.00000     0.00000     0.00000     0.00000
    -41.295         0.00000     0.00000     0.00000     0.00000
    -41.145         0.00000     0.00000     0.00000     0.00000
    -40.995         0.00000     0.00000     0.00000     0.00000
    -40.845         0.00000     0.00000     0.00000     0.00000
    -40.695         0.00000     0.00000     0.00000     0.00000
    -40.545         0.00000     0.00000     0.00000     0.00000
    -40.395         0.00000     0.00000     0.00000     0.00000
    -40.245         0.00000     0.00000     0.00000     0.00000
    -40.095         0.00000     0.00000     0.00000     0.00000
    -39.945         0.00000     0.00000     0.00000     0.00000
    -39.795         0.00000     0.00000     0.00000     0.00000
    -39.645         0.00000     0.00000     0.00000     0.00000
    -39.495         0.00000     0.00000     0.00000     0.00000
    -39.345         0.00000     0.00000     0.00000     0.00000
    -39.195         0.00000     0.00000     0.00000     0.00000
    -39.045         0.00000     0.00000     0.00000     0.00000
    -38.895         0.00000     0.00000     0.00000     0.00000
    -38.745         0.00000     0.00000     0.00000     0.00000
    -38.595         0.00000     0.00000     0.00000     0.00000
    -38.445         0.00000     0.00000     0.00000     0.00000
    -38.295         0.00000     0.00000     0.00000     0.00000
    -38.145         0.00000     0.00000     0.00000     0.00000
    -37.995         0.00000     0.00000     0.00000     0.00000
    -37.845         0.00000     0.00000     0.00000     0.00000
    -37.695         0.00000     0.00000     0.00000     0.00000
    -37.545         0.00000     0.00000     0.00000     0.00000
    -37.395         0.00000     0.00000     0.00000     0.00000
    -37.245         0.00000     0.00000     0.00000     0.00000
    -37.095         0.00000     0.00000     0.00000     0.00000
    -36.945         0.00000     0.00000     0.00000     0.00000
    -36.795         0.00000     0.00000     0.00000     0.00000
    -36.645         0.00000     0.00000     0.00000     0.00000
    -36.495         0.00000     0.00000     0.00000     0.00000
    -36.345         0.00000     0.00000     0.00000     0.00000
    -36.195         0.00000     0.00000     0.00000     0.00000
    -36.045         0.00000     0.00000     0.00000     0.00000
    -35.895         0.00000     0.00000     0.00000     0.00000
    -35.745         0.00000     0.00000     0.00000     0.00000
    -35.595         0.00000     0.00000     0.00000     0.00000
    -35.445         0.00000     0.00000     0.00000     0.00000
    -35.295         0.00000     0.00000     0.00000     0.00000
    -35.145         0.00000     0.00000     0.00000     0.00000
    -34.995         0.00000     0.00000     0.00000     0.00000
    -34.845         0.00000     0.00000     0.00000     0.00000
    -34.695         0.00000     0.00000     0.00000     0.00000
    -34.545         0.00000     0.00000     0.00000     0.00000
    -34.395         0.00000     0.00000     0.00000     0.00000
    -34.245         0.00000     0.00000     0.00000     0.00000
    -34.095         0.00000     0.00000     0.00000     0.00000
    -33.945         0.00000     0.00000     0.00000     0.00000
    -33.795         0.00000     0.00000     0.00000     0.00000
    -33.645         0.00000     0.00000     0.00000     0.00000
    -33.495         0.00000     0.00000     0.00000     0.00000
    -33.345         0.00000     0.00000     0.00000     0.00000
    -33.195         0.00000     0.00000     0.00000     0.00000
    -33.045         0.00000     0.00000     0.00000     0.00000
    -32.895         0.00000     0.00000     0.00000     0.00000
    -32.745         0.00000     0.00000     0.00000     0.00000
    -32.595         0.00000     0.00000     0.00000     0.00000
    -32.445         0.00000     0.00000     0.00000     0.00000
    -32.295         0.00000     0.00000     0.00000     0.00000
    -32.145         0.00000     0.00000     0.00000     0.00000
    -31.995         0.00000     0.00000     0.00000     0.00000
    -31.845         0.00000     0.00000     0.00000     0.00000
    -31.695         0.00000     0.00000     0.00000     0.00000
    -31.545         0.00000     0.00000     0.00000     0.00000
    -31.395         0.00000     0.00000     0.00000     0.00000
    -31.245         0.00000     0.00000     0.00000     0.00000
    -31.095         0.00000     0.00000     0.00000     0.00000
    -30.945         0.00000     0.00000     0.00000     0.00000
    -30.795         0.00000     0.00000     0.00000     0.00000
    -30.645         0.00000     0.00000     0.00000     0.00000
    -30.495         0.00000     0.00000     0.00000     0.00000
    -30.345         0.00000     0.00000     0.00000     0.00000
    -30.195         0.00000     0.00000     0.00000     0.00000
    -30.045         0.00000     0.00000     0.00000     0.00000
    -29.895         0.00000     0.00000     0.00000     0.00000
    -29.745         0.00000     0.00000     0.00000     0.00000
    -29.595         0.00000     0.00000     0.00000     0.00000
    -29.445         0.00000     0.00000     0.00000     0.00000
    -29.295         0.00000     0.00000     0.00000     0.00000
    -29.145         0.00000     0.00000     0.00000     0.00000
    -28.995         0.00000     0.00000     0.00000     0.00000
    -28.845         0.00000     0.00000     0.00000     0.00000
    -28.695         0.00000     0.00000     0.00000     0.00000
    -28.545         0.00000     0.00000     0.00000     0.00000
    -28.395         0.00000     0.00000     0.00000     0.00000
    -28.245         0.00000     0.00000     0.00000     0.00000
    -28.095         0.00000     0.00000     0.00000     0.00000
    -27.945         0.00000     0.00000     0.00000     0.00000
    -27.795         0.00000     0.00000     0.00000     0.00000
    -27.645         0.00000     0.00000     0.00000     0.00000
    -27.495         0.00000     0.00000     0.00000     0.00000
    -27.345         0.00000     0.00000     0.00000     0.00000
    -27.195         0.00000     0.00000     0.00000     0.00000
    -27.045         0.00000     0.00000     0.00000     0.00000
    -26.895         0.00000     0.00000     0.00000     0.00000
    -26.745         0.00000     0.00000     0.00000     0.00000
    -26.595         0.00000     0.00000     0.00000     0.00000
    -26.445         0.00000     0.00000     0.00000     0.00000
    -26.295         0.00000     0.00000     0.00000     0.00000
    -26.145         0.00000     0.00000     0.00000     0.00000
    -25.995         0.00000     0.00000     0.00000     0.00000
    -25.845         0.00000     0.00000     0.00000     0.00000
    -25.695         0.00000     0.00000     0.00000     0.00000
    -25.545         0.00000     0.00000     0.00000     0.00000
    -25.395         0.00000     0.00000     0.00000     0.00000
    -25.245         0.00000     0.00000     0.00000     0.00000
    -25.095         0.00000     0.00000     0.00000     0.00000
    -24.945         0.00000     0.00000     0.00000     0.00000
    -24.795         0.00000     0.00000     0.00000     0.00000
    -24.645         0.00000     0.00000     0.00000     0.00000
    -24.495         0.00000     0.00000     0.00000     0.00000
    -24.345         0.00000     0.00000     0.00000     0.00000
    -24.195         0.00000     0.00000     0.00000     0.00000
    -24.045         0.00000     0.00000     0.00000     0.00000
    -23.895         0.00000     0.00000     0.00000     0.00000
    -23.745         0.00000     0.00000     0.00000     0.00000
    -23.595         0.00000     0.00000     0.00000     0.00000
    -23.445         0.00000     0.00000     0.00000     0.00000
    -23.295         0.00000     0.00000     0.00000     0.00000
    -23.145         0.00000     0.00000     0.00000     0.00000
    -22.995         0.00000     0.00000     0.00000     0.00000
    -22.845         0.00000     0.00000     0.00000     0.00000
    -22.695         0.00000     0.00000     0.00000     0.00000
    -22.545         0.00000     0.00000     0.00000     0.00000
    -22.395         0.00000     0.00000     0.00000     0.00000
    -22.245         0.00000     0.00000     0.00000     0.00000
    -22.095         0.00000     0.00000     0.00000     0.00000
    -21.945         0.00000     0.00000     0.00000     0.00000
    -21.795         0.00000     0.00000     0.00000     0.00000
    -21.645         0.00000     0.00000     0.00000     0.00000
    -21.495         0.00000     0.00000     0.00000     0.00000
    -21.345         0.00000     0.00000     0.00000     0.00000
    -21.195         0.00000     0.00000     0.00000     0.00000
    -21.045         0.00000     0.00000     0.00000     0.00000
    -20.895         0.00000     0.00000     0.00000     0.00000
    -20.745         0.00000     0.00000     0.00000     0.00000
    -20.595         0.00000     0.00000     0.00000     0.00000
    -20.445         0.00000     0.00000     0.00000     0.00000
    -20.295         0.00000     0.00000     0.00000     0.00000
    -20.145         0.00000     0.00000     0.00000     0.00000
    -19.995         0.00000     0.00000     0.00000     0.00000
    -19.845         0.00000     0.00000     0.00000     0.00000
    -19.695         0.00000     0.00000     0.00000     0.00000
    -19.545         0.00000     0.00000     0.00000     0.00000
    -19.395         0.00000     0.00000     0.00000     0.00000
    -19.245         0.00000     0.00000     0.00000     0.00000
    -19.095         0.00000     0.00000     0.00000     0.00000
    -18.945         0.00000     0.00000     0.00000     0.00000
    -18.795         0.00000     0.00000     0.00000     0.00000
    -18.645         0.00000     0.00000     0.00000     0.00000
    -18.495         0.00000     0.00000     0.00000     0.00000
    -18.345         0.00000     0.00000     0.00000     0.00000
    -18.195         0.00000     0.00000     0.00000     0.00000
    -18.045         0.00000     0.00000     0.00000     0.00000
    -17.895         0.00000     0.00000     0.00000     0.00000
    -17.745         0.00000     0.00000     0.00000     0.00000
    -17.595         0.00000     0.00000     0.00000     0.00000
    -17.445         0.00000     0.00000     0.00000     0.00000
    -17.295         0.00000     0.00000     0.00000     0.00000
    -17.145         0.00000     0.00000     0.00000     0.00000
    -16.995         0.00000     0.00000     0.00000     0.00000
    -16.845         0.00000     0.00000     0.00000     0.00000
    -16.695         0.00000     0.00000     0.00000     0.00000
    -16.545         0.00000     0.00000     0.00000     0.00000
    -16.395         0.00000     0.00000     0.00000     0.00000
    -16.245         0.00000     0.00000     0.00000     0.00000
    -16.095         0.00000     0.00000     0.00000     0.00000
    -15.945         0.00000     0.00000     0.00000     0.00000
    -15.795         0.00000     0.00000     0.00000     0.00000
    -15.645         0.00000     0.00000     0.00000     0.00000
    -15.495         0.00000     0.00000     0.00000     0.00000
    -15.345         0.00000     0.00000     0.00000     0.00000
    -15.195         0.00000     0.00000     0.00000     0.00000
    -15.045         0.00000     0.00000     0.00000     0.00000
    -14.895         0.00000     0.00000     0.00000     0.00000
    -14.745         0.00000     0.00000     0.00000     0.00000
    -14.595         0.00000     0.00000     0.00000     0.00000
    -14.445         0.00000     0.00000     0.00000     0.00000
    -14.295         0.00000     0.00000     0.00000     0.00000
    -14.145         0.00000     0.00000     0.00000     0.00000
    -13.995         0.00000     0.00000     0.00000     0.00000
    -13.845         0.00000     0.00000     0.00000     0.00000
    -13.695         0.00000     0.00000     0.00000     0.00000
    -13.545         0.00000     0.00000     0.00000     0.00000
    -13.395         0.00000     0.00000     0.00000     0.00000
    -13.245         0.00000     0.00000     0.00000     0.00000
    -13.095         0.00000     0.00000     0.00000     0.00000
    -12.945         0.00000     0.00000     0.00000     0.00000
    -12.795         0.00000     0.00000     0.00000     0.00000
    -12.645         0.00000     0.00000     0.00000     0.00000
    -12.495         0.00000     0.00000     0.00000     0.00000
    -12.345         0.00000     0.00000     0.00000     0.00000
    -12.195         0.00000     0.00000     0.00000     0.00000
    -12.045         0.00000     0.00000     0.00000     0.00000
    -11.895         0.00000     0.00000     0.00000     0.00000
    -11.745         0.00000     0.00000     0.00000     0.00000
    -11.595         0.00000     0.00000     0.00000     0.00000
    -11.445         0.00000     0.00000     0.00000     0.00000
    -11.295         0.00000     0.00000     0.00000     0.00000
    -11.145         0.00000     0.00000     0.00000     0.00000
    -10.995         0.00000     0.00000     0.00000     0.00000
    -10.845         0.00000     0.00000     0.00000     0.00000
    -10.695         0.00000     0.00000     0.00000     0.00000
    -10.545         0.00000     0.00000     0.00000     0.00000
    -10.395         0.00000     0.00000     0.00000     0.00000
    -10.245         0.00000     0.00000     0.00000     0.00000
    -10.095         0.00000     0.00000     0.00000     0.00000
    -9.9450         0.00000     0.00000     0.00000     0.00000
    -9.7950         0.00000     0.00000     0.00000     0.00000
    -9.6450         0.00000     0.00000     0.00000     0.00000
    -9.4950         0.00000     0.00000     0.00000     0.00000
    -9.3450         0.00000     0.00000     0.00000     0.00000
    -9.1950         0.00000     0.00000     0.00000     0.00000
    -9.0450         0.00000     0.00000     0.00000     0.00000
    -8.8950         0.00000     0.00000     0.00000     0.00000
    -8.7450         0.00000     0.00000     0.00000     0.00000
    -8.5950         0.00000     0.00000     0.00000     0.00000
    -8.4450         0.00000     0.00000     0.00000     0.00000
    -8.2950         0.00000     0.00000     0.00000     0.00000
    -8.1450         0.00000     0.00000     0.00000     0.00000
    -7.9950         0.00000     0.00000     0.00000     0.00000
    -7.8450         0.00000     0.00000     0.00000     0.00000
    -7.6950         0.00000     0.00000     0.00000     0.00000
    -7.5450         0.00000     0.00000     0.00000     0.00000
    -7.3950         0.00000     0.00000     0.00000     0.00000
    -7.2450         0.00000     0.00000     0.00000     0.00000
    -7.0950         0.00000     0.00000     0.00000     0.00000
    -6.9450         0.00000     0.00000     0.00000     0.00000
    -6.7950         0.00000     0.00000     0.00000     0.00000
    -6.6450         0.00000     0.00000     0.00000     0.00000
    -6.4950         0.00000     0.00000     0.00000     0.00000
    -6.3450         0.00000     0.00000     0.00000     0.00000
    -6.1950         0.00000     0.00000     0.00000     0.00000
    -6.0450         0.00000     0.00000     0.00000     0.00000
    -5.8950         0.00000     0.00000     0.00000     0.00000
    -5.7450         0.00000     0.00000     0.00000     0.00000
    -5.5950         0.00000     0.00000     0.00000     0.00000
    -5.4450         0.00000     0.00000     0.00000     0.00000
    -5.2950         0.00000     0.00000     0.00000     0.00000
    -5.1450         0.00000     0.00000     0.00000     0.00000
    -4.9950         0.00000     0.00000     0.00000     0.00000
    -4.8450         0.00000     0.00000     0.00000     0.00000
    -4.6950         0.00000     0.00000     0.00000     0.00000
    -4.5450         0.00000     0.00000     0.00000     0.00000
    -4.3950         0.00000     0.00000     0.00000     0.00000
    -4.2450         0.00000     0.00000     0.00000     0.00000
    -4.0950         0.00000     0.00000     0.00000     0.00000
    -3.9450         0.00000     0.00000     0.00000     0.00000
    -3.7950         0.00000     0.00000     0.00000     0.00000
    -3.6450         0.00000     0.00000     0.00000     0.00000
    -3.4950         0.00000     0.00000     0.00000     0.00000
    -3.3450         0.00000     0.00000     0.00000     0.00000
    -3.1950         0.00000     0.00000     0.00000     0.00000
    -3.0450         0.00000     0.00000     0.00000     0.00000
    -2.8950         0.00000     0.00000     0.00000     0.00000
    -2.7450         0.00000     0.00000     0.00000     0.00000
    -2.5950         0.00000     0.00000     0.00000     0.00000
    -2.4450         0.00000     0.00000     0.00000     0.00000
    -2.2950         0.00000     0.00000     0.00000     0.00000
    -2.1450         0.00000     0.00000     0.00000     0.00000
    -1.9950        -0.00000    -0.00000     0.00000     0.00000
    -1.8450        -0.00000    -0.00000     0.00000     0.00000
    -1.6950         0.00000     0.00000     0.00000     0.00000
    -1.5450         0.00000     0.00000     0.00000    -0.00000
    -1.3950         0.00003     0.00003     0.00000     0.00001
    -1.2450        -0.00063    -0.00035    -0.00000    -0.00027
    -1.0950        -0.00294    -0.00073    -0.00000    -0.00221
   -0.94500        -0.01147    -0.00034     0.00001    -0.01113
   -0.79500        -0.05348    -0.00025     0.00011    -0.05333
   -0.64500        -0.27626    -0.00010    -0.00249    -0.27367
   -0.49500        -1.46541     0.00015    -0.01329    -1.45228
   -0.34500        -4.10958    -0.00632    -0.03733    -4.06593
   -0.22700        -4.93006    -0.01105    -0.04736    -4.87165
   -0.21300        -5.01969    -0.01179    -0.04861    -4.95928
   -0.20700        -5.10768    -0.01252    -0.04981    -5.04536
   -0.20100        -5.19380    -0.01333    -0.05096    -5.12951
   -0.19500        -5.28024    -0.01412    -0.05226    -5.21386
   -0.18900        -5.36542    -0.01491    -0.05360    -5.29691
   -0.18300        -5.44830    -0.01582    -0.05496    -5.37752
   -0.17700        -5.53091    -0.01655    -0.05635    -5.45801
   -0.17100        -5.61400    -0.01750    -0.05786    -5.53864
   -0.16500        -5.69481    -0.01851    -0.05934    -5.61697
   -0.15900        -5.77606    -0.01953    -0.06090    -5.69563
   -0.15300        -5.85721    -0.02061    -0.06245    -5.77415
   -0.14700        -5.93876    -0.02169    -0.06414    -5.85294
   -0.14100        -6.01952    -0.02277    -0.06588    -5.93087
   -0.13500        -6.10074    -0.02407    -0.06761    -6.00906
   -0.12900        -6.18333    -0.02537    -0.06941    -6.08855
   -0.12300        -6.26617    -0.02683    -0.07140    -6.16795
   -0.11700        -6.34984    -0.02834    -0.07341    -6.24809
   -0.11100        -6.43477    -0.02990    -0.07557    -6.32929
   -0.10500        -6.52146    -0.03158    -0.07794    -6.41194
   -0.99000E-01    -6.60967    -0.03336    -0.08044    -6.49588
   -0.93000E-01    -6.70046    -0.03523    -0.08306    -6.58216
   -0.87000E-01    -6.79315    -0.03733    -0.08602    -6.66980
   -0.81000E-01    -6.88972    -0.03954    -0.08919    -6.76098
   -0.75000E-01    -6.99012    -0.04204    -0.09264    -6.85545
   -0.69000E-01    -7.09584    -0.04490    -0.09624    -6.95471
   -0.63000E-01    -7.20896    -0.04801    -0.10049    -7.06046
   -0.57000E-01    -7.33034    -0.05157    -0.10522    -7.17355
   -0.51000E-01    -7.46195    -0.05554    -0.11042    -7.29599
   -0.45000E-01    -7.60619    -0.06023    -0.11629    -7.42966
   -0.39000E-01    -7.76592    -0.06573    -0.12321    -7.57699
   -0.33000E-01    -7.94362    -0.07224    -0.13195    -7.73942
   -0.27000E-01    -8.14317    -0.08041    -0.14310    -7.91966
   -0.21300E-01    -8.29528    -0.08731    -0.15322    -8.05475
   -0.19500E-01    -8.31866    -0.08845    -0.15498    -8.07524
   -0.18900E-01    -8.34257    -0.08961    -0.15677    -8.09619
   -0.18300E-01    -8.36693    -0.09079    -0.15869    -8.11745
   -0.17700E-01    -8.39164    -0.09205    -0.16066    -8.13893
   -0.17100E-01    -8.41691    -0.09334    -0.16277    -8.16079
   -0.16500E-01    -8.44269    -0.09471    -0.16497    -8.18301
   -0.15900E-01    -8.46886    -0.09612    -0.16727    -8.20548
   -0.15300E-01    -8.49588    -0.09755    -0.16980    -8.22852
   -0.14700E-01    -8.52324    -0.09904    -0.17243    -8.25177
   -0.14100E-01    -8.55138    -0.10057    -0.17523    -8.27558
   -0.13500E-01    -8.58008    -0.10219    -0.17822    -8.29967
   -0.12900E-01    -8.60962    -0.10387    -0.18141    -8.32434
   -0.12300E-01    -8.63992    -0.10564    -0.18483    -8.34945
   -0.11700E-01    -8.67117    -0.10751    -0.18856    -8.37511
   -0.11100E-01    -8.70327    -0.10943    -0.19263    -8.40122
   -0.10500E-01    -8.73645    -0.11146    -0.19698    -8.42801
   -0.99000E-02    -8.77065    -0.11359    -0.20180    -8.45526
   -0.93000E-02    -8.80613    -0.11585    -0.20709    -8.48319
   -0.87000E-02    -8.84273    -0.11818    -0.21292    -8.51163
   -0.81000E-02    -8.88093    -0.12062    -0.21952    -8.54079
   -0.75000E-02    -8.92073    -0.12320    -0.22692    -8.57060
   -0.69000E-02    -8.96271    -0.12596    -0.23547    -8.60127
   -0.63000E-02    -9.00685    -0.12884    -0.24546    -8.63256
   -0.57000E-02    -9.05382    -0.13189    -0.25738    -8.66455
   -0.51000E-02    -9.10434    -0.13512    -0.27207    -8.69715
   -0.45000E-02    -9.15999    -0.13854    -0.29108    -8.73038
   -0.39000E-02    -9.22367    -0.14214    -0.31739    -8.76414
   -0.33000E-02    -9.30074    -0.14593    -0.35628    -8.79853
   -0.27000E-02    -9.39836    -0.14984    -0.41480    -8.83372
   -0.21000E-02    -9.51446    -0.15383    -0.48948    -8.87115
   -0.15000E-02    -9.61004    -0.15768    -0.53674    -8.91561
   -0.90000E-03    -9.70224    -0.16099    -0.55273    -8.98853
   -0.30000E-03   -11.14893    -0.16271    -0.55564   -10.43058
    0.30000E-03    -9.70353    -0.15979    -0.55394    -8.98979
    0.90000E-03    -9.62223    -0.14375    -0.55065    -8.92782
    0.15000E-02    -9.54819    -0.09650    -0.54685    -8.90484
    0.21000E-02    -9.46036    -0.02184    -0.54288    -8.89564
    0.27000E-02    -9.39415     0.03676    -0.53898    -8.89192
    0.33000E-02    -9.34993     0.07568    -0.53519    -8.89041
    0.39000E-02    -9.31929     0.10205    -0.53156    -8.88978
    0.45000E-02    -9.29657     0.12108    -0.52814    -8.88951
    0.51000E-02    -9.27856     0.13573    -0.52490    -8.88940
    0.57000E-02    -9.26367     0.14749    -0.52182    -8.88934
    0.63000E-02    -9.25089     0.15736    -0.51894    -8.88931
    0.69000E-02    -9.23964     0.16587    -0.51622    -8.88929
    0.75000E-02    -9.22969     0.17324    -0.51365    -8.88927
    0.81000E-02    -9.22073     0.17976    -0.51123    -8.88925
    0.87000E-02    -9.21257     0.18558    -0.50892    -8.88923
    0.93000E-02    -9.20516     0.19077    -0.50672    -8.88922
    0.99000E-02    -9.19829     0.19553    -0.50462    -8.88920
    0.10500E-01    -9.19200     0.19980    -0.50263    -8.88918
    0.11100E-01    -9.18605     0.20383    -0.50072    -8.88916
    0.11700E-01    -9.18054     0.20751    -0.49892    -8.88914
    0.12300E-01    -9.17540     0.21092    -0.49720    -8.88912
    0.12900E-01    -9.17059     0.21408    -0.49557    -8.88910
    0.13500E-01    -9.16599     0.21709    -0.49401    -8.88907
    0.14100E-01    -9.16169     0.21985    -0.49249    -8.88905
    0.14700E-01    -9.15765     0.22246    -0.49109    -8.88902
    0.15300E-01    -9.15376     0.22494    -0.48971    -8.88900
    0.15900E-01    -9.15006     0.22727    -0.48837    -8.88896
    0.16500E-01    -9.14658     0.22946    -0.48710    -8.88894
    0.17100E-01    -9.14321     0.23159    -0.48590    -8.88891
    0.17700E-01    -9.14002     0.23354    -0.48468    -8.88888
    0.18300E-01    -9.13699     0.23540    -0.48355    -8.88884
    0.18900E-01    -9.13412     0.23714    -0.48245    -8.88881
    0.19500E-01    -9.13134     0.23884    -0.48141    -8.88878
    0.21300E-01    -9.11498     0.24867    -0.47514    -8.88850
    0.27000E-01    -9.09728     0.25911    -0.46833    -8.88806
    0.33000E-01    -9.08424     0.26649    -0.46325    -8.88748
    0.39000E-01    -9.07418     0.27210    -0.45943    -8.88685
    0.45000E-01    -9.06621     0.27636    -0.45642    -8.88616
    0.51000E-01    -9.05979     0.27980    -0.45418    -8.88540
    0.57000E-01    -9.05448     0.28252    -0.45247    -8.88452
    0.63000E-01    -9.04993     0.28474    -0.45104    -8.88363
    0.69000E-01    -9.04607     0.28647    -0.45001    -8.88253
    0.75000E-01    -9.04250     0.28796    -0.44910    -8.88136
    0.81000E-01    -9.03956     0.28909    -0.44840    -8.88024
    0.87000E-01    -9.03666     0.29009    -0.44778    -8.87897
    0.93000E-01    -9.03419     0.29085    -0.44734    -8.87771
    0.99000E-01    -9.03180     0.29152    -0.44696    -8.87637
    0.10500        -9.02956     0.29203    -0.44666    -8.87493
    0.11100        -9.02728     0.29253    -0.44650    -8.87330
    0.11700        -9.02509     0.29297    -0.44630    -8.87176
    0.12300        -9.02298     0.29329    -0.44615    -8.87011
    0.12900        -9.02073     0.29364    -0.44595    -8.86842
    0.13500        -9.01869     0.29386    -0.44586    -8.86668
    0.14100        -9.01661     0.29408    -0.44578    -8.86491
    0.14700        -9.01460     0.29422    -0.44574    -8.86309
    0.15300        -9.01243     0.29440    -0.44563    -8.86121
    0.15900        -9.01031     0.29455    -0.44557    -8.85930
    0.16500        -9.00825     0.29470    -0.44554    -8.85741
    0.17100        -9.00607     0.29477    -0.44550    -8.85535
    0.17700        -9.00374     0.29510    -0.44543    -8.85342
    0.18300        -9.00155     0.29518    -0.44538    -8.85135
    0.18900        -8.99935     0.29524    -0.44529    -8.84929
    0.19500        -8.99687     0.29547    -0.44525    -8.84710
    0.20100        -8.99463     0.29553    -0.44520    -8.84496
    0.20700        -8.99214     0.29572    -0.44514    -8.84272
    0.21300        -8.98981     0.29590    -0.44511    -8.84060
    0.22700        -8.96984     0.29626    -0.44507    -8.82104
    0.34500        -8.89991     0.29780    -0.44413    -8.75358
    0.49500        -8.82396     0.29933    -0.44331    -8.67998
    0.64500        -8.74480     0.30060    -0.44258    -8.60282
    0.79500        -8.66320     0.30169    -0.44193    -8.52295
    0.94500        -8.58106     0.30264    -0.44132    -8.44239
     1.0950        -8.49859     0.30349    -0.44075    -8.36133
     1.2450        -8.41704     0.30426    -0.44023    -8.28106
     1.3950        -8.33649     0.30494    -0.43974    -8.20169
     1.5450        -8.25758     0.30558    -0.43928    -8.12388
     1.6950        -8.18049     0.30623    -0.43882    -8.04790
     1.8450        -8.10568     0.30678    -0.43839    -7.97407
     1.9950        -8.03342     0.30728    -0.43799    -7.90271
     2.1450        -7.96406     0.30777    -0.43762    -7.83421
     2.2950        -7.89705     0.30824    -0.43725    -7.76804
     2.4450        -7.83174     0.30868    -0.43692    -7.70350
     2.5950        -7.76987     0.30910    -0.43660    -7.64237
     2.7450        -7.71008     0.30950    -0.43626    -7.58331
     2.8950        -7.65270     0.30987    -0.43597    -7.52660
     3.0450        -7.59724     0.31020    -0.43566    -7.47178
     3.1950        -7.54329     0.31056    -0.43537    -7.41848
     3.3450        -7.49178     0.31091    -0.43508    -7.36761
     3.4950        -7.44200     0.31121    -0.43483    -7.31838
     3.6450        -7.39396     0.31153    -0.43458    -7.27092
     3.7950        -7.34763     0.31185    -0.43434    -7.22514
     3.9450        -7.30281     0.31214    -0.43409    -7.18085
     4.0950        -7.25961     0.31242    -0.43384    -7.13820
     4.2450        -7.21773     0.31269    -0.43362    -7.09680
     4.3950        -7.17709     0.31296    -0.43341    -7.05664
     4.5450        -7.13763     0.31322    -0.43318    -7.01767
     4.6950        -7.09920     0.31347    -0.43298    -6.97970
     4.8450        -7.06202     0.31372    -0.43277    -6.94298
     4.9950        -7.02561     0.31396    -0.43258    -6.90699
     5.1450        -6.99045     0.31419    -0.43237    -6.87227
     5.2950        -6.95619     0.31441    -0.43217    -6.83843
     5.4450        -6.92278     0.31462    -0.43199    -6.80541
     5.5950        -6.89021     0.31483    -0.43181    -6.77323
     5.7450        -6.85851     0.31503    -0.43162    -6.74192
     5.8950        -6.82754     0.31523    -0.43144    -6.71132
     6.0450        -6.79729     0.31541    -0.43127    -6.68143
     6.1950        -6.76773     0.31560    -0.43109    -6.65224
     6.3450        -6.73884     0.31579    -0.43091    -6.62371
     6.4950        -6.71055     0.31597    -0.43074    -6.59577
     6.6450        -6.68288     0.31616    -0.43058    -6.56846
     6.7950        -6.65581     0.31633    -0.43043    -6.54171
     6.9450        -6.62931     0.31649    -0.43026    -6.51555
     7.0950        -6.60334     0.31666    -0.43010    -6.48990
     7.2450        -6.57783     0.31684    -0.42997    -6.46470
     7.3950        -6.55283     0.31700    -0.42982    -6.44001
     7.5450        -6.52839     0.31716    -0.42968    -6.41588
     7.6950        -6.50443     0.31731    -0.42953    -6.39221
     7.8450        -6.48088     0.31748    -0.42938    -6.36898
     7.9950        -6.45776     0.31763    -0.42923    -6.34616
     8.1450        -6.43504     0.31778    -0.42909    -6.32374
     8.2950        -6.41275     0.31794    -0.42896    -6.30173
     8.4450        -6.39082     0.31809    -0.42883    -6.28008
     8.5950        -6.36928     0.31823    -0.42869    -6.25882
     8.7450        -6.34809     0.31837    -0.42856    -6.23790
     8.8950        -6.32724     0.31850    -0.42843    -6.21730
     9.0450        -6.30677     0.31863    -0.42830    -6.19709
     9.1950        -6.28649     0.31876    -0.42817    -6.17708
     9.3450        -6.26663     0.31889    -0.42805    -6.15748
     9.4950        -6.24706     0.31902    -0.42792    -6.13816
     9.6450        -6.22780     0.31915    -0.42780    -6.11915
     9.7950        -6.20882     0.31928    -0.42768    -6.10041
     9.9450        -6.19008     0.31939    -0.42756    -6.08191
     10.095        -6.17166     0.31951    -0.42745    -6.06372
     10.245        -6.15354     0.31963    -0.42733    -6.04584
     10.395        -6.13565     0.31975    -0.42722    -6.02818
     10.545        -6.11805     0.31987    -0.42712    -6.01081
     10.695        -6.10066     0.31999    -0.42700    -5.99365
     10.845        -6.08353     0.32010    -0.42689    -5.97674
     10.995        -6.06668     0.32020    -0.42679    -5.96010
     11.145        -6.04998     0.32031    -0.42667    -5.94362
     11.295        -6.03351     0.32043    -0.42657    -5.92737
     11.445        -6.01729     0.32054    -0.42647    -5.91136
     11.595        -6.00125     0.32064    -0.42637    -5.89552
     11.745        -5.98537     0.32075    -0.42626    -5.87986
     11.895        -5.96976     0.32085    -0.42615    -5.86446
     12.045        -5.95434     0.32095    -0.42607    -5.84922
     12.195        -5.93913     0.32105    -0.42597    -5.83421
     12.345        -5.92407     0.32115    -0.42587    -5.81935
     12.495        -5.90923     0.32125    -0.42577    -5.80471
     12.645        -5.89452     0.32135    -0.42567    -5.79020
     12.795        -5.88003     0.32144    -0.42558    -5.77590
     12.945        -5.86569     0.32154    -0.42548    -5.76175
     13.095        -5.85153     0.32163    -0.42539    -5.74778
     13.245        -5.83756     0.32173    -0.42530    -5.73399
     13.395        -5.82372     0.32182    -0.42521    -5.72034
     13.545        -5.81001     0.32191    -0.42511    -5.70680
     13.695        -5.79650     0.32200    -0.42503    -5.69347
     13.845        -5.78312     0.32209    -0.42494    -5.68026
     13.995        -5.76988     0.32217    -0.42486    -5.66719
     14.145        -5.75676     0.32226    -0.42477    -5.65426
     14.295        -5.74378     0.32234    -0.42468    -5.64145
     14.445        -5.73096     0.32242    -0.42459    -5.62880
     14.595        -5.71827     0.32252    -0.42450    -5.61628
     14.745        -5.70570     0.32260    -0.42442    -5.60388
     14.895        -5.69326     0.32269    -0.42434    -5.59161
     15.045        -5.68095     0.32276    -0.42426    -5.57946
     15.195        -5.66877     0.32285    -0.42417    -5.56745
     15.345        -5.65672     0.32293    -0.42409    -5.55557
     15.495        -5.64478     0.32301    -0.42401    -5.54378
     15.645        -5.63296     0.32309    -0.42393    -5.53211
     15.795        -5.62127     0.32316    -0.42386    -5.52057
     15.945        -5.60967     0.32325    -0.42378    -5.50913
     16.095        -5.59817     0.32332    -0.42370    -5.49779
     16.245        -5.58679     0.32340    -0.42362    -5.48657
     16.395        -5.57548     0.32348    -0.42354    -5.47541
     16.545        -5.56434     0.32356    -0.42348    -5.46442
     16.695        -5.55327     0.32363    -0.42341    -5.45348
     16.845        -5.54230     0.32371    -0.42334    -5.44266
     16.995        -5.53145     0.32378    -0.42326    -5.43196
     17.145        -5.52073     0.32385    -0.42320    -5.42139
     17.295        -5.51006     0.32392    -0.42312    -5.41085
     17.445        -5.49953     0.32398    -0.42305    -5.40047
     17.595        -5.48902     0.32406    -0.42298    -5.39010
     17.745        -5.47864     0.32413    -0.42292    -5.37985
     17.895        -5.46832     0.32419    -0.42285    -5.36967
     18.045        -5.45812     0.32427    -0.42278    -5.35960
     18.195        -5.44799     0.32434    -0.42271    -5.34962
     18.345        -5.43797     0.32440    -0.42264    -5.33974
     18.495        -5.42800     0.32447    -0.42257    -5.32990
     18.645        -5.41814     0.32454    -0.42251    -5.32017
     18.795        -5.40832     0.32461    -0.42244    -5.31048
     18.945        -5.39859     0.32467    -0.42238    -5.30089
     19.095        -5.38894     0.32474    -0.42230    -5.29138
     19.245        -5.37939     0.32480    -0.42225    -5.28195
     19.395        -5.36994     0.32486    -0.42218    -5.27261
     19.545        -5.36053     0.32492    -0.42212    -5.26333
     19.695        -5.35120     0.32498    -0.42206    -5.25413
     19.845        -5.34196     0.32504    -0.42199    -5.24501
     19.995        -5.33278     0.32511    -0.42192    -5.23596
     20.145        -5.32367     0.32517    -0.42186    -5.22698
     20.295        -5.31466     0.32523    -0.42180    -5.21809
     20.445        -5.30569     0.32529    -0.42174    -5.20924
     20.595        -5.29679     0.32536    -0.42167    -5.20048
     20.745        -5.28792     0.32541    -0.42161    -5.19172
     20.895        -5.27913     0.32547    -0.42155    -5.18304
     21.045        -5.27042     0.32553    -0.42149    -5.17446
     21.195        -5.26180     0.32559    -0.42143    -5.16595
     21.345        -5.25322     0.32565    -0.42137    -5.15749
     21.495        -5.24468     0.32570    -0.42131    -5.14907
     21.645        -5.23621     0.32576    -0.42125    -5.14073
     21.795        -5.22782     0.32582    -0.42119    -5.13245
     21.945        -5.21949     0.32588    -0.42113    -5.12423
     22.095        -5.21124     0.32593    -0.42108    -5.11610
     22.245        -5.20301     0.32599    -0.42101    -5.10799
     22.395        -5.19485     0.32605    -0.42096    -5.09994
     22.545        -5.18675     0.32610    -0.42089    -5.09195
     22.695        -5.17871     0.32615    -0.42083    -5.08403
     22.845        -5.17072     0.32620    -0.42078    -5.07614
     22.995        -5.16277     0.32626    -0.42072    -5.06830
     23.145        -5.15487     0.32632    -0.42068    -5.06051
     23.295        -5.14706     0.32637    -0.42062    -5.05281
     23.445        -5.13928     0.32642    -0.42056    -5.04514
     23.595        -5.13154     0.32648    -0.42051    -5.03750
     23.745        -5.12386     0.32653    -0.42046    -5.02994
     23.895        -5.11625     0.32658    -0.42040    -5.02244
     24.045        -5.10869     0.32664    -0.42035    -5.01498
     24.195        -5.10117     0.32668    -0.42030    -5.00755
     24.345        -5.09367     0.32673    -0.42025    -5.00016
     24.495        -5.08623     0.32679    -0.42019    -4.99283
     24.645        -5.07886     0.32683    -0.42013    -4.98556
     24.795        -5.07152     0.32688    -0.42008    -4.97832
     24.945        -5.06423     0.32693    -0.42002    -4.97114
     25.095        -5.05698     0.32698    -0.41997    -4.96399
     25.245        -5.04978     0.32703    -0.41993    -4.95688
     25.395        -5.04261     0.32708    -0.41988    -4.94982
     25.545        -5.03550     0.32713    -0.41983    -4.94280
     25.695        -5.02844     0.32718    -0.41978    -4.93584
     25.845        -5.02141     0.32723    -0.41973    -4.92891
     25.995        -5.01442     0.32727    -0.41968    -4.92201
     26.145        -5.00745     0.32732    -0.41962    -4.91516
     26.295        -5.00057     0.32737    -0.41957    -4.90837
     26.445        -4.99373     0.32742    -0.41953    -4.90162
     26.595        -4.98692     0.32746    -0.41947    -4.89491
     26.745        -4.98016     0.32751    -0.41943    -4.88824
     26.895        -4.97343     0.32755    -0.41938    -4.88161
     27.045        -4.96673     0.32759    -0.41933    -4.87499
     27.195        -4.96008     0.32764    -0.41928    -4.86844
     27.345        -4.95343     0.32768    -0.41923    -4.86188
     27.495        -4.94686     0.32773    -0.41919    -4.85540
     27.645        -4.94034     0.32778    -0.41914    -4.84898
     27.795        -4.93384     0.32782    -0.41909    -4.84256
     27.945        -4.92737     0.32786    -0.41904    -4.83619
     28.095        -4.92092     0.32790    -0.41899    -4.82983
     28.245        -4.91454     0.32794    -0.41895    -4.82353
     28.395        -4.90815     0.32798    -0.41890    -4.81723
     28.545        -4.90183     0.32803    -0.41886    -4.81099
     28.695        -4.89554     0.32807    -0.41881    -4.80480
     28.845        -4.88930     0.32811    -0.41876    -4.79864
     28.995        -4.88304     0.32815    -0.41871    -4.79247
     29.145        -4.87686     0.32819    -0.41867    -4.78638
     29.295        -4.87070     0.32823    -0.41862    -4.78031
     29.445        -4.86455     0.32828    -0.41858    -4.77425
     29.595        -4.85847     0.32832    -0.41853    -4.76825
     29.745        -4.85243     0.32836    -0.41849    -4.76230
     29.895        -4.84639     0.32840    -0.41844    -4.75635
     30.045        -4.84038     0.32844    -0.41839    -4.75044
     30.195        -4.83442     0.32849    -0.41835    -4.74455
     30.345        -4.82847     0.32852    -0.41831    -4.73869
     30.495        -4.82259     0.32857    -0.41826    -4.73289
     30.645        -4.81673     0.32861    -0.41822    -4.72711
     30.795        -4.81088     0.32865    -0.41817    -4.72136
     30.945        -4.80508     0.32869    -0.41813    -4.71564
     31.095        -4.79930     0.32873    -0.41809    -4.70994
     31.245        -4.79352     0.32877    -0.41805    -4.70425
     31.395        -4.78779     0.32881    -0.41800    -4.69860
     31.545        -4.78209     0.32884    -0.41796    -4.69298
     31.695        -4.77642     0.32889    -0.41792    -4.68738
     31.845        -4.77079     0.32892    -0.41788    -4.68184
     31.995        -4.76519     0.32896    -0.41783    -4.67632
     32.145        -4.75960     0.32900    -0.41779    -4.67081
     32.295        -4.75405     0.32904    -0.41775    -4.66534
     32.445        -4.74853     0.32908    -0.41771    -4.65990
     32.595        -4.74304     0.32911    -0.41767    -4.65448
     32.745        -4.73755     0.32915    -0.41763    -4.64907
     32.895        -4.73211     0.32918    -0.41758    -4.64371
     33.045        -4.72667     0.32922    -0.41754    -4.63835
     33.195        -4.72129     0.32926    -0.41750    -4.63305
     33.345        -4.71591     0.32929    -0.41746    -4.62775
     33.495        -4.71058     0.32933    -0.41743    -4.62248
     33.645        -4.70527     0.32937    -0.41739    -4.61725
     33.795        -4.69998     0.32940    -0.41735    -4.61203
     33.945        -4.69471     0.32944    -0.41731    -4.60684
     34.095        -4.68947     0.32947    -0.41727    -4.60168
     34.245        -4.68426     0.32951    -0.41723    -4.59653
     34.395        -4.67905     0.32954    -0.41719    -4.59140
     34.545        -4.67387     0.32958    -0.41715    -4.58630
     34.695        -4.66871     0.32961    -0.41711    -4.58122
     34.845        -4.66362     0.32965    -0.41707    -4.57620
     34.995        -4.65854     0.32968    -0.41703    -4.57119
     35.145        -4.65347     0.32971    -0.41700    -4.56618
     35.295        -4.64840     0.32975    -0.41696    -4.56119
     35.445        -4.64337     0.32979    -0.41692    -4.55624
     35.595        -4.63836     0.32982    -0.41688    -4.55130
     35.745        -4.63338     0.32985    -0.41684    -4.54640
     35.895        -4.62841     0.32988    -0.41680    -4.54149
     36.045        -4.62348     0.32992    -0.41677    -4.53663
     36.195        -4.61856     0.32996    -0.41673    -4.53179
     36.345        -4.61367     0.32999    -0.41670    -4.52697
     36.495        -4.60881     0.33003    -0.41666    -4.52217
     36.645        -4.60397     0.33006    -0.41663    -4.51740
     36.795        -4.59915     0.33009    -0.41659    -4.51264
     36.945        -4.59432     0.33012    -0.41656    -4.50789
     37.095        -4.58953     0.33016    -0.41651    -4.50317
     37.245        -4.58475     0.33019    -0.41648    -4.49845
     37.395        -4.58001     0.33022    -0.41644    -4.49379
     37.545        -4.57528     0.33025    -0.41641    -4.48913
     37.695        -4.57059     0.33028    -0.41637    -4.48450
     37.845        -4.56591     0.33031    -0.41633    -4.47988
     37.995        -4.56124     0.33035    -0.41630    -4.47528
     38.145        -4.55659     0.33038    -0.41627    -4.47071
     38.295        -4.55195     0.33041    -0.41623    -4.46613
     38.445        -4.54732     0.33045    -0.41619    -4.46157
     38.595        -4.54272     0.33048    -0.41616    -4.45704
     38.745        -4.53815     0.33051    -0.41612    -4.45254
     38.895        -4.53360     0.33054    -0.41609    -4.44805
     39.045        -4.52907     0.33057    -0.41605    -4.44359
     39.195        -4.52453     0.33061    -0.41602    -4.43912
     39.345        -4.52003     0.33064    -0.41599    -4.43468
     39.495        -4.51555     0.33067    -0.41596    -4.43026
     39.645        -4.51110     0.33070    -0.41592    -4.42587
     39.795        -4.50665     0.33073    -0.41589    -4.42148
     39.945        -4.50223     0.33076    -0.41586    -4.41714
     40.095        -4.49784     0.33079    -0.41582    -4.41280
     40.245        -4.49346     0.33082    -0.41579    -4.40849
     40.395        -4.48907     0.33084    -0.41575    -4.40417
     40.545        -4.48469     0.33087    -0.41572    -4.39985
     40.695        -4.48037     0.33090    -0.41568    -4.39558
     40.845        -4.47607     0.33093    -0.41565    -4.39134
     40.995        -4.47178     0.33096    -0.41562    -4.38711
     41.145        -4.46749     0.33099    -0.41559    -4.38288
     41.295        -4.46324     0.33101    -0.41556    -4.37869
     41.445        -4.45896     0.33104    -0.41552    -4.37449
     41.595        -4.45473     0.33108    -0.41549    -4.37032
     41.745        -4.45049     0.33111    -0.41546    -4.36614
     41.895        -4.44628     0.33114    -0.41543    -4.36199
     42.045        -4.44209     0.33117    -0.41540    -4.35786
     42.195        -4.43791     0.33119    -0.41537    -4.35373
     42.345        -4.43375     0.33122    -0.41533    -4.34964
     42.495        -4.42964     0.33125    -0.41531    -4.34558
     42.645        -4.42549     0.33128    -0.41528    -4.34149
     42.795        -4.42138     0.33131    -0.41524    -4.33744
     42.945        -4.41728     0.33134    -0.41521    -4.33341
     43.095        -4.41322     0.33136    -0.41518    -4.32939
     43.245        -4.40917     0.33139    -0.41515    -4.32540
     43.395        -4.40511     0.33141    -0.41512    -4.32140
     43.545        -4.40106     0.33144    -0.41509    -4.31741
     43.695        -4.39704     0.33147    -0.41506    -4.31345
     43.845        -4.39303     0.33149    -0.41503    -4.30950
     43.995        -4.38903     0.33152    -0.41500    -4.30556
     44.145        -4.38508     0.33154    -0.41496    -4.30166
     44.295        -4.38112     0.33157    -0.41493    -4.29776
     44.445        -4.37716     0.33160    -0.41490    -4.29386
     44.595        -4.37325     0.33163    -0.41488    -4.29000
     44.745        -4.36931     0.33165    -0.41484    -4.28612
     44.895        -4.36539     0.33168    -0.41481    -4.28226
     45.045        -4.36150     0.33171    -0.41478    -4.27843
     45.195        -4.35761     0.33174    -0.41475    -4.27460
     45.345        -4.35375     0.33176    -0.41472    -4.27080
     45.495        -4.34990     0.33179    -0.41469    -4.26700
     45.645        -4.34606     0.33182    -0.41466    -4.26322
     45.795        -4.34224     0.33185    -0.41463    -4.25945
     45.945        -4.33844     0.33187    -0.41460    -4.25571
     46.095        -4.33465     0.33190    -0.41457    -4.25198
     46.245        -4.33085     0.33193    -0.41454    -4.24824
     46.395        -4.32709     0.33195    -0.41452    -4.24453
     46.545        -4.32333     0.33198    -0.41449    -4.24082
     46.695        -4.31958     0.33200    -0.41445    -4.23713
     46.845        -4.31586     0.33203    -0.41442    -4.23347
     46.995        -4.31216     0.33205    -0.41439    -4.22982
     47.145        -4.30844     0.33208    -0.41436    -4.22616
     47.295        -4.30476     0.33210    -0.41433    -4.22253
     47.445        -4.30108     0.33213    -0.41430    -4.21890
     47.595        -4.29740     0.33215    -0.41427    -4.21529
     47.745        -4.29376     0.33218    -0.41424    -4.21169
     47.895        -4.29014     0.33220    -0.41421    -4.20813
     48.045        -4.28649     0.33222    -0.41418    -4.20454
     48.195        -4.28287     0.33225    -0.41415    -4.20097
     48.345        -4.27928     0.33227    -0.41413    -4.19742
     48.495        -4.27567     0.33230    -0.41410    -4.19386
     48.645        -4.27209     0.33232    -0.41407    -4.19034
     48.795        -4.26851     0.33234    -0.41404    -4.18681
     48.945        -4.26495     0.33237    -0.41401    -4.18331
     49.095        -4.26141     0.33240    -0.41398    -4.17983
     49.245        -4.25788     0.33242    -0.41395    -4.17634
     49.395        -4.25435     0.33244    -0.41392    -4.17287
     49.545        -4.25086     0.33246    -0.41389    -4.16943
     49.695        -4.24736     0.33249    -0.41386    -4.16599
     49.845        -4.24387     0.33251    -0.41384    -4.16254
     49.995        -4.24039     0.33253    -0.41381    -4.15911
     50.145        -4.23693     0.33255    -0.41379    -4.15570
     50.295        -4.23351     0.33258    -0.41376    -4.15233
     50.445        -4.23007     0.33260    -0.41374    -4.14893
     50.595        -4.22662     0.33263    -0.41370    -4.14554
     50.745        -4.22319     0.33265    -0.41368    -4.14217
     50.895        -4.21977     0.33268    -0.41365    -4.13879
     51.045        -4.21636     0.33270    -0.41362    -4.13544
     51.195        -4.21297     0.33273    -0.41360    -4.13210
     51.345        -4.20959     0.33275    -0.41357    -4.12877
     51.495        -4.20622     0.33278    -0.41355    -4.12545
     51.645        -4.20286     0.33280    -0.41352    -4.12214
     51.795        -4.19951     0.33282    -0.41349    -4.11884
     51.945        -4.19617     0.33284    -0.41347    -4.11554
     52.095        -4.19286     0.33286    -0.41344    -4.11227
     52.245        -4.18954     0.33288    -0.41342    -4.10901
     52.395        -4.18622     0.33291    -0.41339    -4.10574
     52.545        -4.18291     0.33293    -0.41336    -4.10248
     52.695        -4.17962     0.33295    -0.41334    -4.09924
     52.845        -4.17632     0.33297    -0.41331    -4.09599
     52.995        -4.17306     0.33300    -0.41328    -4.09278
     53.145        -4.16982     0.33302    -0.41326    -4.08958
     53.295        -4.16657     0.33304    -0.41323    -4.08638
     53.445        -4.16333     0.33307    -0.41321    -4.08319
     53.595        -4.16009     0.33309    -0.41318    -4.08000
     53.745        -4.15687     0.33311    -0.41316    -4.07682
     53.895        -4.15365     0.33313    -0.41314    -4.07364
     54.045        -4.15044     0.33316    -0.41311    -4.07048
     54.195        -4.14725     0.33317    -0.41309    -4.06734
     54.345        -4.14407     0.33320    -0.41306    -4.06421
     54.495        -4.14089     0.33322    -0.41304    -4.06107
     54.645        -4.13774     0.33324    -0.41302    -4.05796
     54.795        -4.13457     0.33326    -0.41299    -4.05485
     54.945        -4.13143     0.33328    -0.41296    -4.05176
     55.095        -4.12829     0.33331    -0.41294    -4.04866
     59.433        -3.88287     0.33500    -0.41099    -3.80688
     80.646        -3.52483     0.33753    -0.40804    -3.45432
     111.21        -3.17737     0.33998    -0.40513    -3.11222
     153.36        -2.84081     0.34240    -0.40222    -2.78098
     211.49        -2.51538     0.34473    -0.39934    -2.46076
     291.64        -2.20094     0.34698    -0.39651    -2.15141
     402.18        -1.89764     0.34915    -0.39373    -1.85306
     554.60        -1.60512     0.35127    -0.39103    -1.56536
     764.80        -1.32290     0.35333    -0.38839    -1.28784
     1054.7        -1.05081     0.35530    -0.38580    -1.02031
     1454.4        -0.78852     0.35720    -0.38331    -0.76241
     2005.6        -0.53558     0.35903    -0.38086    -0.51376
     2765.8        -0.29166     0.36076    -0.37851    -0.27391
     3814.0        -0.05625     0.36243    -0.37624    -0.04245
     5259.5         0.17067     0.36404    -0.37404     0.18067
     7252.9         0.38953     0.36554    -0.37193     0.39591
     10002.         0.60059     0.36698    -0.36989     0.60351
     13793.         0.80392     0.36835    -0.36794     0.80350
     19020.         0.99927     0.36965    -0.36606     0.99567
     26229.         1.18661     0.37086    -0.36426     1.18000
     36170.         1.36585     0.37200    -0.36254     1.35639
     49878.         1.53721     0.37309    -0.36089     1.52501
     68782.         1.70069     0.37410    -0.35932     1.68591
     94851.         1.85674     0.37505    -0.35781     1.83950
    0.13080E+06     2.00553     0.37595    -0.35638     1.98596
    0.18038E+06     2.14725     0.37678    -0.35503     2.12550
    0.24874E+06     2.28224     0.37758    -0.35374     2.25840
    0.34301E+06     2.41079     0.37832    -0.35252     2.38499
    0.47302E+06     2.53316     0.37899    -0.35137     2.50554
    0.65229E+06     2.64967     0.37964    -0.35028     2.62030
    0.89952E+06     2.76024     0.38024    -0.34926     2.72925
    0.12404E+07     2.86547     0.38080    -0.34829     2.83296
    0.17106E+07     2.96558     0.38132    -0.34735     2.93161
    0.23589E+07     3.06079     0.38180    -0.34649     3.02547
    0.32529E+07     3.15130     0.38226    -0.34566     3.11470
    0.44858E+07     3.23733     0.38267    -0.34488     3.19955
    0.61860E+07     3.31921     0.38307    -0.34414     3.28028
    0.85305E+07     3.39701     0.38344    -0.34346     3.35703
    0.11764E+08     3.47098     0.38376    -0.34279     3.43001
    0.16222E+08     3.54123     0.38408    -0.34217     3.49931
    0.22370E+08     3.60802     0.38436    -0.34158     3.56524
    0.30849E+08     3.67105     0.38462    -0.34103     3.62747
    0.42541E+08     3.73006     0.38485    -0.34051     3.68572
    0.58664E+08     3.78532     0.38507    -0.34004     3.74028
    0.80898E+08     3.83718     0.38529    -0.33960     3.79149
    0.11156E+09     3.88597     0.38547    -0.33919     3.83969
    0.15384E+09     3.93190     0.38563    -0.33881     3.88508
    0.21215E+09     3.97519     0.38578    -0.33844     3.92784
    0.29255E+09     4.01592     0.38592    -0.33811     3.96811
    0.40343E+09     4.05430     0.38606    -0.33780     4.00604
    0.55633E+09     4.09045     0.38618    -0.33752     4.04178
    0.76719E+09     4.12345     0.38629    -0.33725     4.07441
    0.10580E+10     4.15340     0.38639    -0.33701     4.10402
    0.14589E+10     4.18088     0.38650    -0.33678     4.13116
    0.20119E+10     4.20612     0.38658    -0.33658     4.15611
    0.27744E+10     4.22938     0.38666    -0.33639     4.17910
    0.38259E+10     4.25084     0.38674    -0.33621     4.20031
    0.52760E+10     4.27065     0.38681    -0.33605     4.21989
    0.72756E+10     4.28887     0.38687    -0.33590     4.23789
    0.10033E+11     4.30572     0.38693    -0.33576     4.25455
    0.13836E+11     4.32128     0.38698    -0.33563     4.26994
    0.19079E+11     4.33562     0.38703    -0.33552     4.28411
    0.26311E+11     4.34885     0.38708    -0.33541     4.29718
    0.36283E+11     4.36107     0.38713    -0.33531     4.30926
    0.50034E+11     4.37236     0.38717    -0.33522     4.32041
    0.68997E+11     4.38278     0.38720    -0.33514     4.33072
    0.10000E+12     4.50751     0.38760    -0.33411     4.45402
