    -99.945         0.00000     0.00000     0.00000     0.00000
    -99.795         0.00000     0.00000     0.00000     0.00000
    -99.645         0.00000     0.00000     0.00000     0.00000
    -99.495         0.00000     0.00000     0.00000     0.00000
    -99.345         0.00000     0.00000     0.00000     0.00000
    -99.195         0.00000     0.00000     0.00000     0.00000
    -99.045         0.00000     0.00000     0.00000     0.00000
    -98.895         0.00000     0.00000     0.00000     0.00000
    -98.745         0.00000     0.00000     0.00000     0.00000
    -98.595         0.00000     0.00000     0.00000     0.00000
    -98.445         0.00000     0.00000     0.00000     0.00000
    -98.295         0.00000     0.00000     0.00000     0.00000
    -98.145         0.00000     0.00000     0.00000     0.00000
    -97.995         0.00000     0.00000     0.00000     0.00000
    -97.845         0.00000     0.00000     0.00000     0.00000
    -97.695         0.00000     0.00000     0.00000     0.00000
    -97.545         0.00000     0.00000     0.00000     0.00000
    -97.395         0.00000     0.00000     0.00000     0.00000
    -97.245         0.00000     0.00000     0.00000     0.00000
    -97.095         0.00000     0.00000     0.00000     0.00000
    -96.945         0.00000     0.00000     0.00000     0.00000
    -96.795         0.00000     0.00000     0.00000     0.00000
    -96.645         0.00000     0.00000     0.00000     0.00000
    -96.495         0.00000     0.00000     0.00000     0.00000
    -96.345         0.00000     0.00000     0.00000     0.00000
    -96.195         0.00000     0.00000     0.00000     0.00000
    -96.045         0.00000     0.00000     0.00000     0.00000
    -95.895         0.00000     0.00000     0.00000     0.00000
    -95.745         0.00000     0.00000     0.00000     0.00000
    -95.595         0.00000     0.00000     0.00000     0.00000
    -95.445         0.00000     0.00000     0.00000     0.00000
    -95.295         0.00000     0.00000     0.00000     0.00000
    -95.145         0.00000     0.00000     0.00000     0.00000
    -94.995         0.00000     0.00000     0.00000     0.00000
    -94.845         0.00000     0.00000     0.00000     0.00000
    -94.695         0.00000     0.00000     0.00000     0.00000
    -94.545         0.00000     0.00000     0.00000     0.00000
    -94.395         0.00000     0.00000     0.00000     0.00000
    -94.245         0.00000     0.00000     0.00000     0.00000
    -94.095         0.00000     0.00000     0.00000     0.00000
    -93.945         0.00000     0.00000     0.00000     0.00000
    -93.795         0.00000     0.00000     0.00000     0.00000
    -93.645         0.00000     0.00000     0.00000     0.00000
    -93.495         0.00000     0.00000     0.00000     0.00000
    -93.345         0.00000     0.00000     0.00000     0.00000
    -93.195         0.00000     0.00000     0.00000     0.00000
    -93.045         0.00000     0.00000     0.00000     0.00000
    -92.895         0.00000     0.00000     0.00000     0.00000
    -92.745         0.00000     0.00000     0.00000     0.00000
    -92.595         0.00000     0.00000     0.00000     0.00000
    -92.445         0.00000     0.00000     0.00000     0.00000
    -92.295         0.00000     0.00000     0.00000     0.00000
    -92.145         0.00000     0.00000     0.00000     0.00000
    -91.995         0.00000     0.00000     0.00000     0.00000
    -91.845         0.00000     0.00000     0.00000     0.00000
    -91.695         0.00000     0.00000     0.00000     0.00000
    -91.545         0.00000     0.00000     0.00000     0.00000
    -91.395         0.00000     0.00000     0.00000     0.00000
    -91.245         0.00000     0.00000     0.00000     0.00000
    -91.095         0.00000     0.00000     0.00000     0.00000
    -90.945         0.00000     0.00000     0.00000     0.00000
    -90.795         0.00000     0.00000     0.00000     0.00000
    -90.645         0.00000     0.00000     0.00000     0.00000
    -90.495         0.00000     0.00000     0.00000     0.00000
    -90.345         0.00000     0.00000     0.00000     0.00000
    -90.195         0.00000     0.00000     0.00000     0.00000
    -90.045         0.00000     0.00000     0.00000     0.00000
    -89.895         0.00000     0.00000     0.00000     0.00000
    -89.745         0.00000     0.00000     0.00000     0.00000
    -89.595         0.00000     0.00000     0.00000     0.00000
    -89.445         0.00000     0.00000     0.00000     0.00000
    -89.295         0.00000     0.00000     0.00000     0.00000
    -89.145         0.00000     0.00000     0.00000     0.00000
    -88.995         0.00000     0.00000     0.00000     0.00000
    -88.845         0.00000     0.00000     0.00000     0.00000
    -88.695         0.00000     0.00000     0.00000     0.00000
    -88.545         0.00000     0.00000     0.00000     0.00000
    -88.395         0.00000     0.00000     0.00000     0.00000
    -88.245         0.00000     0.00000     0.00000     0.00000
    -88.095         0.00000     0.00000     0.00000     0.00000
    -87.945         0.00000     0.00000     0.00000     0.00000
    -87.795         0.00000     0.00000     0.00000     0.00000
    -87.645         0.00000     0.00000     0.00000     0.00000
    -87.495         0.00000     0.00000     0.00000     0.00000
    -87.345         0.00000     0.00000     0.00000     0.00000
    -87.195         0.00000     0.00000     0.00000     0.00000
    -87.045         0.00000     0.00000     0.00000     0.00000
    -86.895         0.00000     0.00000     0.00000     0.00000
    -86.745         0.00000     0.00000     0.00000     0.00000
    -86.595         0.00000     0.00000     0.00000     0.00000
    -86.445         0.00000     0.00000     0.00000     0.00000
    -86.295         0.00000     0.00000     0.00000     0.00000
    -86.145         0.00000     0.00000     0.00000     0.00000
    -85.995         0.00000     0.00000     0.00000     0.00000
    -85.845         0.00000     0.00000     0.00000     0.00000
    -85.695         0.00000     0.00000     0.00000     0.00000
    -85.545         0.00000     0.00000     0.00000     0.00000
    -85.395         0.00000     0.00000     0.00000     0.00000
    -85.245         0.00000     0.00000     0.00000     0.00000
    -85.095         0.00000     0.00000     0.00000     0.00000
    -84.945         0.00000     0.00000     0.00000     0.00000
    -84.795         0.00000     0.00000     0.00000     0.00000
    -84.645         0.00000     0.00000     0.00000     0.00000
    -84.495         0.00000     0.00000     0.00000     0.00000
    -84.345         0.00000     0.00000     0.00000     0.00000
    -84.195         0.00000     0.00000     0.00000     0.00000
    -84.045         0.00000     0.00000     0.00000     0.00000
    -83.895         0.00000     0.00000     0.00000     0.00000
    -83.745         0.00000     0.00000     0.00000     0.00000
    -83.595         0.00000     0.00000     0.00000     0.00000
    -83.445         0.00000     0.00000     0.00000     0.00000
    -83.295         0.00000     0.00000     0.00000     0.00000
    -83.145         0.00000     0.00000     0.00000     0.00000
    -82.995         0.00000     0.00000     0.00000     0.00000
    -82.845         0.00000     0.00000     0.00000     0.00000
    -82.695         0.00000     0.00000     0.00000     0.00000
    -82.545         0.00000     0.00000     0.00000     0.00000
    -82.395         0.00000     0.00000     0.00000     0.00000
    -82.245         0.00000     0.00000     0.00000     0.00000
    -82.095         0.00000     0.00000     0.00000     0.00000
    -81.945         0.00000     0.00000     0.00000     0.00000
    -81.795         0.00000     0.00000     0.00000     0.00000
    -81.645         0.00000     0.00000     0.00000     0.00000
    -81.495         0.00000     0.00000     0.00000     0.00000
    -81.345         0.00000     0.00000     0.00000     0.00000
    -81.195         0.00000     0.00000     0.00000     0.00000
    -81.045         0.00000     0.00000     0.00000     0.00000
    -80.895         0.00000     0.00000     0.00000     0.00000
    -80.745         0.00000     0.00000     0.00000     0.00000
    -80.595         0.00000     0.00000     0.00000     0.00000
    -80.445         0.00000     0.00000     0.00000     0.00000
    -80.295         0.00000     0.00000     0.00000     0.00000
    -80.145         0.00000     0.00000     0.00000     0.00000
    -79.995         0.00000     0.00000     0.00000     0.00000
    -79.845         0.00000     0.00000     0.00000     0.00000
    -79.695         0.00000     0.00000     0.00000     0.00000
    -79.545         0.00000     0.00000     0.00000     0.00000
    -79.395         0.00000     0.00000     0.00000     0.00000
    -79.245         0.00000     0.00000     0.00000     0.00000
    -79.095         0.00000     0.00000     0.00000     0.00000
    -78.945         0.00000     0.00000     0.00000     0.00000
    -78.795         0.00000     0.00000     0.00000     0.00000
    -78.645         0.00000     0.00000     0.00000     0.00000
    -78.495         0.00000     0.00000     0.00000     0.00000
    -78.345         0.00000     0.00000     0.00000     0.00000
    -78.195         0.00000     0.00000     0.00000     0.00000
    -78.045         0.00000     0.00000     0.00000     0.00000
    -77.895         0.00000     0.00000     0.00000     0.00000
    -77.745         0.00000     0.00000     0.00000     0.00000
    -77.595         0.00000     0.00000     0.00000     0.00000
    -77.445         0.00000     0.00000     0.00000     0.00000
    -77.295         0.00000     0.00000     0.00000     0.00000
    -77.145         0.00000     0.00000     0.00000     0.00000
    -76.995         0.00000     0.00000     0.00000     0.00000
    -76.845         0.00000     0.00000     0.00000     0.00000
    -76.695         0.00000     0.00000     0.00000     0.00000
    -76.545         0.00000     0.00000     0.00000     0.00000
    -76.395         0.00000     0.00000     0.00000     0.00000
    -76.245         0.00000     0.00000     0.00000     0.00000
    -76.095         0.00000     0.00000     0.00000     0.00000
    -75.945         0.00000     0.00000     0.00000     0.00000
    -75.795         0.00000     0.00000     0.00000     0.00000
    -75.645         0.00000     0.00000     0.00000     0.00000
    -75.495         0.00000     0.00000     0.00000     0.00000
    -75.345         0.00000     0.00000     0.00000     0.00000
    -75.195         0.00000     0.00000     0.00000     0.00000
    -75.045         0.00000     0.00000     0.00000     0.00000
    -74.895         0.00000     0.00000     0.00000     0.00000
    -74.745         0.00000     0.00000     0.00000     0.00000
    -74.595         0.00000     0.00000     0.00000     0.00000
    -74.445         0.00000     0.00000     0.00000     0.00000
    -74.295         0.00000     0.00000     0.00000     0.00000
    -74.145         0.00000     0.00000     0.00000     0.00000
    -73.995         0.00000     0.00000     0.00000     0.00000
    -73.845         0.00000     0.00000     0.00000     0.00000
    -73.695         0.00000     0.00000     0.00000     0.00000
    -73.545         0.00000     0.00000     0.00000     0.00000
    -73.395         0.00000     0.00000     0.00000     0.00000
    -73.245         0.00000     0.00000     0.00000     0.00000
    -73.095         0.00000     0.00000     0.00000     0.00000
    -72.945         0.00000     0.00000     0.00000     0.00000
    -72.795         0.00000     0.00000     0.00000     0.00000
    -72.645         0.00000     0.00000     0.00000     0.00000
    -72.495         0.00000     0.00000     0.00000     0.00000
    -72.345         0.00000     0.00000     0.00000     0.00000
    -72.195         0.00000     0.00000     0.00000     0.00000
    -72.045         0.00000     0.00000     0.00000     0.00000
    -71.895         0.00000     0.00000     0.00000     0.00000
    -71.745         0.00000     0.00000     0.00000     0.00000
    -71.595         0.00000     0.00000     0.00000     0.00000
    -71.445         0.00000     0.00000     0.00000     0.00000
    -71.295         0.00000     0.00000     0.00000     0.00000
    -71.145         0.00000     0.00000     0.00000     0.00000
    -70.995         0.00000     0.00000     0.00000     0.00000
    -70.845         0.00000     0.00000     0.00000     0.00000
    -70.695         0.00000     0.00000     0.00000     0.00000
    -70.545         0.00000     0.00000     0.00000     0.00000
    -70.395         0.00000     0.00000     0.00000     0.00000
    -70.245         0.00000     0.00000     0.00000     0.00000
    -70.095         0.00000     0.00000     0.00000     0.00000
    -69.945         0.00000     0.00000     0.00000     0.00000
    -69.795         0.00000     0.00000     0.00000     0.00000
    -69.645         0.00000     0.00000     0.00000     0.00000
    -69.495         0.00000     0.00000     0.00000     0.00000
    -69.345         0.00000     0.00000     0.00000     0.00000
    -69.195         0.00000     0.00000     0.00000     0.00000
    -69.045         0.00000     0.00000     0.00000     0.00000
    -68.895         0.00000     0.00000     0.00000     0.00000
    -68.745         0.00000     0.00000     0.00000     0.00000
    -68.595         0.00000     0.00000     0.00000     0.00000
    -68.445         0.00000     0.00000     0.00000     0.00000
    -68.295         0.00000     0.00000     0.00000     0.00000
    -68.145         0.00000     0.00000     0.00000     0.00000
    -67.995         0.00000     0.00000     0.00000     0.00000
    -67.845         0.00000     0.00000     0.00000     0.00000
    -67.695         0.00000     0.00000     0.00000     0.00000
    -67.545         0.00000     0.00000     0.00000     0.00000
    -67.395         0.00000     0.00000     0.00000     0.00000
    -67.245         0.00000     0.00000     0.00000     0.00000
    -67.095         0.00000     0.00000     0.00000     0.00000
    -66.945         0.00000     0.00000     0.00000     0.00000
    -66.795         0.00000     0.00000     0.00000     0.00000
    -66.645         0.00000     0.00000     0.00000     0.00000
    -66.495         0.00000     0.00000     0.00000     0.00000
    -66.345         0.00000     0.00000     0.00000     0.00000
    -66.195         0.00000     0.00000     0.00000     0.00000
    -66.045         0.00000     0.00000     0.00000     0.00000
    -65.895         0.00000     0.00000     0.00000     0.00000
    -65.745         0.00000     0.00000     0.00000     0.00000
    -65.595         0.00000     0.00000     0.00000     0.00000
    -65.445         0.00000     0.00000     0.00000     0.00000
    -65.295         0.00000     0.00000     0.00000     0.00000
    -65.145         0.00000     0.00000     0.00000     0.00000
    -64.995         0.00000     0.00000     0.00000     0.00000
    -64.845         0.00000     0.00000     0.00000     0.00000
    -64.695         0.00000     0.00000     0.00000     0.00000
    -64.545         0.00000     0.00000     0.00000     0.00000
    -64.395         0.00000     0.00000     0.00000     0.00000
    -64.245         0.00000     0.00000     0.00000     0.00000
    -64.095         0.00000     0.00000     0.00000     0.00000
    -63.945         0.00000     0.00000     0.00000     0.00000
    -63.795         0.00000     0.00000     0.00000     0.00000
    -63.645         0.00000     0.00000     0.00000     0.00000
    -63.495         0.00000     0.00000     0.00000     0.00000
    -63.345         0.00000     0.00000     0.00000     0.00000
    -63.195         0.00000     0.00000     0.00000     0.00000
    -63.045         0.00000     0.00000     0.00000     0.00000
    -62.895         0.00000     0.00000     0.00000     0.00000
    -62.745         0.00000     0.00000     0.00000     0.00000
    -62.595         0.00000     0.00000     0.00000     0.00000
    -62.445         0.00000     0.00000     0.00000     0.00000
    -62.295         0.00000     0.00000     0.00000     0.00000
    -62.145         0.00000     0.00000     0.00000     0.00000
    -61.995         0.00000     0.00000     0.00000     0.00000
    -61.845         0.00000     0.00000     0.00000     0.00000
    -61.695         0.00000     0.00000     0.00000     0.00000
    -61.545         0.00000     0.00000     0.00000     0.00000
    -61.395         0.00000     0.00000     0.00000     0.00000
    -61.245         0.00000     0.00000     0.00000     0.00000
    -61.095         0.00000     0.00000     0.00000     0.00000
    -60.945         0.00000     0.00000     0.00000     0.00000
    -60.795         0.00000     0.00000     0.00000     0.00000
    -60.645         0.00000     0.00000     0.00000     0.00000
    -60.495         0.00000     0.00000     0.00000     0.00000
    -60.345         0.00000     0.00000     0.00000     0.00000
    -60.195         0.00000     0.00000     0.00000     0.00000
    -60.045         0.00000     0.00000     0.00000     0.00000
    -59.895         0.00000     0.00000     0.00000     0.00000
    -59.745         0.00000     0.00000     0.00000     0.00000
    -59.595         0.00000     0.00000     0.00000     0.00000
    -59.445         0.00000     0.00000     0.00000     0.00000
    -59.295         0.00000     0.00000     0.00000     0.00000
    -59.145         0.00000     0.00000     0.00000     0.00000
    -58.995         0.00000     0.00000     0.00000     0.00000
    -58.845         0.00000     0.00000     0.00000     0.00000
    -58.695         0.00000     0.00000     0.00000     0.00000
    -58.545         0.00000     0.00000     0.00000     0.00000
    -58.395         0.00000     0.00000     0.00000     0.00000
    -58.245         0.00000     0.00000     0.00000     0.00000
    -58.095         0.00000     0.00000     0.00000     0.00000
    -57.945         0.00000     0.00000     0.00000     0.00000
    -57.795         0.00000     0.00000     0.00000     0.00000
    -57.645         0.00000     0.00000     0.00000     0.00000
    -57.495         0.00000     0.00000     0.00000     0.00000
    -57.345         0.00000     0.00000     0.00000     0.00000
    -57.195         0.00000     0.00000     0.00000     0.00000
    -57.045         0.00000     0.00000     0.00000     0.00000
    -56.895         0.00000     0.00000     0.00000     0.00000
    -56.745         0.00000     0.00000     0.00000     0.00000
    -56.595         0.00000     0.00000     0.00000     0.00000
    -56.445         0.00000     0.00000     0.00000     0.00000
    -56.295         0.00000     0.00000     0.00000     0.00000
    -56.145         0.00000     0.00000     0.00000     0.00000
    -55.995         0.00000     0.00000     0.00000     0.00000
    -55.845         0.00000     0.00000     0.00000     0.00000
    -55.695         0.00000     0.00000     0.00000     0.00000
    -55.545         0.00000     0.00000     0.00000     0.00000
    -55.395         0.00000     0.00000     0.00000     0.00000
    -55.245         0.00000     0.00000     0.00000     0.00000
    -55.095         0.00000     0.00000     0.00000     0.00000
    -54.945         0.00000     0.00000     0.00000     0.00000
    -54.795         0.00000     0.00000     0.00000     0.00000
    -54.645         0.00000     0.00000     0.00000     0.00000
    -54.495         0.00000     0.00000     0.00000     0.00000
    -54.345         0.00000     0.00000     0.00000     0.00000
    -54.195         0.00000     0.00000     0.00000     0.00000
    -54.045         0.00000     0.00000     0.00000     0.00000
    -53.895         0.00000     0.00000     0.00000     0.00000
    -53.745         0.00000     0.00000     0.00000     0.00000
    -53.595         0.00000     0.00000     0.00000     0.00000
    -53.445         0.00000     0.00000     0.00000     0.00000
    -53.295         0.00000     0.00000     0.00000     0.00000
    -53.145         0.00000     0.00000     0.00000     0.00000
    -52.995         0.00000     0.00000     0.00000     0.00000
    -52.845         0.00000     0.00000     0.00000     0.00000
    -52.695         0.00000     0.00000     0.00000     0.00000
    -52.545         0.00000     0.00000     0.00000     0.00000
    -52.395         0.00000     0.00000     0.00000     0.00000
    -52.245         0.00000     0.00000     0.00000     0.00000
    -52.095         0.00000     0.00000     0.00000     0.00000
    -51.945         0.00000     0.00000     0.00000     0.00000
    -51.795         0.00000     0.00000     0.00000     0.00000
    -51.645         0.00000     0.00000     0.00000     0.00000
    -51.495         0.00000     0.00000     0.00000     0.00000
    -51.345         0.00000     0.00000     0.00000     0.00000
    -51.195         0.00000     0.00000     0.00000     0.00000
    -51.045         0.00000     0.00000     0.00000     0.00000
    -50.895         0.00000     0.00000     0.00000     0.00000
    -50.745         0.00000     0.00000     0.00000     0.00000
    -50.595         0.00000     0.00000     0.00000     0.00000
    -50.445         0.00000     0.00000     0.00000     0.00000
    -50.295         0.00000     0.00000     0.00000     0.00000
    -50.145         0.00000     0.00000     0.00000     0.00000
    -49.995         0.00000     0.00000     0.00000     0.00000
    -49.845         0.00000     0.00000     0.00000     0.00000
    -49.695         0.00000     0.00000     0.00000     0.00000
    -49.545         0.00000     0.00000     0.00000     0.00000
    -49.395         0.00000     0.00000     0.00000     0.00000
    -49.245         0.00000     0.00000     0.00000     0.00000
    -49.095         0.00000     0.00000     0.00000     0.00000
    -48.945         0.00000     0.00000     0.00000     0.00000
    -48.795         0.00000     0.00000     0.00000     0.00000
    -48.645         0.00000     0.00000     0.00000     0.00000
    -48.495         0.00000     0.00000     0.00000     0.00000
    -48.345         0.00000     0.00000     0.00000     0.00000
    -48.195         0.00000     0.00000     0.00000     0.00000
    -48.045         0.00000     0.00000     0.00000     0.00000
    -47.895         0.00000     0.00000     0.00000     0.00000
    -47.745         0.00000     0.00000     0.00000     0.00000
    -47.595         0.00000     0.00000     0.00000     0.00000
    -47.445         0.00000     0.00000     0.00000     0.00000
    -47.295         0.00000     0.00000     0.00000     0.00000
    -47.145         0.00000     0.00000     0.00000     0.00000
    -46.995         0.00000     0.00000     0.00000     0.00000
    -46.845         0.00000     0.00000     0.00000     0.00000
    -46.695         0.00000     0.00000     0.00000     0.00000
    -46.545         0.00000     0.00000     0.00000     0.00000
    -46.395         0.00000     0.00000     0.00000     0.00000
    -46.245         0.00000     0.00000     0.00000     0.00000
    -46.095         0.00000     0.00000     0.00000     0.00000
    -45.945         0.00000     0.00000     0.00000     0.00000
    -45.795         0.00000     0.00000     0.00000     0.00000
    -45.645         0.00000     0.00000     0.00000     0.00000
    -45.495         0.00000     0.00000     0.00000     0.00000
    -45.345         0.00000     0.00000     0.00000     0.00000
    -45.195         0.00000     0.00000     0.00000     0.00000
    -45.045         0.00000     0.00000     0.00000     0.00000
    -44.895         0.00000     0.00000     0.00000     0.00000
    -44.745         0.00000     0.00000     0.00000     0.00000
    -44.595         0.00000     0.00000     0.00000     0.00000
    -44.445         0.00000     0.00000     0.00000     0.00000
    -44.295         0.00000     0.00000     0.00000     0.00000
    -44.145         0.00000     0.00000     0.00000     0.00000
    -43.995         0.00000     0.00000     0.00000     0.00000
    -43.845         0.00000     0.00000     0.00000     0.00000
    -43.695         0.00000     0.00000     0.00000     0.00000
    -43.545         0.00000     0.00000     0.00000     0.00000
    -43.395         0.00000     0.00000     0.00000     0.00000
    -43.245         0.00000     0.00000     0.00000     0.00000
    -43.095         0.00000     0.00000     0.00000     0.00000
    -42.945         0.00000     0.00000     0.00000     0.00000
    -42.795         0.00000     0.00000     0.00000     0.00000
    -42.645         0.00000     0.00000     0.00000     0.00000
    -42.495         0.00000     0.00000     0.00000     0.00000
    -42.345         0.00000     0.00000     0.00000     0.00000
    -42.195         0.00000     0.00000     0.00000     0.00000
    -42.045         0.00000     0.00000     0.00000     0.00000
    -41.895         0.00000     0.00000     0.00000     0.00000
    -41.745         0.00000     0.00000     0.00000     0.00000
    -41.595         0.00000     0.00000     0.00000     0.00000
    -41.445         0.00000     0.00000     0.00000     0.00000
    -41.295         0.00000     0.00000     0.00000     0.00000
    -41.145         0.00000     0.00000     0.00000     0.00000
    -40.995         0.00000     0.00000     0.00000     0.00000
    -40.845         0.00000     0.00000     0.00000     0.00000
    -40.695         0.00000     0.00000     0.00000     0.00000
    -40.545         0.00000     0.00000     0.00000     0.00000
    -40.395         0.00000     0.00000     0.00000     0.00000
    -40.245         0.00000     0.00000     0.00000     0.00000
    -40.095         0.00000     0.00000     0.00000     0.00000
    -39.945         0.00000     0.00000     0.00000     0.00000
    -39.795         0.00000     0.00000     0.00000     0.00000
    -39.645         0.00000     0.00000     0.00000     0.00000
    -39.495         0.00000     0.00000     0.00000     0.00000
    -39.345         0.00000     0.00000     0.00000     0.00000
    -39.195         0.00000     0.00000     0.00000     0.00000
    -39.045         0.00000     0.00000     0.00000     0.00000
    -38.895         0.00000     0.00000     0.00000     0.00000
    -38.745         0.00000     0.00000     0.00000     0.00000
    -38.595         0.00000     0.00000     0.00000     0.00000
    -38.445         0.00000     0.00000     0.00000     0.00000
    -38.295         0.00000     0.00000     0.00000     0.00000
    -38.145         0.00000     0.00000     0.00000     0.00000
    -37.995         0.00000     0.00000     0.00000     0.00000
    -37.845         0.00000     0.00000     0.00000     0.00000
    -37.695         0.00000     0.00000     0.00000     0.00000
    -37.545         0.00000     0.00000     0.00000     0.00000
    -37.395         0.00000     0.00000     0.00000     0.00000
    -37.245         0.00000     0.00000     0.00000     0.00000
    -37.095         0.00000     0.00000     0.00000     0.00000
    -36.945         0.00000     0.00000     0.00000     0.00000
    -36.795         0.00000     0.00000     0.00000     0.00000
    -36.645         0.00000     0.00000     0.00000     0.00000
    -36.495         0.00000     0.00000     0.00000     0.00000
    -36.345         0.00000     0.00000     0.00000     0.00000
    -36.195         0.00000     0.00000     0.00000     0.00000
    -36.045         0.00000     0.00000     0.00000     0.00000
    -35.895         0.00000     0.00000     0.00000     0.00000
    -35.745         0.00000     0.00000     0.00000     0.00000
    -35.595         0.00000     0.00000     0.00000     0.00000
    -35.445         0.00000     0.00000     0.00000     0.00000
    -35.295         0.00000     0.00000     0.00000     0.00000
    -35.145         0.00000     0.00000     0.00000     0.00000
    -34.995         0.00000     0.00000     0.00000     0.00000
    -34.845         0.00000     0.00000     0.00000     0.00000
    -34.695         0.00000     0.00000     0.00000     0.00000
    -34.545         0.00000     0.00000     0.00000     0.00000
    -34.395         0.00000     0.00000     0.00000     0.00000
    -34.245         0.00000     0.00000     0.00000     0.00000
    -34.095         0.00000     0.00000     0.00000     0.00000
    -33.945         0.00000     0.00000     0.00000     0.00000
    -33.795         0.00000     0.00000     0.00000     0.00000
    -33.645         0.00000     0.00000     0.00000     0.00000
    -33.495         0.00000     0.00000     0.00000     0.00000
    -33.345         0.00000     0.00000     0.00000     0.00000
    -33.195         0.00000     0.00000     0.00000     0.00000
    -33.045         0.00000     0.00000     0.00000     0.00000
    -32.895         0.00000     0.00000     0.00000     0.00000
    -32.745         0.00000     0.00000     0.00000     0.00000
    -32.595         0.00000     0.00000     0.00000     0.00000
    -32.445         0.00000     0.00000     0.00000     0.00000
    -32.295         0.00000     0.00000     0.00000     0.00000
    -32.145         0.00000     0.00000     0.00000     0.00000
    -31.995         0.00000     0.00000     0.00000     0.00000
    -31.845         0.00000     0.00000     0.00000     0.00000
    -31.695         0.00000     0.00000     0.00000     0.00000
    -31.545         0.00000     0.00000     0.00000     0.00000
    -31.395         0.00000     0.00000     0.00000     0.00000
    -31.245         0.00000     0.00000     0.00000     0.00000
    -31.095         0.00000     0.00000     0.00000     0.00000
    -30.945         0.00000     0.00000     0.00000     0.00000
    -30.795         0.00000     0.00000     0.00000     0.00000
    -30.645         0.00000     0.00000     0.00000     0.00000
    -30.495         0.00000     0.00000     0.00000     0.00000
    -30.345         0.00000     0.00000     0.00000     0.00000
    -30.195         0.00000     0.00000     0.00000     0.00000
    -30.045         0.00000     0.00000     0.00000     0.00000
    -29.895         0.00000     0.00000     0.00000     0.00000
    -29.745         0.00000     0.00000     0.00000     0.00000
    -29.595         0.00000     0.00000     0.00000     0.00000
    -29.445         0.00000     0.00000     0.00000     0.00000
    -29.295         0.00000     0.00000     0.00000     0.00000
    -29.145         0.00000     0.00000     0.00000     0.00000
    -28.995         0.00000     0.00000     0.00000     0.00000
    -28.845         0.00000     0.00000     0.00000     0.00000
    -28.695         0.00000     0.00000     0.00000     0.00000
    -28.545         0.00000     0.00000     0.00000     0.00000
    -28.395         0.00000     0.00000     0.00000     0.00000
    -28.245         0.00000     0.00000     0.00000     0.00000
    -28.095         0.00000     0.00000     0.00000     0.00000
    -27.945         0.00000     0.00000     0.00000     0.00000
    -27.795         0.00000     0.00000     0.00000     0.00000
    -27.645         0.00000     0.00000     0.00000     0.00000
    -27.495         0.00000     0.00000     0.00000     0.00000
    -27.345         0.00000     0.00000     0.00000     0.00000
    -27.195         0.00000     0.00000     0.00000     0.00000
    -27.045         0.00000     0.00000     0.00000     0.00000
    -26.895         0.00000     0.00000     0.00000     0.00000
    -26.745         0.00000     0.00000     0.00000     0.00000
    -26.595         0.00000     0.00000     0.00000     0.00000
    -26.445         0.00000     0.00000     0.00000     0.00000
    -26.295         0.00000     0.00000     0.00000     0.00000
    -26.145         0.00000     0.00000     0.00000     0.00000
    -25.995         0.00000     0.00000     0.00000     0.00000
    -25.845         0.00000     0.00000     0.00000     0.00000
    -25.695         0.00000     0.00000     0.00000     0.00000
    -25.545         0.00000     0.00000     0.00000     0.00000
    -25.395         0.00000     0.00000     0.00000     0.00000
    -25.245         0.00000     0.00000     0.00000     0.00000
    -25.095         0.00000     0.00000     0.00000     0.00000
    -24.945         0.00000     0.00000     0.00000     0.00000
    -24.795         0.00000     0.00000     0.00000     0.00000
    -24.645         0.00000     0.00000     0.00000     0.00000
    -24.495         0.00000     0.00000     0.00000     0.00000
    -24.345         0.00000     0.00000     0.00000     0.00000
    -24.195         0.00000     0.00000     0.00000     0.00000
    -24.045         0.00000     0.00000     0.00000     0.00000
    -23.895         0.00000     0.00000     0.00000     0.00000
    -23.745         0.00000     0.00000     0.00000     0.00000
    -23.595         0.00000     0.00000     0.00000     0.00000
    -23.445         0.00000     0.00000     0.00000     0.00000
    -23.295         0.00000     0.00000     0.00000     0.00000
    -23.145         0.00000     0.00000     0.00000     0.00000
    -22.995         0.00000     0.00000     0.00000     0.00000
    -22.845         0.00000     0.00000     0.00000     0.00000
    -22.695         0.00000     0.00000     0.00000     0.00000
    -22.545         0.00000     0.00000     0.00000     0.00000
    -22.395         0.00000     0.00000     0.00000     0.00000
    -22.245         0.00000     0.00000     0.00000     0.00000
    -22.095         0.00000     0.00000     0.00000     0.00000
    -21.945         0.00000     0.00000     0.00000     0.00000
    -21.795         0.00000     0.00000     0.00000     0.00000
    -21.645         0.00000     0.00000     0.00000     0.00000
    -21.495         0.00000     0.00000     0.00000     0.00000
    -21.345         0.00000     0.00000     0.00000     0.00000
    -21.195         0.00000     0.00000     0.00000     0.00000
    -21.045         0.00000     0.00000     0.00000     0.00000
    -20.895         0.00000     0.00000     0.00000     0.00000
    -20.745         0.00000     0.00000     0.00000     0.00000
    -20.595         0.00000     0.00000     0.00000     0.00000
    -20.445         0.00000     0.00000     0.00000     0.00000
    -20.295         0.00000     0.00000     0.00000     0.00000
    -20.145         0.00000     0.00000     0.00000     0.00000
    -19.995         0.00000     0.00000     0.00000     0.00000
    -19.845         0.00000     0.00000     0.00000     0.00000
    -19.695         0.00000     0.00000     0.00000     0.00000
    -19.545         0.00000     0.00000     0.00000     0.00000
    -19.395         0.00000     0.00000     0.00000     0.00000
    -19.245         0.00000     0.00000     0.00000     0.00000
    -19.095         0.00000     0.00000     0.00000     0.00000
    -18.945         0.00000     0.00000     0.00000     0.00000
    -18.795         0.00000     0.00000     0.00000     0.00000
    -18.645         0.00000     0.00000     0.00000     0.00000
    -18.495         0.00000     0.00000     0.00000     0.00000
    -18.345         0.00000     0.00000     0.00000     0.00000
    -18.195         0.00000     0.00000     0.00000     0.00000
    -18.045         0.00000     0.00000     0.00000     0.00000
    -17.895         0.00000     0.00000     0.00000     0.00000
    -17.745         0.00000     0.00000     0.00000     0.00000
    -17.595         0.00000     0.00000     0.00000     0.00000
    -17.445         0.00000     0.00000     0.00000     0.00000
    -17.295         0.00000     0.00000     0.00000     0.00000
    -17.145         0.00000     0.00000     0.00000     0.00000
    -16.995         0.00000     0.00000     0.00000     0.00000
    -16.845         0.00000     0.00000     0.00000     0.00000
    -16.695         0.00000     0.00000     0.00000     0.00000
    -16.545         0.00000     0.00000     0.00000     0.00000
    -16.395         0.00000     0.00000     0.00000     0.00000
    -16.245         0.00000     0.00000     0.00000     0.00000
    -16.095         0.00000     0.00000     0.00000     0.00000
    -15.945         0.00000     0.00000     0.00000     0.00000
    -15.795         0.00000     0.00000     0.00000     0.00000
    -15.645         0.00000     0.00000     0.00000     0.00000
    -15.495         0.00000     0.00000     0.00000     0.00000
    -15.345         0.00000     0.00000     0.00000     0.00000
    -15.195         0.00000     0.00000     0.00000     0.00000
    -15.045         0.00000     0.00000     0.00000     0.00000
    -14.895         0.00000     0.00000     0.00000     0.00000
    -14.745         0.00000     0.00000     0.00000     0.00000
    -14.595         0.00000     0.00000     0.00000     0.00000
    -14.445         0.00000     0.00000     0.00000     0.00000
    -14.295         0.00000     0.00000     0.00000     0.00000
    -14.145         0.00000     0.00000     0.00000     0.00000
    -13.995         0.00000     0.00000     0.00000     0.00000
    -13.845         0.00000     0.00000     0.00000     0.00000
    -13.695         0.00000     0.00000     0.00000     0.00000
    -13.545         0.00000     0.00000     0.00000     0.00000
    -13.395         0.00000     0.00000     0.00000     0.00000
    -13.245         0.00000     0.00000     0.00000     0.00000
    -13.095         0.00000     0.00000     0.00000     0.00000
    -12.945         0.00000     0.00000     0.00000     0.00000
    -12.795         0.00000     0.00000     0.00000     0.00000
    -12.645         0.00000     0.00000     0.00000     0.00000
    -12.495         0.00000     0.00000     0.00000     0.00000
    -12.345         0.00000     0.00000     0.00000     0.00000
    -12.195         0.00000     0.00000     0.00000     0.00000
    -12.045         0.00000     0.00000     0.00000     0.00000
    -11.895         0.00000     0.00000     0.00000     0.00000
    -11.745         0.00000     0.00000     0.00000     0.00000
    -11.595         0.00000     0.00000     0.00000     0.00000
    -11.445         0.00000     0.00000     0.00000     0.00000
    -11.295         0.00000     0.00000     0.00000     0.00000
    -11.145         0.00000     0.00000     0.00000     0.00000
    -10.995         0.00000     0.00000     0.00000     0.00000
    -10.845         0.00000     0.00000     0.00000     0.00000
    -10.695         0.00000     0.00000     0.00000     0.00000
    -10.545         0.00000     0.00000     0.00000     0.00000
    -10.395         0.00000     0.00000     0.00000     0.00000
    -10.245         0.00000     0.00000     0.00000     0.00000
    -10.095         0.00000     0.00000     0.00000     0.00000
    -9.9450         0.00000     0.00000     0.00000     0.00000
    -9.7950         0.00000     0.00000     0.00000     0.00000
    -9.6450         0.00000     0.00000     0.00000     0.00000
    -9.4950         0.00000     0.00000     0.00000     0.00000
    -9.3450         0.00000     0.00000     0.00000     0.00000
    -9.1950         0.00000     0.00000     0.00000     0.00000
    -9.0450         0.00000     0.00000     0.00000     0.00000
    -8.8950         0.00000     0.00000     0.00000     0.00000
    -8.7450         0.00000     0.00000     0.00000     0.00000
    -8.5950         0.00000     0.00000     0.00000     0.00000
    -8.4450         0.00000     0.00000     0.00000     0.00000
    -8.2950         0.00000     0.00000     0.00000     0.00000
    -8.1450         0.00000     0.00000     0.00000     0.00000
    -7.9950         0.00000     0.00000     0.00000     0.00000
    -7.8450         0.00000     0.00000     0.00000     0.00000
    -7.6950         0.00000     0.00000     0.00000     0.00000
    -7.5450         0.00000     0.00000     0.00000     0.00000
    -7.3950         0.00000     0.00000     0.00000     0.00000
    -7.2450         0.00000     0.00000     0.00000     0.00000
    -7.0950         0.00000     0.00000     0.00000     0.00000
    -6.9450         0.00000     0.00000     0.00000     0.00000
    -6.7950         0.00000     0.00000     0.00000     0.00000
    -6.6450         0.00000     0.00000     0.00000     0.00000
    -6.4950         0.00000     0.00000     0.00000     0.00000
    -6.3450         0.00000     0.00000     0.00000     0.00000
    -6.1950         0.00000     0.00000     0.00000     0.00000
    -6.0450         0.00000     0.00000     0.00000     0.00000
    -5.8950         0.00000     0.00000     0.00000     0.00000
    -5.7450         0.00000     0.00000     0.00000     0.00000
    -5.5950         0.00000     0.00000     0.00000     0.00000
    -5.4450         0.00000     0.00000     0.00000     0.00000
    -5.2950         0.00000     0.00000     0.00000     0.00000
    -5.1450         0.00000     0.00000     0.00000     0.00000
    -4.9950         0.00000     0.00000     0.00000     0.00000
    -4.8450         0.00000     0.00000     0.00000     0.00000
    -4.6950         0.00000     0.00000     0.00000     0.00000
    -4.5450         0.00000     0.00000     0.00000     0.00000
    -4.3950         0.00000     0.00000     0.00000     0.00000
    -4.2450         0.00000     0.00000     0.00000     0.00000
    -4.0950         0.00000     0.00000     0.00000     0.00000
    -3.9450         0.00000     0.00000     0.00000     0.00000
    -3.7950         0.00000     0.00000     0.00000     0.00000
    -3.6450         0.00000     0.00000     0.00000     0.00000
    -3.4950         0.00000     0.00000     0.00000     0.00000
    -3.3450         0.00000     0.00000     0.00000     0.00000
    -3.1950         0.00000     0.00000     0.00000     0.00000
    -3.0450         0.00000     0.00000     0.00000     0.00000
    -2.8950         0.00000     0.00000     0.00000     0.00000
    -2.7450         0.00000     0.00000     0.00000     0.00000
    -2.5950         0.00000     0.00000     0.00000     0.00000
    -2.4450         0.00000     0.00000     0.00000     0.00000
    -2.2950         0.00000     0.00000     0.00000     0.00000
    -2.1450         0.00000     0.00000     0.00000     0.00000
    -1.9950        -0.00000    -0.00000     0.00000     0.00000
    -1.8450        -0.00001    -0.00001     0.00000     0.00000
    -1.6950        -0.00001    -0.00001     0.00000     0.00000
    -1.5450        -0.00001    -0.00001     0.00000    -0.00000
    -1.3950        -0.00004    -0.00004     0.00000    -0.00000
    -1.2450        -0.00044    -0.00017    -0.00000    -0.00027
    -1.0950        -0.00262    -0.00020    -0.00000    -0.00243
   -0.94500        -0.01247    -0.00030    -0.00000    -0.01216
   -0.79500        -0.05453    -0.00100    -0.00006    -0.05346
   -0.64500        -0.27975    -0.00232    -0.00121    -0.27622
   -0.49500        -1.46777    -0.00630    -0.00862    -1.45286
   -0.34500        -4.10524    -0.01582    -0.02638    -4.06303
   -0.22700        -4.92181    -0.02103    -0.03487    -4.86591
   -0.21300        -5.01044    -0.02178    -0.03595    -4.95272
   -0.20700        -5.09786    -0.02246    -0.03697    -5.03843
   -0.20100        -5.18388    -0.02319    -0.03804    -5.12266
   -0.19500        -5.26898    -0.02392    -0.03914    -5.20591
   -0.18900        -5.35290    -0.02471    -0.04029    -5.28790
   -0.18300        -5.43620    -0.02553    -0.04149    -5.36919
   -0.17700        -5.51841    -0.02639    -0.04268    -5.44934
   -0.17100        -5.60019    -0.02736    -0.04389    -5.52894
   -0.16500        -5.68143    -0.02828    -0.04519    -5.60796
   -0.15900        -5.76255    -0.02928    -0.04657    -5.68670
   -0.15300        -5.84360    -0.03035    -0.04801    -5.76524
   -0.14700        -5.92439    -0.03142    -0.04948    -5.84349
   -0.14100        -6.00522    -0.03254    -0.05102    -5.92166
   -0.13500        -6.08646    -0.03372    -0.05264    -6.00010
   -0.12900        -6.16836    -0.03503    -0.05432    -6.07902
   -0.12300        -6.25106    -0.03642    -0.05609    -6.15855
   -0.11700        -6.33457    -0.03784    -0.05796    -6.23876
   -0.11100        -6.41928    -0.03935    -0.05993    -6.32000
   -0.10500        -6.50544    -0.04095    -0.06206    -6.40243
   -0.99000E-01    -6.59335    -0.04266    -0.06431    -6.48639
   -0.93000E-01    -6.68361    -0.04448    -0.06671    -6.57242
   -0.87000E-01    -6.77640    -0.04647    -0.06928    -6.66064
   -0.81000E-01    -6.87273    -0.04860    -0.07209    -6.75203
   -0.75000E-01    -6.97303    -0.05094    -0.07516    -6.84693
   -0.69000E-01    -7.07868    -0.05353    -0.07849    -6.94666
   -0.63000E-01    -7.19092    -0.05647    -0.08223    -7.05222
   -0.57000E-01    -7.31133    -0.05972    -0.08644    -7.16518
   -0.51000E-01    -7.44197    -0.06341    -0.09123    -7.28733
   -0.45000E-01    -7.58538    -0.06770    -0.09675    -7.42094
   -0.39000E-01    -7.74431    -0.07279    -0.10331    -7.56820
   -0.33000E-01    -7.92127    -0.07893    -0.11150    -7.73083
   -0.27000E-01    -8.12001    -0.08674    -0.12231    -7.91096
   -0.21300E-01    -8.27094    -0.09341    -0.13216    -8.04538
   -0.19500E-01    -8.29435    -0.09451    -0.13386    -8.06598
   -0.18900E-01    -8.31820    -0.09566    -0.13564    -8.08690
   -0.18300E-01    -8.34247    -0.09683    -0.13752    -8.10812
   -0.17700E-01    -8.36717    -0.09805    -0.13948    -8.12963
   -0.17100E-01    -8.39233    -0.09931    -0.14157    -8.15145
   -0.16500E-01    -8.41804    -0.10063    -0.14377    -8.17364
   -0.15900E-01    -8.44422    -0.10197    -0.14607    -8.19618
   -0.15300E-01    -8.47105    -0.10339    -0.14854    -8.21912
   -0.14700E-01    -8.49841    -0.10486    -0.15115    -8.24241
   -0.14100E-01    -8.52639    -0.10639    -0.15393    -8.26607
   -0.13500E-01    -8.55508    -0.10800    -0.15691    -8.29017
   -0.12900E-01    -8.58450    -0.10967    -0.16011    -8.31472
   -0.12300E-01    -8.61480    -0.11142    -0.16355    -8.33983
   -0.11700E-01    -8.64594    -0.11327    -0.16727    -8.36540
   -0.11100E-01    -8.67799    -0.11519    -0.17132    -8.39148
   -0.10500E-01    -8.71110    -0.11721    -0.17573    -8.41817
   -0.99000E-02    -8.74533    -0.11934    -0.18057    -8.44543
   -0.93000E-02    -8.78083    -0.12158    -0.18592    -8.47332
   -0.87000E-02    -8.81761    -0.12394    -0.19188    -8.50179
   -0.81000E-02    -8.85595    -0.12643    -0.19856    -8.53096
   -0.75000E-02    -8.89598    -0.12906    -0.20614    -8.56078
   -0.69000E-02    -8.93807    -0.13186    -0.21484    -8.59136
   -0.63000E-02    -8.98249    -0.13481    -0.22501    -8.62267
   -0.57000E-02    -9.02972    -0.13794    -0.23714    -8.65465
   -0.51000E-02    -9.08055    -0.14126    -0.25205    -8.68725
   -0.45000E-02    -9.13653    -0.14476    -0.27132    -8.72045
   -0.39000E-02    -9.20050    -0.14847    -0.29783    -8.75420
   -0.33000E-02    -9.27761    -0.15235    -0.33674    -8.78851
   -0.27000E-02    -9.37510    -0.15637    -0.39504    -8.82369
   -0.21000E-02    -9.49107    -0.16044    -0.46963    -8.86101
   -0.15000E-02    -9.58648    -0.16436    -0.51678    -8.90534
   -0.90000E-03    -9.67843    -0.16773    -0.53271    -8.97800
   -0.30000E-03   -11.12537    -0.16946    -0.53563   -10.42028
    0.30000E-03    -9.67995    -0.16654    -0.53392    -8.97950
    0.90000E-03    -9.59879    -0.15059    -0.53058    -8.91762
    0.15000E-02    -9.52481    -0.10345    -0.52670    -8.89466
    0.21000E-02    -9.43707    -0.02887    -0.52267    -8.88552
    0.27000E-02    -9.37110     0.02947    -0.51872    -8.88184
    0.33000E-02    -9.32691     0.06834    -0.51491    -8.88035
    0.39000E-02    -9.29618     0.09483    -0.51128    -8.87973
    0.45000E-02    -9.27331     0.11401    -0.50786    -8.87946
    0.51000E-02    -9.25511     0.12886    -0.50462    -8.87935
    0.57000E-02    -9.23999     0.14088    -0.50158    -8.87930
    0.63000E-02    -9.22703     0.15095    -0.49871    -8.87926
    0.69000E-02    -9.21570     0.15957    -0.49602    -8.87924
    0.75000E-02    -9.20566     0.16704    -0.49348    -8.87923
    0.81000E-02    -9.19663     0.17364    -0.49107    -8.87921
    0.87000E-02    -9.18846     0.17952    -0.48879    -8.87919
    0.93000E-02    -9.18107     0.18477    -0.48667    -8.87917
    0.99000E-02    -9.17426     0.18954    -0.48464    -8.87915
    0.10500E-01    -9.16795     0.19388    -0.48269    -8.87913
    0.11100E-01    -9.16213     0.19784    -0.48086    -8.87911
    0.11700E-01    -9.15676     0.20145    -0.47912    -8.87909
    0.12300E-01    -9.15174     0.20479    -0.47746    -8.87907
    0.12900E-01    -9.14702     0.20790    -0.47588    -8.87905
    0.13500E-01    -9.14256     0.21081    -0.47435    -8.87902
    0.14100E-01    -9.13839     0.21351    -0.47291    -8.87900
    0.14700E-01    -9.13448     0.21602    -0.47154    -8.87897
    0.15300E-01    -9.13077     0.21839    -0.47022    -8.87894
    0.15900E-01    -9.12725     0.22061    -0.46895    -8.87891
    0.16500E-01    -9.12389     0.22273    -0.46774    -8.87888
    0.17100E-01    -9.12071     0.22473    -0.46659    -8.87885
    0.17700E-01    -9.11770     0.22659    -0.46547    -8.87882
    0.18300E-01    -9.11482     0.22837    -0.46440    -8.87879
    0.18900E-01    -9.11207     0.23007    -0.46338    -8.87876
    0.19500E-01    -9.10942     0.23169    -0.46239    -8.87872
    0.21300E-01    -9.09403     0.24093    -0.45649    -8.87846
    0.27000E-01    -9.07743     0.25060    -0.45003    -8.87800
    0.33000E-01    -9.06538     0.25741    -0.44535    -8.87745
    0.39000E-01    -9.05620     0.26248    -0.44187    -8.87681
    0.45000E-01    -9.04906     0.26634    -0.43930    -8.87610
    0.51000E-01    -9.04326     0.26934    -0.43732    -8.87529
    0.57000E-01    -9.03844     0.27173    -0.43577    -8.87441
    0.63000E-01    -9.03430     0.27368    -0.43452    -8.87345
    0.69000E-01    -9.03076     0.27520    -0.43356    -8.87240
    0.75000E-01    -9.02758     0.27649    -0.43278    -8.87129
    0.81000E-01    -9.02475     0.27754    -0.43218    -8.87011
    0.87000E-01    -9.02212     0.27843    -0.43168    -8.86887
    0.93000E-01    -9.01966     0.27917    -0.43126    -8.86757
    0.99000E-01    -9.01736     0.27978    -0.43094    -8.86620
    0.10500        -9.01515     0.28030    -0.43067    -8.86479
    0.11100        -9.01302     0.28074    -0.43047    -8.86329
    0.11700        -9.01092     0.28111    -0.43028    -8.86175
    0.12300        -9.00887     0.28141    -0.43013    -8.86014
    0.12900        -9.00685     0.28164    -0.43000    -8.85849
    0.13500        -9.00487     0.28186    -0.42992    -8.85681
    0.14100        -9.00285     0.28205    -0.42983    -8.85507
    0.14700        -9.00087     0.28219    -0.42978    -8.85328
    0.15300        -8.99881     0.28233    -0.42969    -8.85145
    0.15900        -8.99671     0.28248    -0.42960    -8.84958
    0.16500        -8.99461     0.28260    -0.42954    -8.84767
    0.17100        -8.99251     0.28268    -0.42949    -8.84570
    0.17700        -8.99036     0.28280    -0.42942    -8.84373
    0.18300        -8.98817     0.28287    -0.42935    -8.84168
    0.18900        -8.98591     0.28298    -0.42929    -8.83960
    0.19500        -8.98366     0.28308    -0.42924    -8.83751
    0.20100        -8.98137     0.28319    -0.42917    -8.83539
    0.20700        -8.97899     0.28333    -0.42911    -8.83320
    0.21300        -8.97662     0.28344    -0.42905    -8.83101
    0.22700        -8.95632     0.28386    -0.42881    -8.81137
    0.34500        -8.88594     0.28541    -0.42796    -8.74339
    0.49500        -8.80962     0.28662    -0.42710    -8.66914
    0.64500        -8.73014     0.28767    -0.42634    -8.59147
    0.79500        -8.64877     0.28861    -0.42566    -8.51172
    0.94500        -8.56666     0.28944    -0.42502    -8.43107
     1.0950        -8.48428     0.29022    -0.42443    -8.35007
     1.2450        -8.40256     0.29092    -0.42390    -8.26959
     1.3950        -8.32197     0.29155    -0.42339    -8.19013
     1.5450        -8.24318     0.29214    -0.42290    -8.11241
     1.6950        -8.16614     0.29270    -0.42243    -8.03640
     1.8450        -8.09125     0.29321    -0.42199    -7.96247
     1.9950        -8.01926     0.29367    -0.42157    -7.89136
     2.1450        -7.94957     0.29412    -0.42119    -7.82250
     2.2950        -7.88231     0.29455    -0.42080    -7.75605
     2.4450        -7.81737     0.29496    -0.42046    -7.69187
     2.5950        -7.75508     0.29534    -0.42013    -7.63030
     2.7450        -7.69529     0.29571    -0.41978    -7.57122
     2.8950        -7.63771     0.29605    -0.41948    -7.51429
     3.0450        -7.58220     0.29635    -0.41916    -7.45940
     3.1950        -7.52873     0.29669    -0.41886    -7.40655
     3.3450        -7.47724     0.29701    -0.41857    -7.35568
     3.4950        -7.42782     0.29728    -0.41831    -7.30679
     3.6450        -7.37998     0.29758    -0.41805    -7.25952
     3.7950        -7.33373     0.29787    -0.41780    -7.21381
     3.9450        -7.28882     0.29814    -0.41754    -7.16942
     4.0950        -7.24552     0.29841    -0.41728    -7.12664
     4.2450        -7.20364     0.29866    -0.41706    -7.08523
     4.3950        -7.16299     0.29890    -0.41684    -7.04506
     4.5450        -7.12353     0.29914    -0.41661    -7.00607
     4.6950        -7.08520     0.29938    -0.41639    -6.96818
     4.8450        -7.04799     0.29961    -0.41618    -6.93142
     4.9950        -7.01181     0.29983    -0.41598    -6.89566
     5.1450        -6.97657     0.30004    -0.41577    -6.86084
     5.2950        -6.94230     0.30024    -0.41556    -6.82698
     5.4450        -6.90884     0.30044    -0.41538    -6.79390
     5.5950        -6.87626     0.30063    -0.41519    -6.76171
     5.7450        -6.84449     0.30082    -0.41500    -6.73032
     5.8950        -6.81344     0.30100    -0.41481    -6.69963
     6.0450        -6.78319     0.30117    -0.41463    -6.66973
     6.1950        -6.75362     0.30134    -0.41445    -6.64051
     6.3450        -6.72472     0.30152    -0.41426    -6.61198
     6.4950        -6.69643     0.30169    -0.41410    -6.58402
     6.6450        -6.66876     0.30187    -0.41393    -6.55670
     6.7950        -6.64168     0.30203    -0.41377    -6.52994
     6.9450        -6.61518     0.30218    -0.41360    -6.50376
     7.0950        -6.58920     0.30233    -0.41343    -6.47810
     7.2450        -6.56369     0.30250    -0.41330    -6.45289
     7.3950        -6.53869     0.30265    -0.41315    -6.42819
     7.5450        -6.51424     0.30280    -0.41300    -6.40404
     7.6950        -6.49027     0.30294    -0.41285    -6.38036
     7.8450        -6.46672     0.30309    -0.41269    -6.35712
     7.9950        -6.44360     0.30323    -0.41254    -6.33429
     8.1450        -6.42088     0.30338    -0.41239    -6.31186
     8.2950        -6.39858     0.30352    -0.41226    -6.28984
     8.4450        -6.37665     0.30366    -0.41213    -6.26818
     8.5950        -6.35511     0.30379    -0.41199    -6.24691
     8.7450        -6.33391     0.30392    -0.41185    -6.22598
     8.8950        -6.31305     0.30404    -0.41172    -6.20537
     9.0450        -6.29258     0.30416    -0.41159    -6.18516
     9.1950        -6.27230     0.30428    -0.41146    -6.16513
     9.3450        -6.25244     0.30441    -0.41133    -6.14552
     9.4950        -6.23287     0.30453    -0.41119    -6.12620
     9.6450        -6.21360     0.30465    -0.41108    -6.10717
     9.7950        -6.19462     0.30476    -0.41095    -6.08843
     9.9450        -6.17588     0.30487    -0.41083    -6.06992
     10.095        -6.15746     0.30498    -0.41071    -6.05173
     10.245        -6.13934     0.30510    -0.41060    -6.03384
     10.395        -6.12145     0.30521    -0.41048    -6.01617
     10.545        -6.10384     0.30532    -0.41037    -5.99879
     10.695        -6.08645     0.30543    -0.41026    -5.98162
     10.845        -6.06932     0.30553    -0.41014    -5.96471
     10.995        -6.05247     0.30563    -0.41003    -5.94806
     11.145        -6.03576     0.30573    -0.40992    -5.93157
     11.295        -6.01929     0.30584    -0.40981    -5.91532
     11.445        -6.00307     0.30594    -0.40971    -5.89930
     11.595        -5.98702     0.30604    -0.40960    -5.88346
     11.745        -5.97115     0.30613    -0.40949    -5.86779
     11.895        -5.95554     0.30623    -0.40939    -5.85238
     12.045        -5.94011     0.30632    -0.40930    -5.83714
     12.195        -5.92490     0.30642    -0.40920    -5.82212
     12.345        -5.90984     0.30651    -0.40909    -5.80726
     12.495        -5.89500     0.30661    -0.40899    -5.79261
     12.645        -5.88029     0.30669    -0.40889    -5.77809
     12.795        -5.86580     0.30678    -0.40879    -5.76379
     12.945        -5.85145     0.30687    -0.40869    -5.74963
     13.095        -5.83730     0.30696    -0.40860    -5.73566
     13.245        -5.82332     0.30705    -0.40851    -5.72186
     13.395        -5.80949     0.30714    -0.40842    -5.70821
     13.545        -5.79577     0.30722    -0.40832    -5.69467
     13.695        -5.78226     0.30730    -0.40823    -5.68133
     13.845        -5.76888     0.30738    -0.40815    -5.66811
     13.995        -5.75564     0.30746    -0.40806    -5.65504
     14.145        -5.74252     0.30755    -0.40797    -5.64210
     14.295        -5.72954     0.30762    -0.40787    -5.62929
     14.445        -5.71672     0.30770    -0.40778    -5.61663
     14.595        -5.70403     0.30778    -0.40770    -5.60412
     14.745        -5.69146     0.30786    -0.40761    -5.59171
     14.895        -5.67901     0.30794    -0.40752    -5.57943
     15.045        -5.66671     0.30801    -0.40744    -5.56728
     15.195        -5.65452     0.30809    -0.40735    -5.55527
     15.345        -5.64248     0.30817    -0.40727    -5.54338
     15.495        -5.63053     0.30824    -0.40719    -5.53158
     15.645        -5.61872     0.30831    -0.40711    -5.51992
     15.795        -5.60702     0.30839    -0.40703    -5.50837
     15.945        -5.59542     0.30846    -0.40695    -5.49693
     16.095        -5.58393     0.30854    -0.40688    -5.48558
     16.245        -5.57254     0.30861    -0.40679    -5.47436
     16.395        -5.56123     0.30868    -0.40671    -5.46319
     16.545        -5.55009     0.30875    -0.40665    -5.45220
     16.695        -5.53901     0.30882    -0.40657    -5.44126
     16.845        -5.52805     0.30889    -0.40650    -5.43044
     16.995        -5.51719     0.30896    -0.40642    -5.41973
     17.145        -5.50648     0.30903    -0.40636    -5.40915
     17.295        -5.49581     0.30909    -0.40628    -5.39861
     17.445        -5.48528     0.30915    -0.40621    -5.38823
     17.595        -5.47477     0.30923    -0.40614    -5.37786
     17.745        -5.46439     0.30929    -0.40607    -5.36760
     17.895        -5.45407     0.30935    -0.40601    -5.35742
     18.045        -5.44387     0.30942    -0.40593    -5.34735
     18.195        -5.43374     0.30949    -0.40586    -5.33736
     18.345        -5.42372     0.30955    -0.40579    -5.32748
     18.495        -5.41375     0.30961    -0.40572    -5.31764
     18.645        -5.40389     0.30967    -0.40565    -5.30790
     18.795        -5.39407     0.30973    -0.40559    -5.29822
     18.945        -5.38434     0.30980    -0.40552    -5.28862
     19.095        -5.37469     0.30986    -0.40544    -5.27911
     19.245        -5.36514     0.30992    -0.40538    -5.26968
     19.395        -5.35568     0.30997    -0.40531    -5.26034
     19.545        -5.34628     0.31003    -0.40525    -5.25105
     19.695        -5.33695     0.31009    -0.40519    -5.24185
     19.845        -5.32770     0.31014    -0.40512    -5.23272
     19.995        -5.31853     0.31020    -0.40505    -5.22368
     20.145        -5.30942     0.31026    -0.40499    -5.21469
     20.295        -5.30040     0.31032    -0.40492    -5.20580
     20.445        -5.29143     0.31037    -0.40486    -5.19695
     20.595        -5.28254     0.31044    -0.40479    -5.18818
     20.745        -5.27367     0.31049    -0.40473    -5.17942
     20.895        -5.26487     0.31054    -0.40467    -5.17074
     21.045        -5.25617     0.31060    -0.40461    -5.16215
     21.195        -5.24754     0.31065    -0.40455    -5.15364
     21.345        -5.23896     0.31071    -0.40449    -5.14518
     21.495        -5.23042     0.31076    -0.40443    -5.13676
     21.645        -5.22196     0.31082    -0.40437    -5.12841
     21.795        -5.21356     0.31087    -0.40430    -5.12013
     21.945        -5.20523     0.31093    -0.40424    -5.11192
     22.095        -5.19699     0.31098    -0.40419    -5.10378
     22.245        -5.18876     0.31103    -0.40412    -5.09566
     22.395        -5.18059     0.31108    -0.40406    -5.08761
     22.545        -5.17249     0.31113    -0.40400    -5.07962
     22.695        -5.16445     0.31118    -0.40394    -5.07169
     22.845        -5.15646     0.31123    -0.40388    -5.06381
     22.995        -5.14851     0.31128    -0.40383    -5.05597
     23.145        -5.14061     0.31134    -0.40378    -5.04817
     23.295        -5.13281     0.31139    -0.40372    -5.04047
     23.445        -5.12502     0.31144    -0.40366    -5.03279
     23.595        -5.11728     0.31149    -0.40361    -5.02516
     23.745        -5.10960     0.31154    -0.40355    -5.01759
     23.895        -5.10199     0.31159    -0.40349    -5.01009
     24.045        -5.09444     0.31164    -0.40345    -5.00263
     24.195        -5.08691     0.31168    -0.40339    -4.99520
     24.345        -5.07942     0.31173    -0.40334    -4.98781
     24.495        -5.07197     0.31178    -0.40328    -4.98047
     24.645        -5.06460     0.31182    -0.40322    -4.97320
     24.795        -5.05727     0.31186    -0.40317    -4.96596
     24.945        -5.04997     0.31191    -0.40311    -4.95878
     25.095        -5.04273     0.31196    -0.40306    -4.95163
     25.245        -5.03552     0.31201    -0.40301    -4.94452
     25.395        -5.02835     0.31206    -0.40296    -4.93745
     25.545        -5.02124     0.31210    -0.40291    -4.93043
     25.695        -5.01419     0.31215    -0.40286    -4.92347
     25.845        -5.00716     0.31219    -0.40281    -4.91654
     25.995        -5.00017     0.31223    -0.40276    -4.90964
     26.145        -4.99320     0.31228    -0.40270    -4.90278
     26.295        -4.98631     0.31233    -0.40265    -4.89599
     26.445        -4.97948     0.31237    -0.40260    -4.88925
     26.595        -4.97266     0.31241    -0.40255    -4.88253
     26.745        -4.96590     0.31245    -0.40250    -4.87585
     26.895        -4.95918     0.31250    -0.40245    -4.86922
     27.045        -4.95247     0.31254    -0.40240    -4.86261
     27.195        -4.94582     0.31258    -0.40235    -4.85605
     27.345        -4.93918     0.31262    -0.40230    -4.84949
     27.495        -4.93261     0.31266    -0.40225    -4.84302
     27.645        -4.92609     0.31271    -0.40221    -4.83659
     27.795        -4.91959     0.31275    -0.40216    -4.83017
     27.945        -4.91312     0.31278    -0.40211    -4.82379
     28.095        -4.90667     0.31282    -0.40206    -4.81743
     28.245        -4.90029     0.31286    -0.40201    -4.81113
     28.395        -4.89390     0.31290    -0.40196    -4.80483
     28.545        -4.88758     0.31294    -0.40192    -4.79859
     28.695        -4.88129     0.31298    -0.40187    -4.79240
     28.845        -4.87505     0.31301    -0.40182    -4.78624
     28.995        -4.86879     0.31305    -0.40177    -4.78007
     29.145        -4.86261     0.31309    -0.40173    -4.77397
     29.295        -4.85645     0.31313    -0.40168    -4.76790
     29.445        -4.85030     0.31318    -0.40163    -4.76184
     29.595        -4.84422     0.31321    -0.40159    -4.75585
     29.745        -4.83818     0.31325    -0.40154    -4.74989
     29.895        -4.83214     0.31329    -0.40149    -4.74394
     30.045        -4.82614     0.31333    -0.40145    -4.73802
     30.195        -4.82017     0.31337    -0.40141    -4.73214
     30.345        -4.81423     0.31341    -0.40136    -4.72627
     30.495        -4.80834     0.31344    -0.40131    -4.72047
     30.645        -4.80249     0.31348    -0.40127    -4.71470
     30.795        -4.79664     0.31352    -0.40122    -4.70894
     30.945        -4.79084     0.31356    -0.40118    -4.70322
     31.095        -4.78505     0.31360    -0.40113    -4.69752
     31.245        -4.77928     0.31364    -0.40109    -4.69183
     31.395        -4.77355     0.31367    -0.40105    -4.68618
     31.545        -4.76785     0.31371    -0.40100    -4.68055
     31.695        -4.76218     0.31375    -0.40096    -4.67496
     31.845        -4.75655     0.31378    -0.40092    -4.66941
     31.995        -4.75095     0.31381    -0.40087    -4.66389
     32.145        -4.74536     0.31385    -0.40083    -4.65838
     32.295        -4.73981     0.31389    -0.40079    -4.65291
     32.445        -4.73429     0.31392    -0.40075    -4.64747
     32.595        -4.72880     0.31396    -0.40071    -4.64205
     32.745        -4.72331     0.31399    -0.40066    -4.63663
     32.895        -4.71787     0.31403    -0.40062    -4.63128
     33.045        -4.71243     0.31406    -0.40058    -4.62591
     33.195        -4.70705     0.31410    -0.40054    -4.62061
     33.345        -4.70168     0.31413    -0.40050    -4.61531
     33.495        -4.69634     0.31417    -0.40046    -4.61004
     33.645        -4.69104     0.31420    -0.40042    -4.60482
     33.795        -4.68574     0.31423    -0.40038    -4.59959
     33.945        -4.68048     0.31426    -0.40034    -4.59440
     34.095        -4.67524     0.31429    -0.40030    -4.58923
     34.245        -4.67002     0.31433    -0.40026    -4.58409
     34.395        -4.66481     0.31436    -0.40022    -4.57896
     34.545        -4.65964     0.31439    -0.40018    -4.57385
     34.695        -4.65448     0.31443    -0.40013    -4.56877
     34.845        -4.64939     0.31446    -0.40009    -4.56375
     34.995        -4.64431     0.31449    -0.40006    -4.55874
     35.145        -4.63923     0.31452    -0.40002    -4.55373
     35.295        -4.63417     0.31456    -0.39998    -4.54874
     35.445        -4.62914     0.31459    -0.39994    -4.54379
     35.595        -4.62413     0.31462    -0.39990    -4.53885
     35.745        -4.61915     0.31465    -0.39986    -4.53395
     35.895        -4.61418     0.31468    -0.39982    -4.52904
     36.045        -4.60925     0.31472    -0.39979    -4.52418
     36.195        -4.60433     0.31475    -0.39975    -4.51933
     36.345        -4.59944     0.31478    -0.39971    -4.51451
     36.495        -4.59458     0.31482    -0.39968    -4.50972
     36.645        -4.58974     0.31484    -0.39964    -4.50494
     36.795        -4.58492     0.31487    -0.39961    -4.50018
     36.945        -4.58009     0.31491    -0.39957    -4.49543
     37.095        -4.57530     0.31494    -0.39953    -4.49071
     37.245        -4.57052     0.31497    -0.39950    -4.48599
     37.395        -4.56579     0.31500    -0.39946    -4.48133
     37.545        -4.56106     0.31502    -0.39942    -4.47666
     37.695        -4.55636     0.31506    -0.39939    -4.47203
     37.845        -4.55168     0.31509    -0.39935    -4.46742
     37.995        -4.54702     0.31512    -0.39932    -4.46282
     38.145        -4.54237     0.31515    -0.39928    -4.45824
     38.295        -4.53773     0.31518    -0.39924    -4.45366
     38.445        -4.53310     0.31521    -0.39920    -4.44910
     38.595        -4.52849     0.31524    -0.39917    -4.44457
     38.745        -4.52393     0.31527    -0.39913    -4.44007
     38.895        -4.51937     0.31530    -0.39909    -4.43558
     39.045        -4.51484     0.31533    -0.39906    -4.43111
     39.195        -4.51030     0.31536    -0.39902    -4.42664
     39.345        -4.50581     0.31539    -0.39899    -4.42221
     39.495        -4.50133     0.31542    -0.39896    -4.41779
     39.645        -4.49688     0.31545    -0.39892    -4.41340
     39.795        -4.49243     0.31548    -0.39889    -4.40901
     39.945        -4.48802     0.31550    -0.39886    -4.40466
     40.095        -4.48362     0.31553    -0.39882    -4.40033
     40.245        -4.47924     0.31556    -0.39879    -4.39601
     40.395        -4.47485     0.31559    -0.39875    -4.39169
     40.545        -4.47047     0.31561    -0.39872    -4.38737
     40.695        -4.46615     0.31564    -0.39868    -4.38310
     40.845        -4.46185     0.31566    -0.39865    -4.37886
     40.995        -4.45756     0.31569    -0.39862    -4.37463
     41.145        -4.45327     0.31572    -0.39859    -4.37040
     41.295        -4.44902     0.31574    -0.39855    -4.36621
     41.445        -4.44475     0.31577    -0.39852    -4.36200
     41.595        -4.44051     0.31581    -0.39849    -4.35783
     41.745        -4.43628     0.31584    -0.39845    -4.35366
     41.895        -4.43207     0.31586    -0.39842    -4.34951
     42.045        -4.42788     0.31589    -0.39839    -4.34538
     42.195        -4.42369     0.31591    -0.39836    -4.34125
     42.345        -4.41954     0.31594    -0.39833    -4.33715
     42.495        -4.41542     0.31597    -0.39830    -4.33309
     42.645        -4.41127     0.31600    -0.39827    -4.32900
     42.795        -4.40716     0.31602    -0.39824    -4.32495
     42.945        -4.40307     0.31605    -0.39820    -4.32092
     43.095        -4.39901     0.31607    -0.39817    -4.31690
     43.245        -4.39496     0.31610    -0.39814    -4.31291
     43.395        -4.39090     0.31612    -0.39811    -4.30891
     43.545        -4.38685     0.31614    -0.39808    -4.30491
     43.695        -4.38283     0.31617    -0.39805    -4.30095
     43.845        -4.37882     0.31619    -0.39801    -4.29700
     43.995        -4.37482     0.31622    -0.39798    -4.29306
     44.145        -4.37087     0.31624    -0.39795    -4.28916
     44.295        -4.36691     0.31627    -0.39792    -4.28526
     44.445        -4.36295     0.31629    -0.39789    -4.28136
     44.595        -4.35904     0.31632    -0.39786    -4.27750
     44.745        -4.35510     0.31635    -0.39783    -4.27362
     44.895        -4.35118     0.31637    -0.39779    -4.26976
     45.045        -4.34729     0.31640    -0.39776    -4.26593
     45.195        -4.34340     0.31643    -0.39773    -4.26210
     45.345        -4.33955     0.31645    -0.39770    -4.25830
     45.495        -4.33569     0.31648    -0.39767    -4.25450
     45.645        -4.33186     0.31650    -0.39764    -4.25072
     45.795        -4.32803     0.31653    -0.39761    -4.24695
     45.945        -4.32423     0.31655    -0.39758    -4.24321
     46.095        -4.32044     0.31658    -0.39755    -4.23947
     46.245        -4.31665     0.31660    -0.39752    -4.23573
     46.395        -4.31289     0.31663    -0.39749    -4.23202
     46.545        -4.30912     0.31665    -0.39746    -4.22831
     46.695        -4.30538     0.31667    -0.39743    -4.22462
     46.845        -4.30166     0.31670    -0.39740    -4.22096
     46.995        -4.29796     0.31672    -0.39737    -4.21731
     47.145        -4.29424     0.31675    -0.39733    -4.21365
     47.295        -4.29056     0.31677    -0.39730    -4.21002
     47.445        -4.28688     0.31679    -0.39727    -4.20640
     47.595        -4.28320     0.31682    -0.39724    -4.20278
     47.745        -4.27956     0.31684    -0.39722    -4.19918
     47.895        -4.27594     0.31686    -0.39718    -4.19562
     48.045        -4.27230     0.31688    -0.39716    -4.19202
     48.195        -4.26867     0.31691    -0.39712    -4.18846
     48.345        -4.26508     0.31693    -0.39710    -4.18491
     48.495        -4.26147     0.31695    -0.39707    -4.18135
     48.645        -4.25789     0.31697    -0.39704    -4.17783
     48.795        -4.25431     0.31700    -0.39701    -4.17430
     48.945        -4.25075     0.31703    -0.39698    -4.17080
     49.095        -4.24722     0.31705    -0.39695    -4.16731
     49.245        -4.24368     0.31707    -0.39692    -4.16383
     49.395        -4.24016     0.31709    -0.39689    -4.16036
     49.545        -4.23666     0.31711    -0.39686    -4.15691
     49.695        -4.23317     0.31713    -0.39683    -4.15347
     49.845        -4.22968     0.31715    -0.39681    -4.15003
     49.995        -4.22620     0.31717    -0.39678    -4.14659
     50.145        -4.22274     0.31719    -0.39675    -4.14318
     50.295        -4.21932     0.31722    -0.39673    -4.13981
     50.445        -4.21587     0.31724    -0.39670    -4.13641
     50.595        -4.21243     0.31726    -0.39667    -4.13302
     50.745        -4.20900     0.31729    -0.39664    -4.12964
     50.895        -4.20557     0.31731    -0.39661    -4.12627
     51.045        -4.20217     0.31733    -0.39658    -4.12292
     51.195        -4.19878     0.31736    -0.39656    -4.11958
     51.345        -4.19540     0.31738    -0.39653    -4.11625
     51.495        -4.19203     0.31740    -0.39651    -4.11292
     51.645        -4.18867     0.31742    -0.39648    -4.10961
     51.795        -4.18533     0.31744    -0.39645    -4.10631
     51.945        -4.18198     0.31746    -0.39643    -4.10301
     52.095        -4.17867     0.31748    -0.39640    -4.09975
     52.245        -4.17535     0.31750    -0.39638    -4.09648
     52.395        -4.17204     0.31753    -0.39635    -4.09321
     52.545        -4.16873     0.31755    -0.39632    -4.08995
     52.695        -4.16544     0.31757    -0.39629    -4.08671
     52.845        -4.16214     0.31759    -0.39627    -4.08346
     52.995        -4.15888     0.31761    -0.39624    -4.08025
     53.145        -4.15564     0.31763    -0.39622    -4.07705
     53.295        -4.15238     0.31765    -0.39619    -4.07385
     53.445        -4.14915     0.31768    -0.39616    -4.07066
     53.595        -4.14591     0.31770    -0.39614    -4.06747
     53.745        -4.14269     0.31772    -0.39612    -4.06429
     53.895        -4.13947     0.31774    -0.39609    -4.06111
     54.045        -4.13626     0.31776    -0.39607    -4.05795
     54.195        -4.13307     0.31777    -0.39604    -4.05481
     54.345        -4.12989     0.31780    -0.39602    -4.05167
     54.495        -4.12671     0.31782    -0.39599    -4.04854
     54.645        -4.12356     0.31784    -0.39597    -4.04543
     54.795        -4.12040     0.31786    -0.39594    -4.04232
     54.945        -4.11726     0.31788    -0.39592    -4.03922
     55.095        -4.11411     0.31790    -0.39589    -4.03613
     59.433        -3.86873     0.31950    -0.39391    -3.79432
     80.646        -3.51075     0.32189    -0.39091    -3.44173
     111.21        -3.16335     0.32422    -0.38796    -3.09961
     153.36        -2.82687     0.32651    -0.38501    -2.76837
     211.49        -2.50151     0.32873    -0.38209    -2.44816
     291.64        -2.18716     0.33088    -0.37923    -2.13882
     402.18        -1.88395     0.33296    -0.37641    -1.84049
     554.60        -1.59152     0.33498    -0.37368    -1.55282
     764.80        -1.30938     0.33695    -0.37101    -1.27532
     1054.7        -1.03738     0.33884    -0.36839    -1.00783
     1454.4        -0.77518     0.34066    -0.36588    -0.74996
     2005.6        -0.52234     0.34242    -0.36340    -0.50135
     2765.8        -0.27850     0.34407    -0.36103    -0.26154
     3814.0        -0.04318     0.34567    -0.35874    -0.03011
     5259.5         0.18366     0.34721    -0.35652     0.19297
     7252.9         0.40243     0.34865    -0.35439     0.40817
     10002.         0.61341     0.35001    -0.35233     0.61573
     13793.         0.81666     0.35133    -0.35036     0.81568
     19020.         1.01193     0.35257    -0.34846     1.00782
     26229.         1.19920     0.35373    -0.34665     1.19211
     36170.         1.37837     0.35481    -0.34490     1.36846
     49878.         1.54966     0.35586    -0.34324     1.53705
     68782.         1.71308     0.35682    -0.34165     1.69792
     94851.         1.86906     0.35771    -0.34013     1.85148
    0.13080E+06     2.01779     0.35857    -0.33869     1.99790
    0.18038E+06     2.15945     0.35936    -0.33732     2.13742
    0.24874E+06     2.29438     0.36011    -0.33602     2.27029
    0.34301E+06     2.42287     0.36081    -0.33479     2.39685
    0.47302E+06     2.54518     0.36145    -0.33363     2.51736
    0.65229E+06     2.66164     0.36206    -0.33252     2.63210
    0.89952E+06     2.77215     0.36262    -0.33149     2.74103
    0.12404E+07     2.87734     0.36314    -0.33051     2.84471
    0.17106E+07     2.97740     0.36362    -0.32956     2.94334
    0.23589E+07     3.07256     0.36407    -0.32869     3.03718
    0.32529E+07     3.16303     0.36450    -0.32785     3.12639
    0.44858E+07     3.24903     0.36488    -0.32707     3.21121
    0.61860E+07     3.33086     0.36525    -0.32632     3.29193
    0.85305E+07     3.40863     0.36559    -0.32562     3.36866
    0.11764E+08     3.48256     0.36589    -0.32495     3.44162
    0.16222E+08     3.55277     0.36619    -0.32432     3.51090
    0.22370E+08     3.61954     0.36645    -0.32373     3.57681
    0.30849E+08     3.68254     0.36668    -0.32317     3.63903
    0.42541E+08     3.74152     0.36690    -0.32265     3.69726
    0.58664E+08     3.79675     0.36710    -0.32216     3.75181
    0.80898E+08     3.84859     0.36730    -0.32172     3.80301
    0.11156E+09     3.89736     0.36747    -0.32131     3.85119
    0.15384E+09     3.94327     0.36762    -0.32092     3.89657
    0.21215E+09     3.98653     0.36776    -0.32055     3.93933
    0.29255E+09     4.02725     0.36788    -0.32021     3.97958
    0.40343E+09     4.06562     0.36801    -0.31990     4.01750
    0.55633E+09     4.10174     0.36812    -0.31961     4.05324
    0.76719E+09     4.13473     0.36822    -0.31934     4.08585
    0.10580E+10     4.16467     0.36831    -0.31909     4.11545
    0.14589E+10     4.19214     0.36841    -0.31887     4.14260
    0.20119E+10     4.21736     0.36849    -0.31866     4.16754
    0.27744E+10     4.24061     0.36856    -0.31847     4.19052
    0.38259E+10     4.26206     0.36863    -0.31829     4.21172
    0.52760E+10     4.28187     0.36870    -0.31812     4.23130
    0.72756E+10     4.30008     0.36875    -0.31797     4.24930
    0.10033E+11     4.31692     0.36880    -0.31783     4.26595
    0.13836E+11     4.33248     0.36885    -0.31770     4.28133
    0.19079E+11     4.34681     0.36890    -0.31759     4.29550
    0.26311E+11     4.36003     0.36895    -0.31748     4.30856
    0.36283E+11     4.37225     0.36899    -0.31738     4.32064
    0.50034E+11     4.38353     0.36902    -0.31728     4.33179
    0.68997E+11     4.39395     0.36905    -0.31720     4.34210
    0.10000E+12     4.51862     0.36942    -0.31616     4.46536
