    -99.945         0.00000     0.00000     0.00000     0.00000
    -99.795         0.00000     0.00000     0.00000     0.00000
    -99.645         0.00000     0.00000     0.00000     0.00000
    -99.495         0.00000     0.00000     0.00000     0.00000
    -99.345         0.00000     0.00000     0.00000     0.00000
    -99.195         0.00000     0.00000     0.00000     0.00000
    -99.045         0.00000     0.00000     0.00000     0.00000
    -98.895         0.00000     0.00000     0.00000     0.00000
    -98.745         0.00000     0.00000     0.00000     0.00000
    -98.595         0.00000     0.00000     0.00000     0.00000
    -98.445         0.00000     0.00000     0.00000     0.00000
    -98.295         0.00000     0.00000     0.00000     0.00000
    -98.145         0.00000     0.00000     0.00000     0.00000
    -97.995         0.00000     0.00000     0.00000     0.00000
    -97.845         0.00000     0.00000     0.00000     0.00000
    -97.695         0.00000     0.00000     0.00000     0.00000
    -97.545         0.00000     0.00000     0.00000     0.00000
    -97.395         0.00000     0.00000     0.00000     0.00000
    -97.245         0.00000     0.00000     0.00000     0.00000
    -97.095         0.00000     0.00000     0.00000     0.00000
    -96.945         0.00000     0.00000     0.00000     0.00000
    -96.795         0.00000     0.00000     0.00000     0.00000
    -96.645         0.00000     0.00000     0.00000     0.00000
    -96.495         0.00000     0.00000     0.00000     0.00000
    -96.345         0.00000     0.00000     0.00000     0.00000
    -96.195         0.00000     0.00000     0.00000     0.00000
    -96.045         0.00000     0.00000     0.00000     0.00000
    -95.895         0.00000     0.00000     0.00000     0.00000
    -95.745         0.00000     0.00000     0.00000     0.00000
    -95.595         0.00000     0.00000     0.00000     0.00000
    -95.445         0.00000     0.00000     0.00000     0.00000
    -95.295         0.00000     0.00000     0.00000     0.00000
    -95.145         0.00000     0.00000     0.00000     0.00000
    -94.995         0.00000     0.00000     0.00000     0.00000
    -94.845         0.00000     0.00000     0.00000     0.00000
    -94.695         0.00000     0.00000     0.00000     0.00000
    -94.545         0.00000     0.00000     0.00000     0.00000
    -94.395         0.00000     0.00000     0.00000     0.00000
    -94.245         0.00000     0.00000     0.00000     0.00000
    -94.095         0.00000     0.00000     0.00000     0.00000
    -93.945         0.00000     0.00000     0.00000     0.00000
    -93.795         0.00000     0.00000     0.00000     0.00000
    -93.645         0.00000     0.00000     0.00000     0.00000
    -93.495         0.00000     0.00000     0.00000     0.00000
    -93.345         0.00000     0.00000     0.00000     0.00000
    -93.195         0.00000     0.00000     0.00000     0.00000
    -93.045         0.00000     0.00000     0.00000     0.00000
    -92.895         0.00000     0.00000     0.00000     0.00000
    -92.745         0.00000     0.00000     0.00000     0.00000
    -92.595         0.00000     0.00000     0.00000     0.00000
    -92.445         0.00000     0.00000     0.00000     0.00000
    -92.295         0.00000     0.00000     0.00000     0.00000
    -92.145         0.00000     0.00000     0.00000     0.00000
    -91.995         0.00000     0.00000     0.00000     0.00000
    -91.845         0.00000     0.00000     0.00000     0.00000
    -91.695         0.00000     0.00000     0.00000     0.00000
    -91.545         0.00000     0.00000     0.00000     0.00000
    -91.395         0.00000     0.00000     0.00000     0.00000
    -91.245         0.00000     0.00000     0.00000     0.00000
    -91.095         0.00000     0.00000     0.00000     0.00000
    -90.945         0.00000     0.00000     0.00000     0.00000
    -90.795         0.00000     0.00000     0.00000     0.00000
    -90.645         0.00000     0.00000     0.00000     0.00000
    -90.495         0.00000     0.00000     0.00000     0.00000
    -90.345         0.00000     0.00000     0.00000     0.00000
    -90.195         0.00000     0.00000     0.00000     0.00000
    -90.045         0.00000     0.00000     0.00000     0.00000
    -89.895         0.00000     0.00000     0.00000     0.00000
    -89.745         0.00000     0.00000     0.00000     0.00000
    -89.595         0.00000     0.00000     0.00000     0.00000
    -89.445         0.00000     0.00000     0.00000     0.00000
    -89.295         0.00000     0.00000     0.00000     0.00000
    -89.145         0.00000     0.00000     0.00000     0.00000
    -88.995         0.00000     0.00000     0.00000     0.00000
    -88.845         0.00000     0.00000     0.00000     0.00000
    -88.695         0.00000     0.00000     0.00000     0.00000
    -88.545         0.00000     0.00000     0.00000     0.00000
    -88.395         0.00000     0.00000     0.00000     0.00000
    -88.245         0.00000     0.00000     0.00000     0.00000
    -88.095         0.00000     0.00000     0.00000     0.00000
    -87.945         0.00000     0.00000     0.00000     0.00000
    -87.795         0.00000     0.00000     0.00000     0.00000
    -87.645         0.00000     0.00000     0.00000     0.00000
    -87.495         0.00000     0.00000     0.00000     0.00000
    -87.345         0.00000     0.00000     0.00000     0.00000
    -87.195         0.00000     0.00000     0.00000     0.00000
    -87.045         0.00000     0.00000     0.00000     0.00000
    -86.895         0.00000     0.00000     0.00000     0.00000
    -86.745         0.00000     0.00000     0.00000     0.00000
    -86.595         0.00000     0.00000     0.00000     0.00000
    -86.445         0.00000     0.00000     0.00000     0.00000
    -86.295         0.00000     0.00000     0.00000     0.00000
    -86.145         0.00000     0.00000     0.00000     0.00000
    -85.995         0.00000     0.00000     0.00000     0.00000
    -85.845         0.00000     0.00000     0.00000     0.00000
    -85.695         0.00000     0.00000     0.00000     0.00000
    -85.545         0.00000     0.00000     0.00000     0.00000
    -85.395         0.00000     0.00000     0.00000     0.00000
    -85.245         0.00000     0.00000     0.00000     0.00000
    -85.095         0.00000     0.00000     0.00000     0.00000
    -84.945         0.00000     0.00000     0.00000     0.00000
    -84.795         0.00000     0.00000     0.00000     0.00000
    -84.645         0.00000     0.00000     0.00000     0.00000
    -84.495         0.00000     0.00000     0.00000     0.00000
    -84.345         0.00000     0.00000     0.00000     0.00000
    -84.195         0.00000     0.00000     0.00000     0.00000
    -84.045         0.00000     0.00000     0.00000     0.00000
    -83.895         0.00000     0.00000     0.00000     0.00000
    -83.745         0.00000     0.00000     0.00000     0.00000
    -83.595         0.00000     0.00000     0.00000     0.00000
    -83.445         0.00000     0.00000     0.00000     0.00000
    -83.295         0.00000     0.00000     0.00000     0.00000
    -83.145         0.00000     0.00000     0.00000     0.00000
    -82.995         0.00000     0.00000     0.00000     0.00000
    -82.845         0.00000     0.00000     0.00000     0.00000
    -82.695         0.00000     0.00000     0.00000     0.00000
    -82.545         0.00000     0.00000     0.00000     0.00000
    -82.395         0.00000     0.00000     0.00000     0.00000
    -82.245         0.00000     0.00000     0.00000     0.00000
    -82.095         0.00000     0.00000     0.00000     0.00000
    -81.945         0.00000     0.00000     0.00000     0.00000
    -81.795         0.00000     0.00000     0.00000     0.00000
    -81.645         0.00000     0.00000     0.00000     0.00000
    -81.495         0.00000     0.00000     0.00000     0.00000
    -81.345         0.00000     0.00000     0.00000     0.00000
    -81.195         0.00000     0.00000     0.00000     0.00000
    -81.045         0.00000     0.00000     0.00000     0.00000
    -80.895         0.00000     0.00000     0.00000     0.00000
    -80.745         0.00000     0.00000     0.00000     0.00000
    -80.595         0.00000     0.00000     0.00000     0.00000
    -80.445         0.00000     0.00000     0.00000     0.00000
    -80.295         0.00000     0.00000     0.00000     0.00000
    -80.145         0.00000     0.00000     0.00000     0.00000
    -79.995         0.00000     0.00000     0.00000     0.00000
    -79.845         0.00000     0.00000     0.00000     0.00000
    -79.695         0.00000     0.00000     0.00000     0.00000
    -79.545         0.00000     0.00000     0.00000     0.00000
    -79.395         0.00000     0.00000     0.00000     0.00000
    -79.245         0.00000     0.00000     0.00000     0.00000
    -79.095         0.00000     0.00000     0.00000     0.00000
    -78.945         0.00000     0.00000     0.00000     0.00000
    -78.795         0.00000     0.00000     0.00000     0.00000
    -78.645         0.00000     0.00000     0.00000     0.00000
    -78.495         0.00000     0.00000     0.00000     0.00000
    -78.345         0.00000     0.00000     0.00000     0.00000
    -78.195         0.00000     0.00000     0.00000     0.00000
    -78.045         0.00000     0.00000     0.00000     0.00000
    -77.895         0.00000     0.00000     0.00000     0.00000
    -77.745         0.00000     0.00000     0.00000     0.00000
    -77.595         0.00000     0.00000     0.00000     0.00000
    -77.445         0.00000     0.00000     0.00000     0.00000
    -77.295         0.00000     0.00000     0.00000     0.00000
    -77.145         0.00000     0.00000     0.00000     0.00000
    -76.995         0.00000     0.00000     0.00000     0.00000
    -76.845         0.00000     0.00000     0.00000     0.00000
    -76.695         0.00000     0.00000     0.00000     0.00000
    -76.545         0.00000     0.00000     0.00000     0.00000
    -76.395         0.00000     0.00000     0.00000     0.00000
    -76.245         0.00000     0.00000     0.00000     0.00000
    -76.095         0.00000     0.00000     0.00000     0.00000
    -75.945         0.00000     0.00000     0.00000     0.00000
    -75.795         0.00000     0.00000     0.00000     0.00000
    -75.645         0.00000     0.00000     0.00000     0.00000
    -75.495         0.00000     0.00000     0.00000     0.00000
    -75.345         0.00000     0.00000     0.00000     0.00000
    -75.195         0.00000     0.00000     0.00000     0.00000
    -75.045         0.00000     0.00000     0.00000     0.00000
    -74.895         0.00000     0.00000     0.00000     0.00000
    -74.745         0.00000     0.00000     0.00000     0.00000
    -74.595         0.00000     0.00000     0.00000     0.00000
    -74.445         0.00000     0.00000     0.00000     0.00000
    -74.295         0.00000     0.00000     0.00000     0.00000
    -74.145         0.00000     0.00000     0.00000     0.00000
    -73.995         0.00000     0.00000     0.00000     0.00000
    -73.845         0.00000     0.00000     0.00000     0.00000
    -73.695         0.00000     0.00000     0.00000     0.00000
    -73.545         0.00000     0.00000     0.00000     0.00000
    -73.395         0.00000     0.00000     0.00000     0.00000
    -73.245         0.00000     0.00000     0.00000     0.00000
    -73.095         0.00000     0.00000     0.00000     0.00000
    -72.945         0.00000     0.00000     0.00000     0.00000
    -72.795         0.00000     0.00000     0.00000     0.00000
    -72.645         0.00000     0.00000     0.00000     0.00000
    -72.495         0.00000     0.00000     0.00000     0.00000
    -72.345         0.00000     0.00000     0.00000     0.00000
    -72.195         0.00000     0.00000     0.00000     0.00000
    -72.045         0.00000     0.00000     0.00000     0.00000
    -71.895         0.00000     0.00000     0.00000     0.00000
    -71.745         0.00000     0.00000     0.00000     0.00000
    -71.595         0.00000     0.00000     0.00000     0.00000
    -71.445         0.00000     0.00000     0.00000     0.00000
    -71.295         0.00000     0.00000     0.00000     0.00000
    -71.145         0.00000     0.00000     0.00000     0.00000
    -70.995         0.00000     0.00000     0.00000     0.00000
    -70.845         0.00000     0.00000     0.00000     0.00000
    -70.695         0.00000     0.00000     0.00000     0.00000
    -70.545         0.00000     0.00000     0.00000     0.00000
    -70.395         0.00000     0.00000     0.00000     0.00000
    -70.245         0.00000     0.00000     0.00000     0.00000
    -70.095         0.00000     0.00000     0.00000     0.00000
    -69.945         0.00000     0.00000     0.00000     0.00000
    -69.795         0.00000     0.00000     0.00000     0.00000
    -69.645         0.00000     0.00000     0.00000     0.00000
    -69.495         0.00000     0.00000     0.00000     0.00000
    -69.345         0.00000     0.00000     0.00000     0.00000
    -69.195         0.00000     0.00000     0.00000     0.00000
    -69.045         0.00000     0.00000     0.00000     0.00000
    -68.895         0.00000     0.00000     0.00000     0.00000
    -68.745         0.00000     0.00000     0.00000     0.00000
    -68.595         0.00000     0.00000     0.00000     0.00000
    -68.445         0.00000     0.00000     0.00000     0.00000
    -68.295         0.00000     0.00000     0.00000     0.00000
    -68.145         0.00000     0.00000     0.00000     0.00000
    -67.995         0.00000     0.00000     0.00000     0.00000
    -67.845         0.00000     0.00000     0.00000     0.00000
    -67.695         0.00000     0.00000     0.00000     0.00000
    -67.545         0.00000     0.00000     0.00000     0.00000
    -67.395         0.00000     0.00000     0.00000     0.00000
    -67.245         0.00000     0.00000     0.00000     0.00000
    -67.095         0.00000     0.00000     0.00000     0.00000
    -66.945         0.00000     0.00000     0.00000     0.00000
    -66.795         0.00000     0.00000     0.00000     0.00000
    -66.645         0.00000     0.00000     0.00000     0.00000
    -66.495         0.00000     0.00000     0.00000     0.00000
    -66.345         0.00000     0.00000     0.00000     0.00000
    -66.195         0.00000     0.00000     0.00000     0.00000
    -66.045         0.00000     0.00000     0.00000     0.00000
    -65.895         0.00000     0.00000     0.00000     0.00000
    -65.745         0.00000     0.00000     0.00000     0.00000
    -65.595         0.00000     0.00000     0.00000     0.00000
    -65.445         0.00000     0.00000     0.00000     0.00000
    -65.295         0.00000     0.00000     0.00000     0.00000
    -65.145         0.00000     0.00000     0.00000     0.00000
    -64.995         0.00000     0.00000     0.00000     0.00000
    -64.845         0.00000     0.00000     0.00000     0.00000
    -64.695         0.00000     0.00000     0.00000     0.00000
    -64.545         0.00000     0.00000     0.00000     0.00000
    -64.395         0.00000     0.00000     0.00000     0.00000
    -64.245         0.00000     0.00000     0.00000     0.00000
    -64.095         0.00000     0.00000     0.00000     0.00000
    -63.945         0.00000     0.00000     0.00000     0.00000
    -63.795         0.00000     0.00000     0.00000     0.00000
    -63.645         0.00000     0.00000     0.00000     0.00000
    -63.495         0.00000     0.00000     0.00000     0.00000
    -63.345         0.00000     0.00000     0.00000     0.00000
    -63.195         0.00000     0.00000     0.00000     0.00000
    -63.045         0.00000     0.00000     0.00000     0.00000
    -62.895         0.00000     0.00000     0.00000     0.00000
    -62.745         0.00000     0.00000     0.00000     0.00000
    -62.595         0.00000     0.00000     0.00000     0.00000
    -62.445         0.00000     0.00000     0.00000     0.00000
    -62.295         0.00000     0.00000     0.00000     0.00000
    -62.145         0.00000     0.00000     0.00000     0.00000
    -61.995         0.00000     0.00000     0.00000     0.00000
    -61.845         0.00000     0.00000     0.00000     0.00000
    -61.695         0.00000     0.00000     0.00000     0.00000
    -61.545         0.00000     0.00000     0.00000     0.00000
    -61.395         0.00000     0.00000     0.00000     0.00000
    -61.245         0.00000     0.00000     0.00000     0.00000
    -61.095         0.00000     0.00000     0.00000     0.00000
    -60.945         0.00000     0.00000     0.00000     0.00000
    -60.795         0.00000     0.00000     0.00000     0.00000
    -60.645         0.00000     0.00000     0.00000     0.00000
    -60.495         0.00000     0.00000     0.00000     0.00000
    -60.345         0.00000     0.00000     0.00000     0.00000
    -60.195         0.00000     0.00000     0.00000     0.00000
    -60.045         0.00000     0.00000     0.00000     0.00000
    -59.895         0.00000     0.00000     0.00000     0.00000
    -59.745         0.00000     0.00000     0.00000     0.00000
    -59.595         0.00000     0.00000     0.00000     0.00000
    -59.445         0.00000     0.00000     0.00000     0.00000
    -59.295         0.00000     0.00000     0.00000     0.00000
    -59.145         0.00000     0.00000     0.00000     0.00000
    -58.995         0.00000     0.00000     0.00000     0.00000
    -58.845         0.00000     0.00000     0.00000     0.00000
    -58.695         0.00000     0.00000     0.00000     0.00000
    -58.545         0.00000     0.00000     0.00000     0.00000
    -58.395         0.00000     0.00000     0.00000     0.00000
    -58.245         0.00000     0.00000     0.00000     0.00000
    -58.095         0.00000     0.00000     0.00000     0.00000
    -57.945         0.00000     0.00000     0.00000     0.00000
    -57.795         0.00000     0.00000     0.00000     0.00000
    -57.645         0.00000     0.00000     0.00000     0.00000
    -57.495         0.00000     0.00000     0.00000     0.00000
    -57.345         0.00000     0.00000     0.00000     0.00000
    -57.195         0.00000     0.00000     0.00000     0.00000
    -57.045         0.00000     0.00000     0.00000     0.00000
    -56.895         0.00000     0.00000     0.00000     0.00000
    -56.745         0.00000     0.00000     0.00000     0.00000
    -56.595         0.00000     0.00000     0.00000     0.00000
    -56.445         0.00000     0.00000     0.00000     0.00000
    -56.295         0.00000     0.00000     0.00000     0.00000
    -56.145         0.00000     0.00000     0.00000     0.00000
    -55.995         0.00000     0.00000     0.00000     0.00000
    -55.845         0.00000     0.00000     0.00000     0.00000
    -55.695         0.00000     0.00000     0.00000     0.00000
    -55.545         0.00000     0.00000     0.00000     0.00000
    -55.395         0.00000     0.00000     0.00000     0.00000
    -55.245         0.00000     0.00000     0.00000     0.00000
    -55.095         0.00000     0.00000     0.00000     0.00000
    -54.945         0.00000     0.00000     0.00000     0.00000
    -54.795         0.00000     0.00000     0.00000     0.00000
    -54.645         0.00000     0.00000     0.00000     0.00000
    -54.495         0.00000     0.00000     0.00000     0.00000
    -54.345         0.00000     0.00000     0.00000     0.00000
    -54.195         0.00000     0.00000     0.00000     0.00000
    -54.045         0.00000     0.00000     0.00000     0.00000
    -53.895         0.00000     0.00000     0.00000     0.00000
    -53.745         0.00000     0.00000     0.00000     0.00000
    -53.595         0.00000     0.00000     0.00000     0.00000
    -53.445         0.00000     0.00000     0.00000     0.00000
    -53.295         0.00000     0.00000     0.00000     0.00000
    -53.145         0.00000     0.00000     0.00000     0.00000
    -52.995         0.00000     0.00000     0.00000     0.00000
    -52.845         0.00000     0.00000     0.00000     0.00000
    -52.695         0.00000     0.00000     0.00000     0.00000
    -52.545         0.00000     0.00000     0.00000     0.00000
    -52.395         0.00000     0.00000     0.00000     0.00000
    -52.245         0.00000     0.00000     0.00000     0.00000
    -52.095         0.00000     0.00000     0.00000     0.00000
    -51.945         0.00000     0.00000     0.00000     0.00000
    -51.795         0.00000     0.00000     0.00000     0.00000
    -51.645         0.00000     0.00000     0.00000     0.00000
    -51.495         0.00000     0.00000     0.00000     0.00000
    -51.345         0.00000     0.00000     0.00000     0.00000
    -51.195         0.00000     0.00000     0.00000     0.00000
    -51.045         0.00000     0.00000     0.00000     0.00000
    -50.895         0.00000     0.00000     0.00000     0.00000
    -50.745         0.00000     0.00000     0.00000     0.00000
    -50.595         0.00000     0.00000     0.00000     0.00000
    -50.445         0.00000     0.00000     0.00000     0.00000
    -50.295         0.00000     0.00000     0.00000     0.00000
    -50.145         0.00000     0.00000     0.00000     0.00000
    -49.995         0.00000     0.00000     0.00000     0.00000
    -49.845         0.00000     0.00000     0.00000     0.00000
    -49.695         0.00000     0.00000     0.00000     0.00000
    -49.545         0.00000     0.00000     0.00000     0.00000
    -49.395         0.00000     0.00000     0.00000     0.00000
    -49.245         0.00000     0.00000     0.00000     0.00000
    -49.095         0.00000     0.00000     0.00000     0.00000
    -48.945         0.00000     0.00000     0.00000     0.00000
    -48.795         0.00000     0.00000     0.00000     0.00000
    -48.645         0.00000     0.00000     0.00000     0.00000
    -48.495         0.00000     0.00000     0.00000     0.00000
    -48.345         0.00000     0.00000     0.00000     0.00000
    -48.195         0.00000     0.00000     0.00000     0.00000
    -48.045         0.00000     0.00000     0.00000     0.00000
    -47.895         0.00000     0.00000     0.00000     0.00000
    -47.745         0.00000     0.00000     0.00000     0.00000
    -47.595         0.00000     0.00000     0.00000     0.00000
    -47.445         0.00000     0.00000     0.00000     0.00000
    -47.295         0.00000     0.00000     0.00000     0.00000
    -47.145         0.00000     0.00000     0.00000     0.00000
    -46.995         0.00000     0.00000     0.00000     0.00000
    -46.845         0.00000     0.00000     0.00000     0.00000
    -46.695         0.00000     0.00000     0.00000     0.00000
    -46.545         0.00000     0.00000     0.00000     0.00000
    -46.395         0.00000     0.00000     0.00000     0.00000
    -46.245         0.00000     0.00000     0.00000     0.00000
    -46.095         0.00000     0.00000     0.00000     0.00000
    -45.945         0.00000     0.00000     0.00000     0.00000
    -45.795         0.00000     0.00000     0.00000     0.00000
    -45.645         0.00000     0.00000     0.00000     0.00000
    -45.495         0.00000     0.00000     0.00000     0.00000
    -45.345         0.00000     0.00000     0.00000     0.00000
    -45.195         0.00000     0.00000     0.00000     0.00000
    -45.045         0.00000     0.00000     0.00000     0.00000
    -44.895         0.00000     0.00000     0.00000     0.00000
    -44.745         0.00000     0.00000     0.00000     0.00000
    -44.595         0.00000     0.00000     0.00000     0.00000
    -44.445         0.00000     0.00000     0.00000     0.00000
    -44.295         0.00000     0.00000     0.00000     0.00000
    -44.145         0.00000     0.00000     0.00000     0.00000
    -43.995         0.00000     0.00000     0.00000     0.00000
    -43.845         0.00000     0.00000     0.00000     0.00000
    -43.695         0.00000     0.00000     0.00000     0.00000
    -43.545         0.00000     0.00000     0.00000     0.00000
    -43.395         0.00000     0.00000     0.00000     0.00000
    -43.245         0.00000     0.00000     0.00000     0.00000
    -43.095         0.00000     0.00000     0.00000     0.00000
    -42.945         0.00000     0.00000     0.00000     0.00000
    -42.795         0.00000     0.00000     0.00000     0.00000
    -42.645         0.00000     0.00000     0.00000     0.00000
    -42.495         0.00000     0.00000     0.00000     0.00000
    -42.345         0.00000     0.00000     0.00000     0.00000
    -42.195         0.00000     0.00000     0.00000     0.00000
    -42.045         0.00000     0.00000     0.00000     0.00000
    -41.895         0.00000     0.00000     0.00000     0.00000
    -41.745         0.00000     0.00000     0.00000     0.00000
    -41.595         0.00000     0.00000     0.00000     0.00000
    -41.445         0.00000     0.00000     0.00000     0.00000
    -41.295         0.00000     0.00000     0.00000     0.00000
    -41.145         0.00000     0.00000     0.00000     0.00000
    -40.995         0.00000     0.00000     0.00000     0.00000
    -40.845         0.00000     0.00000     0.00000     0.00000
    -40.695         0.00000     0.00000     0.00000     0.00000
    -40.545         0.00000     0.00000     0.00000     0.00000
    -40.395         0.00000     0.00000     0.00000     0.00000
    -40.245         0.00000     0.00000     0.00000     0.00000
    -40.095         0.00000     0.00000     0.00000     0.00000
    -39.945         0.00000     0.00000     0.00000     0.00000
    -39.795         0.00000     0.00000     0.00000     0.00000
    -39.645         0.00000     0.00000     0.00000     0.00000
    -39.495         0.00000     0.00000     0.00000     0.00000
    -39.345         0.00000     0.00000     0.00000     0.00000
    -39.195         0.00000     0.00000     0.00000     0.00000
    -39.045         0.00000     0.00000     0.00000     0.00000
    -38.895         0.00000     0.00000     0.00000     0.00000
    -38.745         0.00000     0.00000     0.00000     0.00000
    -38.595         0.00000     0.00000     0.00000     0.00000
    -38.445         0.00000     0.00000     0.00000     0.00000
    -38.295         0.00000     0.00000     0.00000     0.00000
    -38.145         0.00000     0.00000     0.00000     0.00000
    -37.995         0.00000     0.00000     0.00000     0.00000
    -37.845         0.00000     0.00000     0.00000     0.00000
    -37.695         0.00000     0.00000     0.00000     0.00000
    -37.545         0.00000     0.00000     0.00000     0.00000
    -37.395         0.00000     0.00000     0.00000     0.00000
    -37.245         0.00000     0.00000     0.00000     0.00000
    -37.095         0.00000     0.00000     0.00000     0.00000
    -36.945         0.00000     0.00000     0.00000     0.00000
    -36.795         0.00000     0.00000     0.00000     0.00000
    -36.645         0.00000     0.00000     0.00000     0.00000
    -36.495         0.00000     0.00000     0.00000     0.00000
    -36.345         0.00000     0.00000     0.00000     0.00000
    -36.195         0.00000     0.00000     0.00000     0.00000
    -36.045         0.00000     0.00000     0.00000     0.00000
    -35.895         0.00000     0.00000     0.00000     0.00000
    -35.745         0.00000     0.00000     0.00000     0.00000
    -35.595         0.00000     0.00000     0.00000     0.00000
    -35.445         0.00000     0.00000     0.00000     0.00000
    -35.295         0.00000     0.00000     0.00000     0.00000
    -35.145         0.00000     0.00000     0.00000     0.00000
    -34.995         0.00000     0.00000     0.00000     0.00000
    -34.845         0.00000     0.00000     0.00000     0.00000
    -34.695         0.00000     0.00000     0.00000     0.00000
    -34.545         0.00000     0.00000     0.00000     0.00000
    -34.395         0.00000     0.00000     0.00000     0.00000
    -34.245         0.00000     0.00000     0.00000     0.00000
    -34.095         0.00000     0.00000     0.00000     0.00000
    -33.945         0.00000     0.00000     0.00000     0.00000
    -33.795         0.00000     0.00000     0.00000     0.00000
    -33.645         0.00000     0.00000     0.00000     0.00000
    -33.495         0.00000     0.00000     0.00000     0.00000
    -33.345         0.00000     0.00000     0.00000     0.00000
    -33.195         0.00000     0.00000     0.00000     0.00000
    -33.045         0.00000     0.00000     0.00000     0.00000
    -32.895         0.00000     0.00000     0.00000     0.00000
    -32.745         0.00000     0.00000     0.00000     0.00000
    -32.595         0.00000     0.00000     0.00000     0.00000
    -32.445         0.00000     0.00000     0.00000     0.00000
    -32.295         0.00000     0.00000     0.00000     0.00000
    -32.145         0.00000     0.00000     0.00000     0.00000
    -31.995         0.00000     0.00000     0.00000     0.00000
    -31.845         0.00000     0.00000     0.00000     0.00000
    -31.695         0.00000     0.00000     0.00000     0.00000
    -31.545         0.00000     0.00000     0.00000     0.00000
    -31.395         0.00000     0.00000     0.00000     0.00000
    -31.245         0.00000     0.00000     0.00000     0.00000
    -31.095         0.00000     0.00000     0.00000     0.00000
    -30.945         0.00000     0.00000     0.00000     0.00000
    -30.795         0.00000     0.00000     0.00000     0.00000
    -30.645         0.00000     0.00000     0.00000     0.00000
    -30.495         0.00000     0.00000     0.00000     0.00000
    -30.345         0.00000     0.00000     0.00000     0.00000
    -30.195         0.00000     0.00000     0.00000     0.00000
    -30.045         0.00000     0.00000     0.00000     0.00000
    -29.895         0.00000     0.00000     0.00000     0.00000
    -29.745         0.00000     0.00000     0.00000     0.00000
    -29.595         0.00000     0.00000     0.00000     0.00000
    -29.445         0.00000     0.00000     0.00000     0.00000
    -29.295         0.00000     0.00000     0.00000     0.00000
    -29.145         0.00000     0.00000     0.00000     0.00000
    -28.995         0.00000     0.00000     0.00000     0.00000
    -28.845         0.00000     0.00000     0.00000     0.00000
    -28.695         0.00000     0.00000     0.00000     0.00000
    -28.545         0.00000     0.00000     0.00000     0.00000
    -28.395         0.00000     0.00000     0.00000     0.00000
    -28.245         0.00000     0.00000     0.00000     0.00000
    -28.095         0.00000     0.00000     0.00000     0.00000
    -27.945         0.00000     0.00000     0.00000     0.00000
    -27.795         0.00000     0.00000     0.00000     0.00000
    -27.645         0.00000     0.00000     0.00000     0.00000
    -27.495         0.00000     0.00000     0.00000     0.00000
    -27.345         0.00000     0.00000     0.00000     0.00000
    -27.195         0.00000     0.00000     0.00000     0.00000
    -27.045         0.00000     0.00000     0.00000     0.00000
    -26.895         0.00000     0.00000     0.00000     0.00000
    -26.745         0.00000     0.00000     0.00000     0.00000
    -26.595         0.00000     0.00000     0.00000     0.00000
    -26.445         0.00000     0.00000     0.00000     0.00000
    -26.295         0.00000     0.00000     0.00000     0.00000
    -26.145         0.00000     0.00000     0.00000     0.00000
    -25.995         0.00000     0.00000     0.00000     0.00000
    -25.845         0.00000     0.00000     0.00000     0.00000
    -25.695         0.00000     0.00000     0.00000     0.00000
    -25.545         0.00000     0.00000     0.00000     0.00000
    -25.395         0.00000     0.00000     0.00000     0.00000
    -25.245         0.00000     0.00000     0.00000     0.00000
    -25.095         0.00000     0.00000     0.00000     0.00000
    -24.945         0.00000     0.00000     0.00000     0.00000
    -24.795         0.00000     0.00000     0.00000     0.00000
    -24.645         0.00000     0.00000     0.00000     0.00000
    -24.495         0.00000     0.00000     0.00000     0.00000
    -24.345         0.00000     0.00000     0.00000     0.00000
    -24.195         0.00000     0.00000     0.00000     0.00000
    -24.045         0.00000     0.00000     0.00000     0.00000
    -23.895         0.00000     0.00000     0.00000     0.00000
    -23.745         0.00000     0.00000     0.00000     0.00000
    -23.595         0.00000     0.00000     0.00000     0.00000
    -23.445         0.00000     0.00000     0.00000     0.00000
    -23.295         0.00000     0.00000     0.00000     0.00000
    -23.145         0.00000     0.00000     0.00000     0.00000
    -22.995         0.00000     0.00000     0.00000     0.00000
    -22.845         0.00000     0.00000     0.00000     0.00000
    -22.695         0.00000     0.00000     0.00000     0.00000
    -22.545         0.00000     0.00000     0.00000     0.00000
    -22.395         0.00000     0.00000     0.00000     0.00000
    -22.245         0.00000     0.00000     0.00000     0.00000
    -22.095         0.00000     0.00000     0.00000     0.00000
    -21.945         0.00000     0.00000     0.00000     0.00000
    -21.795         0.00000     0.00000     0.00000     0.00000
    -21.645         0.00000     0.00000     0.00000     0.00000
    -21.495         0.00000     0.00000     0.00000     0.00000
    -21.345         0.00000     0.00000     0.00000     0.00000
    -21.195        -0.00000     0.00000    -0.00000     0.00000
    -21.045        -0.00017     0.00000    -0.00017     0.00000
    -20.895        -0.00026     0.00000    -0.00026     0.00000
    -20.745        -0.00064     0.00000    -0.00064     0.00000
    -20.595        -0.00111     0.00000    -0.00111     0.00000
    -20.445        -0.00149     0.00000    -0.00149     0.00000
    -20.295        -0.00272     0.00000    -0.00272     0.00000
    -20.145        -0.00432     0.00000    -0.00432     0.00000
    -19.995        -0.00641     0.00000    -0.00641     0.00000
    -19.845        -0.00982     0.00000    -0.00982     0.00000
    -19.695        -0.01352     0.00000    -0.01352     0.00000
    -19.545        -0.01732     0.00000    -0.01732     0.00000
    -19.395        -0.02197     0.00000    -0.02197     0.00000
    -19.245        -0.02732     0.00000    -0.02732     0.00000
    -19.095        -0.03303     0.00000    -0.03303     0.00000
    -18.945        -0.03677     0.00000    -0.03677     0.00000
    -18.795        -0.04068     0.00000    -0.04068     0.00000
    -18.645        -0.04504     0.00000    -0.04504     0.00000
    -18.495        -0.05049     0.00000    -0.05049     0.00000
    -18.345        -0.05489     0.00000    -0.05489     0.00000
    -18.195        -0.05926     0.00000    -0.05926     0.00000
    -18.045        -0.06370     0.00000    -0.06370     0.00000
    -17.895        -0.06644     0.00000    -0.06644     0.00000
    -17.745        -0.07052     0.00000    -0.07052     0.00000
    -17.595        -0.07387     0.00000    -0.07387     0.00000
    -17.445        -0.07849     0.00000    -0.07849     0.00000
    -17.295        -0.08241     0.00000    -0.08241     0.00000
    -17.145        -0.08567     0.00000    -0.08567     0.00000
    -16.995        -0.08837     0.00000    -0.08837     0.00000
    -16.845        -0.09118     0.00000    -0.09118     0.00000
    -16.695        -0.09384     0.00000    -0.09384     0.00000
    -16.545        -0.09576     0.00000    -0.09576     0.00000
    -16.395        -0.09810     0.00000    -0.09810     0.00000
    -16.245        -0.09973     0.00000    -0.09973     0.00000
    -16.095        -0.10211    -0.00006    -0.10205     0.00000
    -15.945        -0.10374    -0.00006    -0.10368     0.00000
    -15.795        -0.10598    -0.00056    -0.10542     0.00000
    -15.645        -0.10836    -0.00128    -0.10708     0.00000
    -15.495        -0.11169    -0.00302    -0.10867     0.00000
    -15.345        -0.11485    -0.00514    -0.10970     0.00000
    -15.195        -0.12151    -0.01044    -0.11107     0.00000
    -15.045        -0.12842    -0.01605    -0.11238     0.00000
    -14.895        -0.13968    -0.02587    -0.11381     0.00000
    -14.745        -0.15153    -0.03644    -0.11509     0.00000
    -14.595        -0.16613    -0.04967    -0.11646     0.00000
    -14.445        -0.17965    -0.06195    -0.11769     0.00000
    -14.295        -0.19449    -0.07569    -0.11880     0.00000
    -14.145        -0.20760    -0.08746    -0.12015     0.00000
    -13.995        -0.22351    -0.10247    -0.12104     0.00000
    -13.845        -0.23891    -0.11698    -0.12193     0.00000
    -13.695        -0.25609    -0.13346    -0.12263     0.00000
    -13.545        -0.27149    -0.14842    -0.12308     0.00000
    -13.395        -0.28737    -0.16345    -0.12391     0.00000
    -13.245        -0.30204    -0.17755    -0.12449     0.00000
    -13.095        -0.31603    -0.19102    -0.12501     0.00000
    -12.945        -0.33109    -0.20515    -0.12594     0.00000
    -12.795        -0.34301    -0.21660    -0.12640     0.00000
    -12.645        -0.35606    -0.22871    -0.12735     0.00000
    -12.495        -0.36895    -0.24106    -0.12789     0.00000
    -12.345        -0.38047    -0.25198    -0.12849     0.00000
    -12.195        -0.39240    -0.26329    -0.12910     0.00000
    -12.045        -0.40420    -0.27458    -0.12961     0.00000
    -11.895        -0.41589    -0.28563    -0.13026     0.00000
    -11.745        -0.42692    -0.29594    -0.13098     0.00000
    -11.595        -0.43711    -0.30572    -0.13139     0.00000
    -11.445        -0.44804    -0.31550    -0.13254     0.00000
    -11.295        -0.45763    -0.32487    -0.13276     0.00000
    -11.145        -0.46763    -0.33375    -0.13388     0.00000
    -10.995        -0.47744    -0.34303    -0.13441     0.00000
    -10.845        -0.48705    -0.35212    -0.13493     0.00000
    -10.695        -0.49653    -0.36115    -0.13538     0.00000
    -10.545        -0.50701    -0.37107    -0.13593     0.00000
    -10.395        -0.51560    -0.37887    -0.13672     0.00000
    -10.245        -0.52471    -0.38791    -0.13680     0.00000
    -10.095        -0.53350    -0.39579    -0.13771     0.00000
    -9.9450        -0.54149    -0.40353    -0.13796     0.00000
    -9.7950        -0.54881    -0.41043    -0.13838     0.00000
    -9.6450        -0.55758    -0.41878    -0.13880     0.00000
    -9.4950        -0.56665    -0.42699    -0.13966     0.00000
    -9.3450        -0.57461    -0.43410    -0.14052     0.00000
    -9.1950        -0.58299    -0.44178    -0.14121     0.00000
    -9.0450        -0.59159    -0.44953    -0.14207     0.00000
    -8.8950        -0.59981    -0.45680    -0.14301     0.00000
    -8.7450        -0.60870    -0.46416    -0.14454     0.00000
    -8.5950        -0.61774    -0.47184    -0.14590     0.00000
    -8.4450        -0.62580    -0.47894    -0.14686     0.00000
    -8.2950        -0.63536    -0.48677    -0.14859     0.00000
    -8.1450        -0.64498    -0.49427    -0.15071     0.00000
    -7.9950        -0.65534    -0.50257    -0.15277     0.00000
    -7.8450        -0.66506    -0.51027    -0.15478     0.00000
    -7.6950        -0.67630    -0.51856    -0.15774     0.00000
    -7.5450        -0.68748    -0.52669    -0.16079     0.00000
    -7.3950        -0.69899    -0.53464    -0.16435     0.00000
    -7.2450        -0.71087    -0.54282    -0.16805     0.00000
    -7.0950        -0.72431    -0.55162    -0.17268     0.00000
    -6.9450        -0.73808    -0.56046    -0.17760    -0.00003
    -6.7950        -0.75234    -0.56952    -0.18197    -0.00085
    -6.6450        -0.77129    -0.57841    -0.18763    -0.00525
    -6.4950        -0.80043    -0.58793    -0.19402    -0.01847
    -6.3450        -0.84213    -0.59872    -0.20023    -0.04318
    -6.1950        -0.89739    -0.60988    -0.20740    -0.08012
    -6.0450        -0.96530    -0.62124    -0.21612    -0.12793
    -5.8950        -1.04807    -0.63277    -0.22480    -0.19050
    -5.7450        -1.15187    -0.64620    -0.23459    -0.27108
    -5.5950        -1.28052    -0.65973    -0.24499    -0.37580
    -5.4450        -1.43950    -0.67457    -0.25600    -0.50893
    -5.2950        -1.62594    -0.69079    -0.26706    -0.66809
    -5.1450        -1.83554    -0.70829    -0.28014    -0.84710
    -4.9950        -2.06545    -0.72601    -0.29344    -1.04600
    -4.8450        -2.30367    -0.74499    -0.30763    -1.25105
    -4.6950        -2.54759    -0.76409    -0.32279    -1.46070
    -4.5450        -2.80043    -0.78586    -0.33909    -1.67549
    -4.3950        -3.04894    -0.80797    -0.35604    -1.88493
    -4.2450        -3.29662    -0.83033    -0.37363    -2.09266
    -4.0950        -3.53891    -0.85343    -0.39329    -2.29218
    -3.9450        -3.78182    -0.87783    -0.41356    -2.49044
    -3.7950        -4.02123    -0.90383    -0.43550    -2.68190
    -3.6450        -4.25510    -0.93059    -0.45891    -2.86560
    -3.4950        -4.49025    -0.95972    -0.48401    -3.04651
    -3.3450        -4.72440    -0.99044    -0.51171    -3.22224
    -3.1950        -4.96129    -1.02299    -0.54195    -3.39634
    -3.0450        -5.19765    -1.05756    -0.57281    -3.56728
    -2.8950        -5.43948    -1.09530    -0.60634    -3.73784
    -2.7450        -5.68872    -1.13620    -0.64383    -3.90869
    -2.5950        -5.95049    -1.18028    -0.68478    -4.08543
    -2.4450        -6.22596    -1.22898    -0.72965    -4.26733
    -2.2950        -6.51800    -1.28150    -0.77831    -4.45819
    -2.1450        -6.83806    -1.34030    -0.83440    -4.66336
    -1.9950        -7.19402    -1.40670    -0.89821    -4.88911
    -1.8450        -7.59036    -1.47955    -0.96979    -5.14103
    -1.6950        -8.04700    -1.56264    -1.05204    -5.43232
    -1.5450        -8.57984    -1.65899    -1.14728    -5.77357
    -1.3950        -9.22031    -1.76994    -1.25679    -6.19358
    -1.2450       -10.01932    -1.90337    -1.38775    -6.72820
    -1.0950       -11.00954    -2.06415    -1.54535    -7.40004
   -0.94500       -12.21410    -2.26198    -1.74109    -8.21103
   -0.79500       -13.66782    -2.51533    -1.99381    -9.15868
   -0.64500       -15.43274    -2.85362    -2.33366   -10.24546
   -0.49500       -17.70895    -3.34485    -2.82826   -11.53584
   -0.34500       -21.08404    -4.13967    -3.64854   -13.29584
   -0.22700       -22.65738    -4.52311    -4.05027   -14.08400
   -0.21300       -22.86776    -4.57471    -4.10492   -14.18813
   -0.20700       -23.08398    -4.62781    -4.16070   -14.29547
   -0.20100       -23.30770    -4.68299    -4.21886   -14.40585
   -0.19500       -23.53759    -4.73984    -4.27912   -14.51864
   -0.18900       -23.77502    -4.79831    -4.34098   -14.63573
   -0.18300       -24.01950    -4.85885    -4.40476   -14.75589
   -0.17700       -24.27208    -4.92153    -4.47097   -14.87958
   -0.17100       -24.53279    -4.98593    -4.53959   -15.00727
   -0.16500       -24.80300    -5.05280    -4.61083   -15.13937
   -0.15900       -25.08229    -5.12185    -4.68415   -15.27629
   -0.15300       -25.37199    -5.19339    -4.76017   -15.41844
   -0.14700       -25.67247    -5.26730    -4.83910   -15.56607
   -0.14100       -25.98419    -5.34428    -4.92070   -15.71920
   -0.13500       -26.30982    -5.42438    -5.00596   -15.87947
   -0.12900       -26.64777    -5.50725    -5.09434   -16.04618
   -0.12300       -26.99956    -5.59318    -5.18649   -16.21989
   -0.11700       -27.36767    -5.68280    -5.28243   -16.40244
   -0.11100       -27.75159    -5.77598    -5.38232   -16.59329
   -0.10500       -28.15567    -5.87328    -5.48713   -16.79526
   -0.99000E-01   -28.58004    -5.97494    -5.59684   -17.00826
   -0.93000E-01   -29.02702    -6.08097    -5.71194   -17.23412
   -0.87000E-01   -29.49927    -6.19212    -5.83302   -17.47413
   -0.81000E-01   -30.00036    -6.30862    -5.96080   -17.73095
   -0.75000E-01   -30.53434    -6.43083    -6.09618   -18.00733
   -0.69000E-01   -31.10633    -6.55974    -6.24042   -18.30618
   -0.63000E-01   -31.72536    -6.69677    -6.39596   -18.63262
   -0.57000E-01   -32.40351    -6.84428    -6.56752   -18.99171
   -0.51000E-01   -33.15812    -7.00646    -6.75922   -19.39244
   -0.45000E-01   -33.99508    -7.18475    -6.96521   -19.84513
   -0.39000E-01   -34.91399    -7.37109    -7.17572   -20.36718
   -0.33000E-01   -35.92209    -7.55583    -7.38196   -20.98430
   -0.27000E-01   -37.04792    -7.73034    -7.57580   -21.74178
   -0.21300E-01   -37.90888    -7.83871    -7.69475   -22.37541
   -0.19500E-01   -38.04347    -7.85368    -7.71088   -22.47892
   -0.18900E-01   -38.18060    -7.86832    -7.72656   -22.58572
   -0.18300E-01   -38.32057    -7.88269    -7.74184   -22.69604
   -0.17700E-01   -38.46365    -7.89674    -7.75678   -22.81013
   -0.17100E-01   -38.61003    -7.91044    -7.77129   -22.92831
   -0.16500E-01   -38.76005    -7.92382    -7.78537   -23.05086
   -0.15900E-01   -38.91381    -7.93682    -7.79899   -23.17800
   -0.15300E-01   -39.07169    -7.94935    -7.81220   -23.31014
   -0.14700E-01   -39.23419    -7.96153    -7.82491   -23.44775
   -0.14100E-01   -39.40195    -7.97332    -7.83719   -23.59144
   -0.13500E-01   -39.57508    -7.98464    -7.84899   -23.74146
   -0.12900E-01   -39.75445    -7.99554    -7.86030   -23.89860
   -0.12300E-01   -39.94076    -8.00601    -7.87114   -24.06360
   -0.11700E-01   -40.13469    -8.01600    -7.88148   -24.23721
   -0.11100E-01   -40.33740    -8.02554    -7.89131   -24.42054
   -0.10500E-01   -40.55001    -8.03464    -7.90068   -24.61470
   -0.99000E-02   -40.77395    -8.04325    -7.90952   -24.82118
   -0.93000E-02   -41.01085    -8.05138    -7.91783   -25.04165
   -0.87000E-02   -41.26302    -8.05901    -7.92565   -25.27836
   -0.81000E-02   -41.53330    -8.06613    -7.93294   -25.53423
   -0.75000E-02   -41.82591    -8.07275    -7.93969   -25.81347
   -0.69000E-02   -42.14597    -8.07889    -7.94591   -26.12117
   -0.63000E-02   -42.49965    -8.08450    -7.95162   -26.46353
   -0.57000E-02   -42.89362    -8.08959    -7.95679   -26.84723
   -0.51000E-02   -43.33504    -8.09416    -7.96140   -27.27947
   -0.45000E-02   -43.83235    -8.09819    -7.96549   -27.76867
   -0.39000E-02   -44.39442    -8.10169    -7.96904   -28.32369
   -0.33000E-02   -45.03199    -8.10467    -7.97204   -28.95528
   -0.27000E-02   -45.75893    -8.10710    -7.97449   -29.67734
   -0.21000E-02   -46.59699    -8.10900    -7.97640   -30.51159
   -0.15000E-02   -47.58493    -8.11037    -7.97777   -31.49680
   -0.90000E-03   -48.57786    -8.11118    -7.97859   -32.48809
   -0.30000E-03   -49.00266    -8.11146    -7.97886   -32.91234
    0.30000E-03   -48.57856    -8.11119    -7.97860   -32.48877
    0.90000E-03   -47.58613    -8.11037    -7.97778   -31.49797
    0.15000E-02   -46.59842    -8.10901    -7.97642   -30.51298
    0.21000E-02   -45.76057    -8.10711    -7.97453   -29.67893
    0.27000E-02   -45.03381    -8.10465    -7.97210   -28.95706
    0.33000E-02   -44.39633    -8.10166    -7.96914   -28.32553
    0.39000E-02   -43.83439    -8.09811    -7.96563   -27.77065
    0.45000E-02   -43.33746    -8.09402    -7.96159   -27.28185
    0.51000E-02   -42.89624    -8.08941    -7.95703   -26.84979
    0.57000E-02   -42.50264    -8.08426    -7.95196   -26.46643
    0.63000E-02   -42.14929    -8.07856    -7.94638   -26.12436
    0.69000E-02   -41.82949    -8.07236    -7.94027   -25.81686
    0.75000E-02   -41.53735    -8.06559    -7.93367   -25.53809
    0.81000E-02   -41.26728    -8.05832    -7.92654   -25.28242
    0.87000E-02   -41.01548    -8.05052    -7.91893   -25.04603
    0.93000E-02   -40.77913    -8.04219    -7.91084   -24.82610
    0.99000E-02   -40.55562    -8.03336    -7.90223   -24.62002
    0.10500E-01   -40.34337    -8.02399    -7.89316   -24.42622
    0.11100E-01   -40.14094    -8.01413    -7.88362   -24.24319
    0.11700E-01   -39.94735    -8.00375    -7.87363   -24.06997
    0.12300E-01   -39.76138    -7.99289    -7.86317   -23.90533
    0.12900E-01   -39.58223    -7.98155    -7.85226   -23.74842
    0.13500E-01   -39.40941    -7.96975    -7.84093   -23.59872
    0.14100E-01   -39.24203    -7.95748    -7.82919   -23.45537
    0.14700E-01   -39.07996    -7.94475    -7.81703   -23.31818
    0.15300E-01   -38.92240    -7.93155    -7.80446   -23.18639
    0.15900E-01   -38.76898    -7.91787    -7.79151   -23.05961
    0.16500E-01   -38.61934    -7.90378    -7.77817   -22.93739
    0.17100E-01   -38.47339    -7.88928    -7.76445   -22.81967
    0.17700E-01   -38.33059    -7.87436    -7.75044   -22.70579
    0.18300E-01   -38.19083    -7.85902    -7.73614   -22.59567
    0.18900E-01   -38.05403    -7.84327    -7.72145   -22.48931
    0.19500E-01   -37.91971    -7.82713    -7.70653   -22.38605
    0.21300E-01   -37.06133    -7.70815    -7.59814   -21.75505
    0.27000E-01   -35.93829    -7.51369    -7.42365   -21.00095
    0.33000E-01   -34.93265    -7.30713    -7.23887   -20.38665
    0.39000E-01   -34.01771    -7.09649    -7.05270   -19.86852
    0.45000E-01   -33.18610    -6.89035    -6.87454   -19.42121
    0.51000E-01   -32.43919    -6.69877    -6.71263   -19.02780
    0.57000E-01   -31.76998    -6.52727    -6.56549   -18.67721
    0.63000E-01   -31.16255    -6.37242    -6.42838   -18.36175
    0.69000E-01   -30.60209    -6.22831    -6.29917   -18.07461
    0.75000E-01   -30.08080    -6.09306    -6.17659   -17.81115
    0.81000E-01   -29.59349    -5.96543    -6.06024   -17.56782
    0.87000E-01   -29.13610    -5.84459    -5.94911   -17.34241
    0.93000E-01   -28.70564    -5.72981    -5.84323   -17.13260
    0.99000E-01   -28.29899    -5.62051    -5.74169   -16.93679
    0.10500       -27.91227    -5.51591    -5.64430   -16.75207
    0.11100       -27.54476    -5.41577    -5.55108   -16.57791
    0.11700       -27.19435    -5.31984    -5.46135   -16.41316
    0.12300       -26.86077    -5.22791    -5.37521   -16.25764
    0.12900       -26.54054    -5.13946    -5.29202   -16.10905
    0.13500       -26.23503    -5.05462    -5.21240   -15.96801
    0.14100       -25.94129    -4.97307    -5.13532   -15.83290
    0.14700       -25.65874    -4.89437    -5.06107   -15.70330
    0.15300       -25.38752    -4.81866    -4.98949   -15.57937
    0.15900       -25.12648    -4.74570    -4.92006   -15.46072
    0.16500       -24.87444    -4.67512    -4.85279   -15.34653
    0.17100       -24.63220    -4.60748    -4.78793   -15.23678
    0.17700       -24.39873    -4.54198    -4.72542   -15.13133
    0.18300       -24.17270    -4.47852    -4.66439   -15.02978
    0.18900       -23.95405    -4.41719    -4.60547   -14.93140
    0.19500       -23.74220    -4.35764    -4.54824   -14.83632
    0.20100       -23.53756    -4.30034    -4.49286   -14.74435
    0.20700       -23.33903    -4.24445    -4.43913   -14.65545
    0.21300       -23.14643    -4.19050    -4.38668   -14.56926
    0.22700       -21.73064    -3.79217    -4.00058   -13.93790
    0.34500       -18.82863    -2.97804    -3.20276   -12.64783
    0.49500       -17.04168    -2.48045    -2.71574   -11.84548
    0.64500       -15.77752    -2.13787    -2.37940   -11.26026
    0.79500       -14.81185    -1.88550    -2.13001   -10.79633
    0.94500       -14.03743    -1.68906    -1.93369   -10.41468
     1.0950       -13.40090    -1.53203    -1.77573   -10.09314
     1.2450       -12.86666    -1.40271    -1.64527    -9.81868
     1.3950       -12.40941    -1.29501    -1.53401    -9.58038
     1.5450       -12.01414    -1.20349    -1.43869    -9.37196
     1.6950       -11.66470    -1.12314    -1.35566    -9.18590
     1.8450       -11.35428    -1.05334    -1.28241    -9.01852
     1.9950       -11.07541    -0.99050    -1.21801    -8.86690
     2.1450       -10.82589    -0.93510    -1.15991    -8.73088
     2.2950       -10.60037    -0.88521    -1.10754    -8.60762
     2.4450       -10.39861    -0.84147    -1.06052    -8.49662
     2.5950       -10.21466    -0.80087    -1.01712    -8.39666
     2.7450       -10.04653    -0.76413    -0.97715    -8.30525
     2.8950        -9.89518    -0.73008    -0.94067    -8.22443
     3.0450        -9.75739    -0.70012    -0.90765    -8.14962
     3.1950        -9.62989    -0.67281    -0.87691    -8.08017
     3.3450        -9.51765    -0.64785    -0.84891    -8.02089
     3.4950        -9.41313    -0.62613    -0.82329    -7.96372
     3.6450        -9.31759    -0.60512    -0.79988    -7.91258
     3.7950        -9.23068    -0.58640    -0.77767    -7.86661
     3.9450        -9.15051    -0.56878    -0.75704    -7.82469
     4.0950        -9.07612    -0.55241    -0.73815    -7.78556
     4.2450        -9.00514    -0.53713    -0.71946    -7.74855
     4.3950        -8.94270    -0.52423    -0.70253    -7.71594
     4.5450        -8.88276    -0.51199    -0.68630    -7.68447
     4.6950        -8.82615    -0.50077    -0.67070    -7.65467
     4.8450        -8.77212    -0.48957    -0.65589    -7.62665
     4.9950        -8.72336    -0.48101    -0.64212    -7.60024
     5.1450        -8.67600    -0.47280    -0.62854    -7.57466
     5.2950        -8.63234    -0.46461    -0.61621    -7.55152
     5.4450        -8.58899    -0.45654    -0.60339    -7.52906
     5.5950        -8.54898    -0.44952    -0.59218    -7.50728
     5.7450        -8.51115    -0.44420    -0.58098    -7.48597
     5.8950        -8.47484    -0.43893    -0.57074    -7.46517
     6.0450        -8.43976    -0.43378    -0.56021    -7.44577
     6.1950        -8.40581    -0.42869    -0.55019    -7.42693
     6.3450        -8.37447    -0.42527    -0.54062    -7.40858
     6.4950        -8.34498    -0.42185    -0.53255    -7.39058
     6.6450        -8.31589    -0.41808    -0.52460    -7.37321
     6.7950        -8.28887    -0.41503    -0.51750    -7.35634
     6.9450        -8.26270    -0.41227    -0.51067    -7.33977
     7.0950        -8.23814    -0.41005    -0.50439    -7.32369
     7.2450        -8.21433    -0.40743    -0.49897    -7.30793
     7.3950        -8.19194    -0.40535    -0.49390    -7.29269
     7.5450        -8.17111    -0.40360    -0.48971    -7.27781
     7.6950        -8.15038    -0.40162    -0.48549    -7.26327
     7.8450        -8.13091    -0.39957    -0.48227    -7.24906
     7.9950        -8.11361    -0.39852    -0.47999    -7.23511
     8.1450        -8.09699    -0.39772    -0.47781    -7.22147
     8.2950        -8.08060    -0.39671    -0.47580    -7.20809
     8.4450        -8.06469    -0.39595    -0.47374    -7.19500
     8.5950        -8.05015    -0.39543    -0.47256    -7.18216
     8.7450        -8.03593    -0.39494    -0.47140    -7.16959
     8.8950        -8.02171    -0.39446    -0.46998    -7.15727
     9.0450        -8.00722    -0.39377    -0.46832    -7.14514
     9.1950        -7.99394    -0.39333    -0.46736    -7.13325
     9.3450        -7.98074    -0.39291    -0.46626    -7.12157
     9.4950        -7.96819    -0.39249    -0.46559    -7.11011
     9.6450        -7.95560    -0.39210    -0.46467    -7.09883
     9.7950        -7.94380    -0.39172    -0.46432    -7.08776
     9.9450        -7.93222    -0.39135    -0.46398    -7.07690
     10.095        -7.92056    -0.39073    -0.46365    -7.06618
     10.245        -7.90908    -0.39039    -0.46304    -7.05566
     10.395        -7.89808    -0.39006    -0.46274    -7.04529
     10.545        -7.88723    -0.38973    -0.46244    -7.03505
     10.695        -7.87659    -0.38942    -0.46216    -7.02500
     10.845        -7.86610    -0.38912    -0.46189    -7.01509
     10.995        -7.85578    -0.38881    -0.46162    -7.00535
     11.145        -7.84562    -0.38852    -0.46137    -6.99573
     11.295        -7.83565    -0.38825    -0.46113    -6.98627
     11.445        -7.82584    -0.38798    -0.46090    -6.97696
     11.595        -7.81615    -0.38772    -0.46066    -6.96778
     11.745        -7.80661    -0.38746    -0.46044    -6.95871
     11.895        -7.79722    -0.38721    -0.46023    -6.94979
     12.045        -7.78797    -0.38695    -0.46002    -6.94099
     12.195        -7.77885    -0.38670    -0.45982    -6.93233
     12.345        -7.76986    -0.38647    -0.45962    -6.92377
     12.495        -7.76098    -0.38624    -0.45942    -6.91532
     12.645        -7.75223    -0.38601    -0.45923    -6.90698
     12.795        -7.74356    -0.38579    -0.45904    -6.89872
     12.945        -7.73508    -0.38558    -0.45887    -6.89063
     13.095        -7.72667    -0.38537    -0.45869    -6.88261
     13.245        -7.71836    -0.38516    -0.45852    -6.87469
     13.395        -7.71014    -0.38496    -0.45835    -6.86684
     13.545        -7.70204    -0.38476    -0.45819    -6.85909
     13.695        -7.69407    -0.38457    -0.45802    -6.85148
     13.845        -7.68620    -0.38439    -0.45787    -6.84394
     13.995        -7.67838    -0.38420    -0.45772    -6.83646
     14.145        -7.67071    -0.38401    -0.45758    -6.82912
     14.295        -7.66310    -0.38383    -0.45743    -6.82183
     14.445        -7.65557    -0.38366    -0.45730    -6.81462
     14.595        -7.64816    -0.38349    -0.45716    -6.80751
     14.745        -7.64084    -0.38332    -0.45703    -6.80050
     14.895        -7.63355    -0.38315    -0.45689    -6.79350
     15.045        -7.62638    -0.38299    -0.45677    -6.78662
     15.195        -7.61929    -0.38282    -0.45665    -6.77982
     15.345        -7.61225    -0.38266    -0.45653    -6.77306
     15.495        -7.60530    -0.38250    -0.45640    -6.76639
     15.645        -7.59846    -0.38235    -0.45629    -6.75981
     15.795        -7.59168    -0.38220    -0.45617    -6.75330
     15.945        -7.58496    -0.38206    -0.45606    -6.74684
     16.095        -7.57832    -0.38192    -0.45595    -6.74046
     16.245        -7.57176    -0.38177    -0.45584    -6.73415
     16.395        -7.56526    -0.38163    -0.45573    -6.72791
     16.545        -7.55883    -0.38149    -0.45563    -6.72171
     16.695        -7.55246    -0.38135    -0.45553    -6.71559
     16.845        -7.54613    -0.38121    -0.45543    -6.70949
     16.995        -7.53988    -0.38108    -0.45532    -6.70347
     17.145        -7.53369    -0.38095    -0.45523    -6.69751
     17.295        -7.52756    -0.38082    -0.45513    -6.69161
     17.445        -7.52148    -0.38069    -0.45503    -6.68576
     17.595        -7.51548    -0.38057    -0.45494    -6.67998
     17.745        -7.50957    -0.38045    -0.45485    -6.67427
     17.895        -7.50369    -0.38033    -0.45476    -6.66860
     18.045        -7.49785    -0.38021    -0.45468    -6.66296
     18.195        -7.49208    -0.38009    -0.45459    -6.65740
     18.345        -7.48634    -0.37997    -0.45451    -6.65186
     18.495        -7.48067    -0.37985    -0.45443    -6.64639
     18.645        -7.47506    -0.37974    -0.45434    -6.64098
     18.795        -7.46951    -0.37963    -0.45426    -6.63562
     18.945        -7.46399    -0.37952    -0.45417    -6.63029
     19.095        -7.45852    -0.37941    -0.45410    -6.62501
     19.245        -7.45308    -0.37930    -0.45402    -6.61976
     19.395        -7.44771    -0.37919    -0.45394    -6.61457
     19.545        -7.44236    -0.37909    -0.45387    -6.60940
     19.695        -7.43707    -0.37899    -0.45379    -6.60429
     19.845        -7.43183    -0.37888    -0.45372    -6.59923
     19.995        -7.42664    -0.37878    -0.45365    -6.59421
     20.145        -7.42149    -0.37868    -0.45358    -6.58924
     20.295        -7.41639    -0.37858    -0.45350    -6.58431
     20.445        -7.41134    -0.37848    -0.45343    -6.57943
     20.595        -7.40632    -0.37838    -0.45337    -6.57457
     20.745        -7.40134    -0.37828    -0.45330    -6.56975
     20.895        -7.39641    -0.37819    -0.45323    -6.56499
     21.045        -7.39153    -0.37809    -0.45317    -6.56026
     21.195        -7.38666    -0.37800    -0.45310    -6.55556
     21.345        -7.38185    -0.37790    -0.45303    -6.55091
     21.495        -7.37706    -0.37781    -0.45297    -6.54628
     21.645        -7.37232    -0.37773    -0.45291    -6.54169
     21.795        -7.36762    -0.37764    -0.45285    -6.53714
     21.945        -7.36297    -0.37755    -0.45279    -6.53263
     22.095        -7.35832    -0.37747    -0.45273    -6.52813
     22.245        -7.35373    -0.37738    -0.45268    -6.52368
     22.395        -7.34916    -0.37729    -0.45262    -6.51925
     22.545        -7.34463    -0.37721    -0.45256    -6.51486
     22.695        -7.34012    -0.37712    -0.45250    -6.51049
     22.845        -7.33564    -0.37704    -0.45245    -6.50615
     22.995        -7.33120    -0.37696    -0.45239    -6.50185
     23.145        -7.32681    -0.37688    -0.45234    -6.49759
     23.295        -7.32242    -0.37680    -0.45229    -6.49333
     23.445        -7.31809    -0.37672    -0.45224    -6.48913
     23.595        -7.31377    -0.37664    -0.45218    -6.48495
     23.745        -7.30948    -0.37656    -0.45213    -6.48079
     23.895        -7.30521    -0.37648    -0.45208    -6.47665
     24.045        -7.30098    -0.37640    -0.45203    -6.47254
     24.195        -7.29679    -0.37633    -0.45198    -6.46848
     24.345        -7.29262    -0.37625    -0.45192    -6.46444
     24.495        -7.28850    -0.37618    -0.45187    -6.46044
     24.645        -7.28440    -0.37610    -0.45182    -6.45648
     24.795        -7.28031    -0.37603    -0.45177    -6.45251
     24.945        -7.27627    -0.37596    -0.45172    -6.44859
     25.095        -7.27226    -0.37589    -0.45168    -6.44469
     25.245        -7.26828    -0.37582    -0.45163    -6.44083
     25.395        -7.26431    -0.37575    -0.45158    -6.43698
     25.545        -7.26038    -0.37568    -0.45154    -6.43317
     25.695        -7.25647    -0.37561    -0.45149    -6.42937
     25.845        -7.25256    -0.37554    -0.45144    -6.42558
     25.995        -7.24872    -0.37547    -0.45139    -6.42185
     26.145        -7.24488    -0.37540    -0.45134    -6.41814
     26.295        -7.24106    -0.37534    -0.45129    -6.41443
     26.445        -7.23727    -0.37527    -0.45125    -6.41076
     26.595        -7.23349    -0.37520    -0.45120    -6.40709
     26.745        -7.22973    -0.37513    -0.45116    -6.40344
     26.895        -7.22600    -0.37507    -0.45112    -6.39982
     27.045        -7.22227    -0.37500    -0.45107    -6.39620
     27.195        -7.21860    -0.37493    -0.45103    -6.39264
     27.345        -7.21495    -0.37487    -0.45098    -6.38910
     27.495        -7.21132    -0.37480    -0.45094    -6.38558
     27.645        -7.20771    -0.37474    -0.45090    -6.38207
     27.795        -7.20412    -0.37468    -0.45085    -6.37858
     27.945        -7.20057    -0.37462    -0.45081    -6.37514
     28.095        -7.19703    -0.37456    -0.45077    -6.37170
     28.245        -7.19352    -0.37449    -0.45073    -6.36829
     28.395        -7.19001    -0.37443    -0.45069    -6.36488
     28.545        -7.18651    -0.37437    -0.45065    -6.36148
     28.695        -7.18305    -0.37431    -0.45061    -6.35812
     28.845        -7.17960    -0.37425    -0.45057    -6.35478
     28.995        -7.17617    -0.37419    -0.45053    -6.35145
     29.145        -7.17276    -0.37413    -0.45049    -6.34813
     29.295        -7.16938    -0.37408    -0.45046    -6.34485
     29.445        -7.16603    -0.37402    -0.45043    -6.34159
     29.595        -7.16268    -0.37396    -0.45039    -6.33833
     29.745        -7.15936    -0.37390    -0.45035    -6.33510
     29.895        -7.15606    -0.37384    -0.45032    -6.33189
     30.045        -7.15276    -0.37378    -0.45028    -6.32870
     30.195        -7.14951    -0.37373    -0.45025    -6.32553
     30.345        -7.14626    -0.37367    -0.45022    -6.32238
     30.495        -7.14303    -0.37361    -0.45018    -6.31923
     30.645        -7.13982    -0.37356    -0.45015    -6.31611
     30.795        -7.13662    -0.37350    -0.45011    -6.31300
     30.945        -7.13345    -0.37345    -0.45008    -6.30993
     31.095        -7.13028    -0.37340    -0.45004    -6.30685
     31.245        -7.12716    -0.37335    -0.45000    -6.30381
     31.395        -7.12403    -0.37329    -0.44997    -6.30077
     31.545        -7.12093    -0.37324    -0.44993    -6.29776
     31.695        -7.11783    -0.37319    -0.44990    -6.29475
     31.845        -7.11474    -0.37313    -0.44987    -6.29174
     31.995        -7.11168    -0.37308    -0.44984    -6.28876
     32.145        -7.10861    -0.37303    -0.44981    -6.28578
     32.295        -7.10557    -0.37298    -0.44977    -6.28281
     32.445        -7.10255    -0.37293    -0.44974    -6.27988
     32.595        -7.09953    -0.37288    -0.44971    -6.27694
     32.745        -7.09655    -0.37282    -0.44967    -6.27405
     32.895        -7.09358    -0.37278    -0.44964    -6.27116
     33.045        -7.09062    -0.37272    -0.44961    -6.26829
     33.195        -7.08768    -0.37267    -0.44958    -6.26542
     33.345        -7.08475    -0.37262    -0.44955    -6.26257
     33.495        -7.08183    -0.37258    -0.44952    -6.25974
     33.645        -7.07893    -0.37253    -0.44949    -6.25691
     33.795        -7.07605    -0.37248    -0.44945    -6.25412
     33.945        -7.07320    -0.37243    -0.44942    -6.25135
     34.095        -7.07036    -0.37238    -0.44939    -6.24858
     34.245        -7.06753    -0.37233    -0.44937    -6.24583
     34.395        -7.06470    -0.37228    -0.44933    -6.24308
     34.545        -7.06190    -0.37224    -0.44931    -6.24036
     34.695        -7.05912    -0.37219    -0.44928    -6.23765
     34.845        -7.05634    -0.37214    -0.44925    -6.23494
     34.995        -7.05357    -0.37210    -0.44922    -6.23226
     35.145        -7.05081    -0.37205    -0.44919    -6.22957
     35.295        -7.04807    -0.37201    -0.44916    -6.22690
     35.445        -7.04534    -0.37196    -0.44913    -6.22425
     35.595        -7.04263    -0.37192    -0.44910    -6.22162
     35.745        -7.03993    -0.37188    -0.44907    -6.21898
     35.895        -7.03724    -0.37183    -0.44904    -6.21637
     36.045        -7.03456    -0.37178    -0.44901    -6.21377
     36.195        -7.03190    -0.37174    -0.44898    -6.21118
     36.345        -7.02924    -0.37169    -0.44895    -6.20859
     36.495        -7.02659    -0.37165    -0.44892    -6.20602
     36.645        -7.02396    -0.37160    -0.44889    -6.20346
     36.795        -7.02134    -0.37156    -0.44887    -6.20091
     36.945        -7.01874    -0.37151    -0.44884    -6.19839
     37.095        -7.01614    -0.37147    -0.44881    -6.19586
     37.245        -7.01356    -0.37143    -0.44878    -6.19335
     37.395        -7.01099    -0.37138    -0.44876    -6.19085
     37.545        -7.00842    -0.37134    -0.44873    -6.18835
     37.695        -7.00587    -0.37130    -0.44870    -6.18587
     37.845        -7.00333    -0.37126    -0.44867    -6.18340
     37.995        -7.00081    -0.37121    -0.44865    -6.18095
     38.145        -6.99829    -0.37117    -0.44862    -6.17849
     38.295        -6.99577    -0.37113    -0.44860    -6.17605
     38.445        -6.99328    -0.37109    -0.44857    -6.17362
     38.595        -6.99078    -0.37105    -0.44854    -6.17119
     38.745        -6.98831    -0.37100    -0.44852    -6.16879
     38.895        -6.98585    -0.37096    -0.44849    -6.16640
     39.045        -6.98339    -0.37092    -0.44846    -6.16401
     39.195        -6.98096    -0.37088    -0.44844    -6.16163
     39.345        -6.97852    -0.37084    -0.44842    -6.15926
     39.495        -6.97609    -0.37080    -0.44840    -6.15689
     39.645        -6.97368    -0.37076    -0.44837    -6.15455
     39.795        -6.97129    -0.37072    -0.44835    -6.15222
     39.945        -6.96888    -0.37068    -0.44832    -6.14988
     40.095        -6.96651    -0.37064    -0.44830    -6.14757
     40.245        -6.96415    -0.37060    -0.44827    -6.14528
     40.395        -6.96178    -0.37056    -0.44824    -6.14297
     40.545        -6.95944    -0.37052    -0.44822    -6.14069
     40.695        -6.95709    -0.37049    -0.44820    -6.13841
     40.845        -6.95476    -0.37045    -0.44817    -6.13614
     40.995        -6.95244    -0.37041    -0.44815    -6.13388
     41.145        -6.95013    -0.37037    -0.44812    -6.13164
     41.295        -6.94783    -0.37033    -0.44810    -6.12940
     41.445        -6.94556    -0.37029    -0.44808    -6.12719
     41.595        -6.94328    -0.37026    -0.44805    -6.12497
     41.745        -6.94102    -0.37022    -0.44803    -6.12277
     41.895        -6.93877    -0.37018    -0.44801    -6.12058
     42.045        -6.93651    -0.37015    -0.44799    -6.11838
     42.195        -6.93427    -0.37011    -0.44796    -6.11620
     42.345        -6.93202    -0.37007    -0.44794    -6.11400
     42.495        -6.92978    -0.37004    -0.44791    -6.11183
     42.645        -6.92754    -0.37000    -0.44789    -6.10965
     42.795        -6.92533    -0.36996    -0.44787    -6.10750
     42.945        -6.92312    -0.36993    -0.44785    -6.10535
     43.095        -6.92092    -0.36989    -0.44782    -6.10321
     43.245        -6.91873    -0.36986    -0.44780    -6.10108
     43.395        -6.91656    -0.36982    -0.44778    -6.09896
     43.545        -6.91439    -0.36979    -0.44776    -6.09685
     43.695        -6.91223    -0.36975    -0.44773    -6.09475
     43.845        -6.91007    -0.36972    -0.44771    -6.09264
     43.995        -6.90794    -0.36968    -0.44769    -6.09057
     44.145        -6.90580    -0.36965    -0.44767    -6.08848
     44.295        -6.90368    -0.36961    -0.44765    -6.08641
     44.445        -6.90155    -0.36958    -0.44763    -6.08434
     44.595        -6.89945    -0.36954    -0.44761    -6.08230
     44.745        -6.89736    -0.36951    -0.44758    -6.08027
     44.895        -6.89526    -0.36947    -0.44756    -6.07822
     45.045        -6.89316    -0.36944    -0.44754    -6.07618
     45.195        -6.89109    -0.36941    -0.44752    -6.07417
     45.345        -6.88901    -0.36937    -0.44750    -6.07214
     45.495        -6.88695    -0.36934    -0.44748    -6.07014
     45.645        -6.88489    -0.36930    -0.44746    -6.06813
     45.795        -6.88283    -0.36927    -0.44744    -6.06612
     45.945        -6.88079    -0.36924    -0.44742    -6.06414
     46.095        -6.87874    -0.36920    -0.44739    -6.06215
     46.245        -6.87671    -0.36917    -0.44737    -6.06017
     46.395        -6.87471    -0.36914    -0.44735    -6.05822
     46.545        -6.87269    -0.36910    -0.44733    -6.05625
     46.695        -6.87069    -0.36907    -0.44731    -6.05430
     46.845        -6.86870    -0.36904    -0.44729    -6.05236
     46.995        -6.86671    -0.36901    -0.44727    -6.05043
     47.145        -6.86473    -0.36898    -0.44725    -6.04850
     47.295        -6.86277    -0.36894    -0.44723    -6.04660
     47.445        -6.86080    -0.36891    -0.44721    -6.04468
     47.595        -6.85885    -0.36888    -0.44719    -6.04277
     47.745        -6.85688    -0.36885    -0.44717    -6.04086
     47.895        -6.85494    -0.36881    -0.44715    -6.03898
     48.045        -6.85300    -0.36878    -0.44713    -6.03708
     48.195        -6.85106    -0.36875    -0.44711    -6.03519
     48.345        -6.84914    -0.36872    -0.44709    -6.03333
     48.495        -6.84722    -0.36869    -0.44708    -6.03145
     48.645        -6.84530    -0.36866    -0.44706    -6.02959
     48.795        -6.84339    -0.36863    -0.44704    -6.02772
     48.945        -6.84150    -0.36860    -0.44702    -6.02588
     49.095        -6.83961    -0.36857    -0.44700    -6.02404
     49.245        -6.83773    -0.36853    -0.44699    -6.02221
     49.395        -6.83586    -0.36850    -0.44697    -6.02039
     49.545        -6.83398    -0.36847    -0.44695    -6.01856
     49.695        -6.83212    -0.36844    -0.44693    -6.01675
     49.845        -6.83027    -0.36841    -0.44691    -6.01494
     49.995        -6.82840    -0.36838    -0.44689    -6.01313
     50.145        -6.82656    -0.36836    -0.44687    -6.01133
     50.295        -6.82473    -0.36833    -0.44685    -6.00955
     50.445        -6.82289    -0.36830    -0.44684    -6.00776
     50.595        -6.82105    -0.36827    -0.44682    -6.00597
     50.745        -6.81924    -0.36824    -0.44680    -6.00420
     50.895        -6.81741    -0.36821    -0.44678    -6.00242
     51.045        -6.81557    -0.36818    -0.44676    -6.00063
     51.195        -6.81377    -0.36815    -0.44674    -5.99888
     51.345        -6.81196    -0.36812    -0.44673    -5.99712
     51.495        -6.81018    -0.36809    -0.44671    -5.99538
     51.645        -6.80838    -0.36806    -0.44669    -5.99364
     51.795        -6.80660    -0.36803    -0.44667    -5.99190
     51.945        -6.80481    -0.36800    -0.44665    -5.99015
     52.095        -6.80303    -0.36797    -0.44664    -5.98842
     52.245        -6.80127    -0.36795    -0.44662    -5.98671
     52.395        -6.79951    -0.36792    -0.44660    -5.98500
     52.545        -6.79777    -0.36789    -0.44658    -5.98330
     52.695        -6.79601    -0.36786    -0.44657    -5.98158
     52.845        -6.79425    -0.36783    -0.44655    -5.97987
     52.995        -6.79250    -0.36780    -0.44653    -5.97817
     53.145        -6.79077    -0.36777    -0.44651    -5.97649
     53.295        -6.78905    -0.36775    -0.44649    -5.97481
     53.445        -6.78733    -0.36772    -0.44647    -5.97314
     53.595        -6.78560    -0.36769    -0.44646    -5.97146
     53.745        -6.78390    -0.36766    -0.44644    -5.96980
     53.895        -6.78218    -0.36763    -0.44642    -5.96812
     54.045        -6.78048    -0.36761    -0.44641    -5.96647
     54.195        -6.77879    -0.36758    -0.44639    -5.96482
     54.345        -6.77709    -0.36755    -0.44638    -5.96316
     54.495        -6.77542    -0.36753    -0.44636    -5.96153
     54.645        -6.77375    -0.36750    -0.44634    -5.95991
     54.795        -6.77208    -0.36748    -0.44633    -5.95827
     54.945        -6.77041    -0.36745    -0.44631    -5.95665
     55.095        -6.76873    -0.36742    -0.44629    -5.95501
     59.433        -6.63903    -0.36536    -0.44501    -5.82866
     80.646        -6.45184    -0.36241    -0.44317    -5.64626
     111.21        -6.27261    -0.35961    -0.44140    -5.47161
     153.36        -6.10127    -0.35695    -0.43970    -5.30462
     211.49        -5.93753    -0.35441    -0.43809    -5.14504
     291.64        -5.78150    -0.35200    -0.43650    -4.99300
     402.18        -5.63290    -0.34970    -0.43500    -4.84821
     554.60        -5.49142    -0.34750    -0.43354    -4.71039
     764.80        -5.35701    -0.34540    -0.43209    -4.57952
     1054.7        -5.22928    -0.34342    -0.43072    -4.45515
     1454.4        -5.10791    -0.34153    -0.42938    -4.33699
     2005.6        -4.99292    -0.33974    -0.42811    -4.22507
     2765.8        -4.88381    -0.33803    -0.42689    -4.11888
     3814.0        -4.78022    -0.33641    -0.42572    -4.01808
     5259.5        -4.68210    -0.33487    -0.42458    -3.92265
     7252.9        -4.58897    -0.33341    -0.42349    -3.83207
     10002.        -4.50072    -0.33201    -0.42245    -3.74626
     13793.        -4.41704    -0.33069    -0.42146    -3.66489
     19020.        -4.33776    -0.32944    -0.42050    -3.58782
     26229.        -4.26267    -0.32826    -0.41958    -3.51483
     36170.        -4.19135    -0.32714    -0.41870    -3.44552
     49878.        -4.12386    -0.32607    -0.41787    -3.37991
     68782.        -4.05983    -0.32506    -0.41708    -3.31769
     94851.        -3.99916    -0.32409    -0.41632    -3.25875
    0.13080E+06    -3.94162    -0.32318    -0.41559    -3.20285
    0.18038E+06    -3.88717    -0.32232    -0.41491    -3.14995
    0.24874E+06    -3.83547    -0.32149    -0.41424    -3.09974
    0.34301E+06    -3.78661    -0.32070    -0.41361    -3.05230
    0.47302E+06    -3.74022    -0.31997    -0.41301    -3.00723
    0.65229E+06    -3.69628    -0.31927    -0.41244    -2.96457
    0.89952E+06    -3.65465    -0.31861    -0.41189    -2.92415
    0.12404E+07    -3.61519    -0.31798    -0.41138    -2.88584
    0.17106E+07    -3.57789    -0.31740    -0.41088    -2.84961
    0.23589E+07    -3.54247    -0.31683    -0.41040    -2.81524
    0.32529E+07    -3.50895    -0.31630    -0.40996    -2.78269
    0.44858E+07    -3.47716    -0.31579    -0.40953    -2.75184
    0.61860E+07    -3.44707    -0.31531    -0.40913    -2.72263
    0.85305E+07    -3.41850    -0.31485    -0.40875    -2.69489
    0.11764E+08    -3.39140    -0.31443    -0.40838    -2.66858
    0.16222E+08    -3.36570    -0.31402    -0.40804    -2.64364
    0.22370E+08    -3.34142    -0.31363    -0.40771    -2.62008
    0.30849E+08    -3.31834    -0.31326    -0.40740    -2.59769
    0.42541E+08    -3.29645    -0.31292    -0.40710    -2.57643
    0.58664E+08    -3.27586    -0.31258    -0.40683    -2.55644
    0.80898E+08    -3.25651    -0.31228    -0.40657    -2.53767
    0.11156E+09    -3.23848    -0.31199    -0.40633    -2.52017
    0.15384E+09    -3.22162    -0.31171    -0.40610    -2.50381
    0.21215E+09    -3.20579    -0.31146    -0.40589    -2.48845
    0.29255E+09    -3.19097    -0.31123    -0.40568    -2.47405
    0.40343E+09    -3.17703    -0.31100    -0.40549    -2.46054
    0.55633E+09    -3.16406    -0.31079    -0.40532    -2.44795
    0.76719E+09    -3.15230    -0.31060    -0.40516    -2.43654
    0.10580E+10    -3.14152    -0.31043    -0.40501    -2.42608
    0.14589E+10    -3.13160    -0.31027    -0.40487    -2.41646
    0.20119E+10    -3.12242    -0.31012    -0.40474    -2.40756
    0.27744E+10    -3.11399    -0.30999    -0.40462    -2.39938
    0.38259E+10    -3.10619    -0.30987    -0.40451    -2.39182
    0.52760E+10    -3.09900    -0.30975    -0.40440    -2.38485
    0.72756E+10    -3.09236    -0.30964    -0.40430    -2.37841
    0.10033E+11    -3.08621    -0.30954    -0.40422    -2.37245
    0.13836E+11    -3.08056    -0.30945    -0.40414    -2.36697
    0.19079E+11    -3.07533    -0.30937    -0.40406    -2.36190
    0.26311E+11    -3.07049    -0.30929    -0.40399    -2.35721
    0.36283E+11    -3.06602    -0.30921    -0.40393    -2.35287
    0.50034E+11    -3.06189    -0.30915    -0.40387    -2.34887
    0.68997E+11    -3.05806    -0.30909    -0.40382    -2.34515
    0.10000E+12    -3.01219    -0.30836    -0.40314    -2.30069
