    -99.945         0.00000     0.00000     0.00000     0.00000
    -99.795         0.00000     0.00000     0.00000     0.00000
    -99.645         0.00000     0.00000     0.00000     0.00000
    -99.495         0.00000     0.00000     0.00000     0.00000
    -99.345         0.00000     0.00000     0.00000     0.00000
    -99.195         0.00000     0.00000     0.00000     0.00000
    -99.045         0.00000     0.00000     0.00000     0.00000
    -98.895         0.00000     0.00000     0.00000     0.00000
    -98.745         0.00000     0.00000     0.00000     0.00000
    -98.595         0.00000     0.00000     0.00000     0.00000
    -98.445         0.00000     0.00000     0.00000     0.00000
    -98.295         0.00000     0.00000     0.00000     0.00000
    -98.145         0.00000     0.00000     0.00000     0.00000
    -97.995         0.00000     0.00000     0.00000     0.00000
    -97.845         0.00000     0.00000     0.00000     0.00000
    -97.695         0.00000     0.00000     0.00000     0.00000
    -97.545         0.00000     0.00000     0.00000     0.00000
    -97.395         0.00000     0.00000     0.00000     0.00000
    -97.245         0.00000     0.00000     0.00000     0.00000
    -97.095         0.00000     0.00000     0.00000     0.00000
    -96.945         0.00000     0.00000     0.00000     0.00000
    -96.795         0.00000     0.00000     0.00000     0.00000
    -96.645         0.00000     0.00000     0.00000     0.00000
    -96.495         0.00000     0.00000     0.00000     0.00000
    -96.345         0.00000     0.00000     0.00000     0.00000
    -96.195         0.00000     0.00000     0.00000     0.00000
    -96.045         0.00000     0.00000     0.00000     0.00000
    -95.895         0.00000     0.00000     0.00000     0.00000
    -95.745         0.00000     0.00000     0.00000     0.00000
    -95.595         0.00000     0.00000     0.00000     0.00000
    -95.445         0.00000     0.00000     0.00000     0.00000
    -95.295         0.00000     0.00000     0.00000     0.00000
    -95.145         0.00000     0.00000     0.00000     0.00000
    -94.995         0.00000     0.00000     0.00000     0.00000
    -94.845         0.00000     0.00000     0.00000     0.00000
    -94.695         0.00000     0.00000     0.00000     0.00000
    -94.545         0.00000     0.00000     0.00000     0.00000
    -94.395         0.00000     0.00000     0.00000     0.00000
    -94.245         0.00000     0.00000     0.00000     0.00000
    -94.095         0.00000     0.00000     0.00000     0.00000
    -93.945         0.00000     0.00000     0.00000     0.00000
    -93.795         0.00000     0.00000     0.00000     0.00000
    -93.645         0.00000     0.00000     0.00000     0.00000
    -93.495         0.00000     0.00000     0.00000     0.00000
    -93.345         0.00000     0.00000     0.00000     0.00000
    -93.195         0.00000     0.00000     0.00000     0.00000
    -93.045         0.00000     0.00000     0.00000     0.00000
    -92.895         0.00000     0.00000     0.00000     0.00000
    -92.745         0.00000     0.00000     0.00000     0.00000
    -92.595         0.00000     0.00000     0.00000     0.00000
    -92.445         0.00000     0.00000     0.00000     0.00000
    -92.295         0.00000     0.00000     0.00000     0.00000
    -92.145         0.00000     0.00000     0.00000     0.00000
    -91.995         0.00000     0.00000     0.00000     0.00000
    -91.845         0.00000     0.00000     0.00000     0.00000
    -91.695         0.00000     0.00000     0.00000     0.00000
    -91.545         0.00000     0.00000     0.00000     0.00000
    -91.395         0.00000     0.00000     0.00000     0.00000
    -91.245         0.00000     0.00000     0.00000     0.00000
    -91.095         0.00000     0.00000     0.00000     0.00000
    -90.945         0.00000     0.00000     0.00000     0.00000
    -90.795         0.00000     0.00000     0.00000     0.00000
    -90.645         0.00000     0.00000     0.00000     0.00000
    -90.495         0.00000     0.00000     0.00000     0.00000
    -90.345         0.00000     0.00000     0.00000     0.00000
    -90.195         0.00000     0.00000     0.00000     0.00000
    -90.045         0.00000     0.00000     0.00000     0.00000
    -89.895         0.00000     0.00000     0.00000     0.00000
    -89.745         0.00000     0.00000     0.00000     0.00000
    -89.595         0.00000     0.00000     0.00000     0.00000
    -89.445         0.00000     0.00000     0.00000     0.00000
    -89.295         0.00000     0.00000     0.00000     0.00000
    -89.145         0.00000     0.00000     0.00000     0.00000
    -88.995         0.00000     0.00000     0.00000     0.00000
    -88.845         0.00000     0.00000     0.00000     0.00000
    -88.695         0.00000     0.00000     0.00000     0.00000
    -88.545         0.00000     0.00000     0.00000     0.00000
    -88.395         0.00000     0.00000     0.00000     0.00000
    -88.245         0.00000     0.00000     0.00000     0.00000
    -88.095         0.00000     0.00000     0.00000     0.00000
    -87.945         0.00000     0.00000     0.00000     0.00000
    -87.795         0.00000     0.00000     0.00000     0.00000
    -87.645         0.00000     0.00000     0.00000     0.00000
    -87.495         0.00000     0.00000     0.00000     0.00000
    -87.345         0.00000     0.00000     0.00000     0.00000
    -87.195         0.00000     0.00000     0.00000     0.00000
    -87.045         0.00000     0.00000     0.00000     0.00000
    -86.895         0.00000     0.00000     0.00000     0.00000
    -86.745         0.00000     0.00000     0.00000     0.00000
    -86.595         0.00000     0.00000     0.00000     0.00000
    -86.445         0.00000     0.00000     0.00000     0.00000
    -86.295         0.00000     0.00000     0.00000     0.00000
    -86.145         0.00000     0.00000     0.00000     0.00000
    -85.995         0.00000     0.00000     0.00000     0.00000
    -85.845         0.00000     0.00000     0.00000     0.00000
    -85.695         0.00000     0.00000     0.00000     0.00000
    -85.545         0.00000     0.00000     0.00000     0.00000
    -85.395         0.00000     0.00000     0.00000     0.00000
    -85.245         0.00000     0.00000     0.00000     0.00000
    -85.095         0.00000     0.00000     0.00000     0.00000
    -84.945         0.00000     0.00000     0.00000     0.00000
    -84.795         0.00000     0.00000     0.00000     0.00000
    -84.645         0.00000     0.00000     0.00000     0.00000
    -84.495         0.00000     0.00000     0.00000     0.00000
    -84.345         0.00000     0.00000     0.00000     0.00000
    -84.195         0.00000     0.00000     0.00000     0.00000
    -84.045         0.00000     0.00000     0.00000     0.00000
    -83.895         0.00000     0.00000     0.00000     0.00000
    -83.745         0.00000     0.00000     0.00000     0.00000
    -83.595         0.00000     0.00000     0.00000     0.00000
    -83.445         0.00000     0.00000     0.00000     0.00000
    -83.295         0.00000     0.00000     0.00000     0.00000
    -83.145         0.00000     0.00000     0.00000     0.00000
    -82.995         0.00000     0.00000     0.00000     0.00000
    -82.845         0.00000     0.00000     0.00000     0.00000
    -82.695         0.00000     0.00000     0.00000     0.00000
    -82.545         0.00000     0.00000     0.00000     0.00000
    -82.395         0.00000     0.00000     0.00000     0.00000
    -82.245         0.00000     0.00000     0.00000     0.00000
    -82.095         0.00000     0.00000     0.00000     0.00000
    -81.945         0.00000     0.00000     0.00000     0.00000
    -81.795         0.00000     0.00000     0.00000     0.00000
    -81.645         0.00000     0.00000     0.00000     0.00000
    -81.495         0.00000     0.00000     0.00000     0.00000
    -81.345         0.00000     0.00000     0.00000     0.00000
    -81.195         0.00000     0.00000     0.00000     0.00000
    -81.045         0.00000     0.00000     0.00000     0.00000
    -80.895         0.00000     0.00000     0.00000     0.00000
    -80.745         0.00000     0.00000     0.00000     0.00000
    -80.595         0.00000     0.00000     0.00000     0.00000
    -80.445         0.00000     0.00000     0.00000     0.00000
    -80.295         0.00000     0.00000     0.00000     0.00000
    -80.145         0.00000     0.00000     0.00000     0.00000
    -79.995         0.00000     0.00000     0.00000     0.00000
    -79.845         0.00000     0.00000     0.00000     0.00000
    -79.695         0.00000     0.00000     0.00000     0.00000
    -79.545         0.00000     0.00000     0.00000     0.00000
    -79.395         0.00000     0.00000     0.00000     0.00000
    -79.245         0.00000     0.00000     0.00000     0.00000
    -79.095         0.00000     0.00000     0.00000     0.00000
    -78.945         0.00000     0.00000     0.00000     0.00000
    -78.795         0.00000     0.00000     0.00000     0.00000
    -78.645         0.00000     0.00000     0.00000     0.00000
    -78.495         0.00000     0.00000     0.00000     0.00000
    -78.345         0.00000     0.00000     0.00000     0.00000
    -78.195         0.00000     0.00000     0.00000     0.00000
    -78.045         0.00000     0.00000     0.00000     0.00000
    -77.895         0.00000     0.00000     0.00000     0.00000
    -77.745         0.00000     0.00000     0.00000     0.00000
    -77.595         0.00000     0.00000     0.00000     0.00000
    -77.445         0.00000     0.00000     0.00000     0.00000
    -77.295         0.00000     0.00000     0.00000     0.00000
    -77.145         0.00000     0.00000     0.00000     0.00000
    -76.995         0.00000     0.00000     0.00000     0.00000
    -76.845         0.00000     0.00000     0.00000     0.00000
    -76.695         0.00000     0.00000     0.00000     0.00000
    -76.545         0.00000     0.00000     0.00000     0.00000
    -76.395         0.00000     0.00000     0.00000     0.00000
    -76.245         0.00000     0.00000     0.00000     0.00000
    -76.095         0.00000     0.00000     0.00000     0.00000
    -75.945         0.00000     0.00000     0.00000     0.00000
    -75.795         0.00000     0.00000     0.00000     0.00000
    -75.645         0.00000     0.00000     0.00000     0.00000
    -75.495         0.00000     0.00000     0.00000     0.00000
    -75.345         0.00000     0.00000     0.00000     0.00000
    -75.195         0.00000     0.00000     0.00000     0.00000
    -75.045         0.00000     0.00000     0.00000     0.00000
    -74.895         0.00000     0.00000     0.00000     0.00000
    -74.745         0.00000     0.00000     0.00000     0.00000
    -74.595         0.00000     0.00000     0.00000     0.00000
    -74.445         0.00000     0.00000     0.00000     0.00000
    -74.295         0.00000     0.00000     0.00000     0.00000
    -74.145         0.00000     0.00000     0.00000     0.00000
    -73.995         0.00000     0.00000     0.00000     0.00000
    -73.845         0.00000     0.00000     0.00000     0.00000
    -73.695         0.00000     0.00000     0.00000     0.00000
    -73.545         0.00000     0.00000     0.00000     0.00000
    -73.395         0.00000     0.00000     0.00000     0.00000
    -73.245         0.00000     0.00000     0.00000     0.00000
    -73.095         0.00000     0.00000     0.00000     0.00000
    -72.945         0.00000     0.00000     0.00000     0.00000
    -72.795         0.00000     0.00000     0.00000     0.00000
    -72.645         0.00000     0.00000     0.00000     0.00000
    -72.495         0.00000     0.00000     0.00000     0.00000
    -72.345         0.00000     0.00000     0.00000     0.00000
    -72.195         0.00000     0.00000     0.00000     0.00000
    -72.045         0.00000     0.00000     0.00000     0.00000
    -71.895         0.00000     0.00000     0.00000     0.00000
    -71.745         0.00000     0.00000     0.00000     0.00000
    -71.595         0.00000     0.00000     0.00000     0.00000
    -71.445         0.00000     0.00000     0.00000     0.00000
    -71.295         0.00000     0.00000     0.00000     0.00000
    -71.145         0.00000     0.00000     0.00000     0.00000
    -70.995         0.00000     0.00000     0.00000     0.00000
    -70.845         0.00000     0.00000     0.00000     0.00000
    -70.695         0.00000     0.00000     0.00000     0.00000
    -70.545         0.00000     0.00000     0.00000     0.00000
    -70.395         0.00000     0.00000     0.00000     0.00000
    -70.245         0.00000     0.00000     0.00000     0.00000
    -70.095         0.00000     0.00000     0.00000     0.00000
    -69.945         0.00000     0.00000     0.00000     0.00000
    -69.795         0.00000     0.00000     0.00000     0.00000
    -69.645         0.00000     0.00000     0.00000     0.00000
    -69.495         0.00000     0.00000     0.00000     0.00000
    -69.345         0.00000     0.00000     0.00000     0.00000
    -69.195         0.00000     0.00000     0.00000     0.00000
    -69.045         0.00000     0.00000     0.00000     0.00000
    -68.895         0.00000     0.00000     0.00000     0.00000
    -68.745         0.00000     0.00000     0.00000     0.00000
    -68.595         0.00000     0.00000     0.00000     0.00000
    -68.445         0.00000     0.00000     0.00000     0.00000
    -68.295         0.00000     0.00000     0.00000     0.00000
    -68.145         0.00000     0.00000     0.00000     0.00000
    -67.995         0.00000     0.00000     0.00000     0.00000
    -67.845         0.00000     0.00000     0.00000     0.00000
    -67.695         0.00000     0.00000     0.00000     0.00000
    -67.545         0.00000     0.00000     0.00000     0.00000
    -67.395         0.00000     0.00000     0.00000     0.00000
    -67.245         0.00000     0.00000     0.00000     0.00000
    -67.095         0.00000     0.00000     0.00000     0.00000
    -66.945         0.00000     0.00000     0.00000     0.00000
    -66.795         0.00000     0.00000     0.00000     0.00000
    -66.645         0.00000     0.00000     0.00000     0.00000
    -66.495         0.00000     0.00000     0.00000     0.00000
    -66.345         0.00000     0.00000     0.00000     0.00000
    -66.195         0.00000     0.00000     0.00000     0.00000
    -66.045         0.00000     0.00000     0.00000     0.00000
    -65.895         0.00000     0.00000     0.00000     0.00000
    -65.745         0.00000     0.00000     0.00000     0.00000
    -65.595         0.00000     0.00000     0.00000     0.00000
    -65.445         0.00000     0.00000     0.00000     0.00000
    -65.295         0.00000     0.00000     0.00000     0.00000
    -65.145         0.00000     0.00000     0.00000     0.00000
    -64.995         0.00000     0.00000     0.00000     0.00000
    -64.845         0.00000     0.00000     0.00000     0.00000
    -64.695         0.00000     0.00000     0.00000     0.00000
    -64.545         0.00000     0.00000     0.00000     0.00000
    -64.395         0.00000     0.00000     0.00000     0.00000
    -64.245         0.00000     0.00000     0.00000     0.00000
    -64.095         0.00000     0.00000     0.00000     0.00000
    -63.945         0.00000     0.00000     0.00000     0.00000
    -63.795         0.00000     0.00000     0.00000     0.00000
    -63.645         0.00000     0.00000     0.00000     0.00000
    -63.495         0.00000     0.00000     0.00000     0.00000
    -63.345         0.00000     0.00000     0.00000     0.00000
    -63.195         0.00000     0.00000     0.00000     0.00000
    -63.045         0.00000     0.00000     0.00000     0.00000
    -62.895         0.00000     0.00000     0.00000     0.00000
    -62.745         0.00000     0.00000     0.00000     0.00000
    -62.595         0.00000     0.00000     0.00000     0.00000
    -62.445         0.00000     0.00000     0.00000     0.00000
    -62.295         0.00000     0.00000     0.00000     0.00000
    -62.145         0.00000     0.00000     0.00000     0.00000
    -61.995         0.00000     0.00000     0.00000     0.00000
    -61.845         0.00000     0.00000     0.00000     0.00000
    -61.695         0.00000     0.00000     0.00000     0.00000
    -61.545         0.00000     0.00000     0.00000     0.00000
    -61.395         0.00000     0.00000     0.00000     0.00000
    -61.245         0.00000     0.00000     0.00000     0.00000
    -61.095         0.00000     0.00000     0.00000     0.00000
    -60.945         0.00000     0.00000     0.00000     0.00000
    -60.795         0.00000     0.00000     0.00000     0.00000
    -60.645         0.00000     0.00000     0.00000     0.00000
    -60.495         0.00000     0.00000     0.00000     0.00000
    -60.345         0.00000     0.00000     0.00000     0.00000
    -60.195         0.00000     0.00000     0.00000     0.00000
    -60.045         0.00000     0.00000     0.00000     0.00000
    -59.895         0.00000     0.00000     0.00000     0.00000
    -59.745         0.00000     0.00000     0.00000     0.00000
    -59.595         0.00000     0.00000     0.00000     0.00000
    -59.445         0.00000     0.00000     0.00000     0.00000
    -59.295         0.00000     0.00000     0.00000     0.00000
    -59.145         0.00000     0.00000     0.00000     0.00000
    -58.995         0.00000     0.00000     0.00000     0.00000
    -58.845         0.00000     0.00000     0.00000     0.00000
    -58.695         0.00000     0.00000     0.00000     0.00000
    -58.545         0.00000     0.00000     0.00000     0.00000
    -58.395         0.00000     0.00000     0.00000     0.00000
    -58.245         0.00000     0.00000     0.00000     0.00000
    -58.095         0.00000     0.00000     0.00000     0.00000
    -57.945         0.00000     0.00000     0.00000     0.00000
    -57.795         0.00000     0.00000     0.00000     0.00000
    -57.645         0.00000     0.00000     0.00000     0.00000
    -57.495         0.00000     0.00000     0.00000     0.00000
    -57.345         0.00000     0.00000     0.00000     0.00000
    -57.195         0.00000     0.00000     0.00000     0.00000
    -57.045         0.00000     0.00000     0.00000     0.00000
    -56.895         0.00000     0.00000     0.00000     0.00000
    -56.745         0.00000     0.00000     0.00000     0.00000
    -56.595         0.00000     0.00000     0.00000     0.00000
    -56.445         0.00000     0.00000     0.00000     0.00000
    -56.295         0.00000     0.00000     0.00000     0.00000
    -56.145         0.00000     0.00000     0.00000     0.00000
    -55.995         0.00000     0.00000     0.00000     0.00000
    -55.845         0.00000     0.00000     0.00000     0.00000
    -55.695         0.00000     0.00000     0.00000     0.00000
    -55.545         0.00000     0.00000     0.00000     0.00000
    -55.395         0.00000     0.00000     0.00000     0.00000
    -55.245         0.00000     0.00000     0.00000     0.00000
    -55.095         0.00000     0.00000     0.00000     0.00000
    -54.945         0.00000     0.00000     0.00000     0.00000
    -54.795         0.00000     0.00000     0.00000     0.00000
    -54.645         0.00000     0.00000     0.00000     0.00000
    -54.495         0.00000     0.00000     0.00000     0.00000
    -54.345         0.00000     0.00000     0.00000     0.00000
    -54.195         0.00000     0.00000     0.00000     0.00000
    -54.045         0.00000     0.00000     0.00000     0.00000
    -53.895         0.00000     0.00000     0.00000     0.00000
    -53.745         0.00000     0.00000     0.00000     0.00000
    -53.595         0.00000     0.00000     0.00000     0.00000
    -53.445         0.00000     0.00000     0.00000     0.00000
    -53.295         0.00000     0.00000     0.00000     0.00000
    -53.145         0.00000     0.00000     0.00000     0.00000
    -52.995         0.00000     0.00000     0.00000     0.00000
    -52.845         0.00000     0.00000     0.00000     0.00000
    -52.695         0.00000     0.00000     0.00000     0.00000
    -52.545         0.00000     0.00000     0.00000     0.00000
    -52.395         0.00000     0.00000     0.00000     0.00000
    -52.245         0.00000     0.00000     0.00000     0.00000
    -52.095         0.00000     0.00000     0.00000     0.00000
    -51.945         0.00000     0.00000     0.00000     0.00000
    -51.795         0.00000     0.00000     0.00000     0.00000
    -51.645         0.00000     0.00000     0.00000     0.00000
    -51.495         0.00000     0.00000     0.00000     0.00000
    -51.345         0.00000     0.00000     0.00000     0.00000
    -51.195         0.00000     0.00000     0.00000     0.00000
    -51.045         0.00000     0.00000     0.00000     0.00000
    -50.895         0.00000     0.00000     0.00000     0.00000
    -50.745         0.00000     0.00000     0.00000     0.00000
    -50.595         0.00000     0.00000     0.00000     0.00000
    -50.445         0.00000     0.00000     0.00000     0.00000
    -50.295         0.00000     0.00000     0.00000     0.00000
    -50.145         0.00000     0.00000     0.00000     0.00000
    -49.995         0.00000     0.00000     0.00000     0.00000
    -49.845         0.00000     0.00000     0.00000     0.00000
    -49.695         0.00000     0.00000     0.00000     0.00000
    -49.545         0.00000     0.00000     0.00000     0.00000
    -49.395         0.00000     0.00000     0.00000     0.00000
    -49.245         0.00000     0.00000     0.00000     0.00000
    -49.095         0.00000     0.00000     0.00000     0.00000
    -48.945         0.00000     0.00000     0.00000     0.00000
    -48.795         0.00000     0.00000     0.00000     0.00000
    -48.645         0.00000     0.00000     0.00000     0.00000
    -48.495         0.00000     0.00000     0.00000     0.00000
    -48.345         0.00000     0.00000     0.00000     0.00000
    -48.195         0.00000     0.00000     0.00000     0.00000
    -48.045         0.00000     0.00000     0.00000     0.00000
    -47.895         0.00000     0.00000     0.00000     0.00000
    -47.745         0.00000     0.00000     0.00000     0.00000
    -47.595         0.00000     0.00000     0.00000     0.00000
    -47.445         0.00000     0.00000     0.00000     0.00000
    -47.295         0.00000     0.00000     0.00000     0.00000
    -47.145         0.00000     0.00000     0.00000     0.00000
    -46.995         0.00000     0.00000     0.00000     0.00000
    -46.845         0.00000     0.00000     0.00000     0.00000
    -46.695         0.00000     0.00000     0.00000     0.00000
    -46.545         0.00000     0.00000     0.00000     0.00000
    -46.395         0.00000     0.00000     0.00000     0.00000
    -46.245         0.00000     0.00000     0.00000     0.00000
    -46.095         0.00000     0.00000     0.00000     0.00000
    -45.945         0.00000     0.00000     0.00000     0.00000
    -45.795         0.00000     0.00000     0.00000     0.00000
    -45.645         0.00000     0.00000     0.00000     0.00000
    -45.495         0.00000     0.00000     0.00000     0.00000
    -45.345         0.00000     0.00000     0.00000     0.00000
    -45.195         0.00000     0.00000     0.00000     0.00000
    -45.045         0.00000     0.00000     0.00000     0.00000
    -44.895         0.00000     0.00000     0.00000     0.00000
    -44.745         0.00000     0.00000     0.00000     0.00000
    -44.595         0.00000     0.00000     0.00000     0.00000
    -44.445         0.00000     0.00000     0.00000     0.00000
    -44.295         0.00000     0.00000     0.00000     0.00000
    -44.145         0.00000     0.00000     0.00000     0.00000
    -43.995         0.00000     0.00000     0.00000     0.00000
    -43.845         0.00000     0.00000     0.00000     0.00000
    -43.695         0.00000     0.00000     0.00000     0.00000
    -43.545         0.00000     0.00000     0.00000     0.00000
    -43.395         0.00000     0.00000     0.00000     0.00000
    -43.245         0.00000     0.00000     0.00000     0.00000
    -43.095         0.00000     0.00000     0.00000     0.00000
    -42.945         0.00000     0.00000     0.00000     0.00000
    -42.795         0.00000     0.00000     0.00000     0.00000
    -42.645         0.00000     0.00000     0.00000     0.00000
    -42.495         0.00000     0.00000     0.00000     0.00000
    -42.345         0.00000     0.00000     0.00000     0.00000
    -42.195         0.00000     0.00000     0.00000     0.00000
    -42.045         0.00000     0.00000     0.00000     0.00000
    -41.895         0.00000     0.00000     0.00000     0.00000
    -41.745         0.00000     0.00000     0.00000     0.00000
    -41.595         0.00000     0.00000     0.00000     0.00000
    -41.445         0.00000     0.00000     0.00000     0.00000
    -41.295         0.00000     0.00000     0.00000     0.00000
    -41.145         0.00000     0.00000     0.00000     0.00000
    -40.995         0.00000     0.00000     0.00000     0.00000
    -40.845         0.00000     0.00000     0.00000     0.00000
    -40.695         0.00000     0.00000     0.00000     0.00000
    -40.545         0.00000     0.00000     0.00000     0.00000
    -40.395         0.00000     0.00000     0.00000     0.00000
    -40.245         0.00000     0.00000     0.00000     0.00000
    -40.095         0.00000     0.00000     0.00000     0.00000
    -39.945         0.00000     0.00000     0.00000     0.00000
    -39.795         0.00000     0.00000     0.00000     0.00000
    -39.645         0.00000     0.00000     0.00000     0.00000
    -39.495         0.00000     0.00000     0.00000     0.00000
    -39.345         0.00000     0.00000     0.00000     0.00000
    -39.195         0.00000     0.00000     0.00000     0.00000
    -39.045         0.00000     0.00000     0.00000     0.00000
    -38.895         0.00000     0.00000     0.00000     0.00000
    -38.745         0.00000     0.00000     0.00000     0.00000
    -38.595         0.00000     0.00000     0.00000     0.00000
    -38.445         0.00000     0.00000     0.00000     0.00000
    -38.295         0.00000     0.00000     0.00000     0.00000
    -38.145         0.00000     0.00000     0.00000     0.00000
    -37.995         0.00000     0.00000     0.00000     0.00000
    -37.845         0.00000     0.00000     0.00000     0.00000
    -37.695         0.00000     0.00000     0.00000     0.00000
    -37.545         0.00000     0.00000     0.00000     0.00000
    -37.395         0.00000     0.00000     0.00000     0.00000
    -37.245         0.00000     0.00000     0.00000     0.00000
    -37.095         0.00000     0.00000     0.00000     0.00000
    -36.945         0.00000     0.00000     0.00000     0.00000
    -36.795         0.00000     0.00000     0.00000     0.00000
    -36.645         0.00000     0.00000     0.00000     0.00000
    -36.495         0.00000     0.00000     0.00000     0.00000
    -36.345         0.00000     0.00000     0.00000     0.00000
    -36.195         0.00000     0.00000     0.00000     0.00000
    -36.045         0.00000     0.00000     0.00000     0.00000
    -35.895         0.00000     0.00000     0.00000     0.00000
    -35.745         0.00000     0.00000     0.00000     0.00000
    -35.595         0.00000     0.00000     0.00000     0.00000
    -35.445         0.00000     0.00000     0.00000     0.00000
    -35.295         0.00000     0.00000     0.00000     0.00000
    -35.145         0.00000     0.00000     0.00000     0.00000
    -34.995         0.00000     0.00000     0.00000     0.00000
    -34.845         0.00000     0.00000     0.00000     0.00000
    -34.695         0.00000     0.00000     0.00000     0.00000
    -34.545         0.00000     0.00000     0.00000     0.00000
    -34.395         0.00000     0.00000     0.00000     0.00000
    -34.245         0.00000     0.00000     0.00000     0.00000
    -34.095         0.00000     0.00000     0.00000     0.00000
    -33.945         0.00000     0.00000     0.00000     0.00000
    -33.795         0.00000     0.00000     0.00000     0.00000
    -33.645         0.00000     0.00000     0.00000     0.00000
    -33.495         0.00000     0.00000     0.00000     0.00000
    -33.345         0.00000     0.00000     0.00000     0.00000
    -33.195         0.00000     0.00000     0.00000     0.00000
    -33.045         0.00000     0.00000     0.00000     0.00000
    -32.895         0.00000     0.00000     0.00000     0.00000
    -32.745         0.00000     0.00000     0.00000     0.00000
    -32.595         0.00000     0.00000     0.00000     0.00000
    -32.445         0.00000     0.00000     0.00000     0.00000
    -32.295         0.00000     0.00000     0.00000     0.00000
    -32.145         0.00000     0.00000     0.00000     0.00000
    -31.995         0.00000     0.00000     0.00000     0.00000
    -31.845         0.00000     0.00000     0.00000     0.00000
    -31.695         0.00000     0.00000     0.00000     0.00000
    -31.545         0.00000     0.00000     0.00000     0.00000
    -31.395         0.00000     0.00000     0.00000     0.00000
    -31.245         0.00000     0.00000     0.00000     0.00000
    -31.095         0.00000     0.00000     0.00000     0.00000
    -30.945         0.00000     0.00000     0.00000     0.00000
    -30.795         0.00000     0.00000     0.00000     0.00000
    -30.645         0.00000     0.00000     0.00000     0.00000
    -30.495         0.00000     0.00000     0.00000     0.00000
    -30.345         0.00000     0.00000     0.00000     0.00000
    -30.195         0.00000     0.00000     0.00000     0.00000
    -30.045         0.00000     0.00000     0.00000     0.00000
    -29.895         0.00000     0.00000     0.00000     0.00000
    -29.745         0.00000     0.00000     0.00000     0.00000
    -29.595         0.00000     0.00000     0.00000     0.00000
    -29.445         0.00000     0.00000     0.00000     0.00000
    -29.295         0.00000     0.00000     0.00000     0.00000
    -29.145         0.00000     0.00000     0.00000     0.00000
    -28.995         0.00000     0.00000     0.00000     0.00000
    -28.845         0.00000     0.00000     0.00000     0.00000
    -28.695         0.00000     0.00000     0.00000     0.00000
    -28.545         0.00000     0.00000     0.00000     0.00000
    -28.395         0.00000     0.00000     0.00000     0.00000
    -28.245         0.00000     0.00000     0.00000     0.00000
    -28.095         0.00000     0.00000     0.00000     0.00000
    -27.945         0.00000     0.00000     0.00000     0.00000
    -27.795         0.00000     0.00000     0.00000     0.00000
    -27.645         0.00000     0.00000     0.00000     0.00000
    -27.495         0.00000     0.00000     0.00000     0.00000
    -27.345         0.00000     0.00000     0.00000     0.00000
    -27.195         0.00000     0.00000     0.00000     0.00000
    -27.045         0.00000     0.00000     0.00000     0.00000
    -26.895         0.00000     0.00000     0.00000     0.00000
    -26.745         0.00000     0.00000     0.00000     0.00000
    -26.595         0.00000     0.00000     0.00000     0.00000
    -26.445         0.00000     0.00000     0.00000     0.00000
    -26.295         0.00000     0.00000     0.00000     0.00000
    -26.145         0.00000     0.00000     0.00000     0.00000
    -25.995         0.00000     0.00000     0.00000     0.00000
    -25.845         0.00000     0.00000     0.00000     0.00000
    -25.695         0.00000     0.00000     0.00000     0.00000
    -25.545         0.00000     0.00000     0.00000     0.00000
    -25.395         0.00000     0.00000     0.00000     0.00000
    -25.245         0.00000     0.00000     0.00000     0.00000
    -25.095         0.00000     0.00000     0.00000     0.00000
    -24.945         0.00000     0.00000     0.00000     0.00000
    -24.795         0.00000     0.00000     0.00000     0.00000
    -24.645         0.00000     0.00000     0.00000     0.00000
    -24.495         0.00000     0.00000     0.00000     0.00000
    -24.345         0.00000     0.00000     0.00000     0.00000
    -24.195         0.00000     0.00000     0.00000     0.00000
    -24.045         0.00000     0.00000     0.00000     0.00000
    -23.895         0.00000     0.00000     0.00000     0.00000
    -23.745         0.00000     0.00000     0.00000     0.00000
    -23.595         0.00000     0.00000     0.00000     0.00000
    -23.445         0.00000     0.00000     0.00000     0.00000
    -23.295         0.00000     0.00000     0.00000     0.00000
    -23.145         0.00000     0.00000     0.00000     0.00000
    -22.995         0.00000     0.00000     0.00000     0.00000
    -22.845         0.00000     0.00000     0.00000     0.00000
    -22.695         0.00000     0.00000     0.00000     0.00000
    -22.545         0.00000     0.00000     0.00000     0.00000
    -22.395         0.00000     0.00000     0.00000     0.00000
    -22.245         0.00000     0.00000     0.00000     0.00000
    -22.095         0.00000     0.00000     0.00000     0.00000
    -21.945         0.00000     0.00000     0.00000     0.00000
    -21.795         0.00000     0.00000     0.00000     0.00000
    -21.645         0.00000     0.00000     0.00000     0.00000
    -21.495         0.00000     0.00000     0.00000     0.00000
    -21.345         0.00000     0.00000     0.00000     0.00000
    -21.195         0.00000     0.00000     0.00000     0.00000
    -21.045         0.00000     0.00000     0.00000     0.00000
    -20.895         0.00000     0.00000     0.00000     0.00000
    -20.745         0.00000     0.00000     0.00000     0.00000
    -20.595         0.00000     0.00000     0.00000     0.00000
    -20.445         0.00000     0.00000     0.00000     0.00000
    -20.295         0.00000     0.00000     0.00000     0.00000
    -20.145         0.00000     0.00000     0.00000     0.00000
    -19.995         0.00000     0.00000     0.00000     0.00000
    -19.845         0.00000     0.00000     0.00000     0.00000
    -19.695         0.00000     0.00000     0.00000     0.00000
    -19.545         0.00000     0.00000     0.00000     0.00000
    -19.395         0.00000     0.00000     0.00000     0.00000
    -19.245         0.00000     0.00000     0.00000     0.00000
    -19.095         0.00000     0.00000     0.00000     0.00000
    -18.945         0.00000     0.00000     0.00000     0.00000
    -18.795         0.00000     0.00000     0.00000     0.00000
    -18.645         0.00000     0.00000     0.00000     0.00000
    -18.495         0.00000     0.00000     0.00000     0.00000
    -18.345         0.00000     0.00000     0.00000     0.00000
    -18.195         0.00000     0.00000     0.00000     0.00000
    -18.045         0.00000     0.00000     0.00000     0.00000
    -17.895         0.00000     0.00000     0.00000     0.00000
    -17.745         0.00000     0.00000     0.00000     0.00000
    -17.595         0.00000     0.00000     0.00000     0.00000
    -17.445         0.00000     0.00000     0.00000     0.00000
    -17.295         0.00000     0.00000     0.00000     0.00000
    -17.145         0.00000     0.00000     0.00000     0.00000
    -16.995         0.00000     0.00000     0.00000     0.00000
    -16.845         0.00000     0.00000     0.00000     0.00000
    -16.695         0.00000     0.00000     0.00000     0.00000
    -16.545         0.00000     0.00000     0.00000     0.00000
    -16.395         0.00000     0.00000     0.00000     0.00000
    -16.245         0.00000     0.00000     0.00000     0.00000
    -16.095         0.00000     0.00000     0.00000     0.00000
    -15.945         0.00000     0.00000     0.00000     0.00000
    -15.795         0.00000     0.00000     0.00000     0.00000
    -15.645         0.00000     0.00000     0.00000     0.00000
    -15.495         0.00000     0.00000     0.00000     0.00000
    -15.345         0.00000     0.00000     0.00000     0.00000
    -15.195         0.00000     0.00000     0.00000     0.00000
    -15.045         0.00000     0.00000     0.00000     0.00000
    -14.895         0.00000     0.00000     0.00000     0.00000
    -14.745         0.00000     0.00000     0.00000     0.00000
    -14.595         0.00000     0.00000     0.00000     0.00000
    -14.445         0.00000     0.00000     0.00000     0.00000
    -14.295         0.00000     0.00000     0.00000     0.00000
    -14.145         0.00000     0.00000     0.00000     0.00000
    -13.995         0.00000     0.00000     0.00000     0.00000
    -13.845         0.00000     0.00000     0.00000     0.00000
    -13.695         0.00000     0.00000     0.00000     0.00000
    -13.545         0.00000     0.00000     0.00000     0.00000
    -13.395         0.00000     0.00000     0.00000     0.00000
    -13.245         0.00000     0.00000     0.00000     0.00000
    -13.095         0.00000     0.00000     0.00000     0.00000
    -12.945         0.00000     0.00000     0.00000     0.00000
    -12.795         0.00000     0.00000     0.00000     0.00000
    -12.645         0.00000     0.00000     0.00000     0.00000
    -12.495         0.00000     0.00000     0.00000     0.00000
    -12.345         0.00000     0.00000     0.00000     0.00000
    -12.195         0.00000     0.00000     0.00000     0.00000
    -12.045         0.00000     0.00000     0.00000     0.00000
    -11.895         0.00000     0.00000     0.00000     0.00000
    -11.745         0.00000     0.00000     0.00000     0.00000
    -11.595         0.00000     0.00000     0.00000     0.00000
    -11.445         0.00000     0.00000     0.00000     0.00000
    -11.295         0.00000     0.00000     0.00000     0.00000
    -11.145         0.00000     0.00000     0.00000     0.00000
    -10.995         0.00000     0.00000     0.00000     0.00000
    -10.845         0.00000     0.00000     0.00000     0.00000
    -10.695         0.00000     0.00000     0.00000     0.00000
    -10.545         0.00000     0.00000     0.00000     0.00000
    -10.395         0.00000     0.00000     0.00000     0.00000
    -10.245         0.00000     0.00000     0.00000     0.00000
    -10.095         0.00000     0.00000     0.00000     0.00000
    -9.9450         0.00000     0.00000     0.00000     0.00000
    -9.7950         0.00000     0.00000     0.00000     0.00000
    -9.6450         0.00000     0.00000     0.00000     0.00000
    -9.4950         0.00000     0.00000     0.00000     0.00000
    -9.3450         0.00000     0.00000     0.00000     0.00000
    -9.1950         0.00000     0.00000     0.00000     0.00000
    -9.0450         0.00000     0.00000     0.00000     0.00000
    -8.8950         0.00000     0.00000     0.00000     0.00000
    -8.7450         0.00000     0.00000     0.00000     0.00000
    -8.5950         0.00000     0.00000     0.00000     0.00000
    -8.4450         0.00000     0.00000     0.00000     0.00000
    -8.2950         0.00000     0.00000     0.00000     0.00000
    -8.1450         0.00000     0.00000     0.00000     0.00000
    -7.9950         0.00000     0.00000     0.00000     0.00000
    -7.8450         0.00000     0.00000     0.00000     0.00000
    -7.6950         0.00000     0.00000     0.00000     0.00000
    -7.5450         0.00000     0.00000     0.00000     0.00000
    -7.3950         0.00000     0.00000     0.00000     0.00000
    -7.2450         0.00000     0.00000     0.00000     0.00000
    -7.0950         0.00000     0.00000     0.00000     0.00000
    -6.9450         0.00000     0.00000     0.00000     0.00000
    -6.7950         0.00000     0.00000     0.00000     0.00000
    -6.6450         0.00000     0.00000     0.00000     0.00000
    -6.4950         0.00000     0.00000     0.00000     0.00000
    -6.3450         0.00000     0.00000     0.00000     0.00000
    -6.1950         0.00000     0.00000     0.00000     0.00000
    -6.0450         0.00000     0.00000     0.00000     0.00000
    -5.8950         0.00000     0.00000     0.00000     0.00000
    -5.7450         0.00000     0.00000     0.00000     0.00000
    -5.5950         0.00000     0.00000     0.00000     0.00000
    -5.4450         0.00000     0.00000     0.00000     0.00000
    -5.2950         0.00000     0.00000     0.00000     0.00000
    -5.1450         0.00000     0.00000     0.00000     0.00000
    -4.9950         0.00000     0.00000     0.00000     0.00000
    -4.8450         0.00000     0.00000     0.00000     0.00000
    -4.6950         0.00000     0.00000     0.00000     0.00000
    -4.5450         0.00000     0.00000     0.00000     0.00000
    -4.3950         0.00000     0.00000     0.00000     0.00000
    -4.2450         0.00000     0.00000     0.00000     0.00000
    -4.0950         0.00000     0.00000     0.00000     0.00000
    -3.9450         0.00000     0.00000     0.00000     0.00000
    -3.7950         0.00000     0.00000     0.00000     0.00000
    -3.6450         0.00000     0.00000     0.00000     0.00000
    -3.4950         0.00000     0.00000     0.00000     0.00000
    -3.3450         0.00000     0.00000     0.00000     0.00000
    -3.1950         0.00000     0.00000     0.00000     0.00000
    -3.0450         0.00000     0.00000     0.00000     0.00000
    -2.8950         0.00000     0.00000     0.00000     0.00000
    -2.7450         0.00000     0.00000     0.00000     0.00000
    -2.5950         0.00000     0.00000     0.00000     0.00000
    -2.4450         0.00000     0.00000     0.00000     0.00000
    -2.2950         0.00000     0.00000     0.00000     0.00000
    -2.1450         0.00000     0.00000     0.00000     0.00000
    -1.9950         0.00000     0.00000     0.00000     0.00000
    -1.8450         0.00001     0.00001     0.00000     0.00000
    -1.6950        -0.00004     0.00002     0.00000    -0.00006
    -1.5450        -0.00032     0.00006     0.00000    -0.00038
    -1.3950        -0.00155     0.00018     0.00000    -0.00174
    -1.2450        -0.00781    -0.00031    -0.00000    -0.00750
    -1.0950        -0.02726    -0.00131     0.00000    -0.02595
   -0.94500        -0.08241    -0.00298    -0.00001    -0.07943
   -0.79500        -0.28170    -0.00694    -0.00058    -0.27418
   -0.64500        -1.08032    -0.01475    -0.00312    -1.06245
   -0.49500        -3.22620    -0.02653    -0.01145    -3.18822
   -0.34500        -6.34011    -0.04387    -0.02458    -6.27166
   -0.22700        -7.26324    -0.05156    -0.02979    -7.18190
   -0.21300        -7.36428    -0.05244    -0.03050    -7.28135
   -0.20700        -7.46417    -0.05344    -0.03122    -7.37950
   -0.20100        -7.56430    -0.05443    -0.03200    -7.47787
   -0.19500        -7.66323    -0.05543    -0.03277    -7.57504
   -0.18900        -7.76057    -0.05649    -0.03362    -7.67046
   -0.18300        -7.85899    -0.05757    -0.03448    -7.76694
   -0.17700        -7.95587    -0.05867    -0.03532    -7.86188
   -0.17100        -8.05267    -0.05979    -0.03620    -7.95668
   -0.16500        -8.15001    -0.06097    -0.03713    -8.05191
   -0.15900        -8.24590    -0.06211    -0.03809    -8.14571
   -0.15300        -8.34284    -0.06349    -0.03902    -8.24033
   -0.14700        -8.43905    -0.06484    -0.04001    -8.33419
   -0.14100        -8.53598    -0.06614    -0.04112    -8.42873
   -0.13500        -8.63389    -0.06759    -0.04226    -8.52404
   -0.12900        -8.73182    -0.06905    -0.04339    -8.61937
   -0.12300        -8.83189    -0.07056    -0.04463    -8.71670
   -0.11700        -8.93259    -0.07200    -0.04590    -8.81469
   -0.11100        -9.03532    -0.07366    -0.04735    -8.91432
   -0.10500        -9.14117    -0.07532    -0.04892    -9.01692
   -0.99000E-01    -9.24952    -0.07708    -0.05059    -9.12185
   -0.93000E-01    -9.35960    -0.07905    -0.05227    -9.22829
   -0.87000E-01    -9.47523    -0.08109    -0.05411    -9.34003
   -0.81000E-01    -9.59447    -0.08317    -0.05615    -9.45515
   -0.75000E-01    -9.71963    -0.08544    -0.05839    -9.57581
   -0.69000E-01    -9.85137    -0.08770    -0.06093    -9.70274
   -0.63000E-01    -9.99171    -0.09030    -0.06368    -9.83774
   -0.57000E-01   -10.14197    -0.09306    -0.06677    -9.98214
   -0.51000E-01   -10.30326    -0.09594    -0.07037   -10.13696
   -0.45000E-01   -10.47868    -0.09926    -0.07458   -10.30484
   -0.39000E-01   -10.66955    -0.10289    -0.07959   -10.48708
   -0.33000E-01   -10.87685    -0.10722    -0.08572   -10.68391
   -0.27000E-01   -11.10721    -0.11237    -0.09392   -10.90092
   -0.21300E-01   -11.27896    -0.11657    -0.10159   -11.06080
   -0.19500E-01   -11.30543    -0.11722    -0.10291   -11.08530
   -0.18900E-01   -11.33234    -0.11797    -0.10431   -11.11006
   -0.18300E-01   -11.35971    -0.11869    -0.10573   -11.13529
   -0.17700E-01   -11.38757    -0.11945    -0.10727   -11.16085
   -0.17100E-01   -11.41581    -0.12021    -0.10887   -11.18672
   -0.16500E-01   -11.44429    -0.12100    -0.11062   -11.21268
   -0.15900E-01   -11.47361    -0.12183    -0.11243   -11.23936
   -0.15300E-01   -11.50337    -0.12268    -0.11435   -11.26634
   -0.14700E-01   -11.53390    -0.12354    -0.11641   -11.29395
   -0.14100E-01   -11.56479    -0.12443    -0.11861   -11.32176
   -0.13500E-01   -11.59634    -0.12536    -0.12094   -11.35004
   -0.12900E-01   -11.62863    -0.12631    -0.12353   -11.37880
   -0.12300E-01   -11.66151    -0.12733    -0.12631   -11.40788
   -0.11700E-01   -11.69512    -0.12836    -0.12938   -11.43738
   -0.11100E-01   -11.72970    -0.12945    -0.13274   -11.46751
   -0.10500E-01   -11.76519    -0.13057    -0.13645   -11.49817
   -0.99000E-02   -11.80166    -0.13173    -0.14061   -11.52933
   -0.93000E-02   -11.83918    -0.13295    -0.14527   -11.56096
   -0.87000E-02   -11.87803    -0.13418    -0.15056   -11.59329
   -0.81000E-02   -11.91817    -0.13547    -0.15677   -11.62593
   -0.75000E-02   -11.96013    -0.13683    -0.16413   -11.65917
   -0.69000E-02   -12.00412    -0.13822    -0.17305   -11.69285
   -0.63000E-02   -12.05088    -0.13968    -0.18411   -11.72709
   -0.57000E-02   -12.10160    -0.14120    -0.19845   -11.76194
   -0.51000E-02   -12.15781    -0.14276    -0.21767   -11.79738
   -0.45000E-02   -12.22210    -0.14435    -0.24433   -11.83342
   -0.39000E-02   -12.29788    -0.14598    -0.28172   -11.87017
   -0.33000E-02   -12.38341    -0.14761    -0.32773   -11.90808
   -0.27000E-02   -12.46133    -0.14922    -0.36408   -11.94803
   -0.21000E-02   -12.52642    -0.15079    -0.38306   -11.99258
   -0.15000E-02   -12.59314    -0.15219    -0.39146   -12.04950
   -0.90000E-03   -12.69410    -0.15329    -0.39463   -12.14619
   -0.30000E-03   -14.11873    -0.15378    -0.39534   -13.56961
    0.30000E-03   -12.69420    -0.15307    -0.39485   -12.14627
    0.90000E-03   -12.60029    -0.14986    -0.39377   -12.05666
    0.15000E-02   -12.54975    -0.14145    -0.39243   -12.01587
    0.21000E-02   -12.50912    -0.12260    -0.39091   -11.99561
    0.27000E-02   -12.46136    -0.08653    -0.38931   -11.98552
    0.33000E-02   -12.40900    -0.04085    -0.38771   -11.98044
    0.39000E-02   -12.36773    -0.00373    -0.38611   -11.97789
    0.45000E-02   -12.33826     0.02290    -0.38457   -11.97659
    0.51000E-02   -12.31671     0.04227    -0.38306   -11.97591
    0.57000E-02   -12.30045     0.05668    -0.38158   -11.97555
    0.63000E-02   -12.28784     0.06767    -0.38014   -11.97537
    0.69000E-02   -12.27744     0.07658    -0.37876   -11.97526
    0.75000E-02   -12.26863     0.08399    -0.37742   -11.97520
    0.81000E-02   -12.26104     0.09023    -0.37612   -11.97516
    0.87000E-02   -12.25439     0.09567    -0.37492   -11.97513
    0.93000E-02   -12.24838     0.10044    -0.37372   -11.97510
    0.99000E-02   -12.24292     0.10469    -0.37253   -11.97508
    0.10500E-01   -12.23802     0.10843    -0.37140   -11.97505
    0.11100E-01   -12.23352     0.11185    -0.37034   -11.97503
    0.11700E-01   -12.22945     0.11487    -0.36931   -11.97501
    0.12300E-01   -12.22561     0.11771    -0.36834   -11.97498
    0.12900E-01   -12.22204     0.12029    -0.36738   -11.97496
    0.13500E-01   -12.21868     0.12273    -0.36648   -11.97493
    0.14100E-01   -12.21552     0.12495    -0.36557   -11.97490
    0.14700E-01   -12.21251     0.12706    -0.36470   -11.97487
    0.15300E-01   -12.20966     0.12904    -0.36386   -11.97484
    0.15900E-01   -12.20702     0.13086    -0.36307   -11.97481
    0.16500E-01   -12.20453     0.13255    -0.36231   -11.97478
    0.17100E-01   -12.20219     0.13413    -0.36158   -11.97475
    0.17700E-01   -12.19992     0.13563    -0.36084   -11.97471
    0.18300E-01   -12.19775     0.13707    -0.36015   -11.97467
    0.18900E-01   -12.19566     0.13846    -0.35948   -11.97464
    0.19500E-01   -12.19365     0.13978    -0.35883   -11.97460
    0.21300E-01   -12.18190     0.14711    -0.35469   -11.97432
    0.27000E-01   -12.16923     0.15467    -0.35007   -11.97383
    0.33000E-01   -12.15982     0.15990    -0.34645   -11.97326
    0.39000E-01   -12.15246     0.16366    -0.34354   -11.97257
    0.45000E-01   -12.14679     0.16633    -0.34136   -11.97175
    0.51000E-01   -12.14201     0.16835    -0.33948   -11.97088
    0.57000E-01   -12.13789     0.16987    -0.33793   -11.96984
    0.63000E-01   -12.13430     0.17111    -0.33670   -11.96872
    0.69000E-01   -12.13126     0.17202    -0.33568   -11.96759
    0.75000E-01   -12.12848     0.17277    -0.33483   -11.96642
    0.81000E-01   -12.12602     0.17332    -0.33411   -11.96523
    0.87000E-01   -12.12367     0.17376    -0.33355   -11.96388
    0.93000E-01   -12.12132     0.17412    -0.33301   -11.96243
    0.99000E-01   -12.11919     0.17438    -0.33262   -11.96095
    0.10500       -12.11704     0.17461    -0.33229   -11.95936
    0.11100       -12.11500     0.17480    -0.33205   -11.95775
    0.11700       -12.11297     0.17490    -0.33178   -11.95609
    0.12300       -12.11086     0.17503    -0.33157   -11.95433
    0.12900       -12.10872     0.17513    -0.33138   -11.95248
    0.13500       -12.10658     0.17519    -0.33119   -11.95057
    0.14100       -12.10457     0.17524    -0.33108   -11.94873
    0.14700       -12.10240     0.17531    -0.33093   -11.94678
    0.15300       -12.09997     0.17557    -0.33081   -11.94473
    0.15900       -12.09755     0.17579    -0.33075   -11.94259
    0.16500       -12.09516     0.17599    -0.33063   -11.94053
    0.17100       -12.09274     0.17619    -0.33058   -11.93835
    0.17700       -12.09025     0.17636    -0.33048   -11.93613
    0.18300       -12.08791     0.17639    -0.33041   -11.93389
    0.18900       -12.08535     0.17642    -0.33037   -11.93141
    0.19500       -12.08309     0.17645    -0.33034   -11.92920
    0.20100       -12.08054     0.17661    -0.33030   -11.92685
    0.20700       -12.07793     0.17675    -0.33027   -11.92441
    0.21300       -12.07534     0.17689    -0.33019   -11.92205
    0.22700       -12.05330     0.17724    -0.33008   -11.90047
    0.34500       -11.97520     0.17813    -0.32998   -11.82335
    0.49500       -11.88880     0.17910    -0.32966   -11.73824
    0.64500       -11.79670     0.18034    -0.32936   -11.64768
    0.79500       -11.70170     0.18164    -0.32909   -11.55425
    0.94500       -11.60504     0.18280    -0.32886   -11.45898
     1.0950       -11.50709     0.18418    -0.32865   -11.36262
     1.2450       -11.40983     0.18547    -0.32846   -11.26684
     1.3950       -11.31359     0.18666    -0.32826   -11.17199
     1.5450       -11.21926     0.18777    -0.32809   -11.07894
     1.6950       -11.12756     0.18879    -0.32792   -10.98843
     1.8450       -11.03814     0.18975    -0.32776   -10.90013
     1.9950       -10.95069     0.19066    -0.32758   -10.81377
     2.1450       -10.86685     0.19151    -0.32741   -10.73094
     2.2950       -10.78594     0.19231    -0.32727   -10.65098
     2.4450       -10.70751     0.19307    -0.32714   -10.57344
     2.5950       -10.63264     0.19379    -0.32701   -10.49942
     2.7450       -10.56074     0.19449    -0.32686   -10.42836
     2.8950       -10.49104     0.19516    -0.32673   -10.35947
     3.0450       -10.42349     0.19580    -0.32661   -10.29268
     3.1950       -10.35891     0.19641    -0.32649   -10.22883
     3.3450       -10.29591     0.19700    -0.32636   -10.16654
     3.4950       -10.23583     0.19758    -0.32626   -10.10714
     3.6450       -10.17750     0.19813    -0.32616   -10.04947
     3.7950       -10.12136     0.19867    -0.32604    -9.99398
     3.9450       -10.06708     0.19917    -0.32594    -9.94032
     4.0950       -10.01444     0.19967    -0.32583    -9.88827
     4.2450        -9.96334     0.20014    -0.32573    -9.83775
     4.3950        -9.91379     0.20061    -0.32564    -9.78876
     4.5450        -9.86566     0.20106    -0.32554    -9.74117
     4.6950        -9.81888     0.20150    -0.32545    -9.69493
     4.8450        -9.77340     0.20193    -0.32535    -9.64998
     4.9950        -9.72921     0.20234    -0.32527    -9.60628
     5.1450        -9.68617     0.20275    -0.32518    -9.56374
     5.2950        -9.64428     0.20314    -0.32510    -9.52231
     5.4450        -9.60343     0.20353    -0.32502    -9.48194
     5.5950        -9.56353     0.20390    -0.32494    -9.44249
     5.7450        -9.52455     0.20427    -0.32485    -9.40397
     5.8950        -9.48654     0.20462    -0.32477    -9.36639
     6.0450        -9.44942     0.20497    -0.32469    -9.32970
     6.1950        -9.41312     0.20531    -0.32461    -9.29381
     6.3450        -9.37669     0.20564    -0.32454    -9.25778
     6.4950        -9.34200     0.20596    -0.32446    -9.22349
     6.6450        -9.30801     0.20628    -0.32440    -9.18990
     6.7950        -9.27474     0.20660    -0.32432    -9.15702
     6.9450        -9.24220     0.20691    -0.32424    -9.12486
     7.0950        -9.21026     0.20720    -0.32418    -9.09328
     7.2450        -9.17893     0.20750    -0.32412    -9.06231
     7.3950        -9.14813     0.20779    -0.32404    -9.03188
     7.5450        -9.11803     0.20807    -0.32398    -9.00212
     7.6950        -9.08842     0.20835    -0.32391    -8.97286
     7.8450        -9.05938     0.20863    -0.32384    -8.94416
     7.9950        -9.03084     0.20889    -0.32379    -8.91594
     8.1450        -9.00283     0.20916    -0.32373    -8.88826
     8.2950        -8.97525     0.20941    -0.32367    -8.86099
     8.4450        -8.94815     0.20967    -0.32361    -8.83421
     8.5950        -8.92157     0.20992    -0.32356    -8.80793
     8.7450        -8.89543     0.21017    -0.32349    -8.78211
     8.8950        -8.86971     0.21041    -0.32344    -8.75668
     9.0450        -8.84440     0.21065    -0.32338    -8.73167
     9.1950        -8.81955     0.21089    -0.32333    -8.70710
     9.3450        -8.79505     0.21112    -0.32329    -8.68289
     9.4950        -8.77084     0.21135    -0.32323    -8.65897
     9.6450        -8.74707     0.21158    -0.32319    -8.63546
     9.7950        -8.72363     0.21180    -0.32314    -8.61228
     9.9450        -8.70055     0.21202    -0.32309    -8.58948
     10.095        -8.67779     0.21223    -0.32305    -8.56697
     10.245        -8.65534     0.21244    -0.32300    -8.54479
     10.395        -8.63327     0.21265    -0.32295    -8.52297
     10.545        -8.61143     0.21286    -0.32290    -8.50139
     10.695        -8.58993     0.21306    -0.32284    -8.48015
     10.845        -8.56870     0.21326    -0.32280    -8.45916
     10.995        -8.54784     0.21346    -0.32275    -8.43855
     11.145        -8.52721     0.21365    -0.32270    -8.41816
     11.295        -8.50686     0.21385    -0.32267    -8.39804
     11.445        -8.48675     0.21404    -0.32261    -8.37818
     11.595        -8.46692     0.21422    -0.32257    -8.35858
     11.745        -8.44734     0.21441    -0.32252    -8.33923
     11.895        -8.42799     0.21459    -0.32247    -8.32012
     12.045        -8.40890     0.21478    -0.32243    -8.30125
     12.195        -8.39004     0.21496    -0.32237    -8.28263
     12.345        -8.37135     0.21513    -0.32233    -8.26415
     12.495        -8.35296     0.21531    -0.32230    -8.24597
     12.645        -8.33472     0.21548    -0.32225    -8.22795
     12.795        -8.31672     0.21565    -0.32221    -8.21017
     12.945        -8.29891     0.21583    -0.32217    -8.19257
     13.095        -8.28131     0.21599    -0.32212    -8.17518
     13.245        -8.26390     0.21615    -0.32208    -8.15797
     13.395        -8.24673     0.21632    -0.32205    -8.14100
     13.545        -8.22974     0.21649    -0.32201    -8.12422
     13.695        -8.21293     0.21664    -0.32197    -8.10760
     13.845        -8.19628     0.21680    -0.32192    -8.09116
     13.995        -8.17984     0.21696    -0.32189    -8.07491
     14.145        -8.16356     0.21711    -0.32185    -8.05882
     14.295        -8.14748     0.21726    -0.32181    -8.04293
     14.445        -8.13152     0.21741    -0.32177    -8.02716
     14.595        -8.11571     0.21756    -0.32173    -8.01154
     14.745        -8.10007     0.21771    -0.32170    -7.99608
     14.895        -8.08459     0.21785    -0.32166    -7.98079
     15.045        -8.06927     0.21800    -0.32162    -7.96565
     15.195        -8.05408     0.21814    -0.32158    -7.95064
     15.345        -8.03905     0.21828    -0.32154    -7.93578
     15.495        -8.02419     0.21842    -0.32151    -7.92110
     15.645        -8.00949     0.21856    -0.32147    -7.90657
     15.795        -7.99489     0.21870    -0.32144    -7.89215
     15.945        -7.98045     0.21884    -0.32140    -7.87789
     16.095        -7.96616     0.21898    -0.32137    -7.86376
     16.245        -7.95197     0.21912    -0.32133    -7.84976
     16.395        -7.93795     0.21926    -0.32129    -7.83591
     16.545        -7.92405     0.21939    -0.32126    -7.82218
     16.695        -7.91026     0.21952    -0.32121    -7.80857
     16.845        -7.89661     0.21965    -0.32118    -7.79509
     16.995        -7.88309     0.21978    -0.32115    -7.78172
     17.145        -7.86967     0.21990    -0.32111    -7.76846
     17.295        -7.85639     0.22003    -0.32108    -7.75534
     17.445        -7.84322     0.22016    -0.32105    -7.74233
     17.595        -7.83010     0.22028    -0.32101    -7.72936
     17.745        -7.81715     0.22040    -0.32098    -7.71657
     17.895        -7.80431     0.22053    -0.32095    -7.70389
     18.045        -7.79159     0.22065    -0.32091    -7.69132
     18.195        -7.77899     0.22077    -0.32088    -7.67888
     18.345        -7.76648     0.22089    -0.32085    -7.66652
     18.495        -7.75409     0.22101    -0.32082    -7.65428
     18.645        -7.74179     0.22113    -0.32079    -7.64213
     18.795        -7.72958     0.22124    -0.32076    -7.63006
     18.945        -7.71744     0.22136    -0.32073    -7.61806
     19.095        -7.70543     0.22147    -0.32071    -7.60619
     19.245        -7.69347     0.22158    -0.32068    -7.59437
     19.395        -7.68163     0.22170    -0.32064    -7.58269
     19.545        -7.66985     0.22181    -0.32062    -7.57105
     19.695        -7.65817     0.22192    -0.32059    -7.55951
     19.845        -7.64665     0.22203    -0.32055    -7.54812
     19.995        -7.63516     0.22214    -0.32052    -7.53678
     20.145        -7.62378     0.22225    -0.32049    -7.52554
     20.295        -7.61250     0.22236    -0.32046    -7.51440
     20.445        -7.60128     0.22246    -0.32043    -7.50331
     20.595        -7.59018     0.22257    -0.32041    -7.49234
     20.745        -7.57910     0.22268    -0.32038    -7.48140
     20.895        -7.56813     0.22278    -0.32035    -7.47056
     21.045        -7.55722     0.22289    -0.32032    -7.45978
     21.195        -7.54640     0.22299    -0.32029    -7.44910
     21.345        -7.53568     0.22310    -0.32027    -7.43852
     21.495        -7.52502     0.22320    -0.32023    -7.42798
     21.645        -7.51444     0.22330    -0.32022    -7.41752
     21.795        -7.50395     0.22340    -0.32018    -7.40716
     21.945        -7.49351     0.22350    -0.32016    -7.39685
     22.095        -7.48318     0.22360    -0.32014    -7.38664
     22.245        -7.47288     0.22370    -0.32011    -7.37647
     22.395        -7.46268     0.22380    -0.32007    -7.36640
     22.545        -7.45256     0.22390    -0.32005    -7.35641
     22.695        -7.44248     0.22399    -0.32003    -7.34644
     22.845        -7.43249     0.22409    -0.32001    -7.33657
     22.995        -7.42255     0.22419    -0.31998    -7.32676
     23.145        -7.41272     0.22428    -0.31996    -7.31704
     23.295        -7.40292     0.22437    -0.31994    -7.30736
     23.445        -7.39319     0.22447    -0.31992    -7.29774
     23.595        -7.38351     0.22456    -0.31989    -7.28819
     23.745        -7.37392     0.22465    -0.31986    -7.27871
     23.895        -7.36437     0.22475    -0.31984    -7.26928
     24.045        -7.35485     0.22483    -0.31981    -7.25988
     24.195        -7.34544     0.22492    -0.31978    -7.25058
     24.345        -7.33609     0.22501    -0.31975    -7.24135
     24.495        -7.32679     0.22510    -0.31973    -7.23216
     24.645        -7.31756     0.22519    -0.31970    -7.22305
     24.795        -7.30836     0.22528    -0.31968    -7.21396
     24.945        -7.29921     0.22536    -0.31965    -7.20492
     25.095        -7.29014     0.22545    -0.31963    -7.19597
     25.245        -7.28113     0.22554    -0.31960    -7.18707
     25.395        -7.27218     0.22562    -0.31958    -7.17822
     25.545        -7.26324     0.22571    -0.31956    -7.16939
     25.695        -7.25439     0.22579    -0.31954    -7.16065
     25.845        -7.24560     0.22587    -0.31951    -7.15196
     25.995        -7.23686     0.22595    -0.31949    -7.14333
     26.145        -7.22816     0.22604    -0.31947    -7.13473
     26.295        -7.21952     0.22612    -0.31944    -7.12620
     26.445        -7.21089     0.22620    -0.31941    -7.11768
     26.595        -7.20235     0.22629    -0.31939    -7.10924
     26.745        -7.19381     0.22637    -0.31938    -7.10080
     26.895        -7.18538     0.22645    -0.31936    -7.09247
     27.045        -7.17699     0.22653    -0.31933    -7.08418
     27.195        -7.16867     0.22661    -0.31931    -7.07597
     27.345        -7.16036     0.22669    -0.31929    -7.06776
     27.495        -7.15213     0.22677    -0.31927    -7.05963
     27.645        -7.14393     0.22685    -0.31925    -7.05153
     27.795        -7.13578     0.22693    -0.31923    -7.04347
     27.945        -7.12763     0.22701    -0.31921    -7.03543
     28.095        -7.11956     0.22708    -0.31919    -7.02746
     28.245        -7.11151     0.22716    -0.31916    -7.01951
     28.395        -7.10350     0.22724    -0.31914    -7.01160
     28.545        -7.09558     0.22731    -0.31912    -7.00377
     28.695        -7.08766     0.22738    -0.31909    -6.99596
     28.845        -7.07981     0.22746    -0.31906    -6.98820
     28.995        -7.07200     0.22753    -0.31904    -6.98049
     29.145        -7.06423     0.22761    -0.31901    -6.97282
     29.295        -7.05654     0.22768    -0.31899    -6.96523
     29.445        -7.04887     0.22775    -0.31897    -6.95765
     29.595        -7.04125     0.22783    -0.31895    -6.95012
     29.745        -7.03365     0.22790    -0.31893    -6.94262
     29.895        -7.02611     0.22797    -0.31891    -6.93517
     30.045        -7.01857     0.22804    -0.31889    -6.92772
     30.195        -7.01106     0.22811    -0.31887    -6.92030
     30.345        -7.00363     0.22818    -0.31885    -6.91296
     30.495        -6.99623     0.22825    -0.31883    -6.90565
     30.645        -6.98886     0.22832    -0.31881    -6.89836
     30.795        -6.98150     0.22839    -0.31880    -6.89109
     30.945        -6.97416     0.22846    -0.31878    -6.88384
     31.095        -6.96693     0.22853    -0.31876    -6.87670
     31.245        -6.95972     0.22860    -0.31874    -6.86957
     31.395        -6.95256     0.22867    -0.31872    -6.86251
     31.545        -6.94543     0.22873    -0.31870    -6.85547
     31.695        -6.93831     0.22880    -0.31868    -6.84844
     31.845        -6.93121     0.22887    -0.31866    -6.84142
     31.995        -6.92415     0.22894    -0.31864    -6.83445
     32.145        -6.91715     0.22901    -0.31862    -6.82754
     32.295        -6.91020     0.22907    -0.31860    -6.82067
     32.445        -6.90325     0.22914    -0.31858    -6.81381
     32.595        -6.89632     0.22921    -0.31856    -6.80698
     32.745        -6.88946     0.22928    -0.31854    -6.80020
     32.895        -6.88262     0.22934    -0.31852    -6.79344
     33.045        -6.87583     0.22940    -0.31851    -6.78673
     33.195        -6.86906     0.22947    -0.31849    -6.78004
     33.345        -6.86229     0.22954    -0.31846    -6.77336
     33.495        -6.85559     0.22960    -0.31844    -6.76675
     33.645        -6.84891     0.22967    -0.31843    -6.76015
     33.795        -6.84226     0.22973    -0.31841    -6.75358
     33.945        -6.83563     0.22979    -0.31839    -6.74703
     34.095        -6.82904     0.22985    -0.31838    -6.74052
     34.245        -6.82249     0.22992    -0.31835    -6.73405
     34.395        -6.81596     0.22998    -0.31834    -6.72760
     34.545        -6.80947     0.23004    -0.31832    -6.72118
     34.695        -6.80298     0.23010    -0.31830    -6.71478
     34.845        -6.79655     0.23016    -0.31829    -6.70843
     34.995        -6.79015     0.23022    -0.31827    -6.70211
     35.145        -6.78374     0.23029    -0.31825    -6.69578
     35.295        -6.77740     0.23035    -0.31823    -6.68951
     35.445        -6.77106     0.23041    -0.31822    -6.68325
     35.595        -6.76476     0.23047    -0.31820    -6.67703
     35.745        -6.75847     0.23053    -0.31818    -6.67082
     35.895        -6.75221     0.23059    -0.31816    -6.66464
     36.045        -6.74596     0.23064    -0.31814    -6.65846
     36.195        -6.73975     0.23070    -0.31812    -6.65233
     36.345        -6.73357     0.23076    -0.31810    -6.64623
     36.495        -6.72743     0.23082    -0.31808    -6.64017
     36.645        -6.72134     0.23088    -0.31807    -6.63415
     36.795        -6.71525     0.23093    -0.31805    -6.62813
     36.945        -6.70920     0.23099    -0.31804    -6.62216
     37.095        -6.70318     0.23105    -0.31802    -6.61621
     37.245        -6.69717     0.23110    -0.31800    -6.61028
     37.395        -6.69119     0.23116    -0.31798    -6.60437
     37.545        -6.68522     0.23122    -0.31796    -6.59848
     37.695        -6.67930     0.23128    -0.31795    -6.59263
     37.845        -6.67340     0.23133    -0.31793    -6.58680
     37.995        -6.66752     0.23139    -0.31791    -6.58100
     38.145        -6.66170     0.23145    -0.31790    -6.57525
     38.295        -6.65587     0.23150    -0.31788    -6.56949
     38.445        -6.65005     0.23156    -0.31787    -6.56374
     38.595        -6.64426     0.23161    -0.31785    -6.55802
     38.745        -6.63851     0.23167    -0.31783    -6.55235
     38.895        -6.63279     0.23172    -0.31782    -6.54669
     39.045        -6.62707     0.23178    -0.31781    -6.54105
     39.195        -6.62137     0.23183    -0.31779    -6.53541
     39.345        -6.61570     0.23189    -0.31777    -6.52982
     39.495        -6.61005     0.23194    -0.31776    -6.52423
     39.645        -6.60442     0.23199    -0.31774    -6.51867
     39.795        -6.59882     0.23205    -0.31773    -6.51314
     39.945        -6.59323     0.23210    -0.31771    -6.50762
     40.095        -6.58768     0.23216    -0.31770    -6.50214
     40.245        -6.58214     0.23221    -0.31769    -6.49666
     40.395        -6.57663     0.23227    -0.31767    -6.49122
     40.545        -6.57109     0.23232    -0.31766    -6.48575
     40.695        -6.56563     0.23237    -0.31764    -6.48036
     40.845        -6.56021     0.23242    -0.31763    -6.47500
     40.995        -6.55479     0.23247    -0.31761    -6.46965
     41.145        -6.54938     0.23252    -0.31760    -6.46430
     41.295        -6.54400     0.23257    -0.31759    -6.45899
     41.445        -6.53862     0.23262    -0.31757    -6.45367
     41.595        -6.53330     0.23268    -0.31756    -6.44841
     41.745        -6.52795     0.23273    -0.31754    -6.44314
     41.895        -6.52264     0.23278    -0.31752    -6.43790
     42.045        -6.51736     0.23283    -0.31751    -6.43268
     42.195        -6.51210     0.23288    -0.31749    -6.42748
     42.345        -6.50686     0.23293    -0.31748    -6.42231
     42.495        -6.50165     0.23298    -0.31746    -6.41717
     42.645        -6.49644     0.23303    -0.31745    -6.41202
     42.795        -6.49125     0.23308    -0.31743    -6.40690
     42.945        -6.48608     0.23313    -0.31742    -6.40179
     43.095        -6.48093     0.23318    -0.31740    -6.39670
     43.245        -6.47580     0.23323    -0.31739    -6.39164
     43.395        -6.47069     0.23327    -0.31737    -6.38659
     43.545        -6.46559     0.23333    -0.31736    -6.38155
     43.695        -6.46050     0.23338    -0.31734    -6.37654
     43.845        -6.45544     0.23343    -0.31733    -6.37154
     43.995        -6.45040     0.23348    -0.31731    -6.36657
     44.145        -6.44539     0.23353    -0.31730    -6.36161
     44.295        -6.44040     0.23358    -0.31729    -6.35669
     44.445        -6.43543     0.23362    -0.31727    -6.35178
     44.595        -6.43047     0.23367    -0.31726    -6.34688
     44.745        -6.42552     0.23372    -0.31724    -6.34200
     44.895        -6.42057     0.23376    -0.31722    -6.33711
     45.045        -6.41566     0.23381    -0.31721    -6.33226
     45.195        -6.41076     0.23386    -0.31720    -6.32743
     45.345        -6.40590     0.23391    -0.31719    -6.32262
     45.495        -6.40104     0.23395    -0.31717    -6.31782
     45.645        -6.39619     0.23400    -0.31715    -6.31303
     45.795        -6.39138     0.23404    -0.31714    -6.30829
     45.945        -6.38659     0.23409    -0.31712    -6.30355
     46.095        -6.38178     0.23414    -0.31711    -6.29881
     46.245        -6.37701     0.23418    -0.31709    -6.29410
     46.395        -6.37226     0.23423    -0.31708    -6.28941
     46.545        -6.36752     0.23427    -0.31707    -6.28473
     46.695        -6.36278     0.23432    -0.31706    -6.28005
     46.845        -6.35809     0.23436    -0.31704    -6.27541
     46.995        -6.35340     0.23441    -0.31702    -6.27079
     47.145        -6.34873     0.23446    -0.31701    -6.26618
     47.295        -6.34405     0.23450    -0.31700    -6.26155
     47.445        -6.33941     0.23454    -0.31699    -6.25696
     47.595        -6.33474     0.23459    -0.31697    -6.25236
     47.745        -6.33013     0.23463    -0.31696    -6.24781
     47.895        -6.32553     0.23468    -0.31694    -6.24327
     48.045        -6.32093     0.23472    -0.31693    -6.23872
     48.195        -6.31635     0.23476    -0.31692    -6.23419
     48.345        -6.31181     0.23481    -0.31691    -6.22971
     48.495        -6.30728     0.23485    -0.31690    -6.22524
     48.645        -6.30276     0.23490    -0.31688    -6.22077
     48.795        -6.29825     0.23494    -0.31687    -6.21632
     48.945        -6.29376     0.23498    -0.31686    -6.21188
     49.095        -6.28929     0.23502    -0.31684    -6.20747
     49.245        -6.28482     0.23506    -0.31683    -6.20305
     49.395        -6.28036     0.23511    -0.31682    -6.19865
     49.545        -6.27593     0.23515    -0.31681    -6.19427
     49.695        -6.27151     0.23519    -0.31679    -6.18991
     49.845        -6.26711     0.23523    -0.31678    -6.18556
     49.995        -6.26272     0.23528    -0.31676    -6.18123
     50.145        -6.25834     0.23532    -0.31675    -6.17691
     50.295        -6.25401     0.23536    -0.31674    -6.17263
     50.445        -6.24966     0.23540    -0.31672    -6.16833
     50.595        -6.24533     0.23544    -0.31671    -6.16406
     50.745        -6.24101     0.23549    -0.31670    -6.15980
     50.895        -6.23670     0.23553    -0.31669    -6.15554
     51.045        -6.23240     0.23557    -0.31667    -6.15130
     51.195        -6.22812     0.23561    -0.31666    -6.14707
     51.345        -6.22382     0.23565    -0.31665    -6.14282
     51.495        -6.21957     0.23569    -0.31664    -6.13863
     51.645        -6.21534     0.23573    -0.31662    -6.13445
     51.795        -6.21110     0.23577    -0.31661    -6.13026
     51.945        -6.20690     0.23581    -0.31660    -6.12611
     52.095        -6.20269     0.23585    -0.31659    -6.12195
     52.245        -6.19846     0.23589    -0.31658    -6.11778
     52.395        -6.19429     0.23593    -0.31656    -6.11366
     52.545        -6.19014     0.23597    -0.31655    -6.10956
     52.695        -6.18599     0.23601    -0.31654    -6.10546
     52.845        -6.18183     0.23605    -0.31653    -6.10135
     52.995        -6.17769     0.23609    -0.31651    -6.09726
     53.145        -6.17357     0.23613    -0.31650    -6.09320
     53.295        -6.16947     0.23617    -0.31649    -6.08915
     53.445        -6.16538     0.23621    -0.31648    -6.08511
     53.595        -6.16131     0.23625    -0.31647    -6.08109
     53.745        -6.15723     0.23629    -0.31646    -6.07706
     53.895        -6.15315     0.23633    -0.31645    -6.07303
     54.045        -6.14912     0.23636    -0.31644    -6.06904
     54.195        -6.14510     0.23640    -0.31643    -6.06508
     54.345        -6.14109     0.23644    -0.31641    -6.06112
     54.495        -6.13707     0.23648    -0.31640    -6.05715
     54.645        -6.13307     0.23652    -0.31639    -6.05320
     54.795        -6.12909     0.23656    -0.31638    -6.04927
     54.945        -6.12512     0.23659    -0.31637    -6.04534
     55.095        -6.12117     0.23663    -0.31636    -6.04144
     59.433        -5.81058     0.23962    -0.31543    -5.73477
     80.646        -5.35594     0.24400    -0.31405    -5.28589
     111.21        -4.91291     0.24829    -0.31268    -4.84852
     153.36        -4.48220     0.25244    -0.31128    -4.42336
     211.49        -4.06402     0.25647    -0.30984    -4.01065
     291.64        -3.65877     0.26039    -0.30840    -3.61076
     402.18        -3.26580     0.26419    -0.30702    -3.22298
     554.60        -2.88529     0.26787    -0.30567    -2.84748
     764.80        -2.51681     0.27144    -0.30432    -2.48392
     1054.7        -2.16021     0.27488    -0.30296    -2.13213
     1454.4        -1.81475     0.27821    -0.30164    -1.79133
     2005.6        -1.47979     0.28144    -0.30036    -1.46087
     2765.8        -1.15527     0.28456    -0.29910    -1.14073
     3814.0        -0.84026     0.28759    -0.29787    -0.82997
     5259.5        -0.53487     0.29052    -0.29670    -0.52869
     7252.9        -0.23825     0.29335    -0.29555    -0.23605
     10002.         0.04937     0.29611    -0.29445     0.04771
     13793.         0.32790     0.29879    -0.29340     0.32251
     19020.         0.59656     0.30137    -0.29237     0.58755
     26229.         0.85494     0.30388    -0.29141     0.84246
     36170.         1.10275     0.30632    -0.29047     1.08691
     49878.         1.34003     0.30866    -0.28960     1.32096
     68782.         1.56676     0.31091    -0.28878     1.54464
     94851.         1.78335     0.31306    -0.28799     1.75827
    0.13080E+06     1.98997     0.31514    -0.28725     1.96208
    0.18038E+06     2.18707     0.31711    -0.28655     2.15651
    0.24874E+06     2.37520     0.31900    -0.28587     2.34207
    0.34301E+06     2.55458     0.32080    -0.28524     2.51902
    0.47302E+06     2.72530     0.32252    -0.28464     2.68742
    0.65229E+06     2.88802     0.32415    -0.28406     2.84792
    0.89952E+06     3.04279     0.32571    -0.28353     3.00061
    0.12404E+07     3.19035     0.32721    -0.28303     3.14617
    0.17106E+07     3.33063     0.32862    -0.28256     3.28457
    0.23589E+07     3.46418     0.32997    -0.28212     3.41633
    0.32529E+07     3.59120     0.33124    -0.28171     3.54167
    0.44858E+07     3.71222     0.33246    -0.28133     3.66109
    0.61860E+07     3.82732     0.33363    -0.28098     3.77467
    0.85305E+07     3.93685     0.33474    -0.28065     3.88277
    0.11764E+08     4.04108     0.33580    -0.28034     3.98562
    0.16222E+08     4.14023     0.33679    -0.28004     4.08348
    0.22370E+08     4.23443     0.33775    -0.27976     4.17643
    0.30849E+08     4.32330     0.33865    -0.27951     4.26416
    0.42541E+08     4.40650     0.33951    -0.27928     4.34627
    0.58664E+08     4.48433     0.34032    -0.27906     4.42307
    0.80898E+08     4.55729     0.34109    -0.27886     4.49506
    0.11156E+09     4.62578     0.34181    -0.27867     4.56264
    0.15384E+09     4.69021     0.34248    -0.27851     4.62624
    0.21215E+09     4.75082     0.34311    -0.27835     4.68607
    0.29255E+09     4.80795     0.34371    -0.27822     4.74245
    0.40343E+09     4.86168     0.34426    -0.27809     4.79551
    0.55633E+09     4.91230     0.34478    -0.27796     4.84548
    0.76719E+09     4.95859     0.34528    -0.27785     4.89116
    0.10580E+10     5.00055     0.34574    -0.27774     4.93256
    0.14589E+10     5.03906     0.34618    -0.27766     4.97053
    0.20119E+10     5.07446     0.34658    -0.27757     5.00545
    0.27744E+10     5.10709     0.34694    -0.27749     5.03763
    0.38259E+10     5.13720     0.34727    -0.27740     5.06733
    0.52760E+10     5.16496     0.34758    -0.27734     5.09472
    0.72756E+10     5.19061     0.34786    -0.27728     5.12003
    0.10033E+11     5.21426     0.34812    -0.27723     5.14337
    0.13836E+11     5.23609     0.34836    -0.27718     5.16490
    0.19079E+11     5.25627     0.34858    -0.27713     5.18481
    0.26311E+11     5.27487     0.34879    -0.27708     5.20317
    0.36283E+11     5.29205     0.34897    -0.27704     5.22012
    0.50034E+11     5.30788     0.34915    -0.27700     5.23573
    0.68997E+11     5.32251     0.34931    -0.27697     5.25017
    0.10000E+12     5.49758     0.35122    -0.27651     5.42287
