    -99.945         0.00000     0.00000     0.00000     0.00000
    -99.795         0.00000     0.00000     0.00000     0.00000
    -99.645         0.00000     0.00000     0.00000     0.00000
    -99.495         0.00000     0.00000     0.00000     0.00000
    -99.345         0.00000     0.00000     0.00000     0.00000
    -99.195         0.00000     0.00000     0.00000     0.00000
    -99.045         0.00000     0.00000     0.00000     0.00000
    -98.895         0.00000     0.00000     0.00000     0.00000
    -98.745         0.00000     0.00000     0.00000     0.00000
    -98.595         0.00000     0.00000     0.00000     0.00000
    -98.445         0.00000     0.00000     0.00000     0.00000
    -98.295         0.00000     0.00000     0.00000     0.00000
    -98.145         0.00000     0.00000     0.00000     0.00000
    -97.995         0.00000     0.00000     0.00000     0.00000
    -97.845         0.00000     0.00000     0.00000     0.00000
    -97.695         0.00000     0.00000     0.00000     0.00000
    -97.545         0.00000     0.00000     0.00000     0.00000
    -97.395         0.00000     0.00000     0.00000     0.00000
    -97.245         0.00000     0.00000     0.00000     0.00000
    -97.095         0.00000     0.00000     0.00000     0.00000
    -96.945         0.00000     0.00000     0.00000     0.00000
    -96.795         0.00000     0.00000     0.00000     0.00000
    -96.645         0.00000     0.00000     0.00000     0.00000
    -96.495         0.00000     0.00000     0.00000     0.00000
    -96.345         0.00000     0.00000     0.00000     0.00000
    -96.195         0.00000     0.00000     0.00000     0.00000
    -96.045         0.00000     0.00000     0.00000     0.00000
    -95.895         0.00000     0.00000     0.00000     0.00000
    -95.745         0.00000     0.00000     0.00000     0.00000
    -95.595         0.00000     0.00000     0.00000     0.00000
    -95.445         0.00000     0.00000     0.00000     0.00000
    -95.295         0.00000     0.00000     0.00000     0.00000
    -95.145         0.00000     0.00000     0.00000     0.00000
    -94.995         0.00000     0.00000     0.00000     0.00000
    -94.845         0.00000     0.00000     0.00000     0.00000
    -94.695         0.00000     0.00000     0.00000     0.00000
    -94.545         0.00000     0.00000     0.00000     0.00000
    -94.395         0.00000     0.00000     0.00000     0.00000
    -94.245         0.00000     0.00000     0.00000     0.00000
    -94.095         0.00000     0.00000     0.00000     0.00000
    -93.945         0.00000     0.00000     0.00000     0.00000
    -93.795         0.00000     0.00000     0.00000     0.00000
    -93.645         0.00000     0.00000     0.00000     0.00000
    -93.495         0.00000     0.00000     0.00000     0.00000
    -93.345         0.00000     0.00000     0.00000     0.00000
    -93.195         0.00000     0.00000     0.00000     0.00000
    -93.045         0.00000     0.00000     0.00000     0.00000
    -92.895         0.00000     0.00000     0.00000     0.00000
    -92.745         0.00000     0.00000     0.00000     0.00000
    -92.595         0.00000     0.00000     0.00000     0.00000
    -92.445         0.00000     0.00000     0.00000     0.00000
    -92.295         0.00000     0.00000     0.00000     0.00000
    -92.145         0.00000     0.00000     0.00000     0.00000
    -91.995         0.00000     0.00000     0.00000     0.00000
    -91.845         0.00000     0.00000     0.00000     0.00000
    -91.695         0.00000     0.00000     0.00000     0.00000
    -91.545         0.00000     0.00000     0.00000     0.00000
    -91.395         0.00000     0.00000     0.00000     0.00000
    -91.245         0.00000     0.00000     0.00000     0.00000
    -91.095         0.00000     0.00000     0.00000     0.00000
    -90.945         0.00000     0.00000     0.00000     0.00000
    -90.795         0.00000     0.00000     0.00000     0.00000
    -90.645         0.00000     0.00000     0.00000     0.00000
    -90.495         0.00000     0.00000     0.00000     0.00000
    -90.345         0.00000     0.00000     0.00000     0.00000
    -90.195         0.00000     0.00000     0.00000     0.00000
    -90.045         0.00000     0.00000     0.00000     0.00000
    -89.895         0.00000     0.00000     0.00000     0.00000
    -89.745         0.00000     0.00000     0.00000     0.00000
    -89.595         0.00000     0.00000     0.00000     0.00000
    -89.445         0.00000     0.00000     0.00000     0.00000
    -89.295         0.00000     0.00000     0.00000     0.00000
    -89.145         0.00000     0.00000     0.00000     0.00000
    -88.995         0.00000     0.00000     0.00000     0.00000
    -88.845         0.00000     0.00000     0.00000     0.00000
    -88.695         0.00000     0.00000     0.00000     0.00000
    -88.545         0.00000     0.00000     0.00000     0.00000
    -88.395         0.00000     0.00000     0.00000     0.00000
    -88.245         0.00000     0.00000     0.00000     0.00000
    -88.095         0.00000     0.00000     0.00000     0.00000
    -87.945         0.00000     0.00000     0.00000     0.00000
    -87.795         0.00000     0.00000     0.00000     0.00000
    -87.645         0.00000     0.00000     0.00000     0.00000
    -87.495         0.00000     0.00000     0.00000     0.00000
    -87.345         0.00000     0.00000     0.00000     0.00000
    -87.195         0.00000     0.00000     0.00000     0.00000
    -87.045         0.00000     0.00000     0.00000     0.00000
    -86.895         0.00000     0.00000     0.00000     0.00000
    -86.745         0.00000     0.00000     0.00000     0.00000
    -86.595         0.00000     0.00000     0.00000     0.00000
    -86.445         0.00000     0.00000     0.00000     0.00000
    -86.295         0.00000     0.00000     0.00000     0.00000
    -86.145         0.00000     0.00000     0.00000     0.00000
    -85.995         0.00000     0.00000     0.00000     0.00000
    -85.845         0.00000     0.00000     0.00000     0.00000
    -85.695         0.00000     0.00000     0.00000     0.00000
    -85.545         0.00000     0.00000     0.00000     0.00000
    -85.395         0.00000     0.00000     0.00000     0.00000
    -85.245         0.00000     0.00000     0.00000     0.00000
    -85.095         0.00000     0.00000     0.00000     0.00000
    -84.945         0.00000     0.00000     0.00000     0.00000
    -84.795         0.00000     0.00000     0.00000     0.00000
    -84.645         0.00000     0.00000     0.00000     0.00000
    -84.495         0.00000     0.00000     0.00000     0.00000
    -84.345         0.00000     0.00000     0.00000     0.00000
    -84.195         0.00000     0.00000     0.00000     0.00000
    -84.045         0.00000     0.00000     0.00000     0.00000
    -83.895         0.00000     0.00000     0.00000     0.00000
    -83.745         0.00000     0.00000     0.00000     0.00000
    -83.595         0.00000     0.00000     0.00000     0.00000
    -83.445         0.00000     0.00000     0.00000     0.00000
    -83.295         0.00000     0.00000     0.00000     0.00000
    -83.145         0.00000     0.00000     0.00000     0.00000
    -82.995         0.00000     0.00000     0.00000     0.00000
    -82.845         0.00000     0.00000     0.00000     0.00000
    -82.695         0.00000     0.00000     0.00000     0.00000
    -82.545         0.00000     0.00000     0.00000     0.00000
    -82.395         0.00000     0.00000     0.00000     0.00000
    -82.245         0.00000     0.00000     0.00000     0.00000
    -82.095         0.00000     0.00000     0.00000     0.00000
    -81.945         0.00000     0.00000     0.00000     0.00000
    -81.795         0.00000     0.00000     0.00000     0.00000
    -81.645         0.00000     0.00000     0.00000     0.00000
    -81.495         0.00000     0.00000     0.00000     0.00000
    -81.345         0.00000     0.00000     0.00000     0.00000
    -81.195         0.00000     0.00000     0.00000     0.00000
    -81.045         0.00000     0.00000     0.00000     0.00000
    -80.895         0.00000     0.00000     0.00000     0.00000
    -80.745         0.00000     0.00000     0.00000     0.00000
    -80.595         0.00000     0.00000     0.00000     0.00000
    -80.445         0.00000     0.00000     0.00000     0.00000
    -80.295         0.00000     0.00000     0.00000     0.00000
    -80.145         0.00000     0.00000     0.00000     0.00000
    -79.995         0.00000     0.00000     0.00000     0.00000
    -79.845         0.00000     0.00000     0.00000     0.00000
    -79.695         0.00000     0.00000     0.00000     0.00000
    -79.545         0.00000     0.00000     0.00000     0.00000
    -79.395         0.00000     0.00000     0.00000     0.00000
    -79.245         0.00000     0.00000     0.00000     0.00000
    -79.095         0.00000     0.00000     0.00000     0.00000
    -78.945         0.00000     0.00000     0.00000     0.00000
    -78.795         0.00000     0.00000     0.00000     0.00000
    -78.645         0.00000     0.00000     0.00000     0.00000
    -78.495         0.00000     0.00000     0.00000     0.00000
    -78.345         0.00000     0.00000     0.00000     0.00000
    -78.195         0.00000     0.00000     0.00000     0.00000
    -78.045         0.00000     0.00000     0.00000     0.00000
    -77.895         0.00000     0.00000     0.00000     0.00000
    -77.745         0.00000     0.00000     0.00000     0.00000
    -77.595         0.00000     0.00000     0.00000     0.00000
    -77.445         0.00000     0.00000     0.00000     0.00000
    -77.295         0.00000     0.00000     0.00000     0.00000
    -77.145         0.00000     0.00000     0.00000     0.00000
    -76.995         0.00000     0.00000     0.00000     0.00000
    -76.845         0.00000     0.00000     0.00000     0.00000
    -76.695         0.00000     0.00000     0.00000     0.00000
    -76.545         0.00000     0.00000     0.00000     0.00000
    -76.395         0.00000     0.00000     0.00000     0.00000
    -76.245         0.00000     0.00000     0.00000     0.00000
    -76.095         0.00000     0.00000     0.00000     0.00000
    -75.945         0.00000     0.00000     0.00000     0.00000
    -75.795         0.00000     0.00000     0.00000     0.00000
    -75.645         0.00000     0.00000     0.00000     0.00000
    -75.495         0.00000     0.00000     0.00000     0.00000
    -75.345         0.00000     0.00000     0.00000     0.00000
    -75.195         0.00000     0.00000     0.00000     0.00000
    -75.045         0.00000     0.00000     0.00000     0.00000
    -74.895         0.00000     0.00000     0.00000     0.00000
    -74.745         0.00000     0.00000     0.00000     0.00000
    -74.595         0.00000     0.00000     0.00000     0.00000
    -74.445         0.00000     0.00000     0.00000     0.00000
    -74.295         0.00000     0.00000     0.00000     0.00000
    -74.145         0.00000     0.00000     0.00000     0.00000
    -73.995         0.00000     0.00000     0.00000     0.00000
    -73.845         0.00000     0.00000     0.00000     0.00000
    -73.695         0.00000     0.00000     0.00000     0.00000
    -73.545         0.00000     0.00000     0.00000     0.00000
    -73.395         0.00000     0.00000     0.00000     0.00000
    -73.245         0.00000     0.00000     0.00000     0.00000
    -73.095         0.00000     0.00000     0.00000     0.00000
    -72.945         0.00000     0.00000     0.00000     0.00000
    -72.795         0.00000     0.00000     0.00000     0.00000
    -72.645         0.00000     0.00000     0.00000     0.00000
    -72.495         0.00000     0.00000     0.00000     0.00000
    -72.345         0.00000     0.00000     0.00000     0.00000
    -72.195         0.00000     0.00000     0.00000     0.00000
    -72.045         0.00000     0.00000     0.00000     0.00000
    -71.895         0.00000     0.00000     0.00000     0.00000
    -71.745         0.00000     0.00000     0.00000     0.00000
    -71.595         0.00000     0.00000     0.00000     0.00000
    -71.445         0.00000     0.00000     0.00000     0.00000
    -71.295         0.00000     0.00000     0.00000     0.00000
    -71.145         0.00000     0.00000     0.00000     0.00000
    -70.995         0.00000     0.00000     0.00000     0.00000
    -70.845         0.00000     0.00000     0.00000     0.00000
    -70.695         0.00000     0.00000     0.00000     0.00000
    -70.545         0.00000     0.00000     0.00000     0.00000
    -70.395         0.00000     0.00000     0.00000     0.00000
    -70.245         0.00000     0.00000     0.00000     0.00000
    -70.095         0.00000     0.00000     0.00000     0.00000
    -69.945         0.00000     0.00000     0.00000     0.00000
    -69.795         0.00000     0.00000     0.00000     0.00000
    -69.645         0.00000     0.00000     0.00000     0.00000
    -69.495         0.00000     0.00000     0.00000     0.00000
    -69.345         0.00000     0.00000     0.00000     0.00000
    -69.195         0.00000     0.00000     0.00000     0.00000
    -69.045         0.00000     0.00000     0.00000     0.00000
    -68.895         0.00000     0.00000     0.00000     0.00000
    -68.745         0.00000     0.00000     0.00000     0.00000
    -68.595         0.00000     0.00000     0.00000     0.00000
    -68.445         0.00000     0.00000     0.00000     0.00000
    -68.295         0.00000     0.00000     0.00000     0.00000
    -68.145         0.00000     0.00000     0.00000     0.00000
    -67.995         0.00000     0.00000     0.00000     0.00000
    -67.845         0.00000     0.00000     0.00000     0.00000
    -67.695         0.00000     0.00000     0.00000     0.00000
    -67.545         0.00000     0.00000     0.00000     0.00000
    -67.395         0.00000     0.00000     0.00000     0.00000
    -67.245         0.00000     0.00000     0.00000     0.00000
    -67.095         0.00000     0.00000     0.00000     0.00000
    -66.945         0.00000     0.00000     0.00000     0.00000
    -66.795         0.00000     0.00000     0.00000     0.00000
    -66.645         0.00000     0.00000     0.00000     0.00000
    -66.495         0.00000     0.00000     0.00000     0.00000
    -66.345         0.00000     0.00000     0.00000     0.00000
    -66.195         0.00000     0.00000     0.00000     0.00000
    -66.045         0.00000     0.00000     0.00000     0.00000
    -65.895         0.00000     0.00000     0.00000     0.00000
    -65.745         0.00000     0.00000     0.00000     0.00000
    -65.595         0.00000     0.00000     0.00000     0.00000
    -65.445         0.00000     0.00000     0.00000     0.00000
    -65.295         0.00000     0.00000     0.00000     0.00000
    -65.145         0.00000     0.00000     0.00000     0.00000
    -64.995         0.00000     0.00000     0.00000     0.00000
    -64.845         0.00000     0.00000     0.00000     0.00000
    -64.695         0.00000     0.00000     0.00000     0.00000
    -64.545         0.00000     0.00000     0.00000     0.00000
    -64.395         0.00000     0.00000     0.00000     0.00000
    -64.245         0.00000     0.00000     0.00000     0.00000
    -64.095         0.00000     0.00000     0.00000     0.00000
    -63.945         0.00000     0.00000     0.00000     0.00000
    -63.795         0.00000     0.00000     0.00000     0.00000
    -63.645         0.00000     0.00000     0.00000     0.00000
    -63.495         0.00000     0.00000     0.00000     0.00000
    -63.345         0.00000     0.00000     0.00000     0.00000
    -63.195         0.00000     0.00000     0.00000     0.00000
    -63.045         0.00000     0.00000     0.00000     0.00000
    -62.895         0.00000     0.00000     0.00000     0.00000
    -62.745         0.00000     0.00000     0.00000     0.00000
    -62.595         0.00000     0.00000     0.00000     0.00000
    -62.445         0.00000     0.00000     0.00000     0.00000
    -62.295         0.00000     0.00000     0.00000     0.00000
    -62.145         0.00000     0.00000     0.00000     0.00000
    -61.995         0.00000     0.00000     0.00000     0.00000
    -61.845         0.00000     0.00000     0.00000     0.00000
    -61.695         0.00000     0.00000     0.00000     0.00000
    -61.545         0.00000     0.00000     0.00000     0.00000
    -61.395         0.00000     0.00000     0.00000     0.00000
    -61.245         0.00000     0.00000     0.00000     0.00000
    -61.095         0.00000     0.00000     0.00000     0.00000
    -60.945         0.00000     0.00000     0.00000     0.00000
    -60.795         0.00000     0.00000     0.00000     0.00000
    -60.645         0.00000     0.00000     0.00000     0.00000
    -60.495         0.00000     0.00000     0.00000     0.00000
    -60.345         0.00000     0.00000     0.00000     0.00000
    -60.195         0.00000     0.00000     0.00000     0.00000
    -60.045         0.00000     0.00000     0.00000     0.00000
    -59.895         0.00000     0.00000     0.00000     0.00000
    -59.745         0.00000     0.00000     0.00000     0.00000
    -59.595         0.00000     0.00000     0.00000     0.00000
    -59.445         0.00000     0.00000     0.00000     0.00000
    -59.295         0.00000     0.00000     0.00000     0.00000
    -59.145         0.00000     0.00000     0.00000     0.00000
    -58.995         0.00000     0.00000     0.00000     0.00000
    -58.845         0.00000     0.00000     0.00000     0.00000
    -58.695         0.00000     0.00000     0.00000     0.00000
    -58.545         0.00000     0.00000     0.00000     0.00000
    -58.395         0.00000     0.00000     0.00000     0.00000
    -58.245         0.00000     0.00000     0.00000     0.00000
    -58.095         0.00000     0.00000     0.00000     0.00000
    -57.945         0.00000     0.00000     0.00000     0.00000
    -57.795         0.00000     0.00000     0.00000     0.00000
    -57.645         0.00000     0.00000     0.00000     0.00000
    -57.495         0.00000     0.00000     0.00000     0.00000
    -57.345         0.00000     0.00000     0.00000     0.00000
    -57.195         0.00000     0.00000     0.00000     0.00000
    -57.045         0.00000     0.00000     0.00000     0.00000
    -56.895         0.00000     0.00000     0.00000     0.00000
    -56.745         0.00000     0.00000     0.00000     0.00000
    -56.595         0.00000     0.00000     0.00000     0.00000
    -56.445         0.00000     0.00000     0.00000     0.00000
    -56.295         0.00000     0.00000     0.00000     0.00000
    -56.145         0.00000     0.00000     0.00000     0.00000
    -55.995         0.00000     0.00000     0.00000     0.00000
    -55.845         0.00000     0.00000     0.00000     0.00000
    -55.695         0.00000     0.00000     0.00000     0.00000
    -55.545         0.00000     0.00000     0.00000     0.00000
    -55.395         0.00000     0.00000     0.00000     0.00000
    -55.245         0.00000     0.00000     0.00000     0.00000
    -55.095         0.00000     0.00000     0.00000     0.00000
    -54.945         0.00000     0.00000     0.00000     0.00000
    -54.795         0.00000     0.00000     0.00000     0.00000
    -54.645         0.00000     0.00000     0.00000     0.00000
    -54.495         0.00000     0.00000     0.00000     0.00000
    -54.345         0.00000     0.00000     0.00000     0.00000
    -54.195         0.00000     0.00000     0.00000     0.00000
    -54.045         0.00000     0.00000     0.00000     0.00000
    -53.895         0.00000     0.00000     0.00000     0.00000
    -53.745         0.00000     0.00000     0.00000     0.00000
    -53.595         0.00000     0.00000     0.00000     0.00000
    -53.445         0.00000     0.00000     0.00000     0.00000
    -53.295         0.00000     0.00000     0.00000     0.00000
    -53.145         0.00000     0.00000     0.00000     0.00000
    -52.995         0.00000     0.00000     0.00000     0.00000
    -52.845         0.00000     0.00000     0.00000     0.00000
    -52.695         0.00000     0.00000     0.00000     0.00000
    -52.545         0.00000     0.00000     0.00000     0.00000
    -52.395         0.00000     0.00000     0.00000     0.00000
    -52.245         0.00000     0.00000     0.00000     0.00000
    -52.095         0.00000     0.00000     0.00000     0.00000
    -51.945         0.00000     0.00000     0.00000     0.00000
    -51.795         0.00000     0.00000     0.00000     0.00000
    -51.645         0.00000     0.00000     0.00000     0.00000
    -51.495         0.00000     0.00000     0.00000     0.00000
    -51.345         0.00000     0.00000     0.00000     0.00000
    -51.195         0.00000     0.00000     0.00000     0.00000
    -51.045         0.00000     0.00000     0.00000     0.00000
    -50.895         0.00000     0.00000     0.00000     0.00000
    -50.745         0.00000     0.00000     0.00000     0.00000
    -50.595         0.00000     0.00000     0.00000     0.00000
    -50.445         0.00000     0.00000     0.00000     0.00000
    -50.295         0.00000     0.00000     0.00000     0.00000
    -50.145         0.00000     0.00000     0.00000     0.00000
    -49.995         0.00000     0.00000     0.00000     0.00000
    -49.845         0.00000     0.00000     0.00000     0.00000
    -49.695         0.00000     0.00000     0.00000     0.00000
    -49.545         0.00000     0.00000     0.00000     0.00000
    -49.395         0.00000     0.00000     0.00000     0.00000
    -49.245         0.00000     0.00000     0.00000     0.00000
    -49.095         0.00000     0.00000     0.00000     0.00000
    -48.945         0.00000     0.00000     0.00000     0.00000
    -48.795         0.00000     0.00000     0.00000     0.00000
    -48.645         0.00000     0.00000     0.00000     0.00000
    -48.495         0.00000     0.00000     0.00000     0.00000
    -48.345         0.00000     0.00000     0.00000     0.00000
    -48.195         0.00000     0.00000     0.00000     0.00000
    -48.045         0.00000     0.00000     0.00000     0.00000
    -47.895         0.00000     0.00000     0.00000     0.00000
    -47.745         0.00000     0.00000     0.00000     0.00000
    -47.595         0.00000     0.00000     0.00000     0.00000
    -47.445         0.00000     0.00000     0.00000     0.00000
    -47.295         0.00000     0.00000     0.00000     0.00000
    -47.145         0.00000     0.00000     0.00000     0.00000
    -46.995         0.00000     0.00000     0.00000     0.00000
    -46.845         0.00000     0.00000     0.00000     0.00000
    -46.695         0.00000     0.00000     0.00000     0.00000
    -46.545         0.00000     0.00000     0.00000     0.00000
    -46.395         0.00000     0.00000     0.00000     0.00000
    -46.245         0.00000     0.00000     0.00000     0.00000
    -46.095         0.00000     0.00000     0.00000     0.00000
    -45.945         0.00000     0.00000     0.00000     0.00000
    -45.795         0.00000     0.00000     0.00000     0.00000
    -45.645         0.00000     0.00000     0.00000     0.00000
    -45.495         0.00000     0.00000     0.00000     0.00000
    -45.345         0.00000     0.00000     0.00000     0.00000
    -45.195         0.00000     0.00000     0.00000     0.00000
    -45.045         0.00000     0.00000     0.00000     0.00000
    -44.895         0.00000     0.00000     0.00000     0.00000
    -44.745         0.00000     0.00000     0.00000     0.00000
    -44.595         0.00000     0.00000     0.00000     0.00000
    -44.445         0.00000     0.00000     0.00000     0.00000
    -44.295         0.00000     0.00000     0.00000     0.00000
    -44.145         0.00000     0.00000     0.00000     0.00000
    -43.995         0.00000     0.00000     0.00000     0.00000
    -43.845         0.00000     0.00000     0.00000     0.00000
    -43.695         0.00000     0.00000     0.00000     0.00000
    -43.545         0.00000     0.00000     0.00000     0.00000
    -43.395         0.00000     0.00000     0.00000     0.00000
    -43.245         0.00000     0.00000     0.00000     0.00000
    -43.095         0.00000     0.00000     0.00000     0.00000
    -42.945         0.00000     0.00000     0.00000     0.00000
    -42.795         0.00000     0.00000     0.00000     0.00000
    -42.645         0.00000     0.00000     0.00000     0.00000
    -42.495         0.00000     0.00000     0.00000     0.00000
    -42.345         0.00000     0.00000     0.00000     0.00000
    -42.195         0.00000     0.00000     0.00000     0.00000
    -42.045         0.00000     0.00000     0.00000     0.00000
    -41.895         0.00000     0.00000     0.00000     0.00000
    -41.745         0.00000     0.00000     0.00000     0.00000
    -41.595         0.00000     0.00000     0.00000     0.00000
    -41.445         0.00000     0.00000     0.00000     0.00000
    -41.295         0.00000     0.00000     0.00000     0.00000
    -41.145         0.00000     0.00000     0.00000     0.00000
    -40.995         0.00000     0.00000     0.00000     0.00000
    -40.845         0.00000     0.00000     0.00000     0.00000
    -40.695         0.00000     0.00000     0.00000     0.00000
    -40.545         0.00000     0.00000     0.00000     0.00000
    -40.395         0.00000     0.00000     0.00000     0.00000
    -40.245         0.00000     0.00000     0.00000     0.00000
    -40.095         0.00000     0.00000     0.00000     0.00000
    -39.945         0.00000     0.00000     0.00000     0.00000
    -39.795         0.00000     0.00000     0.00000     0.00000
    -39.645         0.00000     0.00000     0.00000     0.00000
    -39.495         0.00000     0.00000     0.00000     0.00000
    -39.345         0.00000     0.00000     0.00000     0.00000
    -39.195         0.00000     0.00000     0.00000     0.00000
    -39.045         0.00000     0.00000     0.00000     0.00000
    -38.895         0.00000     0.00000     0.00000     0.00000
    -38.745         0.00000     0.00000     0.00000     0.00000
    -38.595         0.00000     0.00000     0.00000     0.00000
    -38.445         0.00000     0.00000     0.00000     0.00000
    -38.295         0.00000     0.00000     0.00000     0.00000
    -38.145         0.00000     0.00000     0.00000     0.00000
    -37.995         0.00000     0.00000     0.00000     0.00000
    -37.845         0.00000     0.00000     0.00000     0.00000
    -37.695         0.00000     0.00000     0.00000     0.00000
    -37.545         0.00000     0.00000     0.00000     0.00000
    -37.395         0.00000     0.00000     0.00000     0.00000
    -37.245         0.00000     0.00000     0.00000     0.00000
    -37.095         0.00000     0.00000     0.00000     0.00000
    -36.945         0.00000     0.00000     0.00000     0.00000
    -36.795         0.00000     0.00000     0.00000     0.00000
    -36.645         0.00000     0.00000     0.00000     0.00000
    -36.495         0.00000     0.00000     0.00000     0.00000
    -36.345         0.00000     0.00000     0.00000     0.00000
    -36.195         0.00000     0.00000     0.00000     0.00000
    -36.045         0.00000     0.00000     0.00000     0.00000
    -35.895         0.00000     0.00000     0.00000     0.00000
    -35.745         0.00000     0.00000     0.00000     0.00000
    -35.595         0.00000     0.00000     0.00000     0.00000
    -35.445         0.00000     0.00000     0.00000     0.00000
    -35.295         0.00000     0.00000     0.00000     0.00000
    -35.145         0.00000     0.00000     0.00000     0.00000
    -34.995         0.00000     0.00000     0.00000     0.00000
    -34.845         0.00000     0.00000     0.00000     0.00000
    -34.695         0.00000     0.00000     0.00000     0.00000
    -34.545         0.00000     0.00000     0.00000     0.00000
    -34.395         0.00000     0.00000     0.00000     0.00000
    -34.245         0.00000     0.00000     0.00000     0.00000
    -34.095         0.00000     0.00000     0.00000     0.00000
    -33.945         0.00000     0.00000     0.00000     0.00000
    -33.795         0.00000     0.00000     0.00000     0.00000
    -33.645         0.00000     0.00000     0.00000     0.00000
    -33.495         0.00000     0.00000     0.00000     0.00000
    -33.345         0.00000     0.00000     0.00000     0.00000
    -33.195         0.00000     0.00000     0.00000     0.00000
    -33.045         0.00000     0.00000     0.00000     0.00000
    -32.895         0.00000     0.00000     0.00000     0.00000
    -32.745         0.00000     0.00000     0.00000     0.00000
    -32.595         0.00000     0.00000     0.00000     0.00000
    -32.445         0.00000     0.00000     0.00000     0.00000
    -32.295         0.00000     0.00000     0.00000     0.00000
    -32.145         0.00000     0.00000     0.00000     0.00000
    -31.995         0.00000     0.00000     0.00000     0.00000
    -31.845         0.00000     0.00000     0.00000     0.00000
    -31.695         0.00000     0.00000     0.00000     0.00000
    -31.545         0.00000     0.00000     0.00000     0.00000
    -31.395         0.00000     0.00000     0.00000     0.00000
    -31.245         0.00000     0.00000     0.00000     0.00000
    -31.095         0.00000     0.00000     0.00000     0.00000
    -30.945         0.00000     0.00000     0.00000     0.00000
    -30.795         0.00000     0.00000     0.00000     0.00000
    -30.645         0.00000     0.00000     0.00000     0.00000
    -30.495         0.00000     0.00000     0.00000     0.00000
    -30.345         0.00000     0.00000     0.00000     0.00000
    -30.195         0.00000     0.00000     0.00000     0.00000
    -30.045         0.00000     0.00000     0.00000     0.00000
    -29.895         0.00000     0.00000     0.00000     0.00000
    -29.745         0.00000     0.00000     0.00000     0.00000
    -29.595         0.00000     0.00000     0.00000     0.00000
    -29.445         0.00000     0.00000     0.00000     0.00000
    -29.295         0.00000     0.00000     0.00000     0.00000
    -29.145         0.00000     0.00000     0.00000     0.00000
    -28.995         0.00000     0.00000     0.00000     0.00000
    -28.845         0.00000     0.00000     0.00000     0.00000
    -28.695         0.00000     0.00000     0.00000     0.00000
    -28.545         0.00000     0.00000     0.00000     0.00000
    -28.395         0.00000     0.00000     0.00000     0.00000
    -28.245         0.00000     0.00000     0.00000     0.00000
    -28.095         0.00000     0.00000     0.00000     0.00000
    -27.945         0.00000     0.00000     0.00000     0.00000
    -27.795         0.00000     0.00000     0.00000     0.00000
    -27.645         0.00000     0.00000     0.00000     0.00000
    -27.495         0.00000     0.00000     0.00000     0.00000
    -27.345         0.00000     0.00000     0.00000     0.00000
    -27.195         0.00000     0.00000     0.00000     0.00000
    -27.045         0.00000     0.00000     0.00000     0.00000
    -26.895         0.00000     0.00000     0.00000     0.00000
    -26.745         0.00000     0.00000     0.00000     0.00000
    -26.595         0.00000     0.00000     0.00000     0.00000
    -26.445         0.00000     0.00000     0.00000     0.00000
    -26.295         0.00000     0.00000     0.00000     0.00000
    -26.145         0.00000     0.00000     0.00000     0.00000
    -25.995         0.00000     0.00000     0.00000     0.00000
    -25.845         0.00000     0.00000     0.00000     0.00000
    -25.695         0.00000     0.00000     0.00000     0.00000
    -25.545         0.00000     0.00000     0.00000     0.00000
    -25.395         0.00000     0.00000     0.00000     0.00000
    -25.245         0.00000     0.00000     0.00000     0.00000
    -25.095         0.00000     0.00000     0.00000     0.00000
    -24.945         0.00000     0.00000     0.00000     0.00000
    -24.795         0.00000     0.00000     0.00000     0.00000
    -24.645         0.00000     0.00000     0.00000     0.00000
    -24.495         0.00000     0.00000     0.00000     0.00000
    -24.345         0.00000     0.00000     0.00000     0.00000
    -24.195         0.00000     0.00000     0.00000     0.00000
    -24.045         0.00000     0.00000     0.00000     0.00000
    -23.895         0.00000     0.00000     0.00000     0.00000
    -23.745         0.00000     0.00000     0.00000     0.00000
    -23.595         0.00000     0.00000     0.00000     0.00000
    -23.445         0.00000     0.00000     0.00000     0.00000
    -23.295         0.00000     0.00000     0.00000     0.00000
    -23.145         0.00000     0.00000     0.00000     0.00000
    -22.995         0.00000     0.00000     0.00000     0.00000
    -22.845         0.00000     0.00000     0.00000     0.00000
    -22.695         0.00000     0.00000     0.00000     0.00000
    -22.545         0.00000     0.00000     0.00000     0.00000
    -22.395         0.00000     0.00000     0.00000     0.00000
    -22.245         0.00000     0.00000     0.00000     0.00000
    -22.095         0.00000     0.00000     0.00000     0.00000
    -21.945         0.00000     0.00000     0.00000     0.00000
    -21.795         0.00000     0.00000     0.00000     0.00000
    -21.645         0.00000     0.00000     0.00000     0.00000
    -21.495         0.00000     0.00000     0.00000     0.00000
    -21.345         0.00000     0.00000     0.00000     0.00000
    -21.195        -0.00000     0.00000    -0.00000     0.00000
    -21.045        -0.00000     0.00000    -0.00000     0.00000
    -20.895        -0.00000     0.00000    -0.00000     0.00000
    -20.745        -0.00091     0.00000    -0.00091     0.00000
    -20.595        -0.00092     0.00000    -0.00092     0.00000
    -20.445        -0.00092     0.00000    -0.00092     0.00000
    -20.295        -0.00187     0.00000    -0.00187     0.00000
    -20.145        -0.00284     0.00000    -0.00284     0.00000
    -19.995        -0.00381     0.00000    -0.00381     0.00000
    -19.845        -0.00570     0.00000    -0.00570     0.00000
    -19.695        -0.00938     0.00000    -0.00938     0.00000
    -19.545        -0.01390     0.00000    -0.01390     0.00000
    -19.395        -0.01757     0.00000    -0.01757     0.00000
    -19.245        -0.02553     0.00000    -0.02553     0.00000
    -19.095        -0.02832     0.00000    -0.02832     0.00000
    -18.945        -0.03280     0.00000    -0.03280     0.00000
    -18.795        -0.03555     0.00000    -0.03555     0.00000
    -18.645        -0.04001     0.00000    -0.04001     0.00000
    -18.495        -0.04443     0.00000    -0.04443     0.00000
    -18.345        -0.04799     0.00000    -0.04799     0.00000
    -18.195        -0.05239     0.00000    -0.05239     0.00000
    -18.045        -0.05594     0.00000    -0.05594     0.00000
    -17.895        -0.06027     0.00000    -0.06027     0.00000
    -17.745        -0.06541     0.00000    -0.06541     0.00000
    -17.595        -0.07049     0.00000    -0.07049     0.00000
    -17.445        -0.07149     0.00000    -0.07149     0.00000
    -17.295        -0.07572     0.00000    -0.07572     0.00000
    -17.145        -0.07836     0.00000    -0.07836     0.00000
    -16.995        -0.08098     0.00000    -0.08098     0.00000
    -16.845        -0.08436     0.00000    -0.08436     0.00000
    -16.695        -0.08617     0.00000    -0.08617     0.00000
    -16.545        -0.08952     0.00000    -0.08952     0.00000
    -16.395        -0.09285     0.00000    -0.09285     0.00000
    -16.245        -0.09384     0.00000    -0.09384     0.00000
    -16.095        -0.09386     0.00000    -0.09386     0.00000
    -15.945        -0.09563     0.00000    -0.09563     0.00000
    -15.795        -0.09663     0.00000    -0.09663     0.00000
    -15.645        -0.09762     0.00000    -0.09762     0.00000
    -15.495        -0.10011     0.00000    -0.10011     0.00000
    -15.345        -0.10111     0.00000    -0.10111     0.00000
    -15.195        -0.10358     0.00000    -0.10358     0.00000
    -15.045        -0.10360     0.00000    -0.10360     0.00000
    -14.895        -0.10604     0.00000    -0.10604     0.00000
    -14.745        -0.10777     0.00000    -0.10777     0.00000
    -14.595        -0.10877     0.00000    -0.10877     0.00000
    -14.445        -0.11049     0.00000    -0.11049     0.00000
    -14.295        -0.11150     0.00000    -0.11150     0.00000
    -14.145        -0.11152    -0.00000    -0.11152     0.00000
    -13.995        -0.11253    -0.00000    -0.11253     0.00000
    -13.845        -0.11422     0.00000    -0.11422     0.00000
    -13.695        -0.11424     0.00000    -0.11425     0.00000
    -13.545        -0.11593     0.00000    -0.11593     0.00000
    -13.395        -0.11825    -0.00129    -0.11695     0.00000
    -13.245        -0.12024    -0.00325    -0.11698     0.00000
    -13.095        -0.12467    -0.00766    -0.11701     0.00000
    -12.945        -0.12801    -0.01097    -0.11704     0.00000
    -12.795        -0.13608    -0.01901    -0.11707     0.00000
    -12.645        -0.14017    -0.02306    -0.11710     0.00000
    -12.495        -0.15172    -0.03458    -0.11714     0.00000
    -12.345        -0.15935    -0.04217    -0.11717     0.00000
    -12.195        -0.16644    -0.04924    -0.11720     0.00000
    -12.045        -0.17013    -0.05289    -0.11724     0.00000
    -11.895        -0.18162    -0.06435    -0.11728     0.00000
    -11.745        -0.19194    -0.07358    -0.11836     0.00000
    -11.595        -0.20384    -0.08545    -0.11840     0.00000
    -11.445        -0.21569    -0.09726    -0.11844     0.00000
    -11.295        -0.22900    -0.11053    -0.11848     0.00000
    -11.145        -0.23758    -0.11906    -0.11852     0.00000
    -10.995        -0.24297    -0.12441    -0.11856     0.00000
    -10.845        -0.25001    -0.13032    -0.11969     0.00000
    -10.695        -0.25747    -0.13774    -0.11973     0.00000
    -10.545        -0.26294    -0.14204    -0.12090     0.00000
    -10.395        -0.26930    -0.14836    -0.12095     0.00000
    -10.245        -0.27567    -0.15468    -0.12100     0.00000
    -10.095        -0.28460    -0.16240    -0.12220     0.00000
    -9.9450        -0.29282    -0.17057    -0.12225     0.00000
    -9.7950        -0.30144    -0.17914    -0.12231     0.00000
    -9.6450        -0.31168    -0.18764    -0.12404     0.00000
    -9.4950        -0.32156    -0.19746    -0.12410     0.00000
    -9.3450        -0.32624    -0.20086    -0.12538     0.00000
    -9.1950        -0.33468    -0.20923    -0.12544     0.00000
    -9.0450        -0.34263    -0.21491    -0.12772     0.00000
    -8.8950        -0.34875    -0.21969    -0.12906     0.00000
    -8.7450        -0.35402    -0.22490    -0.12912     0.00000
    -8.5950        -0.35848    -0.22745    -0.13103     0.00000
    -8.4450        -0.36853    -0.23514    -0.13339     0.00000
    -8.2950        -0.37259    -0.23914    -0.13345     0.00000
    -8.1450        -0.37885    -0.24395    -0.13490     0.00000
    -7.9950        -0.38530    -0.24836    -0.13694     0.00000
    -7.8450        -0.39124    -0.25280    -0.13844     0.00000
    -7.6950        -0.39746    -0.25689    -0.14057     0.00000
    -7.5450        -0.40497    -0.26141    -0.14357     0.00000
    -7.3950        -0.40984    -0.26407    -0.14577     0.00000
    -7.2450        -0.42037    -0.27115    -0.14922     0.00000
    -7.0950        -0.42887    -0.27610    -0.15276     0.00000
    -6.9450        -0.43600    -0.28038    -0.15562     0.00000
    -6.7950        -0.44714    -0.28543    -0.16067    -0.00105
    -6.6450        -0.46025    -0.29150    -0.16366    -0.00510
    -6.4950        -0.48702    -0.29792    -0.17013    -0.01896
    -6.3450        -0.52016    -0.30273    -0.17573    -0.04171
    -6.1950        -0.57206    -0.31074    -0.18045    -0.08087
    -6.0450        -0.63465    -0.31662    -0.18742    -0.13062
    -5.8950        -0.71089    -0.32583    -0.19472    -0.19034
    -5.7450        -0.80036    -0.33359    -0.20266    -0.26411
    -5.5950        -0.91533    -0.34108    -0.21125    -0.36299
    -5.4450        -1.05859    -0.34752    -0.22014    -0.49092
    -5.2950        -1.23693    -0.35698    -0.23014    -0.64981
    -5.1450        -1.43471    -0.36695    -0.24015    -0.82761
    -4.9950        -1.64377    -0.37694    -0.25093    -1.01590
    -4.8450        -1.86875    -0.38624    -0.26077    -1.22174
    -4.6950        -2.10276    -0.39654    -0.27457    -1.43165
    -4.5450        -2.33959    -0.40602    -0.28835    -1.64523
    -4.3950        -2.57778    -0.41797    -0.30038    -1.85942
    -4.2450        -2.81411    -0.42892    -0.31264    -2.07255
    -4.0950        -3.04559    -0.44164    -0.32858    -2.27537
    -3.9450        -3.27491    -0.45538    -0.34181    -2.47772
    -3.7950        -3.49417    -0.46804    -0.35795    -2.66818
    -3.6450        -3.71317    -0.48343    -0.37411    -2.85563
    -3.4950        -3.93277    -0.49995    -0.39171    -3.04112
    -3.3450        -4.13458    -0.51555    -0.40999    -3.20903
    -3.1950        -4.34372    -0.53327    -0.43010    -3.38034
    -3.0450        -4.55537    -0.55132    -0.45209    -3.55197
    -2.8950        -4.77429    -0.57417    -0.47342    -3.72671
    -2.7450        -4.98925    -0.59607    -0.50182    -3.89136
    -2.5950        -5.21262    -0.61926    -0.52694    -4.06642
    -2.4450        -5.44389    -0.64219    -0.55389    -4.24782
    -2.2950        -5.70140    -0.67401    -0.58490    -4.44249
    -2.1450        -5.97441    -0.70496    -0.61682    -4.65263
    -1.9950        -6.27141    -0.73997    -0.65250    -4.87894
    -1.8450        -6.61403    -0.78164    -0.69582    -5.13657
    -1.6950        -7.00641    -0.82889    -0.74705    -5.43047
    -1.5450        -7.46015    -0.88365    -0.80660    -5.76990
    -1.3950        -8.01589    -0.95218    -0.87790    -6.18581
    -1.2450        -8.71731    -1.03409    -0.96160    -6.72162
    -1.0950        -9.58989    -1.13136    -1.06573    -7.39280
   -0.94500       -10.64207    -1.24866    -1.19221    -8.20120
   -0.79500       -11.91201    -1.40770    -1.35768    -9.14664
   -0.64500       -13.42387    -1.61421    -1.58167   -10.22799
   -0.49500       -15.32447    -1.91049    -1.90150   -11.51248
   -0.34500       -18.03305    -2.37963    -2.38528   -13.26813
   -0.22700       -19.27083    -2.59995    -2.61442   -14.05645
   -0.21300       -19.43504    -2.62928    -2.64546   -14.16030
   -0.20700       -19.60375    -2.65939    -2.67734   -14.26703
   -0.20100       -19.77592    -2.68951    -2.70938   -14.37703
   -0.19500       -19.95397    -2.72053    -2.74250   -14.49095
   -0.18900       -20.13514    -2.75201    -2.77671   -14.60641
   -0.18300       -20.32460    -2.78539    -2.81182   -14.72739
   -0.17700       -20.51868    -2.81972    -2.84773   -14.85124
   -0.17100       -20.71875    -2.85435    -2.88549   -14.97891
   -0.16500       -20.92591    -2.89004    -2.92453   -15.11133
   -0.15900       -21.13910    -2.92652    -2.96474   -15.24785
   -0.15300       -21.36027    -2.96415    -3.00643   -15.38969
   -0.14700       -21.58846    -3.00324    -3.04911   -15.53611
   -0.14100       -21.82665    -3.04383    -3.09338   -15.68944
   -0.13500       -22.07184    -3.08499    -3.13949   -15.84736
   -0.12900       -22.32739    -3.12808    -3.18661   -16.01270
   -0.12300       -22.59571    -3.17270    -3.23586   -16.18716
   -0.11700       -22.87489    -3.21894    -3.28715   -16.36881
   -0.11100       -23.16596    -3.26649    -3.33962   -16.55985
   -0.10500       -23.47176    -3.31618    -3.39503   -16.76055
   -0.99000E-01   -23.79260    -3.36807    -3.45179   -16.97274
   -0.93000E-01   -24.13003    -3.42196    -3.51147   -17.19660
   -0.87000E-01   -24.48730    -3.47791    -3.57313   -17.43626
   -0.81000E-01   -24.86571    -3.53609    -3.63809   -17.69153
   -0.75000E-01   -25.26996    -3.59726    -3.70615   -17.96655
   -0.69000E-01   -25.70240    -3.66046    -3.77844   -18.26350
   -0.63000E-01   -26.17180    -3.72770    -3.85600   -18.58811
   -0.57000E-01   -26.68550    -3.80006    -3.94128   -18.94415
   -0.51000E-01   -27.25719    -3.87921    -4.03661   -19.34137
   -0.45000E-01   -27.89398    -3.96641    -4.13839   -19.78919
   -0.39000E-01   -28.60551    -4.05730    -4.24185   -20.30635
   -0.33000E-01   -29.40577    -4.14728    -4.34142   -20.91708
   -0.27000E-01   -30.33537    -4.23199    -4.43530   -21.66808
   -0.21300E-01   -31.07328    -4.28458    -4.49288   -22.29583
   -0.19500E-01   -31.19120    -4.29180    -4.50068   -22.39872
   -0.18900E-01   -31.31190    -4.29888    -4.50827   -22.50475
   -0.18300E-01   -31.43571    -4.30585    -4.51568   -22.61418
   -0.17700E-01   -31.56292    -4.31261    -4.52289   -22.72742
   -0.17100E-01   -31.69409    -4.31935    -4.52982   -22.84491
   -0.16500E-01   -31.82874    -4.32583    -4.53666   -22.96625
   -0.15900E-01   -31.96795    -4.33222    -4.54320   -23.09252
   -0.15300E-01   -32.11153    -4.33833    -4.54953   -23.22367
   -0.14700E-01   -32.26020    -4.34424    -4.55567   -23.36030
   -0.14100E-01   -32.41397    -4.34985    -4.56154   -23.50258
   -0.13500E-01   -32.57370    -4.35530    -4.56723   -23.65116
   -0.12900E-01   -32.73964    -4.36052    -4.57263   -23.80649
   -0.12300E-01   -32.91354    -4.36556    -4.57781   -23.97017
   -0.11700E-01   -33.09575    -4.37037    -4.58278   -24.14260
   -0.11100E-01   -33.28690    -4.37501    -4.58749   -24.32440
   -0.10500E-01   -33.48829    -4.37939    -4.59197   -24.51693
   -0.99000E-02   -33.70133    -4.38355    -4.59618   -24.72159
   -0.93000E-02   -33.92783    -4.38749    -4.60019   -24.94016
   -0.87000E-02   -34.17020    -4.39115    -4.60392   -25.17513
   -0.81000E-02   -34.43110    -4.39460    -4.60742   -25.42908
   -0.75000E-02   -34.71452    -4.39779    -4.61067   -25.70606
   -0.69000E-02   -35.02653    -4.40074    -4.61368   -26.01211
   -0.63000E-02   -35.37203    -4.40348    -4.61642   -26.35213
   -0.57000E-02   -35.75838    -4.40594    -4.61891   -26.73352
   -0.51000E-02   -36.19224    -4.40816    -4.62114   -27.16295
   -0.45000E-02   -36.68246    -4.41011    -4.62312   -27.64922
   -0.39000E-02   -37.23778    -4.41182    -4.62484   -28.20112
   -0.33000E-02   -37.86975    -4.41326    -4.62631   -28.83018
   -0.27000E-02   -38.59160    -4.41445    -4.62751   -29.54964
   -0.21000E-02   -39.42471    -4.41539    -4.62844   -30.38088
   -0.15000E-02   -40.40844    -4.41606    -4.62912   -31.36325
   -0.90000E-03   -41.40170    -4.41647    -4.62954   -32.35569
   -0.30000E-03   -41.82845    -4.41661    -4.62972   -32.78212
    0.30000E-03   -41.40229    -4.41652    -4.62962   -32.35615
    0.90000E-03   -40.40784    -4.41614    -4.62928   -31.36242
    0.15000E-02   -39.42233    -4.41548    -4.62868   -30.37817
    0.21000E-02   -38.58859    -4.41459    -4.62779   -29.54621
    0.27000E-02   -37.86625    -4.41344    -4.62667   -28.82614
    0.33000E-02   -37.23427    -4.41200    -4.62527   -28.19700
    0.39000E-02   -36.67796    -4.41029    -4.62361   -27.64406
    0.45000E-02   -36.18737    -4.40834    -4.62172   -27.15731
    0.51000E-02   -35.75363    -4.40612    -4.61964   -26.72787
    0.57000E-02   -35.36832    -4.40367    -4.61731   -26.34733
    0.63000E-02   -35.02293    -4.40098    -4.61469   -26.00725
    0.69000E-02   -34.71172    -4.39803    -4.61182   -25.70187
    0.75000E-02   -34.42792    -4.39474    -4.60868   -25.42450
    0.81000E-02   -34.16712    -4.39123    -4.60531   -25.17058
    0.87000E-02   -33.92418    -4.38748    -4.60169   -24.93501
    0.93000E-02   -33.69727    -4.38343    -4.59791   -24.71593
    0.99000E-02   -33.48399    -4.37918    -4.59388   -24.51093
    0.10500E-01   -33.28240    -4.37466    -4.58963   -24.31810
    0.11100E-01   -33.09136    -4.36998    -4.58521   -24.13617
    0.11700E-01   -32.90886    -4.36501    -4.58050   -23.96334
    0.12300E-01   -32.73469    -4.35977    -4.57562   -23.79930
    0.12900E-01   -32.56824    -4.35431    -4.57048   -23.64345
    0.13500E-01   -32.40809    -4.34864    -4.56517   -23.49428
    0.14100E-01   -32.25416    -4.34269    -4.55960   -23.35187
    0.14700E-01   -32.10546    -4.33652    -4.55384   -23.21510
    0.15300E-01   -31.96213    -4.33023    -4.54797   -23.08392
    0.15900E-01   -31.82318    -4.32363    -4.54188   -22.95767
    0.16500E-01   -31.68856    -4.31680    -4.53553   -22.83623
    0.17100E-01   -31.55838    -4.30979    -4.52911   -22.71948
    0.17700E-01   -31.43151    -4.30254    -4.52244   -22.60654
    0.18300E-01   -31.30773    -4.29509    -4.51568   -22.49697
    0.18900E-01   -31.18703    -4.28747    -4.50871   -22.39086
    0.19500E-01   -31.06930    -4.27953    -4.50163   -22.28814
    0.21300E-01   -30.33150    -4.22148    -4.44995   -21.66006
    0.27000E-01   -29.40247    -4.12630    -4.36696   -20.90921
    0.33000E-01   -28.60171    -4.02566    -4.27834   -20.29772
    0.39000E-01   -27.89170    -3.92272    -4.18744   -19.78154
    0.45000E-01   -27.25964    -3.82246    -4.10099   -19.33619
    0.51000E-01   -26.69439    -3.72888    -4.02190   -18.94360
    0.57000E-01   -26.18761    -3.64497    -3.94901   -18.59363
    0.63000E-01   -25.72941    -3.56911    -3.88093   -18.27938
    0.69000E-01   -25.30842    -3.49775    -3.81681   -17.99386
    0.75000E-01   -24.91665    -3.43033    -3.75444   -17.73188
    0.81000E-01   -24.55239    -3.36645    -3.69563   -17.49031
    0.87000E-01   -24.21138    -3.30498    -3.63944   -17.26695
    0.93000E-01   -23.89077    -3.24589    -3.58494   -17.05994
    0.99000E-01   -23.58837    -3.18990    -3.53237   -16.86611
    0.10500       -23.30080    -3.13621    -3.48180   -16.68279
    0.11100       -23.02750    -3.08473    -3.43309   -16.50969
    0.11700       -22.76611    -3.03474    -3.38574   -16.34563
    0.12300       -22.51738    -2.98715    -3.33992   -16.19030
    0.12900       -22.27738    -2.94059    -3.29527   -16.04152
    0.13500       -22.05026    -2.89657    -3.25263   -15.90107
    0.14100       -21.83287    -2.85355    -3.21146   -15.76785
    0.14700       -21.62174    -2.81217    -3.17151   -15.63806
    0.15300       -21.41996    -2.77220    -3.13214   -15.51562
    0.15900       -21.22431    -2.73324    -3.09435   -15.39672
    0.16500       -21.03764    -2.69550    -3.05819   -15.28394
    0.17100       -20.85742    -2.65885    -3.02351   -15.17506
    0.17700       -20.68228    -2.62346    -2.98931   -15.06952
    0.18300       -20.51218    -2.58793    -2.95588   -14.96837
    0.18900       -20.34798    -2.55390    -2.92318   -14.87090
    0.19500       -20.19031    -2.52093    -2.89197   -14.77740
    0.20100       -20.03696    -2.48924    -2.86197   -14.68575
    0.20700       -19.88855    -2.45822    -2.83227   -14.59806
    0.21300       -19.74354    -2.42689    -2.80337   -14.51328
    0.22700       -18.67445    -2.20069    -2.58788   -13.88588
    0.34500       -16.46576    -1.73733    -2.12979   -12.59863
    0.49500       -15.08075    -1.44725    -1.83790   -11.79560
    0.64500       -14.09809    -1.24722    -1.63871   -11.21215
    0.79500       -13.34488    -1.09998    -1.49355   -10.75135
    0.94500       -12.74651    -0.98584    -1.38459   -10.37607
     1.0950       -12.24887    -0.89432    -1.29534   -10.05921
     1.2450       -11.83256    -0.81894    -1.22236    -9.79126
     1.3950       -11.47580    -0.75847    -1.16080    -9.55654
     1.5450       -11.16768    -0.70734    -1.10863    -9.35171
     1.6950       -10.89432    -0.66372    -1.06334    -9.16726
     1.8450       -10.65954    -0.62631    -1.02394    -9.00929
     1.9950       -10.44745    -0.59257    -0.99110    -8.86378
     2.1450       -10.25496    -0.56319    -0.96212    -8.72965
     2.2950       -10.08366    -0.53771    -0.93668    -8.60928
     2.4450        -9.93056    -0.51461    -0.91348    -8.50247
     2.5950        -9.79228    -0.49286    -0.89213    -8.40730
     2.7450        -9.66662    -0.47413    -0.87286    -8.31964
     2.8950        -9.54529    -0.45618    -0.85502    -8.23409
     3.0450        -9.43938    -0.44029    -0.83990    -8.15919
     3.1950        -9.34884    -0.42557    -0.82618    -8.09708
     3.3450        -9.26585    -0.41173    -0.81248    -8.04164
     3.4950        -9.19062    -0.39849    -0.80077    -7.99136
     3.6450        -9.12302    -0.38639    -0.79096    -7.94567
     3.7950        -9.05894    -0.37535    -0.78066    -7.90293
     3.9450        -9.00238    -0.36518    -0.77309    -7.86412
     4.0950        -8.94790    -0.35721    -0.76337    -7.82733
     4.2450        -8.89727    -0.34976    -0.75497    -7.79255
     4.3950        -8.85415    -0.34180    -0.74990    -7.76245
     4.5450        -8.80896    -0.33428    -0.74339    -7.73130
     4.6950        -8.76574    -0.32676    -0.73641    -7.70257
     4.8450        -8.72779    -0.32033    -0.73123    -7.67624
     4.9950        -8.69004    -0.31551    -0.72601    -7.64852
     5.1450        -8.65527    -0.31074    -0.72012    -7.62440
     5.2950        -8.62417    -0.30564    -0.71669    -7.60184
     5.4450        -8.59460    -0.30238    -0.71224    -7.57997
     5.5950        -8.57108    -0.30023    -0.71151    -7.55934
     5.7450        -8.54261    -0.29698    -0.70704    -7.53859
     5.8950        -8.51087    -0.29306    -0.70352    -7.51428
     6.0450        -8.48446    -0.29092    -0.69907    -7.49447
     6.1950        -8.46200    -0.29030    -0.69552    -7.47617
     6.3450        -8.43895    -0.28972    -0.69196    -7.45728
     6.4950        -8.41315    -0.28758    -0.68840    -7.43717
     6.6450        -8.39344    -0.28707    -0.68609    -7.42028
     6.7950        -8.37609    -0.28658    -0.68564    -7.40387
     6.9450        -8.35726    -0.28611    -0.68331    -7.38784
     7.0950        -8.34076    -0.28566    -0.68291    -7.37219
     7.2450        -8.32468    -0.28524    -0.68253    -7.35691
     7.3950        -8.30902    -0.28484    -0.68218    -7.34201
     7.5450        -8.29369    -0.28446    -0.68185    -7.32739
     7.6950        -8.27879    -0.28410    -0.68154    -7.31315
     7.8450        -8.26416    -0.28375    -0.68125    -7.29916
     7.9950        -8.24987    -0.28341    -0.68098    -7.28548
     8.1450        -8.23589    -0.28309    -0.68072    -7.27208
     8.2950        -8.22219    -0.28279    -0.68047    -7.25893
     8.4450        -8.20886    -0.28250    -0.68024    -7.24612
     8.5950        -8.19575    -0.28221    -0.68002    -7.23352
     8.7450        -8.18295    -0.28195    -0.67982    -7.22118
     8.8950        -8.17035    -0.28168    -0.67961    -7.20906
     9.0450        -8.15802    -0.28142    -0.67942    -7.19717
     9.1950        -8.14589    -0.28118    -0.67924    -7.18547
     9.3450        -8.13404    -0.28094    -0.67907    -7.17403
     9.4950        -8.12239    -0.28071    -0.67891    -7.16276
     9.6450        -8.11092    -0.28049    -0.67876    -7.15167
     9.7950        -8.09967    -0.28028    -0.67861    -7.14078
     9.9450        -8.08861    -0.28008    -0.67847    -7.13007
     10.095        -8.07774    -0.27988    -0.67832    -7.11954
     10.245        -8.06701    -0.27968    -0.67820    -7.10913
     10.395        -8.05653    -0.27950    -0.67807    -7.09896
     10.545        -8.04618    -0.27931    -0.67794    -7.08893
     10.695        -8.03604    -0.27913    -0.67783    -7.07908
     10.845        -8.02604    -0.27896    -0.67772    -7.06936
     10.995        -8.01618    -0.27879    -0.67761    -7.05979
     11.145        -8.00645    -0.27862    -0.67750    -7.05033
     11.295        -7.99688    -0.27846    -0.67739    -7.04103
     11.445        -7.98749    -0.27830    -0.67730    -7.03189
     11.595        -7.97822    -0.27815    -0.67720    -7.02287
     11.745        -7.96908    -0.27800    -0.67711    -7.01398
     11.895        -7.96008    -0.27785    -0.67702    -7.00521
     12.045        -7.95120    -0.27771    -0.67693    -6.99656
     12.195        -7.94243    -0.27757    -0.67685    -6.98802
     12.345        -7.93378    -0.27743    -0.67677    -6.97959
     12.495        -7.92522    -0.27729    -0.67669    -6.97124
     12.645        -7.91679    -0.27716    -0.67661    -6.96303
     12.795        -7.90847    -0.27703    -0.67652    -6.95492
     12.945        -7.90032    -0.27691    -0.67645    -6.94696
     13.095        -7.89221    -0.27678    -0.67637    -6.93905
     13.245        -7.88424    -0.27666    -0.67631    -6.93127
     13.395        -7.87634    -0.27655    -0.67624    -6.92355
     13.545        -7.86855    -0.27643    -0.67618    -6.91594
     13.695        -7.86088    -0.27632    -0.67612    -6.90844
     13.845        -7.85329    -0.27621    -0.67605    -6.90103
     13.995        -7.84582    -0.27610    -0.67599    -6.89373
     14.145        -7.83839    -0.27599    -0.67594    -6.88647
     14.295        -7.83108    -0.27588    -0.67588    -6.87932
     14.445        -7.82387    -0.27578    -0.67583    -6.87226
     14.595        -7.81673    -0.27568    -0.67576    -6.86529
     14.745        -7.80965    -0.27558    -0.67571    -6.85836
     14.895        -7.80267    -0.27548    -0.67566    -6.85153
     15.045        -7.79575    -0.27538    -0.67561    -6.84476
     15.195        -7.78889    -0.27529    -0.67556    -6.83804
     15.345        -7.78216    -0.27520    -0.67551    -6.83145
     15.495        -7.77547    -0.27510    -0.67545    -6.82491
     15.645        -7.76888    -0.27501    -0.67541    -6.81846
     15.795        -7.76236    -0.27493    -0.67536    -6.81207
     15.945        -7.75588    -0.27484    -0.67531    -6.80573
     16.095        -7.74948    -0.27475    -0.67527    -6.79945
     16.245        -7.74314    -0.27466    -0.67523    -6.79325
     16.395        -7.73687    -0.27458    -0.67518    -6.78711
     16.545        -7.73065    -0.27450    -0.67514    -6.78101
     16.695        -7.72450    -0.27441    -0.67510    -6.77499
     16.845        -7.71843    -0.27434    -0.67506    -6.76903
     16.995        -7.71238    -0.27426    -0.67502    -6.76310
     17.145        -7.70641    -0.27417    -0.67498    -6.75726
     17.295        -7.70052    -0.27409    -0.67493    -6.75150
     17.445        -7.69468    -0.27402    -0.67489    -6.74577
     17.595        -7.68890    -0.27394    -0.67486    -6.74009
     17.745        -7.68315    -0.27387    -0.67483    -6.73446
     17.895        -7.67748    -0.27379    -0.67479    -6.72889
     18.045        -7.67185    -0.27372    -0.67476    -6.72337
     18.195        -7.66627    -0.27365    -0.67472    -6.71790
     18.345        -7.66075    -0.27358    -0.67469    -6.71249
     18.495        -7.65525    -0.27351    -0.67465    -6.70709
     18.645        -7.64984    -0.27344    -0.67462    -6.70179
     18.795        -7.64446    -0.27337    -0.67459    -6.69650
     18.945        -7.63911    -0.27330    -0.67456    -6.69125
     19.095        -7.63383    -0.27323    -0.67453    -6.68607
     19.245        -7.62858    -0.27317    -0.67450    -6.68092
     19.395        -7.62336    -0.27310    -0.67447    -6.67580
     19.545        -7.61822    -0.27304    -0.67443    -6.67075
     19.695        -7.61314    -0.27297    -0.67441    -6.66577
     19.845        -7.60807    -0.27291    -0.67438    -6.66079
     19.995        -7.60306    -0.27284    -0.67435    -6.65587
     20.145        -7.59808    -0.27278    -0.67432    -6.65098
     20.295        -7.59317    -0.27272    -0.67429    -6.64616
     20.445        -7.58826    -0.27266    -0.67426    -6.64134
     20.595        -7.58342    -0.27260    -0.67423    -6.63659
     20.745        -7.57859    -0.27254    -0.67420    -6.63185
     20.895        -7.57382    -0.27248    -0.67418    -6.62717
     21.045        -7.56908    -0.27242    -0.67415    -6.62250
     21.195        -7.56436    -0.27236    -0.67412    -6.61787
     21.345        -7.55970    -0.27231    -0.67410    -6.61329
     21.495        -7.55506    -0.27225    -0.67408    -6.60873
     21.645        -7.55047    -0.27220    -0.67405    -6.60422
     21.795        -7.54591    -0.27214    -0.67403    -6.59974
     21.945        -7.54137    -0.27209    -0.67400    -6.59529
     22.095        -7.53690    -0.27203    -0.67398    -6.59089
     22.245        -7.53244    -0.27197    -0.67395    -6.58652
     22.395        -7.52802    -0.27192    -0.67392    -6.58217
     22.545        -7.52363    -0.27187    -0.67390    -6.57786
     22.695        -7.51928    -0.27182    -0.67387    -6.57359
     22.845        -7.51496    -0.27177    -0.67385    -6.56934
     22.995        -7.51069    -0.27172    -0.67383    -6.56515
     23.145        -7.50644    -0.27166    -0.67381    -6.56097
     23.295        -7.50219    -0.27161    -0.67378    -6.55679
     23.445        -7.49798    -0.27156    -0.67377    -6.55265
     23.595        -7.49381    -0.27151    -0.67375    -6.54856
     23.745        -7.48967    -0.27146    -0.67372    -6.54449
     23.895        -7.48557    -0.27141    -0.67370    -6.54046
     24.045        -7.48148    -0.27136    -0.67368    -6.53644
     24.195        -7.47743    -0.27131    -0.67366    -6.53246
     24.345        -7.47341    -0.27126    -0.67364    -6.52851
     24.495        -7.46939    -0.27121    -0.67362    -6.52456
     24.645        -7.46542    -0.27117    -0.67360    -6.52065
     24.795        -7.46147    -0.27112    -0.67358    -6.51677
     24.945        -7.45754    -0.27107    -0.67356    -6.51291
     25.095        -7.45362    -0.27102    -0.67354    -6.50906
     25.245        -7.44975    -0.27097    -0.67352    -6.50526
     25.395        -7.44591    -0.27093    -0.67350    -6.50148
     25.545        -7.44210    -0.27088    -0.67348    -6.49774
     25.695        -7.43832    -0.27084    -0.67346    -6.49401
     25.845        -7.43456    -0.27079    -0.67344    -6.49033
     25.995        -7.43082    -0.27075    -0.67342    -6.48665
     26.145        -7.42711    -0.27071    -0.67340    -6.48300
     26.295        -7.42340    -0.27066    -0.67338    -6.47935
     26.445        -7.41971    -0.27062    -0.67337    -6.47573
     26.595        -7.41606    -0.27058    -0.67335    -6.47214
     26.745        -7.41241    -0.27053    -0.67333    -6.46855
     26.895        -7.40881    -0.27049    -0.67331    -6.46501
     27.045        -7.40525    -0.27045    -0.67330    -6.46150
     27.195        -7.40168    -0.27041    -0.67328    -6.45800
     27.345        -7.39813    -0.27036    -0.67326    -6.45451
     27.495        -7.39462    -0.27032    -0.67324    -6.45105
     27.645        -7.39111    -0.27028    -0.67322    -6.44761
     27.795        -7.38763    -0.27024    -0.67321    -6.44419
     27.945        -7.38418    -0.27020    -0.67319    -6.44079
     28.095        -7.38074    -0.27016    -0.67318    -6.43741
     28.245        -7.37733    -0.27012    -0.67316    -6.43405
     28.395        -7.37394    -0.27008    -0.67314    -6.43071
     28.545        -7.37056    -0.27005    -0.67313    -6.42738
     28.695        -7.36720    -0.27001    -0.67311    -6.42407
     28.845        -7.36387    -0.26997    -0.67310    -6.42080
     28.995        -7.36054    -0.26993    -0.67308    -6.41753
     29.145        -7.35725    -0.26990    -0.67307    -6.41429
     29.295        -7.35397    -0.26986    -0.67305    -6.41106
     29.445        -7.35071    -0.26982    -0.67304    -6.40785
     29.595        -7.34747    -0.26978    -0.67302    -6.40466
     29.745        -7.34425    -0.26974    -0.67301    -6.40149
     29.895        -7.34104    -0.26971    -0.67299    -6.39834
     30.045        -7.33783    -0.26967    -0.67298    -6.39518
     30.195        -7.33465    -0.26963    -0.67296    -6.39206
     30.345        -7.33149    -0.26959    -0.67295    -6.38894
     30.495        -7.32837    -0.26956    -0.67294    -6.38587
     30.645        -7.32525    -0.26952    -0.67292    -6.38280
     30.795        -7.32217    -0.26949    -0.67291    -6.37977
     30.945        -7.31909    -0.26945    -0.67289    -6.37675
     31.095        -7.31606    -0.26942    -0.67288    -6.37376
     31.245        -7.31300    -0.26938    -0.67287    -6.37075
     31.395        -7.30996    -0.26935    -0.67285    -6.36776
     31.545        -7.30693    -0.26931    -0.67284    -6.36478
     31.695        -7.30394    -0.26928    -0.67282    -6.36183
     31.845        -7.30096    -0.26925    -0.67281    -6.35890
     31.995        -7.29799    -0.26922    -0.67279    -6.35598
     32.145        -7.29502    -0.26918    -0.67278    -6.35306
     32.295        -7.29209    -0.26915    -0.67276    -6.35018
     32.445        -7.28916    -0.26912    -0.67275    -6.34730
     32.595        -7.28626    -0.26908    -0.67274    -6.34444
     32.745        -7.28336    -0.26905    -0.67273    -6.34159
     32.895        -7.28050    -0.26902    -0.67272    -6.33876
     33.045        -7.27762    -0.26898    -0.67270    -6.33593
     33.195        -7.27477    -0.26895    -0.67269    -6.33313
     33.345        -7.27194    -0.26892    -0.67268    -6.33034
     33.495        -7.26910    -0.26889    -0.67267    -6.32755
     33.645        -7.26629    -0.26885    -0.67265    -6.32478
     33.795        -7.26349    -0.26882    -0.67264    -6.32203
     33.945        -7.26070    -0.26879    -0.67263    -6.31928
     34.095        -7.25792    -0.26876    -0.67262    -6.31655
     34.245        -7.25517    -0.26873    -0.67261    -6.31384
     34.395        -7.25243    -0.26870    -0.67260    -6.31114
     34.545        -7.24971    -0.26866    -0.67258    -6.30846
     34.695        -7.24699    -0.26863    -0.67257    -6.30578
     34.845        -7.24428    -0.26860    -0.67256    -6.30312
     34.995        -7.24160    -0.26857    -0.67255    -6.30047
     35.145        -7.23893    -0.26854    -0.67254    -6.29784
     35.295        -7.23626    -0.26851    -0.67253    -6.29521
     35.445        -7.23362    -0.26848    -0.67251    -6.29262
     35.595        -7.23099    -0.26846    -0.67250    -6.29003
     35.745        -7.22837    -0.26843    -0.67249    -6.28745
     35.895        -7.22575    -0.26840    -0.67248    -6.28487
     36.045        -7.22313    -0.26837    -0.67247    -6.28229
     36.195        -7.22056    -0.26834    -0.67246    -6.27976
     36.345        -7.21799    -0.26831    -0.67245    -6.27723
     36.495        -7.21542    -0.26828    -0.67244    -6.27471
     36.645        -7.21287    -0.26825    -0.67243    -6.27219
     36.795        -7.21034    -0.26822    -0.67242    -6.26970
     36.945        -7.20780    -0.26819    -0.67241    -6.26720
     37.095        -7.20527    -0.26817    -0.67240    -6.26471
     37.245        -7.20277    -0.26814    -0.67239    -6.26225
     37.395        -7.20027    -0.26811    -0.67238    -6.25978
     37.545        -7.19780    -0.26808    -0.67236    -6.25735
     37.695        -7.19532    -0.26806    -0.67235    -6.25491
     37.845        -7.19287    -0.26803    -0.67234    -6.25250
     37.995        -7.19041    -0.26800    -0.67233    -6.25009
     38.145        -7.18798    -0.26797    -0.67232    -6.24769
     38.295        -7.18555    -0.26795    -0.67230    -6.24530
     38.445        -7.18312    -0.26792    -0.67229    -6.24290
     38.595        -7.18071    -0.26790    -0.67228    -6.24053
     38.745        -7.17830    -0.26787    -0.67227    -6.23815
     38.895        -7.17590    -0.26784    -0.67226    -6.23580
     39.045        -7.17353    -0.26782    -0.67225    -6.23346
     39.195        -7.17116    -0.26779    -0.67224    -6.23112
     39.345        -7.16879    -0.26777    -0.67223    -6.22880
     39.495        -7.16646    -0.26774    -0.67222    -6.22650
     39.645        -7.16412    -0.26771    -0.67221    -6.22420
     39.795        -7.16179    -0.26769    -0.67220    -6.22190
     39.945        -7.15946    -0.26766    -0.67219    -6.21961
     40.095        -7.15715    -0.26763    -0.67218    -6.21733
     40.245        -7.15485    -0.26761    -0.67217    -6.21507
     40.395        -7.15256    -0.26759    -0.67216    -6.21282
     40.545        -7.15029    -0.26756    -0.67215    -6.21058
     40.695        -7.14803    -0.26753    -0.67214    -6.20835
     40.845        -7.14577    -0.26751    -0.67213    -6.20613
     40.995        -7.14351    -0.26748    -0.67212    -6.20391
     41.145        -7.14128    -0.26746    -0.67211    -6.20171
     41.295        -7.13904    -0.26743    -0.67210    -6.19950
     41.445        -7.13680    -0.26741    -0.67209    -6.19730
     41.595        -7.13458    -0.26739    -0.67208    -6.19512
     41.745        -7.13238    -0.26736    -0.67207    -6.19294
     41.895        -7.13017    -0.26734    -0.67206    -6.19077
     42.045        -7.12797    -0.26732    -0.67205    -6.18861
     42.195        -7.12580    -0.26729    -0.67204    -6.18647
     42.345        -7.12364    -0.26727    -0.67203    -6.18434
     42.495        -7.12147    -0.26724    -0.67202    -6.18221
     42.645        -7.11932    -0.26722    -0.67201    -6.18009
     42.795        -7.11717    -0.26720    -0.67200    -6.17798
     42.945        -7.11503    -0.26717    -0.67199    -6.17587
     43.095        -7.11291    -0.26715    -0.67198    -6.17378
     43.245        -7.11079    -0.26713    -0.67197    -6.17170
     43.395        -7.10869    -0.26710    -0.67196    -6.16962
     43.545        -7.10658    -0.26708    -0.67196    -6.16755
     43.695        -7.10449    -0.26706    -0.67194    -6.16549
     43.845        -7.10241    -0.26704    -0.67194    -6.16343
     43.995        -7.10033    -0.26701    -0.67193    -6.16140
     44.145        -7.09827    -0.26699    -0.67192    -6.15936
     44.295        -7.09619    -0.26697    -0.67191    -6.15732
     44.445        -7.09414    -0.26694    -0.67190    -6.15529
     44.595        -7.09210    -0.26692    -0.67189    -6.15328
     44.745        -7.09006    -0.26690    -0.67188    -6.15128
     44.895        -7.08804    -0.26688    -0.67187    -6.14929
     45.045        -7.08601    -0.26685    -0.67186    -6.14730
     45.195        -7.08400    -0.26683    -0.67185    -6.14532
     45.345        -7.08200    -0.26681    -0.67185    -6.14335
     45.495        -7.08000    -0.26678    -0.67184    -6.14138
     45.645        -7.07801    -0.26676    -0.67183    -6.13942
     45.795        -7.07601    -0.26674    -0.67182    -6.13746
     45.945        -7.07403    -0.26672    -0.67181    -6.13551
     46.095        -7.07207    -0.26669    -0.67180    -6.13358
     46.245        -7.07010    -0.26667    -0.67179    -6.13164
     46.395        -7.06813    -0.26665    -0.67178    -6.12970
     46.545        -7.06619    -0.26663    -0.67177    -6.12778
     46.695        -7.06425    -0.26661    -0.67177    -6.12588
     46.845        -7.06232    -0.26659    -0.67176    -6.12397
     46.995        -7.06039    -0.26656    -0.67175    -6.12207
     47.145        -7.05845    -0.26654    -0.67174    -6.12017
     47.295        -7.05653    -0.26652    -0.67174    -6.11828
     47.445        -7.05461    -0.26650    -0.67173    -6.11638
     47.595        -7.05271    -0.26648    -0.67172    -6.11451
     47.745        -7.05080    -0.26646    -0.67171    -6.11264
     47.895        -7.04891    -0.26644    -0.67170    -6.11077
     48.045        -7.04703    -0.26642    -0.67170    -6.10891
     48.195        -7.04515    -0.26640    -0.67169    -6.10706
     48.345        -7.04328    -0.26638    -0.67168    -6.10522
     48.495        -7.04141    -0.26636    -0.67168    -6.10338
     48.645        -7.03957    -0.26634    -0.67167    -6.10156
     48.795        -7.03772    -0.26632    -0.67166    -6.09974
     48.945        -7.03587    -0.26630    -0.67166    -6.09792
     49.095        -7.03404    -0.26628    -0.67165    -6.09611
     49.245        -7.03221    -0.26626    -0.67164    -6.09431
     49.395        -7.03037    -0.26624    -0.67163    -6.09250
     49.545        -7.02854    -0.26622    -0.67163    -6.09070
     49.695        -7.02673    -0.26620    -0.67162    -6.08891
     49.845        -7.02492    -0.26618    -0.67161    -6.08713
     49.995        -7.02311    -0.26616    -0.67160    -6.08535
     50.145        -7.02131    -0.26614    -0.67159    -6.08357
     50.295        -7.01951    -0.26612    -0.67158    -6.08181
     50.445        -7.01773    -0.26610    -0.67158    -6.08005
     50.595        -7.01594    -0.26608    -0.67157    -6.07829
     50.745        -7.01417    -0.26607    -0.67156    -6.07654
     50.895        -7.01241    -0.26605    -0.67155    -6.07481
     51.045        -7.01065    -0.26603    -0.67155    -6.07307
     51.195        -7.00890    -0.26601    -0.67154    -6.07135
     51.345        -7.00716    -0.26599    -0.67153    -6.06964
     51.495        -7.00541    -0.26597    -0.67152    -6.06792
     51.645        -7.00367    -0.26595    -0.67152    -6.06620
     51.795        -7.00194    -0.26593    -0.67151    -6.06449
     51.945        -7.00021    -0.26591    -0.67150    -6.06279
     52.095        -6.99848    -0.26590    -0.67150    -6.06109
     52.245        -6.99677    -0.26588    -0.67149    -6.05940
     52.395        -6.99506    -0.26586    -0.67148    -6.05771
     52.545        -6.99336    -0.26584    -0.67148    -6.05604
     52.695        -6.99167    -0.26582    -0.67147    -6.05437
     52.845        -6.98997    -0.26581    -0.67146    -6.05270
     52.995        -6.98829    -0.26579    -0.67146    -6.05104
     53.145        -6.98660    -0.26577    -0.67145    -6.04939
     53.295        -6.98492    -0.26575    -0.67144    -6.04773
     53.445        -6.98326    -0.26573    -0.67143    -6.04609
     53.595        -6.98160    -0.26571    -0.67143    -6.04446
     53.745        -6.97995    -0.26569    -0.67142    -6.04283
     53.895        -6.97829    -0.26568    -0.67142    -6.04119
     54.045        -6.97664    -0.26566    -0.67141    -6.03957
     54.195        -6.97499    -0.26564    -0.67140    -6.03795
     54.345        -6.97336    -0.26562    -0.67139    -6.03634
     54.495        -6.97174    -0.26561    -0.67139    -6.03474
     54.645        -6.97011    -0.26559    -0.67138    -6.03314
     54.795        -6.96850    -0.26557    -0.67138    -6.03155
     54.945        -6.96688    -0.26556    -0.67137    -6.02995
     55.095        -6.96526    -0.26554    -0.67136    -6.02835
     59.433        -6.83933    -0.26418    -0.67086    -5.90429
     80.646        -6.65767    -0.26226    -0.67012    -5.72529
     111.21        -6.48377    -0.26042    -0.66941    -5.55394
     153.36        -6.31738    -0.25868    -0.66873    -5.38998
     211.49        -6.15856    -0.25702    -0.66805    -5.23350
     291.64        -6.00708    -0.25545    -0.66740    -5.08423
     402.18        -5.86295    -0.25394    -0.66675    -4.94226
     554.60        -5.72570    -0.25251    -0.66611    -4.80708
     764.80        -5.59515    -0.25115    -0.66551    -4.67849
     1054.7        -5.47126    -0.24986    -0.66491    -4.55649
     1454.4        -5.35347    -0.24862    -0.66433    -4.44052
     2005.6        -5.24180    -0.24746    -0.66377    -4.33058
     2765.8        -5.13581    -0.24635    -0.66323    -4.22623
     3814.0        -5.03530    -0.24530    -0.66271    -4.12729
     5259.5        -4.93999    -0.24430    -0.66220    -4.03349
     7252.9        -4.84962    -0.24336    -0.66170    -3.94456
     10002.        -4.76395    -0.24246    -0.66122    -3.86027
     13793.        -4.68278    -0.24162    -0.66076    -3.78040
     19020.        -4.60583    -0.24081    -0.66033    -3.70469
     26229.        -4.53293    -0.24005    -0.65992    -3.63297
     36170.        -4.46385    -0.23934    -0.65952    -3.56500
     49878.        -4.39839    -0.23865    -0.65912    -3.50061
     68782.        -4.33632    -0.23801    -0.65875    -3.43956
     94851.        -4.27754    -0.23739    -0.65840    -3.38175
    0.13080E+06    -4.22183    -0.23681    -0.65806    -3.32696
    0.18038E+06    -4.16898    -0.23626    -0.65774    -3.27498
    0.24874E+06    -4.11894    -0.23574    -0.65743    -3.22577
    0.34301E+06    -4.07149    -0.23524    -0.65714    -3.17912
    0.47302E+06    -4.02654    -0.23477    -0.65686    -3.13491
    0.65229E+06    -3.98393    -0.23432    -0.65658    -3.09303
    0.89952E+06    -3.94358    -0.23390    -0.65632    -3.05336
    0.12404E+07    -3.90537    -0.23350    -0.65608    -3.01579
    0.17106E+07    -3.86920    -0.23312    -0.65584    -2.98024
    0.23589E+07    -3.83492    -0.23277    -0.65562    -2.94654
    0.32529E+07    -3.80240    -0.23243    -0.65540    -2.91457
    0.44858E+07    -3.77162    -0.23211    -0.65520    -2.88432
    0.61860E+07    -3.74244    -0.23180    -0.65501    -2.85562
    0.85305E+07    -3.71478    -0.23151    -0.65483    -2.82845
    0.11764E+08    -3.68852    -0.23123    -0.65465    -2.80264
    0.16222E+08    -3.66366    -0.23096    -0.65449    -2.77821
    0.22370E+08    -3.64011    -0.23071    -0.65434    -2.75506
    0.30849E+08    -3.61774    -0.23048    -0.65419    -2.73307
    0.42541E+08    -3.59655    -0.23025    -0.65404    -2.71226
    0.58664E+08    -3.57654    -0.23004    -0.65391    -2.69259
    0.80898E+08    -3.55778    -0.22984    -0.65379    -2.67416
    0.11156E+09    -3.54028    -0.22965    -0.65367    -2.65696
    0.15384E+09    -3.52392    -0.22947    -0.65356    -2.64089
    0.21215E+09    -3.50859    -0.22930    -0.65346    -2.62584
    0.29255E+09    -3.49422    -0.22915    -0.65336    -2.61171
    0.40343E+09    -3.48074    -0.22900    -0.65327    -2.59846
    0.55633E+09    -3.46816    -0.22887    -0.65319    -2.58610
    0.76719E+09    -3.45674    -0.22874    -0.65312    -2.57489
    0.10580E+10    -3.44632    -0.22862    -0.65304    -2.56467
    0.14589E+10    -3.43672    -0.22850    -0.65297    -2.55524
    0.20119E+10    -3.42782    -0.22840    -0.65291    -2.54651
    0.27744E+10    -3.41965    -0.22831    -0.65286    -2.53848
    0.38259E+10    -3.41208    -0.22822    -0.65280    -2.53106
    0.52760E+10    -3.40507    -0.22814    -0.65275    -2.52418
    0.72756E+10    -3.39864    -0.22807    -0.65271    -2.51786
    0.10033E+11    -3.39268    -0.22801    -0.65267    -2.51200
    0.13836E+11    -3.38720    -0.22795    -0.65262    -2.50663
    0.19079E+11    -3.38214    -0.22789    -0.65259    -2.50166
    0.26311E+11    -3.37745    -0.22784    -0.65255    -2.49706
    0.36283E+11    -3.37312    -0.22779    -0.65252    -2.49281
    0.50034E+11    -3.36911    -0.22774    -0.65249    -2.48887
    0.68997E+11    -3.36542    -0.22770    -0.65247    -2.48525
    0.10000E+12    -3.32090    -0.22719    -0.65214    -2.44157
