    -99.945         0.00000     0.00000     0.00000     0.00000
    -99.795         0.00000     0.00000     0.00000     0.00000
    -99.645         0.00000     0.00000     0.00000     0.00000
    -99.495         0.00000     0.00000     0.00000     0.00000
    -99.345         0.00000     0.00000     0.00000     0.00000
    -99.195         0.00000     0.00000     0.00000     0.00000
    -99.045         0.00000     0.00000     0.00000     0.00000
    -98.895         0.00000     0.00000     0.00000     0.00000
    -98.745         0.00000     0.00000     0.00000     0.00000
    -98.595         0.00000     0.00000     0.00000     0.00000
    -98.445         0.00000     0.00000     0.00000     0.00000
    -98.295         0.00000     0.00000     0.00000     0.00000
    -98.145         0.00000     0.00000     0.00000     0.00000
    -97.995         0.00000     0.00000     0.00000     0.00000
    -97.845         0.00000     0.00000     0.00000     0.00000
    -97.695         0.00000     0.00000     0.00000     0.00000
    -97.545         0.00000     0.00000     0.00000     0.00000
    -97.395         0.00000     0.00000     0.00000     0.00000
    -97.245         0.00000     0.00000     0.00000     0.00000
    -97.095         0.00000     0.00000     0.00000     0.00000
    -96.945         0.00000     0.00000     0.00000     0.00000
    -96.795         0.00000     0.00000     0.00000     0.00000
    -96.645         0.00000     0.00000     0.00000     0.00000
    -96.495         0.00000     0.00000     0.00000     0.00000
    -96.345         0.00000     0.00000     0.00000     0.00000
    -96.195         0.00000     0.00000     0.00000     0.00000
    -96.045         0.00000     0.00000     0.00000     0.00000
    -95.895         0.00000     0.00000     0.00000     0.00000
    -95.745         0.00000     0.00000     0.00000     0.00000
    -95.595         0.00000     0.00000     0.00000     0.00000
    -95.445         0.00000     0.00000     0.00000     0.00000
    -95.295         0.00000     0.00000     0.00000     0.00000
    -95.145         0.00000     0.00000     0.00000     0.00000
    -94.995         0.00000     0.00000     0.00000     0.00000
    -94.845         0.00000     0.00000     0.00000     0.00000
    -94.695         0.00000     0.00000     0.00000     0.00000
    -94.545         0.00000     0.00000     0.00000     0.00000
    -94.395         0.00000     0.00000     0.00000     0.00000
    -94.245         0.00000     0.00000     0.00000     0.00000
    -94.095         0.00000     0.00000     0.00000     0.00000
    -93.945         0.00000     0.00000     0.00000     0.00000
    -93.795         0.00000     0.00000     0.00000     0.00000
    -93.645         0.00000     0.00000     0.00000     0.00000
    -93.495         0.00000     0.00000     0.00000     0.00000
    -93.345         0.00000     0.00000     0.00000     0.00000
    -93.195         0.00000     0.00000     0.00000     0.00000
    -93.045         0.00000     0.00000     0.00000     0.00000
    -92.895         0.00000     0.00000     0.00000     0.00000
    -92.745         0.00000     0.00000     0.00000     0.00000
    -92.595         0.00000     0.00000     0.00000     0.00000
    -92.445         0.00000     0.00000     0.00000     0.00000
    -92.295         0.00000     0.00000     0.00000     0.00000
    -92.145         0.00000     0.00000     0.00000     0.00000
    -91.995         0.00000     0.00000     0.00000     0.00000
    -91.845         0.00000     0.00000     0.00000     0.00000
    -91.695         0.00000     0.00000     0.00000     0.00000
    -91.545         0.00000     0.00000     0.00000     0.00000
    -91.395         0.00000     0.00000     0.00000     0.00000
    -91.245         0.00000     0.00000     0.00000     0.00000
    -91.095         0.00000     0.00000     0.00000     0.00000
    -90.945         0.00000     0.00000     0.00000     0.00000
    -90.795         0.00000     0.00000     0.00000     0.00000
    -90.645         0.00000     0.00000     0.00000     0.00000
    -90.495         0.00000     0.00000     0.00000     0.00000
    -90.345         0.00000     0.00000     0.00000     0.00000
    -90.195         0.00000     0.00000     0.00000     0.00000
    -90.045         0.00000     0.00000     0.00000     0.00000
    -89.895         0.00000     0.00000     0.00000     0.00000
    -89.745         0.00000     0.00000     0.00000     0.00000
    -89.595         0.00000     0.00000     0.00000     0.00000
    -89.445         0.00000     0.00000     0.00000     0.00000
    -89.295         0.00000     0.00000     0.00000     0.00000
    -89.145         0.00000     0.00000     0.00000     0.00000
    -88.995         0.00000     0.00000     0.00000     0.00000
    -88.845         0.00000     0.00000     0.00000     0.00000
    -88.695         0.00000     0.00000     0.00000     0.00000
    -88.545         0.00000     0.00000     0.00000     0.00000
    -88.395         0.00000     0.00000     0.00000     0.00000
    -88.245         0.00000     0.00000     0.00000     0.00000
    -88.095         0.00000     0.00000     0.00000     0.00000
    -87.945         0.00000     0.00000     0.00000     0.00000
    -87.795         0.00000     0.00000     0.00000     0.00000
    -87.645         0.00000     0.00000     0.00000     0.00000
    -87.495         0.00000     0.00000     0.00000     0.00000
    -87.345         0.00000     0.00000     0.00000     0.00000
    -87.195         0.00000     0.00000     0.00000     0.00000
    -87.045         0.00000     0.00000     0.00000     0.00000
    -86.895         0.00000     0.00000     0.00000     0.00000
    -86.745         0.00000     0.00000     0.00000     0.00000
    -86.595         0.00000     0.00000     0.00000     0.00000
    -86.445         0.00000     0.00000     0.00000     0.00000
    -86.295         0.00000     0.00000     0.00000     0.00000
    -86.145         0.00000     0.00000     0.00000     0.00000
    -85.995         0.00000     0.00000     0.00000     0.00000
    -85.845         0.00000     0.00000     0.00000     0.00000
    -85.695         0.00000     0.00000     0.00000     0.00000
    -85.545         0.00000     0.00000     0.00000     0.00000
    -85.395         0.00000     0.00000     0.00000     0.00000
    -85.245         0.00000     0.00000     0.00000     0.00000
    -85.095         0.00000     0.00000     0.00000     0.00000
    -84.945         0.00000     0.00000     0.00000     0.00000
    -84.795         0.00000     0.00000     0.00000     0.00000
    -84.645         0.00000     0.00000     0.00000     0.00000
    -84.495         0.00000     0.00000     0.00000     0.00000
    -84.345         0.00000     0.00000     0.00000     0.00000
    -84.195         0.00000     0.00000     0.00000     0.00000
    -84.045         0.00000     0.00000     0.00000     0.00000
    -83.895         0.00000     0.00000     0.00000     0.00000
    -83.745         0.00000     0.00000     0.00000     0.00000
    -83.595         0.00000     0.00000     0.00000     0.00000
    -83.445         0.00000     0.00000     0.00000     0.00000
    -83.295         0.00000     0.00000     0.00000     0.00000
    -83.145         0.00000     0.00000     0.00000     0.00000
    -82.995         0.00000     0.00000     0.00000     0.00000
    -82.845         0.00000     0.00000     0.00000     0.00000
    -82.695         0.00000     0.00000     0.00000     0.00000
    -82.545         0.00000     0.00000     0.00000     0.00000
    -82.395         0.00000     0.00000     0.00000     0.00000
    -82.245         0.00000     0.00000     0.00000     0.00000
    -82.095         0.00000     0.00000     0.00000     0.00000
    -81.945         0.00000     0.00000     0.00000     0.00000
    -81.795         0.00000     0.00000     0.00000     0.00000
    -81.645         0.00000     0.00000     0.00000     0.00000
    -81.495         0.00000     0.00000     0.00000     0.00000
    -81.345         0.00000     0.00000     0.00000     0.00000
    -81.195         0.00000     0.00000     0.00000     0.00000
    -81.045         0.00000     0.00000     0.00000     0.00000
    -80.895         0.00000     0.00000     0.00000     0.00000
    -80.745         0.00000     0.00000     0.00000     0.00000
    -80.595         0.00000     0.00000     0.00000     0.00000
    -80.445         0.00000     0.00000     0.00000     0.00000
    -80.295         0.00000     0.00000     0.00000     0.00000
    -80.145         0.00000     0.00000     0.00000     0.00000
    -79.995         0.00000     0.00000     0.00000     0.00000
    -79.845         0.00000     0.00000     0.00000     0.00000
    -79.695         0.00000     0.00000     0.00000     0.00000
    -79.545         0.00000     0.00000     0.00000     0.00000
    -79.395         0.00000     0.00000     0.00000     0.00000
    -79.245         0.00000     0.00000     0.00000     0.00000
    -79.095         0.00000     0.00000     0.00000     0.00000
    -78.945         0.00000     0.00000     0.00000     0.00000
    -78.795         0.00000     0.00000     0.00000     0.00000
    -78.645         0.00000     0.00000     0.00000     0.00000
    -78.495         0.00000     0.00000     0.00000     0.00000
    -78.345         0.00000     0.00000     0.00000     0.00000
    -78.195         0.00000     0.00000     0.00000     0.00000
    -78.045         0.00000     0.00000     0.00000     0.00000
    -77.895         0.00000     0.00000     0.00000     0.00000
    -77.745         0.00000     0.00000     0.00000     0.00000
    -77.595         0.00000     0.00000     0.00000     0.00000
    -77.445         0.00000     0.00000     0.00000     0.00000
    -77.295         0.00000     0.00000     0.00000     0.00000
    -77.145         0.00000     0.00000     0.00000     0.00000
    -76.995         0.00000     0.00000     0.00000     0.00000
    -76.845         0.00000     0.00000     0.00000     0.00000
    -76.695         0.00000     0.00000     0.00000     0.00000
    -76.545         0.00000     0.00000     0.00000     0.00000
    -76.395         0.00000     0.00000     0.00000     0.00000
    -76.245         0.00000     0.00000     0.00000     0.00000
    -76.095         0.00000     0.00000     0.00000     0.00000
    -75.945         0.00000     0.00000     0.00000     0.00000
    -75.795         0.00000     0.00000     0.00000     0.00000
    -75.645         0.00000     0.00000     0.00000     0.00000
    -75.495         0.00000     0.00000     0.00000     0.00000
    -75.345         0.00000     0.00000     0.00000     0.00000
    -75.195         0.00000     0.00000     0.00000     0.00000
    -75.045         0.00000     0.00000     0.00000     0.00000
    -74.895         0.00000     0.00000     0.00000     0.00000
    -74.745         0.00000     0.00000     0.00000     0.00000
    -74.595         0.00000     0.00000     0.00000     0.00000
    -74.445         0.00000     0.00000     0.00000     0.00000
    -74.295         0.00000     0.00000     0.00000     0.00000
    -74.145         0.00000     0.00000     0.00000     0.00000
    -73.995         0.00000     0.00000     0.00000     0.00000
    -73.845         0.00000     0.00000     0.00000     0.00000
    -73.695         0.00000     0.00000     0.00000     0.00000
    -73.545         0.00000     0.00000     0.00000     0.00000
    -73.395         0.00000     0.00000     0.00000     0.00000
    -73.245         0.00000     0.00000     0.00000     0.00000
    -73.095         0.00000     0.00000     0.00000     0.00000
    -72.945         0.00000     0.00000     0.00000     0.00000
    -72.795         0.00000     0.00000     0.00000     0.00000
    -72.645         0.00000     0.00000     0.00000     0.00000
    -72.495         0.00000     0.00000     0.00000     0.00000
    -72.345         0.00000     0.00000     0.00000     0.00000
    -72.195         0.00000     0.00000     0.00000     0.00000
    -72.045         0.00000     0.00000     0.00000     0.00000
    -71.895         0.00000     0.00000     0.00000     0.00000
    -71.745         0.00000     0.00000     0.00000     0.00000
    -71.595         0.00000     0.00000     0.00000     0.00000
    -71.445         0.00000     0.00000     0.00000     0.00000
    -71.295         0.00000     0.00000     0.00000     0.00000
    -71.145         0.00000     0.00000     0.00000     0.00000
    -70.995         0.00000     0.00000     0.00000     0.00000
    -70.845         0.00000     0.00000     0.00000     0.00000
    -70.695         0.00000     0.00000     0.00000     0.00000
    -70.545         0.00000     0.00000     0.00000     0.00000
    -70.395         0.00000     0.00000     0.00000     0.00000
    -70.245         0.00000     0.00000     0.00000     0.00000
    -70.095         0.00000     0.00000     0.00000     0.00000
    -69.945         0.00000     0.00000     0.00000     0.00000
    -69.795         0.00000     0.00000     0.00000     0.00000
    -69.645         0.00000     0.00000     0.00000     0.00000
    -69.495         0.00000     0.00000     0.00000     0.00000
    -69.345         0.00000     0.00000     0.00000     0.00000
    -69.195         0.00000     0.00000     0.00000     0.00000
    -69.045         0.00000     0.00000     0.00000     0.00000
    -68.895         0.00000     0.00000     0.00000     0.00000
    -68.745         0.00000     0.00000     0.00000     0.00000
    -68.595         0.00000     0.00000     0.00000     0.00000
    -68.445         0.00000     0.00000     0.00000     0.00000
    -68.295         0.00000     0.00000     0.00000     0.00000
    -68.145         0.00000     0.00000     0.00000     0.00000
    -67.995         0.00000     0.00000     0.00000     0.00000
    -67.845         0.00000     0.00000     0.00000     0.00000
    -67.695         0.00000     0.00000     0.00000     0.00000
    -67.545         0.00000     0.00000     0.00000     0.00000
    -67.395         0.00000     0.00000     0.00000     0.00000
    -67.245         0.00000     0.00000     0.00000     0.00000
    -67.095         0.00000     0.00000     0.00000     0.00000
    -66.945         0.00000     0.00000     0.00000     0.00000
    -66.795         0.00000     0.00000     0.00000     0.00000
    -66.645         0.00000     0.00000     0.00000     0.00000
    -66.495         0.00000     0.00000     0.00000     0.00000
    -66.345         0.00000     0.00000     0.00000     0.00000
    -66.195         0.00000     0.00000     0.00000     0.00000
    -66.045         0.00000     0.00000     0.00000     0.00000
    -65.895         0.00000     0.00000     0.00000     0.00000
    -65.745         0.00000     0.00000     0.00000     0.00000
    -65.595         0.00000     0.00000     0.00000     0.00000
    -65.445         0.00000     0.00000     0.00000     0.00000
    -65.295         0.00000     0.00000     0.00000     0.00000
    -65.145         0.00000     0.00000     0.00000     0.00000
    -64.995         0.00000     0.00000     0.00000     0.00000
    -64.845         0.00000     0.00000     0.00000     0.00000
    -64.695         0.00000     0.00000     0.00000     0.00000
    -64.545         0.00000     0.00000     0.00000     0.00000
    -64.395         0.00000     0.00000     0.00000     0.00000
    -64.245         0.00000     0.00000     0.00000     0.00000
    -64.095         0.00000     0.00000     0.00000     0.00000
    -63.945         0.00000     0.00000     0.00000     0.00000
    -63.795         0.00000     0.00000     0.00000     0.00000
    -63.645         0.00000     0.00000     0.00000     0.00000
    -63.495         0.00000     0.00000     0.00000     0.00000
    -63.345         0.00000     0.00000     0.00000     0.00000
    -63.195         0.00000     0.00000     0.00000     0.00000
    -63.045         0.00000     0.00000     0.00000     0.00000
    -62.895         0.00000     0.00000     0.00000     0.00000
    -62.745         0.00000     0.00000     0.00000     0.00000
    -62.595         0.00000     0.00000     0.00000     0.00000
    -62.445         0.00000     0.00000     0.00000     0.00000
    -62.295         0.00000     0.00000     0.00000     0.00000
    -62.145         0.00000     0.00000     0.00000     0.00000
    -61.995         0.00000     0.00000     0.00000     0.00000
    -61.845         0.00000     0.00000     0.00000     0.00000
    -61.695         0.00000     0.00000     0.00000     0.00000
    -61.545         0.00000     0.00000     0.00000     0.00000
    -61.395         0.00000     0.00000     0.00000     0.00000
    -61.245         0.00000     0.00000     0.00000     0.00000
    -61.095         0.00000     0.00000     0.00000     0.00000
    -60.945         0.00000     0.00000     0.00000     0.00000
    -60.795         0.00000     0.00000     0.00000     0.00000
    -60.645         0.00000     0.00000     0.00000     0.00000
    -60.495         0.00000     0.00000     0.00000     0.00000
    -60.345         0.00000     0.00000     0.00000     0.00000
    -60.195         0.00000     0.00000     0.00000     0.00000
    -60.045         0.00000     0.00000     0.00000     0.00000
    -59.895         0.00000     0.00000     0.00000     0.00000
    -59.745         0.00000     0.00000     0.00000     0.00000
    -59.595         0.00000     0.00000     0.00000     0.00000
    -59.445         0.00000     0.00000     0.00000     0.00000
    -59.295         0.00000     0.00000     0.00000     0.00000
    -59.145         0.00000     0.00000     0.00000     0.00000
    -58.995         0.00000     0.00000     0.00000     0.00000
    -58.845         0.00000     0.00000     0.00000     0.00000
    -58.695         0.00000     0.00000     0.00000     0.00000
    -58.545         0.00000     0.00000     0.00000     0.00000
    -58.395         0.00000     0.00000     0.00000     0.00000
    -58.245         0.00000     0.00000     0.00000     0.00000
    -58.095         0.00000     0.00000     0.00000     0.00000
    -57.945         0.00000     0.00000     0.00000     0.00000
    -57.795         0.00000     0.00000     0.00000     0.00000
    -57.645         0.00000     0.00000     0.00000     0.00000
    -57.495         0.00000     0.00000     0.00000     0.00000
    -57.345         0.00000     0.00000     0.00000     0.00000
    -57.195         0.00000     0.00000     0.00000     0.00000
    -57.045         0.00000     0.00000     0.00000     0.00000
    -56.895         0.00000     0.00000     0.00000     0.00000
    -56.745         0.00000     0.00000     0.00000     0.00000
    -56.595         0.00000     0.00000     0.00000     0.00000
    -56.445         0.00000     0.00000     0.00000     0.00000
    -56.295         0.00000     0.00000     0.00000     0.00000
    -56.145         0.00000     0.00000     0.00000     0.00000
    -55.995         0.00000     0.00000     0.00000     0.00000
    -55.845         0.00000     0.00000     0.00000     0.00000
    -55.695         0.00000     0.00000     0.00000     0.00000
    -55.545         0.00000     0.00000     0.00000     0.00000
    -55.395         0.00000     0.00000     0.00000     0.00000
    -55.245         0.00000     0.00000     0.00000     0.00000
    -55.095         0.00000     0.00000     0.00000     0.00000
    -54.945         0.00000     0.00000     0.00000     0.00000
    -54.795         0.00000     0.00000     0.00000     0.00000
    -54.645         0.00000     0.00000     0.00000     0.00000
    -54.495         0.00000     0.00000     0.00000     0.00000
    -54.345         0.00000     0.00000     0.00000     0.00000
    -54.195         0.00000     0.00000     0.00000     0.00000
    -54.045         0.00000     0.00000     0.00000     0.00000
    -53.895         0.00000     0.00000     0.00000     0.00000
    -53.745         0.00000     0.00000     0.00000     0.00000
    -53.595         0.00000     0.00000     0.00000     0.00000
    -53.445         0.00000     0.00000     0.00000     0.00000
    -53.295         0.00000     0.00000     0.00000     0.00000
    -53.145         0.00000     0.00000     0.00000     0.00000
    -52.995         0.00000     0.00000     0.00000     0.00000
    -52.845         0.00000     0.00000     0.00000     0.00000
    -52.695         0.00000     0.00000     0.00000     0.00000
    -52.545         0.00000     0.00000     0.00000     0.00000
    -52.395         0.00000     0.00000     0.00000     0.00000
    -52.245         0.00000     0.00000     0.00000     0.00000
    -52.095         0.00000     0.00000     0.00000     0.00000
    -51.945         0.00000     0.00000     0.00000     0.00000
    -51.795         0.00000     0.00000     0.00000     0.00000
    -51.645         0.00000     0.00000     0.00000     0.00000
    -51.495         0.00000     0.00000     0.00000     0.00000
    -51.345         0.00000     0.00000     0.00000     0.00000
    -51.195         0.00000     0.00000     0.00000     0.00000
    -51.045         0.00000     0.00000     0.00000     0.00000
    -50.895         0.00000     0.00000     0.00000     0.00000
    -50.745         0.00000     0.00000     0.00000     0.00000
    -50.595         0.00000     0.00000     0.00000     0.00000
    -50.445         0.00000     0.00000     0.00000     0.00000
    -50.295         0.00000     0.00000     0.00000     0.00000
    -50.145         0.00000     0.00000     0.00000     0.00000
    -49.995         0.00000     0.00000     0.00000     0.00000
    -49.845         0.00000     0.00000     0.00000     0.00000
    -49.695         0.00000     0.00000     0.00000     0.00000
    -49.545         0.00000     0.00000     0.00000     0.00000
    -49.395         0.00000     0.00000     0.00000     0.00000
    -49.245         0.00000     0.00000     0.00000     0.00000
    -49.095         0.00000     0.00000     0.00000     0.00000
    -48.945         0.00000     0.00000     0.00000     0.00000
    -48.795         0.00000     0.00000     0.00000     0.00000
    -48.645         0.00000     0.00000     0.00000     0.00000
    -48.495         0.00000     0.00000     0.00000     0.00000
    -48.345         0.00000     0.00000     0.00000     0.00000
    -48.195         0.00000     0.00000     0.00000     0.00000
    -48.045         0.00000     0.00000     0.00000     0.00000
    -47.895         0.00000     0.00000     0.00000     0.00000
    -47.745         0.00000     0.00000     0.00000     0.00000
    -47.595         0.00000     0.00000     0.00000     0.00000
    -47.445         0.00000     0.00000     0.00000     0.00000
    -47.295         0.00000     0.00000     0.00000     0.00000
    -47.145         0.00000     0.00000     0.00000     0.00000
    -46.995         0.00000     0.00000     0.00000     0.00000
    -46.845         0.00000     0.00000     0.00000     0.00000
    -46.695         0.00000     0.00000     0.00000     0.00000
    -46.545         0.00000     0.00000     0.00000     0.00000
    -46.395         0.00000     0.00000     0.00000     0.00000
    -46.245         0.00000     0.00000     0.00000     0.00000
    -46.095         0.00000     0.00000     0.00000     0.00000
    -45.945         0.00000     0.00000     0.00000     0.00000
    -45.795         0.00000     0.00000     0.00000     0.00000
    -45.645         0.00000     0.00000     0.00000     0.00000
    -45.495         0.00000     0.00000     0.00000     0.00000
    -45.345         0.00000     0.00000     0.00000     0.00000
    -45.195         0.00000     0.00000     0.00000     0.00000
    -45.045         0.00000     0.00000     0.00000     0.00000
    -44.895         0.00000     0.00000     0.00000     0.00000
    -44.745         0.00000     0.00000     0.00000     0.00000
    -44.595         0.00000     0.00000     0.00000     0.00000
    -44.445         0.00000     0.00000     0.00000     0.00000
    -44.295         0.00000     0.00000     0.00000     0.00000
    -44.145         0.00000     0.00000     0.00000     0.00000
    -43.995         0.00000     0.00000     0.00000     0.00000
    -43.845         0.00000     0.00000     0.00000     0.00000
    -43.695         0.00000     0.00000     0.00000     0.00000
    -43.545         0.00000     0.00000     0.00000     0.00000
    -43.395         0.00000     0.00000     0.00000     0.00000
    -43.245         0.00000     0.00000     0.00000     0.00000
    -43.095         0.00000     0.00000     0.00000     0.00000
    -42.945         0.00000     0.00000     0.00000     0.00000
    -42.795         0.00000     0.00000     0.00000     0.00000
    -42.645         0.00000     0.00000     0.00000     0.00000
    -42.495         0.00000     0.00000     0.00000     0.00000
    -42.345         0.00000     0.00000     0.00000     0.00000
    -42.195         0.00000     0.00000     0.00000     0.00000
    -42.045         0.00000     0.00000     0.00000     0.00000
    -41.895         0.00000     0.00000     0.00000     0.00000
    -41.745         0.00000     0.00000     0.00000     0.00000
    -41.595         0.00000     0.00000     0.00000     0.00000
    -41.445         0.00000     0.00000     0.00000     0.00000
    -41.295         0.00000     0.00000     0.00000     0.00000
    -41.145         0.00000     0.00000     0.00000     0.00000
    -40.995         0.00000     0.00000     0.00000     0.00000
    -40.845         0.00000     0.00000     0.00000     0.00000
    -40.695         0.00000     0.00000     0.00000     0.00000
    -40.545         0.00000     0.00000     0.00000     0.00000
    -40.395         0.00000     0.00000     0.00000     0.00000
    -40.245         0.00000     0.00000     0.00000     0.00000
    -40.095         0.00000     0.00000     0.00000     0.00000
    -39.945         0.00000     0.00000     0.00000     0.00000
    -39.795         0.00000     0.00000     0.00000     0.00000
    -39.645         0.00000     0.00000     0.00000     0.00000
    -39.495         0.00000     0.00000     0.00000     0.00000
    -39.345         0.00000     0.00000     0.00000     0.00000
    -39.195         0.00000     0.00000     0.00000     0.00000
    -39.045         0.00000     0.00000     0.00000     0.00000
    -38.895         0.00000     0.00000     0.00000     0.00000
    -38.745         0.00000     0.00000     0.00000     0.00000
    -38.595         0.00000     0.00000     0.00000     0.00000
    -38.445         0.00000     0.00000     0.00000     0.00000
    -38.295         0.00000     0.00000     0.00000     0.00000
    -38.145         0.00000     0.00000     0.00000     0.00000
    -37.995         0.00000     0.00000     0.00000     0.00000
    -37.845         0.00000     0.00000     0.00000     0.00000
    -37.695         0.00000     0.00000     0.00000     0.00000
    -37.545         0.00000     0.00000     0.00000     0.00000
    -37.395         0.00000     0.00000     0.00000     0.00000
    -37.245         0.00000     0.00000     0.00000     0.00000
    -37.095         0.00000     0.00000     0.00000     0.00000
    -36.945         0.00000     0.00000     0.00000     0.00000
    -36.795         0.00000     0.00000     0.00000     0.00000
    -36.645         0.00000     0.00000     0.00000     0.00000
    -36.495         0.00000     0.00000     0.00000     0.00000
    -36.345         0.00000     0.00000     0.00000     0.00000
    -36.195         0.00000     0.00000     0.00000     0.00000
    -36.045         0.00000     0.00000     0.00000     0.00000
    -35.895         0.00000     0.00000     0.00000     0.00000
    -35.745         0.00000     0.00000     0.00000     0.00000
    -35.595         0.00000     0.00000     0.00000     0.00000
    -35.445         0.00000     0.00000     0.00000     0.00000
    -35.295         0.00000     0.00000     0.00000     0.00000
    -35.145         0.00000     0.00000     0.00000     0.00000
    -34.995         0.00000     0.00000     0.00000     0.00000
    -34.845         0.00000     0.00000     0.00000     0.00000
    -34.695         0.00000     0.00000     0.00000     0.00000
    -34.545         0.00000     0.00000     0.00000     0.00000
    -34.395         0.00000     0.00000     0.00000     0.00000
    -34.245         0.00000     0.00000     0.00000     0.00000
    -34.095         0.00000     0.00000     0.00000     0.00000
    -33.945         0.00000     0.00000     0.00000     0.00000
    -33.795         0.00000     0.00000     0.00000     0.00000
    -33.645         0.00000     0.00000     0.00000     0.00000
    -33.495         0.00000     0.00000     0.00000     0.00000
    -33.345         0.00000     0.00000     0.00000     0.00000
    -33.195         0.00000     0.00000     0.00000     0.00000
    -33.045         0.00000     0.00000     0.00000     0.00000
    -32.895         0.00000     0.00000     0.00000     0.00000
    -32.745         0.00000     0.00000     0.00000     0.00000
    -32.595         0.00000     0.00000     0.00000     0.00000
    -32.445         0.00000     0.00000     0.00000     0.00000
    -32.295         0.00000     0.00000     0.00000     0.00000
    -32.145         0.00000     0.00000     0.00000     0.00000
    -31.995         0.00000     0.00000     0.00000     0.00000
    -31.845         0.00000     0.00000     0.00000     0.00000
    -31.695         0.00000     0.00000     0.00000     0.00000
    -31.545         0.00000     0.00000     0.00000     0.00000
    -31.395         0.00000     0.00000     0.00000     0.00000
    -31.245         0.00000     0.00000     0.00000     0.00000
    -31.095         0.00000     0.00000     0.00000     0.00000
    -30.945         0.00000     0.00000     0.00000     0.00000
    -30.795         0.00000     0.00000     0.00000     0.00000
    -30.645         0.00000     0.00000     0.00000     0.00000
    -30.495         0.00000     0.00000     0.00000     0.00000
    -30.345         0.00000     0.00000     0.00000     0.00000
    -30.195         0.00000     0.00000     0.00000     0.00000
    -30.045         0.00000     0.00000     0.00000     0.00000
    -29.895         0.00000     0.00000     0.00000     0.00000
    -29.745         0.00000     0.00000     0.00000     0.00000
    -29.595         0.00000     0.00000     0.00000     0.00000
    -29.445         0.00000     0.00000     0.00000     0.00000
    -29.295         0.00000     0.00000     0.00000     0.00000
    -29.145         0.00000     0.00000     0.00000     0.00000
    -28.995         0.00000     0.00000     0.00000     0.00000
    -28.845         0.00000     0.00000     0.00000     0.00000
    -28.695         0.00000     0.00000     0.00000     0.00000
    -28.545         0.00000     0.00000     0.00000     0.00000
    -28.395         0.00000     0.00000     0.00000     0.00000
    -28.245         0.00000     0.00000     0.00000     0.00000
    -28.095         0.00000     0.00000     0.00000     0.00000
    -27.945         0.00000     0.00000     0.00000     0.00000
    -27.795         0.00000     0.00000     0.00000     0.00000
    -27.645         0.00000     0.00000     0.00000     0.00000
    -27.495         0.00000     0.00000     0.00000     0.00000
    -27.345         0.00000     0.00000     0.00000     0.00000
    -27.195         0.00000     0.00000     0.00000     0.00000
    -27.045         0.00000     0.00000     0.00000     0.00000
    -26.895         0.00000     0.00000     0.00000     0.00000
    -26.745         0.00000     0.00000     0.00000     0.00000
    -26.595         0.00000     0.00000     0.00000     0.00000
    -26.445         0.00000     0.00000     0.00000     0.00000
    -26.295         0.00000     0.00000     0.00000     0.00000
    -26.145         0.00000     0.00000     0.00000     0.00000
    -25.995         0.00000     0.00000     0.00000     0.00000
    -25.845         0.00000     0.00000     0.00000     0.00000
    -25.695         0.00000     0.00000     0.00000     0.00000
    -25.545         0.00000     0.00000     0.00000     0.00000
    -25.395         0.00000     0.00000     0.00000     0.00000
    -25.245         0.00000     0.00000     0.00000     0.00000
    -25.095         0.00000     0.00000     0.00000     0.00000
    -24.945         0.00000     0.00000     0.00000     0.00000
    -24.795         0.00000     0.00000     0.00000     0.00000
    -24.645         0.00000     0.00000     0.00000     0.00000
    -24.495         0.00000     0.00000     0.00000     0.00000
    -24.345         0.00000     0.00000     0.00000     0.00000
    -24.195         0.00000     0.00000     0.00000     0.00000
    -24.045         0.00000     0.00000     0.00000     0.00000
    -23.895         0.00000     0.00000     0.00000     0.00000
    -23.745         0.00000     0.00000     0.00000     0.00000
    -23.595         0.00000     0.00000     0.00000     0.00000
    -23.445         0.00000     0.00000     0.00000     0.00000
    -23.295         0.00000     0.00000     0.00000     0.00000
    -23.145         0.00000     0.00000     0.00000     0.00000
    -22.995         0.00000     0.00000     0.00000     0.00000
    -22.845         0.00000     0.00000     0.00000     0.00000
    -22.695         0.00000     0.00000     0.00000     0.00000
    -22.545         0.00000     0.00000     0.00000     0.00000
    -22.395         0.00000     0.00000     0.00000     0.00000
    -22.245         0.00000     0.00000     0.00000     0.00000
    -22.095         0.00000     0.00000     0.00000     0.00000
    -21.945         0.00000     0.00000     0.00000     0.00000
    -21.795         0.00000     0.00000     0.00000     0.00000
    -21.645         0.00000     0.00000     0.00000     0.00000
    -21.495         0.00000     0.00000     0.00000     0.00000
    -21.345         0.00000     0.00000     0.00000     0.00000
    -21.195         0.00000     0.00000     0.00000     0.00000
    -21.045         0.00000     0.00000     0.00000     0.00000
    -20.895         0.00000     0.00000     0.00000     0.00000
    -20.745         0.00000     0.00000     0.00000     0.00000
    -20.595         0.00000     0.00000     0.00000     0.00000
    -20.445         0.00000     0.00000     0.00000     0.00000
    -20.295         0.00000     0.00000     0.00000     0.00000
    -20.145         0.00000     0.00000     0.00000     0.00000
    -19.995         0.00000     0.00000     0.00000     0.00000
    -19.845         0.00000     0.00000     0.00000     0.00000
    -19.695         0.00000     0.00000     0.00000     0.00000
    -19.545         0.00000     0.00000     0.00000     0.00000
    -19.395         0.00000     0.00000     0.00000     0.00000
    -19.245         0.00000     0.00000     0.00000     0.00000
    -19.095         0.00000     0.00000     0.00000     0.00000
    -18.945         0.00000     0.00000     0.00000     0.00000
    -18.795         0.00000     0.00000     0.00000     0.00000
    -18.645         0.00000     0.00000     0.00000     0.00000
    -18.495         0.00000     0.00000     0.00000     0.00000
    -18.345         0.00000     0.00000     0.00000     0.00000
    -18.195         0.00000     0.00000     0.00000     0.00000
    -18.045         0.00000     0.00000     0.00000     0.00000
    -17.895         0.00000     0.00000     0.00000     0.00000
    -17.745         0.00000     0.00000     0.00000     0.00000
    -17.595         0.00000     0.00000     0.00000     0.00000
    -17.445         0.00000     0.00000     0.00000     0.00000
    -17.295         0.00000     0.00000     0.00000     0.00000
    -17.145         0.00000     0.00000     0.00000     0.00000
    -16.995         0.00000     0.00000     0.00000     0.00000
    -16.845         0.00000     0.00000     0.00000     0.00000
    -16.695         0.00000     0.00000     0.00000     0.00000
    -16.545         0.00000     0.00000     0.00000     0.00000
    -16.395         0.00000     0.00000     0.00000     0.00000
    -16.245         0.00000     0.00000     0.00000     0.00000
    -16.095         0.00000     0.00000     0.00000     0.00000
    -15.945         0.00000     0.00000     0.00000     0.00000
    -15.795         0.00000     0.00000     0.00000     0.00000
    -15.645         0.00000     0.00000     0.00000     0.00000
    -15.495         0.00000     0.00000     0.00000     0.00000
    -15.345         0.00000     0.00000     0.00000     0.00000
    -15.195         0.00000     0.00000     0.00000     0.00000
    -15.045         0.00000     0.00000     0.00000     0.00000
    -14.895         0.00000     0.00000     0.00000     0.00000
    -14.745         0.00000     0.00000     0.00000     0.00000
    -14.595         0.00000     0.00000     0.00000     0.00000
    -14.445         0.00000     0.00000     0.00000     0.00000
    -14.295         0.00000     0.00000     0.00000     0.00000
    -14.145         0.00000     0.00000     0.00000     0.00000
    -13.995        -0.00000    -0.00000     0.00000     0.00000
    -13.845         0.00000     0.00000     0.00000     0.00000
    -13.695         0.00000     0.00000     0.00000     0.00000
    -13.545         0.00000     0.00000     0.00000     0.00000
    -13.395        -0.00069    -0.00069     0.00000     0.00000
    -13.245        -0.00069    -0.00069     0.00000     0.00000
    -13.095        -0.00272    -0.00272     0.00000     0.00000
    -12.945        -0.00598    -0.00544    -0.00055     0.00000
    -12.795        -0.00877    -0.00822    -0.00055     0.00000
    -12.645        -0.01387    -0.01168    -0.00219     0.00000
    -12.495        -0.02237    -0.01638    -0.00598     0.00000
    -12.345        -0.03303    -0.02111    -0.01192     0.00000
    -12.195        -0.04108    -0.02471    -0.01636     0.00000
    -12.045        -0.05194    -0.03006    -0.02188     0.00000
    -11.895        -0.06851    -0.03655    -0.03196     0.00000
    -11.745        -0.07825    -0.04023    -0.03802     0.00000
    -11.595        -0.09011    -0.04504    -0.04507     0.00000
    -11.445        -0.10558    -0.05151    -0.05406     0.00000
    -11.295        -0.11682    -0.05579    -0.06103     0.00000
    -11.145        -0.12901    -0.06008    -0.06894     0.00000
    -10.995        -0.14085    -0.06648    -0.07437     0.00000
    -10.845        -0.15149    -0.07077    -0.08072     0.00000
    -10.695        -0.16531    -0.07452    -0.09079     0.00000
    -10.545        -0.17444    -0.07831    -0.09613     0.00000
    -10.395        -0.18653    -0.08463    -0.10190     0.00000
    -10.245        -0.19564    -0.08895    -0.10670     0.00000
    -10.095        -0.20949    -0.09666    -0.11282     0.00000
    -9.9450        -0.22122    -0.10095    -0.12027     0.00000
    -9.7950        -0.23377    -0.10527    -0.12850     0.00000
    -9.6450        -0.24179    -0.10860    -0.13319     0.00000
    -9.4950        -0.24893    -0.11243    -0.13649     0.00000
    -9.3450        -0.25656    -0.11676    -0.13980     0.00000
    -9.1950        -0.26587    -0.12061    -0.14525     0.00000
    -9.0450        -0.27397    -0.12584    -0.14812     0.00000
    -8.8950        -0.28073    -0.13062    -0.15011     0.00000
    -8.7450        -0.28747    -0.13364    -0.15383     0.00000
    -8.5950        -0.29715    -0.13841    -0.15874     0.00000
    -8.4450        -0.30088    -0.14096    -0.15992     0.00000
    -8.2950        -0.30936    -0.14574    -0.16362     0.00000
    -8.1450        -0.31705    -0.15013    -0.16692     0.00000
    -7.9950        -0.32432    -0.15372    -0.17061     0.00000
    -7.8450        -0.33285    -0.15894    -0.17391     0.00000
    -7.6950        -0.33909    -0.16338    -0.17570     0.00000
    -7.5450        -0.34616    -0.16749    -0.17866     0.00000
    -7.3950        -0.35437    -0.17310    -0.18128     0.00000
    -7.2450        -0.36193    -0.17763    -0.18430     0.00000
    -7.0950        -0.37095    -0.18253    -0.18842     0.00000
    -6.9450        -0.38001    -0.18920    -0.19081     0.00000
    -6.7950        -0.38792    -0.19347    -0.19398    -0.00048
    -6.6450        -0.40003    -0.19882    -0.19753    -0.00367
    -6.4950        -0.42330    -0.20487    -0.20177    -0.01665
    -6.3450        -0.45806    -0.21063    -0.20764    -0.03980
    -6.1950        -0.50948    -0.21887    -0.21444    -0.07617
    -6.0450        -0.57714    -0.22531    -0.22186    -0.12997
    -5.8950        -0.64817    -0.23239    -0.22929    -0.18649
    -5.7450        -0.74286    -0.23864    -0.23567    -0.26854
    -5.5950        -0.86381    -0.24689    -0.24295    -0.37396
    -5.4450        -1.01582    -0.25463    -0.25164    -0.50955
    -5.2950        -1.19238    -0.26242    -0.26065    -0.66931
    -5.1450        -1.39343    -0.27027    -0.26874    -0.85441
    -4.9950        -1.61388    -0.27944    -0.28107    -1.05337
    -4.8450        -1.85563    -0.28770    -0.29180    -1.27613
    -4.6950        -2.08458    -0.29699    -0.30215    -1.48545
    -4.5450        -2.31306    -0.30771    -0.31033    -1.69502
    -4.3950        -2.55808    -0.31868    -0.32046    -1.91894
    -4.2450        -2.79650    -0.32889    -0.33201    -2.13560
    -4.0950        -3.03030    -0.34026    -0.34407    -2.34597
    -3.9450        -3.24908    -0.35132    -0.35761    -2.54016
    -3.7950        -3.47569    -0.36518    -0.37146    -2.73905
    -3.6450        -3.68683    -0.37616    -0.38597    -2.92470
    -3.4950        -3.89833    -0.38922    -0.40197    -3.10714
    -3.3450        -4.10708    -0.40367    -0.41827    -3.28514
    -3.1950        -4.31192    -0.41845    -0.43311    -3.46036
    -3.0450        -4.51239    -0.43495    -0.45189    -3.62555
    -2.8950        -4.71747    -0.45184    -0.47319    -3.79245
    -2.7450        -4.92783    -0.47047    -0.49574    -3.96162
    -2.5950        -5.14649    -0.49250    -0.51823    -4.13575
    -2.4450        -5.37197    -0.51871    -0.54165    -4.31160
    -2.2950        -5.61445    -0.54603    -0.56740    -4.50102
    -2.1450        -5.87313    -0.57586    -0.59680    -4.70046
    -1.9950        -6.15735    -0.60935    -0.62951    -4.91848
    -1.8450        -6.48079    -0.64584    -0.66565    -5.16930
    -1.6950        -6.83423    -0.68645    -0.70088    -5.44691
    -1.5450        -7.25927    -0.73467    -0.74195    -5.78265
    -1.3950        -7.77151    -0.78493    -0.78971    -6.19687
    -1.2450        -8.40397    -0.84513    -0.84468    -6.71417
    -1.0950        -9.19758    -0.91485    -0.91207    -7.37066
   -0.94500       -10.16293    -1.00058    -0.99576    -8.16660
   -0.79500       -11.30973    -1.10862    -1.10494    -9.09617
   -0.64500       -12.68901    -1.25859    -1.25866   -10.17176
   -0.49500       -14.40198    -1.48292    -1.48439   -11.43467
   -0.34500       -16.87313    -1.84734    -1.86492   -13.16086
   -0.22700       -18.01671    -2.02592    -2.05273   -13.93806
   -0.21300       -18.16925    -2.05025    -2.07796   -14.04104
   -0.20700       -18.32622    -2.07540    -2.10362   -14.14720
   -0.20100       -18.48804    -2.10138    -2.13082   -14.25583
   -0.19500       -18.65346    -2.12793    -2.15868   -14.36685
   -0.18900       -18.82333    -2.15558    -2.18749   -14.48025
   -0.18300       -18.99968    -2.18471    -2.21734   -14.59763
   -0.17700       -19.18351    -2.21482    -2.24819   -14.72050
   -0.17100       -19.37299    -2.24566    -2.28024   -14.84708
   -0.16500       -19.56821    -2.27792    -2.31363   -14.97666
   -0.15900       -19.76959    -2.31037    -2.34826   -15.11096
   -0.15300       -19.97786    -2.34370    -2.38380   -15.25036
   -0.14700       -20.19420    -2.37888    -2.42125   -15.39407
   -0.14100       -20.41864    -2.41497    -2.45992   -15.54376
   -0.13500       -20.65386    -2.45297    -2.50082   -15.70007
   -0.12900       -20.89987    -2.49350    -2.54375   -15.86262
   -0.12300       -21.15550    -2.53473    -2.58817   -16.03260
   -0.11700       -21.42283    -2.57830    -2.63414   -16.21038
   -0.11100       -21.70559    -2.62378    -2.68243   -16.39938
   -0.10500       -22.00031    -2.67115    -2.73284   -16.59632
   -0.99000E-01   -22.31124    -2.72033    -2.78599   -16.80492
   -0.93000E-01   -22.63892    -2.77289    -2.84133   -17.02470
   -0.87000E-01   -22.98729    -2.82734    -2.89991   -17.26004
   -0.81000E-01   -23.35803    -2.88477    -2.96174   -17.51152
   -0.75000E-01   -23.75419    -2.94482    -3.02730   -17.78206
   -0.69000E-01   -24.18041    -3.00774    -3.09825   -18.07442
   -0.63000E-01   -24.64060    -3.07502    -3.17318   -18.39240
   -0.57000E-01   -25.14613    -3.14727    -3.25590   -18.74296
   -0.51000E-01   -25.70994    -3.22565    -3.34942   -19.13487
   -0.45000E-01   -26.34024    -3.31244    -3.45126   -19.57654
   -0.39000E-01   -27.04679    -3.40507    -3.55637   -20.08535
   -0.33000E-01   -27.84565    -3.49774    -3.66025   -20.68766
   -0.27000E-01   -28.77202    -3.58575    -3.75908   -21.42719
   -0.21300E-01   -29.50685    -3.64161    -3.81994   -22.04530
   -0.19500E-01   -29.62360    -3.64931    -3.82806   -22.14623
   -0.18900E-01   -29.74362    -3.65690    -3.83616   -22.25055
   -0.18300E-01   -29.86679    -3.66432    -3.84407   -22.35840
   -0.17700E-01   -29.99318    -3.67172    -3.85175   -22.46970
   -0.17100E-01   -30.12284    -3.67892    -3.85923   -22.58469
   -0.16500E-01   -30.25659    -3.68596    -3.86656   -22.70407
   -0.15900E-01   -30.39443    -3.69273    -3.87367   -22.82803
   -0.15300E-01   -30.53637    -3.69923    -3.88046   -22.95668
   -0.14700E-01   -30.68338    -3.70562    -3.88702   -23.09074
   -0.14100E-01   -30.83549    -3.71176    -3.89343   -23.23030
   -0.13500E-01   -30.99388    -3.71768    -3.89954   -23.37666
   -0.12900E-01   -31.15867    -3.72338    -3.90539   -23.52989
   -0.12300E-01   -31.33067    -3.72885    -3.91104   -23.69078
   -0.11700E-01   -31.51034    -3.73405    -3.91641   -23.85988
   -0.11100E-01   -31.69923    -3.73903    -3.92159   -24.03862
   -0.10500E-01   -31.89801    -3.74380    -3.92647   -24.22774
   -0.99000E-02   -32.10812    -3.74833    -3.93110   -24.42869
   -0.93000E-02   -32.33104    -3.75262    -3.93545   -24.64298
   -0.87000E-02   -32.56952    -3.75660    -3.93955   -24.87337
   -0.81000E-02   -32.82588    -3.76031    -3.94335   -25.12223
   -0.75000E-02   -33.10373    -3.76370    -3.94685   -25.39318
   -0.69000E-02   -33.40962    -3.76684    -3.95013   -25.69265
   -0.63000E-02   -33.74817    -3.76975    -3.95311   -26.02531
   -0.57000E-02   -34.12664    -3.77238    -3.95582   -26.39843
   -0.51000E-02   -34.55311    -3.77475    -3.95824   -26.82012
   -0.45000E-02   -35.03576    -3.77685    -3.96037   -27.29854
   -0.39000E-02   -35.58388    -3.77865    -3.96224   -27.84298
   -0.33000E-02   -36.20811    -3.78019    -3.96382   -28.46409
   -0.27000E-02   -36.92251    -3.78145    -3.96511   -29.17596
   -0.21000E-02   -37.74863    -3.78243    -3.96609   -30.00010
   -0.15000E-02   -38.72743    -3.78314    -3.96681   -30.97748
   -0.90000E-03   -39.72896    -3.78357    -3.96725   -31.97815
   -0.30000E-03   -40.16344    -3.78371    -3.96739   -32.41234
    0.30000E-03   -39.73003    -3.78357    -3.96725   -31.97922
    0.90000E-03   -38.73096    -3.78314    -3.96682   -30.98100
    0.15000E-02   -37.75415    -3.78244    -3.96611   -30.00561
    0.21000E-02   -36.93014    -3.78145    -3.96512   -29.18357
    0.27000E-02   -36.21725    -3.78019    -3.96387   -28.47319
    0.33000E-02   -35.59394    -3.77864    -3.96236   -27.85295
    0.39000E-02   -35.04716    -3.77679    -3.96054   -27.30983
    0.45000E-02   -34.56554    -3.77469    -3.95849   -26.83236
    0.51000E-02   -34.13991    -3.77224    -3.95610   -26.41157
    0.57000E-02   -33.76170    -3.76955    -3.95345   -26.03870
    0.63000E-02   -33.42353    -3.76658    -3.95053   -25.70642
    0.69000E-02   -33.11849    -3.76334    -3.94732   -25.40784
    0.75000E-02   -32.84011    -3.75982    -3.94390   -25.13639
    0.81000E-02   -32.58350    -3.75601    -3.94021   -24.88728
    0.87000E-02   -32.34511    -3.75194    -3.93624   -24.65693
    0.93000E-02   -32.12160    -3.74758    -3.93202   -24.44200
    0.99000E-02   -31.91117    -3.74299    -3.92756   -24.24062
    0.10500E-01   -31.71228    -3.73809    -3.92281   -24.05137
    0.11100E-01   -31.52306    -3.73289    -3.91787   -23.87230
    0.11700E-01   -31.34318    -3.72751    -3.91273   -23.70294
    0.12300E-01   -31.17096    -3.72179    -3.90730   -23.54188
    0.12900E-01   -31.00579    -3.71578    -3.90160   -23.38840
    0.13500E-01   -30.84720    -3.70959    -3.89566   -23.24195
    0.14100E-01   -30.69452    -3.70320    -3.88954   -23.10178
    0.14700E-01   -30.54736    -3.69652    -3.88320   -22.96764
    0.15300E-01   -30.40496    -3.68963    -3.87663   -22.83870
    0.15900E-01   -30.26696    -3.68258    -3.86987   -22.71451
    0.16500E-01   -30.13317    -3.67525    -3.86277   -22.59515
    0.17100E-01   -30.00350    -3.66770    -3.85559   -22.48021
    0.17700E-01   -29.87720    -3.65996    -3.84825   -22.36899
    0.18300E-01   -29.75436    -3.65206    -3.84077   -22.26154
    0.18900E-01   -29.63440    -3.64383    -3.83324   -22.15732
    0.19500E-01   -29.51756    -3.63555    -3.82543   -22.05659
    0.21300E-01   -28.78327    -3.57429    -3.76952   -21.43946
    0.27000E-01   -27.85909    -3.47528    -3.68113   -20.70268
    0.33000E-01   -27.06352    -3.37165    -3.58835   -20.10352
    0.39000E-01   -26.35908    -3.26771    -3.49519   -19.59618
    0.45000E-01   -25.73227    -3.16673    -3.40629   -19.15925
    0.51000E-01   -25.17381    -3.07313    -3.32605   -18.77463
    0.57000E-01   -24.67473    -2.98973    -3.25307   -18.43193
    0.63000E-01   -24.22189    -2.91334    -3.18529   -18.12326
    0.69000E-01   -23.80672    -2.84225    -3.12226   -17.84221
    0.75000E-01   -23.42227    -2.77542    -3.06252   -17.58433
    0.81000E-01   -23.06571    -2.71349    -3.00543   -17.34679
    0.87000E-01   -22.73313    -2.65438    -2.95155   -17.12720
    0.93000E-01   -22.42059    -2.59850    -2.90040   -16.92169
    0.99000E-01   -22.12540    -2.54541    -2.85129   -16.72871
    0.10500       -21.84892    -2.49482    -2.80462   -16.54948
    0.11100       -21.58316    -2.44577    -2.75919   -16.37819
    0.11700       -21.33260    -2.39873    -2.71606   -16.21781
    0.12300       -21.09423    -2.35450    -2.67448   -16.06525
    0.12900       -20.86660    -2.31192    -2.63437   -15.92031
    0.13500       -20.64882    -2.27129    -2.59496   -15.78257
    0.14100       -20.44105    -2.23185    -2.55807   -15.65113
    0.14700       -20.24224    -2.19422    -2.52210   -15.52591
    0.15300       -20.05143    -2.15744    -2.48737   -15.40662
    0.15900       -19.86796    -2.12215    -2.45446   -15.29135
    0.16500       -19.69122    -2.08874    -2.42179   -15.18069
    0.17100       -19.51895    -2.05617    -2.38986   -15.07293
    0.17700       -19.35621    -2.02451    -2.36055   -14.97116
    0.18300       -19.19876    -1.99449    -2.33172   -14.87255
    0.18900       -19.04621    -1.96545    -2.30378   -14.77698
    0.19500       -18.89975    -1.93731    -2.27746   -14.68498
    0.20100       -18.75716    -1.91001    -2.25157   -14.59558
    0.20700       -18.61966    -1.88355    -2.22753   -14.50858
    0.21300       -18.48579    -1.85741    -2.20371   -14.42467
    0.22700       -17.51021    -1.66780    -2.02878   -13.81363
    0.34500       -15.51612    -1.28847    -1.66713   -12.56051
    0.49500       -14.28519    -1.06373    -1.44240   -11.77906
    0.64500       -13.41795    -0.91422    -1.29282   -11.21091
    0.79500       -12.74110    -0.80478    -1.17744   -10.75888
    0.94500       -12.19594    -0.71798    -1.08706   -10.39090
     1.0950       -11.74331    -0.64453    -1.01403   -10.08474
     1.2450       -11.36375    -0.58530    -0.95696    -9.82149
     1.3950       -11.03711    -0.53492    -0.90783    -9.59436
     1.5450       -10.75277    -0.49253    -0.86594    -9.39429
     1.6950       -10.50577    -0.45805    -0.83018    -9.21753
     1.8450       -10.28907    -0.42665    -0.79778    -9.06464
     1.9950       -10.10002    -0.40155    -0.77178    -8.92669
     2.1450        -9.92719    -0.37669    -0.74673    -8.80376
     2.2950        -9.77370    -0.35391    -0.72480    -8.69500
     2.4450        -9.63259    -0.33402    -0.70638    -8.59219
     2.5950        -9.50264    -0.31586    -0.68619    -8.50059
     2.7450        -9.38874    -0.29861    -0.66768    -8.42245
     2.8950        -9.28218    -0.28221    -0.65131    -8.34866
     3.0450        -9.18527    -0.26847    -0.63635    -8.28045
     3.1950        -9.09014    -0.25458    -0.62278    -8.21279
     3.3450        -9.00549    -0.24247    -0.60986    -8.15316
     3.4950        -8.92753    -0.23129    -0.59738    -8.09886
     3.6450        -8.86234    -0.22126    -0.58639    -8.05469
     3.7950        -8.80352    -0.21213    -0.57654    -8.01485
     3.9450        -8.75243    -0.20448    -0.56567    -7.98227
     4.0950        -8.70037    -0.19697    -0.55564    -7.94776
     4.2450        -8.65228    -0.18886    -0.54576    -7.91766
     4.3950        -8.60725    -0.18333    -0.53637    -7.88756
     4.5450        -8.56421    -0.17657    -0.52790    -7.85975
     4.6950        -8.52446    -0.17171    -0.51937    -7.83338
     4.8450        -8.48409    -0.16516    -0.51206    -7.80687
     4.9950        -8.44842    -0.16105    -0.50460    -7.78277
     5.1450        -8.41497    -0.15697    -0.49732    -7.76068
     5.2950        -8.38349    -0.15291    -0.49126    -7.73932
     5.4450        -8.35074    -0.14770    -0.48508    -7.71796
     5.5950        -8.32167    -0.14447    -0.48002    -7.69718
     5.7450        -8.29019    -0.14010    -0.47433    -7.67576
     5.8950        -8.26394    -0.13797    -0.46904    -7.65693
     6.0450        -8.23563    -0.13381    -0.46419    -7.63763
     6.1950        -8.20882    -0.13066    -0.45943    -7.61873
     6.3450        -8.18432    -0.12696    -0.45593    -7.60142
     6.4950        -8.16301    -0.12483    -0.45359    -7.58459
     6.6450        -8.14120    -0.12176    -0.45123    -7.56820
     6.7950        -8.11852    -0.11874    -0.44888    -7.55089
     6.9450        -8.10023    -0.11662    -0.44827    -7.53533
     7.0950        -8.08232    -0.11450    -0.44769    -7.52013
     7.2450        -8.06652    -0.11409    -0.44714    -7.50529
     7.3950        -8.05110    -0.11370    -0.44662    -7.49077
     7.5450        -8.03431    -0.11160    -0.44611    -7.47660
     7.6950        -8.01607    -0.10950    -0.44564    -7.46094
     7.8450        -8.00171    -0.10915    -0.44519    -7.44737
     7.9950        -7.98765    -0.10883    -0.44475    -7.43407
     8.1450        -7.97391    -0.10852    -0.44433    -7.42107
     8.2950        -7.96049    -0.10822    -0.44393    -7.40834
     8.4450        -7.94730    -0.10794    -0.44354    -7.39583
     8.5950        -7.93445    -0.10767    -0.44316    -7.38362
     8.7450        -7.92184    -0.10741    -0.44280    -7.37163
     8.8950        -7.90943    -0.10715    -0.44246    -7.35982
     9.0450        -7.89730    -0.10691    -0.44212    -7.34827
     9.1950        -7.88538    -0.10667    -0.44180    -7.33692
     9.3450        -7.87371    -0.10644    -0.44149    -7.32578
     9.4950        -7.86226    -0.10622    -0.44120    -7.31484
     9.6450        -7.85099    -0.10601    -0.44091    -7.30407
     9.7950        -7.83993    -0.10580    -0.44064    -7.29349
     9.9450        -7.82909    -0.10560    -0.44036    -7.28312
     10.095        -7.81839    -0.10541    -0.44010    -7.27288
     10.245        -7.80785    -0.10523    -0.43985    -7.26278
     10.395        -7.79755    -0.10505    -0.43960    -7.25290
     10.545        -7.78742    -0.10487    -0.43936    -7.24319
     10.695        -7.77737    -0.10470    -0.43913    -7.23353
     10.845        -7.76755    -0.10453    -0.43891    -7.22411
     10.995        -7.75790    -0.10437    -0.43869    -7.21484
     11.145        -7.74841    -0.10421    -0.43848    -7.20572
     11.295        -7.73902    -0.10405    -0.43827    -7.19670
     11.445        -7.72975    -0.10390    -0.43807    -7.18778
     11.595        -7.72063    -0.10376    -0.43787    -7.17900
     11.745        -7.71167    -0.10362    -0.43768    -7.17038
     11.895        -7.70285    -0.10348    -0.43749    -7.16188
     12.045        -7.69413    -0.10334    -0.43731    -7.15348
     12.195        -7.68557    -0.10320    -0.43714    -7.14522
     12.345        -7.67706    -0.10308    -0.43696    -7.13703
     12.495        -7.66870    -0.10294    -0.43679    -7.12897
     12.645        -7.66045    -0.10281    -0.43663    -7.12101
     12.795        -7.65229    -0.10269    -0.43646    -7.11314
     12.945        -7.64426    -0.10257    -0.43630    -7.10539
     13.095        -7.63635    -0.10245    -0.43614    -7.09776
     13.245        -7.62854    -0.10233    -0.43599    -7.09022
     13.395        -7.62081    -0.10222    -0.43583    -7.08276
     13.545        -7.61317    -0.10211    -0.43568    -7.07538
     13.695        -7.60565    -0.10200    -0.43554    -7.06811
     13.845        -7.59822    -0.10190    -0.43540    -7.06092
     13.995        -7.59087    -0.10179    -0.43526    -7.05381
     14.145        -7.58361    -0.10169    -0.43513    -7.04679
     14.295        -7.57643    -0.10159    -0.43499    -7.03984
     14.445        -7.56935    -0.10150    -0.43486    -7.03300
     14.595        -7.56234    -0.10140    -0.43473    -7.02620
     14.745        -7.55541    -0.10130    -0.43461    -7.01951
     14.895        -7.54858    -0.10120    -0.43448    -7.01290
     15.045        -7.54180    -0.10111    -0.43436    -7.00634
     15.195        -7.53511    -0.10102    -0.43423    -6.99986
     15.345        -7.52847    -0.10093    -0.43411    -6.99343
     15.495        -7.52190    -0.10084    -0.43400    -6.98706
     15.645        -7.51542    -0.10074    -0.43388    -6.98079
     15.795        -7.50898    -0.10066    -0.43377    -6.97455
     15.945        -7.50262    -0.10057    -0.43366    -6.96838
     16.095        -7.49634    -0.10049    -0.43355    -6.96230
     16.245        -7.49010    -0.10040    -0.43344    -6.95626
     16.395        -7.48397    -0.10032    -0.43333    -6.95032
     16.545        -7.47788    -0.10024    -0.43323    -6.94441
     16.695        -7.47185    -0.10016    -0.43312    -6.93856
     16.845        -7.46589    -0.10008    -0.43302    -6.93279
     16.995        -7.45999    -0.10001    -0.43292    -6.92707
     17.145        -7.45412    -0.09993    -0.43283    -6.92137
     17.295        -7.44832    -0.09985    -0.43273    -6.91573
     17.445        -7.44259    -0.09978    -0.43263    -6.91018
     17.595        -7.43691    -0.09970    -0.43254    -6.90467
     17.745        -7.43129    -0.09963    -0.43244    -6.89922
     17.895        -7.42572    -0.09956    -0.43234    -6.89382
     18.045        -7.42020    -0.09949    -0.43225    -6.88846
     18.195        -7.41475    -0.09942    -0.43216    -6.88317
     18.345        -7.40932    -0.09935    -0.43207    -6.87790
     18.495        -7.40395    -0.09928    -0.43198    -6.87268
     18.645        -7.39860    -0.09922    -0.43189    -6.86749
     18.795        -7.39330    -0.09915    -0.43180    -6.86235
     18.945        -7.38807    -0.09909    -0.43172    -6.85727
     19.095        -7.38289    -0.09902    -0.43163    -6.85224
     19.245        -7.37775    -0.09896    -0.43154    -6.84724
     19.395        -7.37265    -0.09890    -0.43146    -6.84230
     19.545        -7.36759    -0.09883    -0.43138    -6.83738
     19.695        -7.36259    -0.09877    -0.43130    -6.83252
     19.845        -7.35760    -0.09871    -0.43121    -6.82768
     19.995        -7.35267    -0.09865    -0.43114    -6.82288
     20.145        -7.34777    -0.09859    -0.43106    -6.81812
     20.295        -7.34292    -0.09853    -0.43098    -6.81341
     20.445        -7.33810    -0.09847    -0.43090    -6.80872
     20.595        -7.33333    -0.09841    -0.43083    -6.80409
     20.745        -7.32862    -0.09836    -0.43075    -6.79951
     20.895        -7.32395    -0.09830    -0.43068    -6.79497
     21.045        -7.31930    -0.09824    -0.43060    -6.79045
     21.195        -7.31471    -0.09819    -0.43052    -6.78599
     21.345        -7.31012    -0.09814    -0.43045    -6.78154
     21.495        -7.30560    -0.09808    -0.43038    -6.77713
     21.645        -7.30108    -0.09803    -0.43031    -6.77274
     21.795        -7.29659    -0.09798    -0.43024    -6.76838
     21.945        -7.29216    -0.09792    -0.43017    -6.76407
     22.095        -7.28775    -0.09787    -0.43010    -6.75978
     22.245        -7.28339    -0.09782    -0.43003    -6.75554
     22.395        -7.27905    -0.09777    -0.42996    -6.75132
     22.545        -7.27472    -0.09772    -0.42990    -6.74710
     22.695        -7.27042    -0.09767    -0.42983    -6.74292
     22.845        -7.26617    -0.09762    -0.42976    -6.73879
     22.995        -7.26195    -0.09757    -0.42970    -6.73469
     23.145        -7.25776    -0.09752    -0.42963    -6.73061
     23.295        -7.25360    -0.09747    -0.42957    -6.72656
     23.445        -7.24948    -0.09742    -0.42951    -6.72256
     23.595        -7.24540    -0.09737    -0.42944    -6.71859
     23.745        -7.24133    -0.09732    -0.42938    -6.71463
     23.895        -7.23730    -0.09727    -0.42932    -6.71071
     24.045        -7.23329    -0.09722    -0.42926    -6.70681
     24.195        -7.22932    -0.09717    -0.42920    -6.70295
     24.345        -7.22538    -0.09713    -0.42913    -6.69912
     24.495        -7.22146    -0.09708    -0.42908    -6.69530
     24.645        -7.21757    -0.09704    -0.42901    -6.69152
     24.795        -7.21371    -0.09699    -0.42896    -6.68776
     24.945        -7.20985    -0.09695    -0.42890    -6.68401
     25.095        -7.20604    -0.09690    -0.42884    -6.68031
     25.245        -7.20224    -0.09685    -0.42878    -6.67660
     25.395        -7.19846    -0.09681    -0.42872    -6.67293
     25.545        -7.19471    -0.09677    -0.42866    -6.66928
     25.695        -7.19098    -0.09672    -0.42861    -6.66565
     25.845        -7.18727    -0.09668    -0.42855    -6.66204
     25.995        -7.18360    -0.09664    -0.42850    -6.65846
     26.145        -7.17995    -0.09660    -0.42844    -6.65491
     26.295        -7.17630    -0.09656    -0.42839    -6.65135
     26.445        -7.17267    -0.09651    -0.42833    -6.64782
     26.595        -7.16909    -0.09647    -0.42828    -6.64434
     26.745        -7.16552    -0.09643    -0.42823    -6.64086
     26.895        -7.16197    -0.09639    -0.42817    -6.63741
     27.045        -7.15846    -0.09635    -0.42812    -6.63399
     27.195        -7.15496    -0.09631    -0.42806    -6.63058
     27.345        -7.15148    -0.09627    -0.42801    -6.62719
     27.495        -7.14802    -0.09623    -0.42796    -6.62382
     27.645        -7.14457    -0.09619    -0.42791    -6.62047
     27.795        -7.14118    -0.09616    -0.42786    -6.61716
     27.945        -7.13778    -0.09612    -0.42780    -6.61386
     28.095        -7.13440    -0.09608    -0.42775    -6.61057
     28.245        -7.13106    -0.09604    -0.42770    -6.60732
     28.395        -7.12773    -0.09600    -0.42765    -6.60407
     28.545        -7.12441    -0.09596    -0.42760    -6.60084
     28.695        -7.12111    -0.09593    -0.42755    -6.59763
     28.845        -7.11784    -0.09589    -0.42750    -6.59445
     28.995        -7.11459    -0.09585    -0.42745    -6.59129
     29.145        -7.11134    -0.09582    -0.42740    -6.58812
     29.295        -7.10812    -0.09578    -0.42736    -6.58498
     29.445        -7.10491    -0.09575    -0.42731    -6.58186
     29.595        -7.10174    -0.09571    -0.42726    -6.57877
     29.745        -7.09857    -0.09567    -0.42722    -6.57568
     29.895        -7.09542    -0.09564    -0.42717    -6.57262
     30.045        -7.09230    -0.09560    -0.42712    -6.56958
     30.195        -7.08919    -0.09557    -0.42708    -6.56654
     30.345        -7.08609    -0.09553    -0.42703    -6.56353
     30.495        -7.08302    -0.09550    -0.42698    -6.56054
     30.645        -7.07997    -0.09547    -0.42694    -6.55757
     30.795        -7.07692    -0.09543    -0.42689    -6.55460
     30.945        -7.07390    -0.09540    -0.42685    -6.55165
     31.095        -7.07091    -0.09537    -0.42681    -6.54873
     31.245        -7.06791    -0.09533    -0.42676    -6.54582
     31.395        -7.06493    -0.09530    -0.42672    -6.54291
     31.545        -7.06195    -0.09527    -0.42667    -6.54001
     31.695        -7.05902    -0.09524    -0.42663    -6.53715
     31.845        -7.05608    -0.09521    -0.42659    -6.53429
     31.995        -7.05317    -0.09517    -0.42654    -6.53145
     32.145        -7.05026    -0.09514    -0.42650    -6.52862
     32.295        -7.04738    -0.09511    -0.42646    -6.52581
     32.445        -7.04453    -0.09508    -0.42642    -6.52303
     32.595        -7.04167    -0.09505    -0.42638    -6.52024
     32.745        -7.03882    -0.09502    -0.42633    -6.51747
     32.895        -7.03601    -0.09498    -0.42629    -6.51473
     33.045        -7.03320    -0.09495    -0.42625    -6.51199
     33.195        -7.03039    -0.09492    -0.42621    -6.50926
     33.345        -7.02760    -0.09489    -0.42617    -6.50654
     33.495        -7.02483    -0.09486    -0.42613    -6.50384
     33.645        -7.02207    -0.09483    -0.42609    -6.50115
     33.795        -7.01932    -0.09480    -0.42605    -6.49847
     33.945        -7.01657    -0.09477    -0.42601    -6.49580
     34.095        -7.01386    -0.09474    -0.42597    -6.49315
     34.245        -7.01116    -0.09471    -0.42593    -6.49052
     34.395        -7.00847    -0.09468    -0.42589    -6.48790
     34.545        -7.00578    -0.09464    -0.42586    -6.48528
     34.695        -7.00313    -0.09462    -0.42582    -6.48270
     34.845        -7.00049    -0.09459    -0.42578    -6.48012
     34.995        -6.99785    -0.09456    -0.42574    -6.47755
     35.145        -6.99522    -0.09453    -0.42570    -6.47499
     35.295        -6.99261    -0.09450    -0.42566    -6.47245
     35.445        -6.99001    -0.09447    -0.42562    -6.46991
     35.595        -6.98741    -0.09445    -0.42559    -6.46738
     35.745        -6.98482    -0.09442    -0.42555    -6.46486
     35.895        -6.98227    -0.09439    -0.42551    -6.46237
     36.045        -6.97970    -0.09436    -0.42547    -6.45987
     36.195        -6.97716    -0.09434    -0.42544    -6.45738
     36.345        -6.97464    -0.09431    -0.42540    -6.45493
     36.495        -6.97211    -0.09428    -0.42536    -6.45246
     36.645        -6.96960    -0.09425    -0.42533    -6.45002
     36.795        -6.96711    -0.09422    -0.42529    -6.44760
     36.945        -6.96462    -0.09420    -0.42525    -6.44517
     37.095        -6.96215    -0.09417    -0.42522    -6.44276
     37.245        -6.95969    -0.09414    -0.42518    -6.44036
     37.395        -6.95724    -0.09412    -0.42515    -6.43798
     37.545        -6.95480    -0.09409    -0.42511    -6.43559
     37.695        -6.95237    -0.09406    -0.42508    -6.43323
     37.845        -6.94996    -0.09404    -0.42504    -6.43088
     37.995        -6.94758    -0.09401    -0.42501    -6.42856
     38.145        -6.94518    -0.09398    -0.42497    -6.42622
     38.295        -6.94277    -0.09395    -0.42494    -6.42388
     38.445        -6.94039    -0.09393    -0.42490    -6.42155
     38.595        -6.93801    -0.09390    -0.42487    -6.41923
     38.745        -6.93567    -0.09388    -0.42483    -6.41695
     38.895        -6.93331    -0.09385    -0.42480    -6.41466
     39.045        -6.93097    -0.09383    -0.42477    -6.41237
     39.195        -6.92864    -0.09380    -0.42473    -6.41010
     39.345        -6.92633    -0.09378    -0.42470    -6.40785
     39.495        -6.92402    -0.09375    -0.42467    -6.40560
     39.645        -6.92171    -0.09373    -0.42463    -6.40335
     39.795        -6.91943    -0.09370    -0.42460    -6.40113
     39.945        -6.91715    -0.09368    -0.42457    -6.39891
     40.095        -6.91489    -0.09366    -0.42453    -6.39670
     40.245        -6.91262    -0.09363    -0.42450    -6.39449
     40.395        -6.91037    -0.09361    -0.42447    -6.39229
     40.545        -6.90813    -0.09358    -0.42444    -6.39011
     40.695        -6.90589    -0.09356    -0.42441    -6.38793
     40.845        -6.90369    -0.09353    -0.42437    -6.38578
     40.995        -6.90149    -0.09351    -0.42434    -6.38364
     41.145        -6.89931    -0.09349    -0.42431    -6.38151
     41.295        -6.89712    -0.09347    -0.42428    -6.37937
     41.445        -6.89493    -0.09344    -0.42425    -6.37724
     41.595        -6.89277    -0.09342    -0.42422    -6.37514
     41.745        -6.89060    -0.09339    -0.42418    -6.37302
     41.895        -6.88845    -0.09337    -0.42415    -6.37092
     42.045        -6.88630    -0.09335    -0.42412    -6.36883
     42.195        -6.88416    -0.09333    -0.42409    -6.36674
     42.345        -6.88204    -0.09330    -0.42406    -6.36468
     42.495        -6.87994    -0.09328    -0.42403    -6.36262
     42.645        -6.87782    -0.09326    -0.42400    -6.36056
     42.795        -6.87572    -0.09324    -0.42397    -6.35851
     42.945        -6.87362    -0.09321    -0.42394    -6.35646
     43.095        -6.87151    -0.09319    -0.42391    -6.35441
     43.245        -6.86942    -0.09316    -0.42388    -6.35237
     43.395        -6.86734    -0.09314    -0.42385    -6.35035
     43.545        -6.86529    -0.09312    -0.42382    -6.34834
     43.695        -6.86322    -0.09310    -0.42379    -6.34633
     43.845        -6.86118    -0.09307    -0.42376    -6.34434
     43.995        -6.85915    -0.09305    -0.42374    -6.34236
     44.145        -6.85712    -0.09303    -0.42371    -6.34039
     44.295        -6.85509    -0.09301    -0.42368    -6.33841
     44.445        -6.85309    -0.09299    -0.42365    -6.33645
     44.595        -6.85109    -0.09297    -0.42362    -6.33451
     44.745        -6.84909    -0.09294    -0.42359    -6.33255
     44.895        -6.84710    -0.09292    -0.42356    -6.33061
     45.045        -6.84509    -0.09290    -0.42353    -6.32866
     45.195        -6.84312    -0.09288    -0.42351    -6.32673
     45.345        -6.84116    -0.09286    -0.42348    -6.32482
     45.495        -6.83918    -0.09284    -0.42345    -6.32289
     45.645        -6.83722    -0.09282    -0.42343    -6.32098
     45.795        -6.83528    -0.09280    -0.42340    -6.31908
     45.945        -6.83335    -0.09278    -0.42337    -6.31720
     46.095        -6.83140    -0.09276    -0.42334    -6.31530
     46.245        -6.82947    -0.09274    -0.42332    -6.31342
     46.395        -6.82755    -0.09271    -0.42329    -6.31155
     46.545        -6.82564    -0.09269    -0.42326    -6.30968
     46.695        -6.82373    -0.09267    -0.42323    -6.30783
     46.845        -6.82183    -0.09265    -0.42321    -6.30597
     46.995        -6.81994    -0.09263    -0.42318    -6.30413
     47.145        -6.81805    -0.09261    -0.42316    -6.30229
     47.295        -6.81618    -0.09259    -0.42313    -6.30046
     47.445        -6.81430    -0.09257    -0.42310    -6.29863
     47.595        -6.81244    -0.09255    -0.42307    -6.29681
     47.745        -6.81058    -0.09253    -0.42305    -6.29499
     47.895        -6.80874    -0.09251    -0.42302    -6.29321
     48.045        -6.80689    -0.09249    -0.42300    -6.29140
     48.195        -6.80505    -0.09247    -0.42297    -6.28960
     48.345        -6.80321    -0.09245    -0.42294    -6.28781
     48.495        -6.80139    -0.09243    -0.42291    -6.28604
     48.645        -6.79957    -0.09241    -0.42289    -6.28427
     48.795        -6.79776    -0.09239    -0.42286    -6.28250
     48.945        -6.79595    -0.09237    -0.42284    -6.28074
     49.095        -6.79414    -0.09235    -0.42281    -6.27898
     49.245        -6.79233    -0.09233    -0.42279    -6.27720
     49.395        -6.79054    -0.09232    -0.42276    -6.27547
     49.545        -6.78876    -0.09230    -0.42273    -6.27372
     49.695        -6.78697    -0.09228    -0.42271    -6.27198
     49.845        -6.78519    -0.09226    -0.42269    -6.27024
     49.995        -6.78342    -0.09224    -0.42266    -6.26852
     50.145        -6.78166    -0.09222    -0.42264    -6.26680
     50.295        -6.77990    -0.09220    -0.42261    -6.26509
     50.445        -6.77816    -0.09218    -0.42259    -6.26339
     50.595        -6.77640    -0.09217    -0.42256    -6.26168
     50.745        -6.77468    -0.09215    -0.42254    -6.26000
     50.895        -6.77294    -0.09213    -0.42252    -6.25830
     51.045        -6.77121    -0.09211    -0.42249    -6.25661
     51.195        -6.76950    -0.09209    -0.42246    -6.25494
     51.345        -6.76778    -0.09208    -0.42244    -6.25327
     51.495        -6.76606    -0.09206    -0.42242    -6.25159
     51.645        -6.76436    -0.09204    -0.42239    -6.24993
     51.795        -6.76266    -0.09202    -0.42237    -6.24827
     51.945        -6.76095    -0.09200    -0.42234    -6.24661
     52.095        -6.75927    -0.09198    -0.42232    -6.24497
     52.245        -6.75759    -0.09197    -0.42230    -6.24333
     52.395        -6.75593    -0.09195    -0.42227    -6.24171
     52.545        -6.75425    -0.09193    -0.42225    -6.24007
     52.695        -6.75259    -0.09191    -0.42223    -6.23845
     52.845        -6.75093    -0.09189    -0.42220    -6.23684
     52.995        -6.74930    -0.09188    -0.42218    -6.23524
     53.145        -6.74765    -0.09186    -0.42216    -6.23363
     53.295        -6.74600    -0.09184    -0.42214    -6.23202
     53.445        -6.74436    -0.09183    -0.42211    -6.23043
     53.595        -6.74274    -0.09181    -0.42209    -6.22884
     53.745        -6.74111    -0.09179    -0.42207    -6.22726
     53.895        -6.73949    -0.09177    -0.42204    -6.22568
     54.045        -6.73788    -0.09175    -0.42202    -6.22410
     54.195        -6.73625    -0.09174    -0.42200    -6.22251
     54.345        -6.73465    -0.09172    -0.42198    -6.22095
     54.495        -6.73307    -0.09170    -0.42195    -6.21941
     54.645        -6.73146    -0.09169    -0.42193    -6.21784
     54.795        -6.72987    -0.09167    -0.42191    -6.21629
     54.945        -6.72829    -0.09166    -0.42189    -6.21475
     55.095        -6.72670    -0.09164    -0.42186    -6.21320
     59.433        -6.60313    -0.09033    -0.42013    -6.09267
     80.646        -6.42479    -0.08848    -0.41765    -5.91867
     111.21        -6.25421    -0.08671    -0.41530    -5.75221
     153.36        -6.09103    -0.08503    -0.41305    -5.59295
     211.49        -5.93530    -0.08343    -0.41092    -5.44096
     291.64        -5.78674    -0.08191    -0.40889    -5.29594
     402.18        -5.64523    -0.08045    -0.40698    -5.15780
     554.60        -5.51052    -0.07907    -0.40516    -5.02630
     764.80        -5.38256    -0.07774    -0.40343    -4.90140
     1054.7        -5.26099    -0.07649    -0.40178    -4.78272
     1454.4        -5.14565    -0.07530    -0.40023    -4.67013
     2005.6        -5.03609    -0.07416    -0.39875    -4.56319
     2765.8        -4.93219    -0.07307    -0.39733    -4.46178
     3814.0        -4.83367    -0.07205    -0.39601    -4.36561
     5259.5        -4.74025    -0.07108    -0.39476    -4.27441
     7252.9        -4.65170    -0.07016    -0.39357    -4.18796
     10002.        -4.56770    -0.06929    -0.39245    -4.10596
     13793.        -4.48814    -0.06847    -0.39138    -4.02829
     19020.        -4.41274    -0.06769    -0.39038    -3.95466
     26229.        -4.34122    -0.06696    -0.38943    -3.88483
     36170.        -4.27361    -0.06626    -0.38852    -3.81883
     49878.        -4.20948    -0.06560    -0.38768    -3.75620
     68782.        -4.14867    -0.06497    -0.38687    -3.69683
     94851.        -4.09101    -0.06437    -0.38610    -3.64054
    0.13080E+06    -4.03633    -0.06382    -0.38537    -3.58714
    0.18038E+06    -3.98454    -0.06328    -0.38468    -3.53658
    0.24874E+06    -3.93547    -0.06277    -0.38403    -3.48866
    0.34301E+06    -3.88899    -0.06229    -0.38342    -3.44328
    0.47302E+06    -3.84499    -0.06184    -0.38283    -3.40032
    0.65229E+06    -3.80327    -0.06141    -0.38228    -3.35958
    0.89952E+06    -3.76374    -0.06100    -0.38176    -3.32098
    0.12404E+07    -3.72632    -0.06061    -0.38127    -3.28444
    0.17106E+07    -3.69088    -0.06024    -0.38080    -3.24985
    0.23589E+07    -3.65726    -0.05989    -0.38035    -3.21702
    0.32529E+07    -3.62544    -0.05956    -0.37993    -3.18595
    0.44858E+07    -3.59527    -0.05925    -0.37953    -3.15649
    0.61860E+07    -3.56666    -0.05895    -0.37916    -3.12855
    0.85305E+07    -3.53954    -0.05867    -0.37881    -3.10207
    0.11764E+08    -3.51387    -0.05840    -0.37847    -3.07700
    0.16222E+08    -3.48953    -0.05816    -0.37815    -3.05322
    0.22370E+08    -3.46648    -0.05791    -0.37784    -3.03073
    0.30849E+08    -3.44460    -0.05769    -0.37755    -3.00936
    0.42541E+08    -3.42380    -0.05747    -0.37728    -2.98905
    0.58664E+08    -3.40419    -0.05726    -0.37701    -2.96993
    0.80898E+08    -3.38588    -0.05706    -0.37677    -2.95205
    0.11156E+09    -3.36869    -0.05687    -0.37654    -2.93528
    0.15384E+09    -3.35263    -0.05669    -0.37631    -2.91963
    0.21215E+09    -3.33757    -0.05653    -0.37610    -2.90493
    0.29255E+09    -3.32345    -0.05637    -0.37591    -2.89117
    0.40343E+09    -3.31019    -0.05623    -0.37572    -2.87824
    0.55633E+09    -3.29788    -0.05609    -0.37554    -2.86625
    0.76719E+09    -3.28671    -0.05597    -0.37538    -2.85537
    0.10580E+10    -3.27645    -0.05585    -0.37523    -2.84537
    0.14589E+10    -3.26701    -0.05575    -0.37508    -2.83618
    0.20119E+10    -3.25829    -0.05565    -0.37495    -2.82769
    0.27744E+10    -3.25021    -0.05556    -0.37482    -2.81983
    0.38259E+10    -3.24277    -0.05547    -0.37471    -2.81259
    0.52760E+10    -3.23590    -0.05539    -0.37460    -2.80590
    0.72756E+10    -3.22958    -0.05532    -0.37451    -2.79975
    0.10033E+11    -3.22371    -0.05525    -0.37442    -2.79404
    0.13836E+11    -3.21834    -0.05519    -0.37434    -2.78881
    0.19079E+11    -3.21334    -0.05513    -0.37426    -2.78395
    0.26311E+11    -3.20875    -0.05508    -0.37419    -2.77947
    0.36283E+11    -3.20451    -0.05503    -0.37413    -2.77535
    0.50034E+11    -3.20057    -0.05499    -0.37407    -2.77152
    0.68997E+11    -3.19695    -0.05495    -0.37401    -2.76799
    0.10000E+12    -3.15329    -0.05446    -0.37336    -2.72546
