    -99.945         0.00000     0.00000     0.00000     0.00000
    -99.795         0.00000     0.00000     0.00000     0.00000
    -99.645         0.00000     0.00000     0.00000     0.00000
    -99.495         0.00000     0.00000     0.00000     0.00000
    -99.345         0.00000     0.00000     0.00000     0.00000
    -99.195         0.00000     0.00000     0.00000     0.00000
    -99.045         0.00000     0.00000     0.00000     0.00000
    -98.895         0.00000     0.00000     0.00000     0.00000
    -98.745         0.00000     0.00000     0.00000     0.00000
    -98.595         0.00000     0.00000     0.00000     0.00000
    -98.445         0.00000     0.00000     0.00000     0.00000
    -98.295         0.00000     0.00000     0.00000     0.00000
    -98.145         0.00000     0.00000     0.00000     0.00000
    -97.995         0.00000     0.00000     0.00000     0.00000
    -97.845         0.00000     0.00000     0.00000     0.00000
    -97.695         0.00000     0.00000     0.00000     0.00000
    -97.545         0.00000     0.00000     0.00000     0.00000
    -97.395         0.00000     0.00000     0.00000     0.00000
    -97.245         0.00000     0.00000     0.00000     0.00000
    -97.095         0.00000     0.00000     0.00000     0.00000
    -96.945         0.00000     0.00000     0.00000     0.00000
    -96.795         0.00000     0.00000     0.00000     0.00000
    -96.645         0.00000     0.00000     0.00000     0.00000
    -96.495         0.00000     0.00000     0.00000     0.00000
    -96.345         0.00000     0.00000     0.00000     0.00000
    -96.195         0.00000     0.00000     0.00000     0.00000
    -96.045         0.00000     0.00000     0.00000     0.00000
    -95.895         0.00000     0.00000     0.00000     0.00000
    -95.745         0.00000     0.00000     0.00000     0.00000
    -95.595         0.00000     0.00000     0.00000     0.00000
    -95.445         0.00000     0.00000     0.00000     0.00000
    -95.295         0.00000     0.00000     0.00000     0.00000
    -95.145         0.00000     0.00000     0.00000     0.00000
    -94.995         0.00000     0.00000     0.00000     0.00000
    -94.845         0.00000     0.00000     0.00000     0.00000
    -94.695         0.00000     0.00000     0.00000     0.00000
    -94.545         0.00000     0.00000     0.00000     0.00000
    -94.395         0.00000     0.00000     0.00000     0.00000
    -94.245         0.00000     0.00000     0.00000     0.00000
    -94.095         0.00000     0.00000     0.00000     0.00000
    -93.945         0.00000     0.00000     0.00000     0.00000
    -93.795         0.00000     0.00000     0.00000     0.00000
    -93.645         0.00000     0.00000     0.00000     0.00000
    -93.495         0.00000     0.00000     0.00000     0.00000
    -93.345         0.00000     0.00000     0.00000     0.00000
    -93.195         0.00000     0.00000     0.00000     0.00000
    -93.045         0.00000     0.00000     0.00000     0.00000
    -92.895         0.00000     0.00000     0.00000     0.00000
    -92.745         0.00000     0.00000     0.00000     0.00000
    -92.595         0.00000     0.00000     0.00000     0.00000
    -92.445         0.00000     0.00000     0.00000     0.00000
    -92.295         0.00000     0.00000     0.00000     0.00000
    -92.145         0.00000     0.00000     0.00000     0.00000
    -91.995         0.00000     0.00000     0.00000     0.00000
    -91.845         0.00000     0.00000     0.00000     0.00000
    -91.695         0.00000     0.00000     0.00000     0.00000
    -91.545         0.00000     0.00000     0.00000     0.00000
    -91.395         0.00000     0.00000     0.00000     0.00000
    -91.245         0.00000     0.00000     0.00000     0.00000
    -91.095         0.00000     0.00000     0.00000     0.00000
    -90.945         0.00000     0.00000     0.00000     0.00000
    -90.795         0.00000     0.00000     0.00000     0.00000
    -90.645         0.00000     0.00000     0.00000     0.00000
    -90.495         0.00000     0.00000     0.00000     0.00000
    -90.345         0.00000     0.00000     0.00000     0.00000
    -90.195         0.00000     0.00000     0.00000     0.00000
    -90.045         0.00000     0.00000     0.00000     0.00000
    -89.895         0.00000     0.00000     0.00000     0.00000
    -89.745         0.00000     0.00000     0.00000     0.00000
    -89.595         0.00000     0.00000     0.00000     0.00000
    -89.445         0.00000     0.00000     0.00000     0.00000
    -89.295         0.00000     0.00000     0.00000     0.00000
    -89.145         0.00000     0.00000     0.00000     0.00000
    -88.995         0.00000     0.00000     0.00000     0.00000
    -88.845         0.00000     0.00000     0.00000     0.00000
    -88.695         0.00000     0.00000     0.00000     0.00000
    -88.545         0.00000     0.00000     0.00000     0.00000
    -88.395         0.00000     0.00000     0.00000     0.00000
    -88.245         0.00000     0.00000     0.00000     0.00000
    -88.095         0.00000     0.00000     0.00000     0.00000
    -87.945         0.00000     0.00000     0.00000     0.00000
    -87.795         0.00000     0.00000     0.00000     0.00000
    -87.645         0.00000     0.00000     0.00000     0.00000
    -87.495         0.00000     0.00000     0.00000     0.00000
    -87.345         0.00000     0.00000     0.00000     0.00000
    -87.195         0.00000     0.00000     0.00000     0.00000
    -87.045         0.00000     0.00000     0.00000     0.00000
    -86.895         0.00000     0.00000     0.00000     0.00000
    -86.745         0.00000     0.00000     0.00000     0.00000
    -86.595         0.00000     0.00000     0.00000     0.00000
    -86.445         0.00000     0.00000     0.00000     0.00000
    -86.295         0.00000     0.00000     0.00000     0.00000
    -86.145         0.00000     0.00000     0.00000     0.00000
    -85.995         0.00000     0.00000     0.00000     0.00000
    -85.845         0.00000     0.00000     0.00000     0.00000
    -85.695         0.00000     0.00000     0.00000     0.00000
    -85.545         0.00000     0.00000     0.00000     0.00000
    -85.395         0.00000     0.00000     0.00000     0.00000
    -85.245         0.00000     0.00000     0.00000     0.00000
    -85.095         0.00000     0.00000     0.00000     0.00000
    -84.945         0.00000     0.00000     0.00000     0.00000
    -84.795         0.00000     0.00000     0.00000     0.00000
    -84.645         0.00000     0.00000     0.00000     0.00000
    -84.495         0.00000     0.00000     0.00000     0.00000
    -84.345         0.00000     0.00000     0.00000     0.00000
    -84.195         0.00000     0.00000     0.00000     0.00000
    -84.045         0.00000     0.00000     0.00000     0.00000
    -83.895         0.00000     0.00000     0.00000     0.00000
    -83.745         0.00000     0.00000     0.00000     0.00000
    -83.595         0.00000     0.00000     0.00000     0.00000
    -83.445         0.00000     0.00000     0.00000     0.00000
    -83.295         0.00000     0.00000     0.00000     0.00000
    -83.145         0.00000     0.00000     0.00000     0.00000
    -82.995         0.00000     0.00000     0.00000     0.00000
    -82.845         0.00000     0.00000     0.00000     0.00000
    -82.695         0.00000     0.00000     0.00000     0.00000
    -82.545         0.00000     0.00000     0.00000     0.00000
    -82.395         0.00000     0.00000     0.00000     0.00000
    -82.245         0.00000     0.00000     0.00000     0.00000
    -82.095         0.00000     0.00000     0.00000     0.00000
    -81.945         0.00000     0.00000     0.00000     0.00000
    -81.795         0.00000     0.00000     0.00000     0.00000
    -81.645         0.00000     0.00000     0.00000     0.00000
    -81.495         0.00000     0.00000     0.00000     0.00000
    -81.345         0.00000     0.00000     0.00000     0.00000
    -81.195         0.00000     0.00000     0.00000     0.00000
    -81.045         0.00000     0.00000     0.00000     0.00000
    -80.895         0.00000     0.00000     0.00000     0.00000
    -80.745         0.00000     0.00000     0.00000     0.00000
    -80.595         0.00000     0.00000     0.00000     0.00000
    -80.445         0.00000     0.00000     0.00000     0.00000
    -80.295         0.00000     0.00000     0.00000     0.00000
    -80.145         0.00000     0.00000     0.00000     0.00000
    -79.995         0.00000     0.00000     0.00000     0.00000
    -79.845         0.00000     0.00000     0.00000     0.00000
    -79.695         0.00000     0.00000     0.00000     0.00000
    -79.545         0.00000     0.00000     0.00000     0.00000
    -79.395         0.00000     0.00000     0.00000     0.00000
    -79.245         0.00000     0.00000     0.00000     0.00000
    -79.095         0.00000     0.00000     0.00000     0.00000
    -78.945         0.00000     0.00000     0.00000     0.00000
    -78.795         0.00000     0.00000     0.00000     0.00000
    -78.645         0.00000     0.00000     0.00000     0.00000
    -78.495         0.00000     0.00000     0.00000     0.00000
    -78.345         0.00000     0.00000     0.00000     0.00000
    -78.195         0.00000     0.00000     0.00000     0.00000
    -78.045         0.00000     0.00000     0.00000     0.00000
    -77.895         0.00000     0.00000     0.00000     0.00000
    -77.745         0.00000     0.00000     0.00000     0.00000
    -77.595         0.00000     0.00000     0.00000     0.00000
    -77.445         0.00000     0.00000     0.00000     0.00000
    -77.295         0.00000     0.00000     0.00000     0.00000
    -77.145         0.00000     0.00000     0.00000     0.00000
    -76.995         0.00000     0.00000     0.00000     0.00000
    -76.845         0.00000     0.00000     0.00000     0.00000
    -76.695         0.00000     0.00000     0.00000     0.00000
    -76.545         0.00000     0.00000     0.00000     0.00000
    -76.395         0.00000     0.00000     0.00000     0.00000
    -76.245         0.00000     0.00000     0.00000     0.00000
    -76.095         0.00000     0.00000     0.00000     0.00000
    -75.945         0.00000     0.00000     0.00000     0.00000
    -75.795         0.00000     0.00000     0.00000     0.00000
    -75.645         0.00000     0.00000     0.00000     0.00000
    -75.495         0.00000     0.00000     0.00000     0.00000
    -75.345         0.00000     0.00000     0.00000     0.00000
    -75.195         0.00000     0.00000     0.00000     0.00000
    -75.045         0.00000     0.00000     0.00000     0.00000
    -74.895         0.00000     0.00000     0.00000     0.00000
    -74.745         0.00000     0.00000     0.00000     0.00000
    -74.595         0.00000     0.00000     0.00000     0.00000
    -74.445         0.00000     0.00000     0.00000     0.00000
    -74.295         0.00000     0.00000     0.00000     0.00000
    -74.145         0.00000     0.00000     0.00000     0.00000
    -73.995         0.00000     0.00000     0.00000     0.00000
    -73.845         0.00000     0.00000     0.00000     0.00000
    -73.695         0.00000     0.00000     0.00000     0.00000
    -73.545         0.00000     0.00000     0.00000     0.00000
    -73.395         0.00000     0.00000     0.00000     0.00000
    -73.245         0.00000     0.00000     0.00000     0.00000
    -73.095         0.00000     0.00000     0.00000     0.00000
    -72.945         0.00000     0.00000     0.00000     0.00000
    -72.795         0.00000     0.00000     0.00000     0.00000
    -72.645         0.00000     0.00000     0.00000     0.00000
    -72.495         0.00000     0.00000     0.00000     0.00000
    -72.345         0.00000     0.00000     0.00000     0.00000
    -72.195         0.00000     0.00000     0.00000     0.00000
    -72.045         0.00000     0.00000     0.00000     0.00000
    -71.895         0.00000     0.00000     0.00000     0.00000
    -71.745         0.00000     0.00000     0.00000     0.00000
    -71.595         0.00000     0.00000     0.00000     0.00000
    -71.445         0.00000     0.00000     0.00000     0.00000
    -71.295         0.00000     0.00000     0.00000     0.00000
    -71.145         0.00000     0.00000     0.00000     0.00000
    -70.995         0.00000     0.00000     0.00000     0.00000
    -70.845         0.00000     0.00000     0.00000     0.00000
    -70.695         0.00000     0.00000     0.00000     0.00000
    -70.545         0.00000     0.00000     0.00000     0.00000
    -70.395         0.00000     0.00000     0.00000     0.00000
    -70.245         0.00000     0.00000     0.00000     0.00000
    -70.095         0.00000     0.00000     0.00000     0.00000
    -69.945         0.00000     0.00000     0.00000     0.00000
    -69.795         0.00000     0.00000     0.00000     0.00000
    -69.645         0.00000     0.00000     0.00000     0.00000
    -69.495         0.00000     0.00000     0.00000     0.00000
    -69.345         0.00000     0.00000     0.00000     0.00000
    -69.195         0.00000     0.00000     0.00000     0.00000
    -69.045         0.00000     0.00000     0.00000     0.00000
    -68.895         0.00000     0.00000     0.00000     0.00000
    -68.745         0.00000     0.00000     0.00000     0.00000
    -68.595         0.00000     0.00000     0.00000     0.00000
    -68.445         0.00000     0.00000     0.00000     0.00000
    -68.295         0.00000     0.00000     0.00000     0.00000
    -68.145         0.00000     0.00000     0.00000     0.00000
    -67.995         0.00000     0.00000     0.00000     0.00000
    -67.845         0.00000     0.00000     0.00000     0.00000
    -67.695         0.00000     0.00000     0.00000     0.00000
    -67.545         0.00000     0.00000     0.00000     0.00000
    -67.395         0.00000     0.00000     0.00000     0.00000
    -67.245         0.00000     0.00000     0.00000     0.00000
    -67.095         0.00000     0.00000     0.00000     0.00000
    -66.945         0.00000     0.00000     0.00000     0.00000
    -66.795         0.00000     0.00000     0.00000     0.00000
    -66.645         0.00000     0.00000     0.00000     0.00000
    -66.495         0.00000     0.00000     0.00000     0.00000
    -66.345         0.00000     0.00000     0.00000     0.00000
    -66.195         0.00000     0.00000     0.00000     0.00000
    -66.045         0.00000     0.00000     0.00000     0.00000
    -65.895         0.00000     0.00000     0.00000     0.00000
    -65.745         0.00000     0.00000     0.00000     0.00000
    -65.595         0.00000     0.00000     0.00000     0.00000
    -65.445         0.00000     0.00000     0.00000     0.00000
    -65.295         0.00000     0.00000     0.00000     0.00000
    -65.145         0.00000     0.00000     0.00000     0.00000
    -64.995         0.00000     0.00000     0.00000     0.00000
    -64.845         0.00000     0.00000     0.00000     0.00000
    -64.695         0.00000     0.00000     0.00000     0.00000
    -64.545         0.00000     0.00000     0.00000     0.00000
    -64.395         0.00000     0.00000     0.00000     0.00000
    -64.245         0.00000     0.00000     0.00000     0.00000
    -64.095         0.00000     0.00000     0.00000     0.00000
    -63.945         0.00000     0.00000     0.00000     0.00000
    -63.795         0.00000     0.00000     0.00000     0.00000
    -63.645         0.00000     0.00000     0.00000     0.00000
    -63.495         0.00000     0.00000     0.00000     0.00000
    -63.345         0.00000     0.00000     0.00000     0.00000
    -63.195         0.00000     0.00000     0.00000     0.00000
    -63.045         0.00000     0.00000     0.00000     0.00000
    -62.895         0.00000     0.00000     0.00000     0.00000
    -62.745         0.00000     0.00000     0.00000     0.00000
    -62.595         0.00000     0.00000     0.00000     0.00000
    -62.445         0.00000     0.00000     0.00000     0.00000
    -62.295         0.00000     0.00000     0.00000     0.00000
    -62.145         0.00000     0.00000     0.00000     0.00000
    -61.995         0.00000     0.00000     0.00000     0.00000
    -61.845         0.00000     0.00000     0.00000     0.00000
    -61.695         0.00000     0.00000     0.00000     0.00000
    -61.545         0.00000     0.00000     0.00000     0.00000
    -61.395         0.00000     0.00000     0.00000     0.00000
    -61.245         0.00000     0.00000     0.00000     0.00000
    -61.095         0.00000     0.00000     0.00000     0.00000
    -60.945         0.00000     0.00000     0.00000     0.00000
    -60.795         0.00000     0.00000     0.00000     0.00000
    -60.645         0.00000     0.00000     0.00000     0.00000
    -60.495         0.00000     0.00000     0.00000     0.00000
    -60.345         0.00000     0.00000     0.00000     0.00000
    -60.195         0.00000     0.00000     0.00000     0.00000
    -60.045         0.00000     0.00000     0.00000     0.00000
    -59.895         0.00000     0.00000     0.00000     0.00000
    -59.745         0.00000     0.00000     0.00000     0.00000
    -59.595         0.00000     0.00000     0.00000     0.00000
    -59.445         0.00000     0.00000     0.00000     0.00000
    -59.295         0.00000     0.00000     0.00000     0.00000
    -59.145         0.00000     0.00000     0.00000     0.00000
    -58.995         0.00000     0.00000     0.00000     0.00000
    -58.845         0.00000     0.00000     0.00000     0.00000
    -58.695         0.00000     0.00000     0.00000     0.00000
    -58.545         0.00000     0.00000     0.00000     0.00000
    -58.395         0.00000     0.00000     0.00000     0.00000
    -58.245         0.00000     0.00000     0.00000     0.00000
    -58.095         0.00000     0.00000     0.00000     0.00000
    -57.945         0.00000     0.00000     0.00000     0.00000
    -57.795         0.00000     0.00000     0.00000     0.00000
    -57.645         0.00000     0.00000     0.00000     0.00000
    -57.495         0.00000     0.00000     0.00000     0.00000
    -57.345         0.00000     0.00000     0.00000     0.00000
    -57.195         0.00000     0.00000     0.00000     0.00000
    -57.045         0.00000     0.00000     0.00000     0.00000
    -56.895         0.00000     0.00000     0.00000     0.00000
    -56.745         0.00000     0.00000     0.00000     0.00000
    -56.595         0.00000     0.00000     0.00000     0.00000
    -56.445         0.00000     0.00000     0.00000     0.00000
    -56.295         0.00000     0.00000     0.00000     0.00000
    -56.145         0.00000     0.00000     0.00000     0.00000
    -55.995         0.00000     0.00000     0.00000     0.00000
    -55.845         0.00000     0.00000     0.00000     0.00000
    -55.695         0.00000     0.00000     0.00000     0.00000
    -55.545         0.00000     0.00000     0.00000     0.00000
    -55.395         0.00000     0.00000     0.00000     0.00000
    -55.245         0.00000     0.00000     0.00000     0.00000
    -55.095         0.00000     0.00000     0.00000     0.00000
    -54.945         0.00000     0.00000     0.00000     0.00000
    -54.795         0.00000     0.00000     0.00000     0.00000
    -54.645         0.00000     0.00000     0.00000     0.00000
    -54.495         0.00000     0.00000     0.00000     0.00000
    -54.345         0.00000     0.00000     0.00000     0.00000
    -54.195         0.00000     0.00000     0.00000     0.00000
    -54.045         0.00000     0.00000     0.00000     0.00000
    -53.895         0.00000     0.00000     0.00000     0.00000
    -53.745         0.00000     0.00000     0.00000     0.00000
    -53.595         0.00000     0.00000     0.00000     0.00000
    -53.445         0.00000     0.00000     0.00000     0.00000
    -53.295         0.00000     0.00000     0.00000     0.00000
    -53.145         0.00000     0.00000     0.00000     0.00000
    -52.995         0.00000     0.00000     0.00000     0.00000
    -52.845         0.00000     0.00000     0.00000     0.00000
    -52.695         0.00000     0.00000     0.00000     0.00000
    -52.545         0.00000     0.00000     0.00000     0.00000
    -52.395         0.00000     0.00000     0.00000     0.00000
    -52.245         0.00000     0.00000     0.00000     0.00000
    -52.095         0.00000     0.00000     0.00000     0.00000
    -51.945         0.00000     0.00000     0.00000     0.00000
    -51.795         0.00000     0.00000     0.00000     0.00000
    -51.645         0.00000     0.00000     0.00000     0.00000
    -51.495         0.00000     0.00000     0.00000     0.00000
    -51.345         0.00000     0.00000     0.00000     0.00000
    -51.195         0.00000     0.00000     0.00000     0.00000
    -51.045         0.00000     0.00000     0.00000     0.00000
    -50.895         0.00000     0.00000     0.00000     0.00000
    -50.745         0.00000     0.00000     0.00000     0.00000
    -50.595         0.00000     0.00000     0.00000     0.00000
    -50.445         0.00000     0.00000     0.00000     0.00000
    -50.295         0.00000     0.00000     0.00000     0.00000
    -50.145         0.00000     0.00000     0.00000     0.00000
    -49.995         0.00000     0.00000     0.00000     0.00000
    -49.845         0.00000     0.00000     0.00000     0.00000
    -49.695         0.00000     0.00000     0.00000     0.00000
    -49.545         0.00000     0.00000     0.00000     0.00000
    -49.395         0.00000     0.00000     0.00000     0.00000
    -49.245         0.00000     0.00000     0.00000     0.00000
    -49.095         0.00000     0.00000     0.00000     0.00000
    -48.945         0.00000     0.00000     0.00000     0.00000
    -48.795         0.00000     0.00000     0.00000     0.00000
    -48.645         0.00000     0.00000     0.00000     0.00000
    -48.495         0.00000     0.00000     0.00000     0.00000
    -48.345         0.00000     0.00000     0.00000     0.00000
    -48.195         0.00000     0.00000     0.00000     0.00000
    -48.045         0.00000     0.00000     0.00000     0.00000
    -47.895         0.00000     0.00000     0.00000     0.00000
    -47.745         0.00000     0.00000     0.00000     0.00000
    -47.595         0.00000     0.00000     0.00000     0.00000
    -47.445         0.00000     0.00000     0.00000     0.00000
    -47.295         0.00000     0.00000     0.00000     0.00000
    -47.145         0.00000     0.00000     0.00000     0.00000
    -46.995         0.00000     0.00000     0.00000     0.00000
    -46.845         0.00000     0.00000     0.00000     0.00000
    -46.695         0.00000     0.00000     0.00000     0.00000
    -46.545         0.00000     0.00000     0.00000     0.00000
    -46.395         0.00000     0.00000     0.00000     0.00000
    -46.245         0.00000     0.00000     0.00000     0.00000
    -46.095         0.00000     0.00000     0.00000     0.00000
    -45.945         0.00000     0.00000     0.00000     0.00000
    -45.795         0.00000     0.00000     0.00000     0.00000
    -45.645         0.00000     0.00000     0.00000     0.00000
    -45.495         0.00000     0.00000     0.00000     0.00000
    -45.345         0.00000     0.00000     0.00000     0.00000
    -45.195         0.00000     0.00000     0.00000     0.00000
    -45.045         0.00000     0.00000     0.00000     0.00000
    -44.895         0.00000     0.00000     0.00000     0.00000
    -44.745         0.00000     0.00000     0.00000     0.00000
    -44.595         0.00000     0.00000     0.00000     0.00000
    -44.445         0.00000     0.00000     0.00000     0.00000
    -44.295         0.00000     0.00000     0.00000     0.00000
    -44.145         0.00000     0.00000     0.00000     0.00000
    -43.995         0.00000     0.00000     0.00000     0.00000
    -43.845         0.00000     0.00000     0.00000     0.00000
    -43.695         0.00000     0.00000     0.00000     0.00000
    -43.545         0.00000     0.00000     0.00000     0.00000
    -43.395         0.00000     0.00000     0.00000     0.00000
    -43.245         0.00000     0.00000     0.00000     0.00000
    -43.095         0.00000     0.00000     0.00000     0.00000
    -42.945         0.00000     0.00000     0.00000     0.00000
    -42.795         0.00000     0.00000     0.00000     0.00000
    -42.645         0.00000     0.00000     0.00000     0.00000
    -42.495         0.00000     0.00000     0.00000     0.00000
    -42.345         0.00000     0.00000     0.00000     0.00000
    -42.195         0.00000     0.00000     0.00000     0.00000
    -42.045         0.00000     0.00000     0.00000     0.00000
    -41.895         0.00000     0.00000     0.00000     0.00000
    -41.745         0.00000     0.00000     0.00000     0.00000
    -41.595         0.00000     0.00000     0.00000     0.00000
    -41.445         0.00000     0.00000     0.00000     0.00000
    -41.295         0.00000     0.00000     0.00000     0.00000
    -41.145         0.00000     0.00000     0.00000     0.00000
    -40.995         0.00000     0.00000     0.00000     0.00000
    -40.845         0.00000     0.00000     0.00000     0.00000
    -40.695         0.00000     0.00000     0.00000     0.00000
    -40.545         0.00000     0.00000     0.00000     0.00000
    -40.395         0.00000     0.00000     0.00000     0.00000
    -40.245         0.00000     0.00000     0.00000     0.00000
    -40.095         0.00000     0.00000     0.00000     0.00000
    -39.945         0.00000     0.00000     0.00000     0.00000
    -39.795         0.00000     0.00000     0.00000     0.00000
    -39.645         0.00000     0.00000     0.00000     0.00000
    -39.495         0.00000     0.00000     0.00000     0.00000
    -39.345         0.00000     0.00000     0.00000     0.00000
    -39.195         0.00000     0.00000     0.00000     0.00000
    -39.045         0.00000     0.00000     0.00000     0.00000
    -38.895         0.00000     0.00000     0.00000     0.00000
    -38.745         0.00000     0.00000     0.00000     0.00000
    -38.595         0.00000     0.00000     0.00000     0.00000
    -38.445         0.00000     0.00000     0.00000     0.00000
    -38.295         0.00000     0.00000     0.00000     0.00000
    -38.145         0.00000     0.00000     0.00000     0.00000
    -37.995         0.00000     0.00000     0.00000     0.00000
    -37.845         0.00000     0.00000     0.00000     0.00000
    -37.695         0.00000     0.00000     0.00000     0.00000
    -37.545         0.00000     0.00000     0.00000     0.00000
    -37.395         0.00000     0.00000     0.00000     0.00000
    -37.245         0.00000     0.00000     0.00000     0.00000
    -37.095         0.00000     0.00000     0.00000     0.00000
    -36.945         0.00000     0.00000     0.00000     0.00000
    -36.795         0.00000     0.00000     0.00000     0.00000
    -36.645         0.00000     0.00000     0.00000     0.00000
    -36.495         0.00000     0.00000     0.00000     0.00000
    -36.345         0.00000     0.00000     0.00000     0.00000
    -36.195         0.00000     0.00000     0.00000     0.00000
    -36.045         0.00000     0.00000     0.00000     0.00000
    -35.895         0.00000     0.00000     0.00000     0.00000
    -35.745         0.00000     0.00000     0.00000     0.00000
    -35.595         0.00000     0.00000     0.00000     0.00000
    -35.445         0.00000     0.00000     0.00000     0.00000
    -35.295         0.00000     0.00000     0.00000     0.00000
    -35.145         0.00000     0.00000     0.00000     0.00000
    -34.995         0.00000     0.00000     0.00000     0.00000
    -34.845         0.00000     0.00000     0.00000     0.00000
    -34.695         0.00000     0.00000     0.00000     0.00000
    -34.545         0.00000     0.00000     0.00000     0.00000
    -34.395         0.00000     0.00000     0.00000     0.00000
    -34.245         0.00000     0.00000     0.00000     0.00000
    -34.095         0.00000     0.00000     0.00000     0.00000
    -33.945         0.00000     0.00000     0.00000     0.00000
    -33.795         0.00000     0.00000     0.00000     0.00000
    -33.645         0.00000     0.00000     0.00000     0.00000
    -33.495         0.00000     0.00000     0.00000     0.00000
    -33.345         0.00000     0.00000     0.00000     0.00000
    -33.195         0.00000     0.00000     0.00000     0.00000
    -33.045         0.00000     0.00000     0.00000     0.00000
    -32.895         0.00000     0.00000     0.00000     0.00000
    -32.745         0.00000     0.00000     0.00000     0.00000
    -32.595         0.00000     0.00000     0.00000     0.00000
    -32.445         0.00000     0.00000     0.00000     0.00000
    -32.295         0.00000     0.00000     0.00000     0.00000
    -32.145         0.00000     0.00000     0.00000     0.00000
    -31.995         0.00000     0.00000     0.00000     0.00000
    -31.845         0.00000     0.00000     0.00000     0.00000
    -31.695         0.00000     0.00000     0.00000     0.00000
    -31.545         0.00000     0.00000     0.00000     0.00000
    -31.395         0.00000     0.00000     0.00000     0.00000
    -31.245         0.00000     0.00000     0.00000     0.00000
    -31.095         0.00000     0.00000     0.00000     0.00000
    -30.945         0.00000     0.00000     0.00000     0.00000
    -30.795         0.00000     0.00000     0.00000     0.00000
    -30.645         0.00000     0.00000     0.00000     0.00000
    -30.495         0.00000     0.00000     0.00000     0.00000
    -30.345         0.00000     0.00000     0.00000     0.00000
    -30.195         0.00000     0.00000     0.00000     0.00000
    -30.045         0.00000     0.00000     0.00000     0.00000
    -29.895         0.00000     0.00000     0.00000     0.00000
    -29.745         0.00000     0.00000     0.00000     0.00000
    -29.595         0.00000     0.00000     0.00000     0.00000
    -29.445         0.00000     0.00000     0.00000     0.00000
    -29.295         0.00000     0.00000     0.00000     0.00000
    -29.145         0.00000     0.00000     0.00000     0.00000
    -28.995         0.00000     0.00000     0.00000     0.00000
    -28.845         0.00000     0.00000     0.00000     0.00000
    -28.695         0.00000     0.00000     0.00000     0.00000
    -28.545         0.00000     0.00000     0.00000     0.00000
    -28.395         0.00000     0.00000     0.00000     0.00000
    -28.245         0.00000     0.00000     0.00000     0.00000
    -28.095         0.00000     0.00000     0.00000     0.00000
    -27.945         0.00000     0.00000     0.00000     0.00000
    -27.795         0.00000     0.00000     0.00000     0.00000
    -27.645         0.00000     0.00000     0.00000     0.00000
    -27.495         0.00000     0.00000     0.00000     0.00000
    -27.345         0.00000     0.00000     0.00000     0.00000
    -27.195         0.00000     0.00000     0.00000     0.00000
    -27.045         0.00000     0.00000     0.00000     0.00000
    -26.895         0.00000     0.00000     0.00000     0.00000
    -26.745         0.00000     0.00000     0.00000     0.00000
    -26.595         0.00000     0.00000     0.00000     0.00000
    -26.445         0.00000     0.00000     0.00000     0.00000
    -26.295         0.00000     0.00000     0.00000     0.00000
    -26.145         0.00000     0.00000     0.00000     0.00000
    -25.995         0.00000     0.00000     0.00000     0.00000
    -25.845         0.00000     0.00000     0.00000     0.00000
    -25.695         0.00000     0.00000     0.00000     0.00000
    -25.545         0.00000     0.00000     0.00000     0.00000
    -25.395         0.00000     0.00000     0.00000     0.00000
    -25.245         0.00000     0.00000     0.00000     0.00000
    -25.095         0.00000     0.00000     0.00000     0.00000
    -24.945         0.00000     0.00000     0.00000     0.00000
    -24.795         0.00000     0.00000     0.00000     0.00000
    -24.645         0.00000     0.00000     0.00000     0.00000
    -24.495         0.00000     0.00000     0.00000     0.00000
    -24.345         0.00000     0.00000     0.00000     0.00000
    -24.195         0.00000     0.00000     0.00000     0.00000
    -24.045         0.00000     0.00000     0.00000     0.00000
    -23.895         0.00000     0.00000     0.00000     0.00000
    -23.745         0.00000     0.00000     0.00000     0.00000
    -23.595         0.00000     0.00000     0.00000     0.00000
    -23.445         0.00000     0.00000     0.00000     0.00000
    -23.295         0.00000     0.00000     0.00000     0.00000
    -23.145         0.00000     0.00000     0.00000     0.00000
    -22.995         0.00000     0.00000     0.00000     0.00000
    -22.845         0.00000     0.00000     0.00000     0.00000
    -22.695         0.00000     0.00000     0.00000     0.00000
    -22.545         0.00000     0.00000     0.00000     0.00000
    -22.395         0.00000     0.00000     0.00000     0.00000
    -22.245         0.00000     0.00000     0.00000     0.00000
    -22.095         0.00000     0.00000     0.00000     0.00000
    -21.945         0.00000     0.00000     0.00000     0.00000
    -21.795         0.00000     0.00000     0.00000     0.00000
    -21.645         0.00000     0.00000     0.00000     0.00000
    -21.495         0.00000     0.00000     0.00000     0.00000
    -21.345        -0.00000     0.00000    -0.00000     0.00000
    -21.195        -0.00000     0.00000    -0.00000     0.00000
    -21.045        -0.00000     0.00000    -0.00000     0.00000
    -20.895        -0.00000     0.00000    -0.00000     0.00000
    -20.745        -0.00268     0.00000    -0.00268     0.00000
    -20.595        -0.00268     0.00000    -0.00268     0.00000
    -20.445        -0.00450     0.00000    -0.00450     0.00000
    -20.295        -0.00636     0.00000    -0.00636     0.00000
    -20.145        -0.00912     0.00000    -0.00912     0.00000
    -19.995        -0.01279     0.00000    -0.01279     0.00000
    -19.845        -0.01645     0.00000    -0.01645     0.00000
    -19.695        -0.01922     0.00000    -0.01922     0.00000
    -19.545        -0.02889     0.00000    -0.02889     0.00000
    -19.395        -0.03853     0.00000    -0.03853     0.00000
    -19.245        -0.04394     0.00000    -0.04394     0.00000
    -19.095        -0.05016     0.00000    -0.05016     0.00000
    -18.945        -0.05381     0.00000    -0.05381     0.00000
    -18.795        -0.06085     0.00000    -0.06085     0.00000
    -18.645        -0.06785     0.00000    -0.06785     0.00000
    -18.495        -0.07147     0.00000    -0.07147     0.00000
    -18.345        -0.07841     0.00000    -0.07841     0.00000
    -18.195        -0.08613     0.00000    -0.08613     0.00000
    -18.045        -0.09137     0.00000    -0.09137     0.00000
    -17.895        -0.09660     0.00000    -0.09660     0.00000
    -17.745        -0.10179     0.00000    -0.10179     0.00000
    -17.595        -0.11097     0.00000    -0.11097     0.00000
    -17.445        -0.11610     0.00000    -0.11610     0.00000
    -17.295        -0.12435     0.00000    -0.12435     0.00000
    -17.145        -0.12946     0.00000    -0.12946     0.00000
    -16.995        -0.13216     0.00000    -0.13216     0.00000
    -16.845        -0.14105     0.00000    -0.14105     0.00000
    -16.695        -0.14837     0.00000    -0.14837     0.00000
    -16.545        -0.15180     0.00000    -0.15180     0.00000
    -16.395        -0.15677     0.00000    -0.15677     0.00000
    -16.245        -0.16692     0.00000    -0.16692     0.00000
    -16.095        -0.17258     0.00000    -0.17258     0.00000
    -15.945        -0.17445     0.00000    -0.17445     0.00000
    -15.795        -0.17781     0.00000    -0.17781     0.00000
    -15.645        -0.17783     0.00000    -0.17783     0.00000
    -15.495        -0.17969     0.00000    -0.17969     0.00000
    -15.345        -0.18230     0.00000    -0.18230     0.00000
    -15.195        -0.18491     0.00000    -0.18491     0.00000
    -15.045        -0.18674     0.00000    -0.18674     0.00000
    -14.895        -0.18677     0.00000    -0.18677     0.00000
    -14.745        -0.19003    -0.00000    -0.19003     0.00000
    -14.595        -0.19189    -0.00000    -0.19189     0.00000
    -14.445        -0.19373    -0.00000    -0.19373     0.00000
    -14.295        -0.19683    -0.00125    -0.19558     0.00000
    -14.145        -0.20064    -0.00254    -0.19810     0.00000
    -13.995        -0.20375    -0.00450    -0.19925     0.00000
    -13.845        -0.20875    -0.00835    -0.20040     0.00000
    -13.695        -0.21150    -0.01106    -0.20043     0.00000
    -13.545        -0.22045    -0.01752    -0.20293     0.00000
    -13.395        -0.22949    -0.02469    -0.20480     0.00000
    -13.245        -0.24227    -0.03498    -0.20729     0.00000
    -13.095        -0.25928    -0.05014    -0.20914     0.00000
    -12.945        -0.27400    -0.06365    -0.21034     0.00000
    -12.795        -0.29630    -0.08592    -0.21038     0.00000
    -12.645        -0.31346    -0.10304    -0.21042     0.00000
    -12.495        -0.33588    -0.12360    -0.21228     0.00000
    -12.345        -0.35475    -0.14242    -0.21232     0.00000
    -12.195        -0.37527    -0.16291    -0.21236     0.00000
    -12.045        -0.39127    -0.17886    -0.21241     0.00000
    -11.895        -0.41561    -0.20191    -0.21370     0.00000
    -11.745        -0.43654    -0.22152    -0.21502     0.00000
    -11.595        -0.45559    -0.24053    -0.21506     0.00000
    -11.445        -0.47558    -0.26047    -0.21511     0.00000
    -11.295        -0.49338    -0.27822    -0.21516     0.00000
    -11.145        -0.51808    -0.30100    -0.21708     0.00000
    -10.995        -0.53569    -0.31856    -0.21713     0.00000
    -10.845        -0.55467    -0.33750    -0.21717     0.00000
    -10.695        -0.57847    -0.35930    -0.21917     0.00000
    -10.545        -0.59666    -0.37743    -0.21922     0.00000
    -10.395        -0.61327    -0.39257    -0.22070     0.00000
    -10.245        -0.63559    -0.41484    -0.22075     0.00000
    -10.095        -0.65632    -0.43551    -0.22081     0.00000
    -9.9450        -0.67788    -0.45555    -0.22233     0.00000
    -9.7950        -0.69331    -0.46941    -0.22389     0.00000
    -9.6450        -0.70855    -0.48461    -0.22394     0.00000
    -9.4950        -0.73105    -0.50552    -0.22553     0.00000
    -9.3450        -0.74250    -0.51691    -0.22559     0.00000
    -9.1950        -0.75922    -0.53357    -0.22565     0.00000
    -9.0450        -0.77973    -0.55402    -0.22571     0.00000
    -8.8950        -0.79320    -0.56744    -0.22576     0.00000
    -8.7450        -0.80705    -0.58124    -0.22581     0.00000
    -8.5950        -0.82374    -0.59624    -0.22750     0.00000
    -8.4450        -0.84270    -0.61516    -0.22755     0.00000
    -8.2950        -0.85719    -0.62960    -0.22759     0.00000
    -8.1450        -0.87169    -0.64158    -0.23011     0.00000
    -7.9950        -0.89033    -0.65588    -0.23445     0.00000
    -7.8450        -0.90598    -0.66975    -0.23622     0.00000
    -7.6950        -0.91946    -0.68322    -0.23625     0.00000
    -7.5450        -0.93517    -0.69517    -0.24000     0.00000
    -7.3950        -0.94964    -0.70965    -0.24000     0.00000
    -7.2450        -0.96929    -0.72585    -0.24344     0.00000
    -7.0950        -0.98651    -0.74130    -0.24520     0.00000
    -6.9450        -1.00200    -0.75396    -0.24804     0.00000
    -6.7950        -1.01914    -0.76631    -0.25168    -0.00115
    -6.6450        -1.04741    -0.78231    -0.25644    -0.00866
    -6.4950        -1.07450    -0.79536    -0.26081    -0.01833
    -6.3450        -1.11339    -0.80875    -0.26580    -0.03884
    -6.1950        -1.17004    -0.82622    -0.27182    -0.07200
    -6.0450        -1.24583    -0.84098    -0.27752    -0.12734
    -5.8950        -1.34612    -0.85897    -0.28490    -0.20226
    -5.7450        -1.47571    -0.87380    -0.29247    -0.30944
    -5.5950        -1.63617    -0.89209    -0.30055    -0.44353
    -5.4450        -1.82003    -0.90873    -0.30812    -0.60317
    -5.2950        -2.03228    -0.92782    -0.31698    -0.78748
    -5.1450        -2.26178    -0.94773    -0.32763    -0.98642
    -4.9950        -2.49701    -0.96885    -0.33911    -1.18904
    -4.8450        -2.74249    -0.99098    -0.35092    -1.40060
    -4.6950        -2.98030    -1.01061    -0.36304    -1.60665
    -4.5450        -3.22657    -1.03215    -0.37764    -1.81678
    -4.3950        -3.48143    -1.05517    -0.39239    -2.03387
    -4.2450        -3.73250    -1.08356    -0.40639    -2.24255
    -4.0950        -3.98235    -1.10994    -0.42460    -2.44782
    -3.9450        -4.21612    -1.13649    -0.44521    -2.63442
    -3.7950        -4.44994    -1.16584    -0.46605    -2.81805
    -3.6450        -4.68187    -1.19896    -0.48329    -2.99963
    -3.4950        -4.90750    -1.23100    -0.50499    -3.17151
    -3.3450        -5.12630    -1.26394    -0.53130    -3.33106
    -3.1950        -5.35651    -1.30072    -0.55710    -3.49869
    -3.0450        -5.58899    -1.34280    -0.58974    -3.65645
    -2.8950        -5.82922    -1.38657    -0.62298    -3.81967
    -2.7450        -6.07231    -1.43191    -0.65854    -3.98185
    -2.5950        -6.32448    -1.48201    -0.69525    -4.14723
    -2.4450        -6.59053    -1.53715    -0.73777    -4.31561
    -2.2950        -6.87481    -1.59643    -0.78772    -4.49066
    -2.1450        -7.16932    -1.65873    -0.83922    -4.67137
    -1.9950        -7.50821    -1.73134    -0.89934    -4.87753
    -1.8450        -7.89886    -1.81514    -0.96748    -5.11623
    -1.6950        -8.34154    -1.90935    -1.04359    -5.38860
    -1.5450        -8.87296    -2.01704    -1.13435    -5.72157
    -1.3950        -9.52123    -2.14240    -1.24479    -6.13404
    -1.2450       -10.31554    -2.28125    -1.37847    -6.65581
    -1.0950       -11.30877    -2.45513    -1.53921    -7.31444
   -0.94500       -12.53538    -2.66675    -1.75104    -8.11758
   -0.79500       -14.07373    -2.94218    -2.02720    -9.10435
   -0.64500       -16.01931    -3.31005    -2.39266   -10.31660
   -0.49500       -18.54886    -3.85227    -2.94538   -11.75121
   -0.34500       -22.20250    -4.70458    -3.83025   -13.66767
   -0.22700       -23.86430    -5.11099    -4.25373   -14.49958
   -0.21300       -24.08454    -5.16592    -4.31043   -14.60819
   -0.20700       -24.31108    -5.22231    -4.36967   -14.71911
   -0.20100       -24.54402    -5.27984    -4.42989   -14.83429
   -0.19500       -24.78454    -5.33965    -4.49196   -14.95292
   -0.18900       -25.03159    -5.40095    -4.55682   -15.07382
   -0.18300       -25.28447    -5.46342    -4.62381   -15.19724
   -0.17700       -25.54518    -5.52849    -4.69194   -15.32475
   -0.17100       -25.81585    -5.59468    -4.76327   -15.45791
   -0.16500       -26.09490    -5.66291    -4.83759   -15.59440
   -0.15900       -26.38401    -5.73261    -4.91444   -15.73696
   -0.15300       -26.68273    -5.80500    -4.99394   -15.88379
   -0.14700       -26.99192    -5.88038    -5.07676   -16.03478
   -0.14100       -27.31304    -5.95821    -5.16218   -16.19265
   -0.13500       -27.64509    -6.03873    -5.25058   -16.35578
   -0.12900       -27.99138    -6.12203    -5.34195   -16.52740
   -0.12300       -28.35017    -6.20842    -5.43759   -16.70416
   -0.11700       -28.72769    -6.29920    -5.53759   -16.89090
   -0.11100       -29.12055    -6.39209    -5.64066   -17.08780
   -0.10500       -29.53298    -6.48842    -5.74878   -17.29578
   -0.99000E-01   -29.96577    -6.58915    -5.86305   -17.51358
   -0.93000E-01   -30.42114    -6.69418    -5.98242   -17.74454
   -0.87000E-01   -30.89879    -6.80391    -6.10674   -17.98814
   -0.81000E-01   -31.40762    -6.91909    -6.23834   -18.25019
   -0.75000E-01   -31.94710    -7.03969    -6.37776   -18.52966
   -0.69000E-01   -32.52366    -7.16619    -6.52614   -18.83132
   -0.63000E-01   -33.14845    -7.30104    -6.68706   -19.16035
   -0.57000E-01   -33.83250    -7.44555    -6.86590   -19.52105
   -0.51000E-01   -34.59123    -7.60405    -7.06384   -19.92334
   -0.45000E-01   -35.43022    -7.77700    -7.27575   -20.37747
   -0.39000E-01   -36.35084    -7.95894    -7.49051   -20.90139
   -0.33000E-01   -37.35871    -8.13936    -7.69879   -21.52055
   -0.27000E-01   -38.48014    -8.30865    -7.89390   -22.27758
   -0.21300E-01   -39.33659    -8.41323    -8.01217   -22.91120
   -0.19500E-01   -39.47098    -8.42781    -8.02834   -23.01484
   -0.18900E-01   -39.60821    -8.44204    -8.04409   -23.12207
   -0.18300E-01   -39.74723    -8.45597    -8.05935   -23.23190
   -0.17700E-01   -39.88977    -8.46953    -8.07421   -23.34603
   -0.17100E-01   -40.03545    -8.48277    -8.08849   -23.46420
   -0.16500E-01   -40.18518    -8.49580    -8.10236   -23.58702
   -0.15900E-01   -40.33815    -8.50841    -8.11590   -23.71384
   -0.15300E-01   -40.49537    -8.52043    -8.12888   -23.84607
   -0.14700E-01   -40.65815    -8.53225    -8.14146   -23.98444
   -0.14100E-01   -40.82542    -8.54365    -8.15355   -24.12822
   -0.13500E-01   -40.99805    -8.55456    -8.16519   -24.27830
   -0.12900E-01   -41.17702    -8.56511    -8.17634   -24.43557
   -0.12300E-01   -41.36319    -8.57526    -8.18697   -24.60096
   -0.11700E-01   -41.55718    -8.58496    -8.19725   -24.77497
   -0.11100E-01   -41.75948    -8.59424    -8.20697   -24.95827
   -0.10500E-01   -41.97162    -8.60299    -8.21616   -25.15247
   -0.99000E-02   -42.19594    -8.61129    -8.22487   -25.35978
   -0.93000E-02   -42.43316    -8.61914    -8.23310   -25.58091
   -0.87000E-02   -42.68618    -8.62653    -8.24073   -25.81892
   -0.81000E-02   -42.95758    -8.63348    -8.24790   -26.07621
   -0.75000E-02   -43.25122    -8.63989    -8.25452   -26.35681
   -0.69000E-02   -43.57252    -8.64582    -8.26058   -26.66612
   -0.63000E-02   -43.92783    -8.65127    -8.26610   -27.01047
   -0.57000E-02   -44.32351    -8.65619    -8.27112   -27.39620
   -0.51000E-02   -44.76689    -8.66061    -8.27561   -27.83067
   -0.45000E-02   -45.26627    -8.66455    -8.27960   -28.32213
   -0.39000E-02   -45.83005    -8.66795    -8.28305   -28.87906
   -0.33000E-02   -46.46955    -8.67083    -8.28596   -29.51276
   -0.27000E-02   -47.19798    -8.67319    -8.28835   -30.23643
   -0.21000E-02   -48.03813    -8.67504    -8.29023   -31.07286
   -0.15000E-02   -49.02755    -8.67636    -8.29156   -32.05963
   -0.90000E-03   -50.01857    -8.67716    -8.29236   -33.04905
   -0.30000E-03   -50.44182    -8.67743    -8.29263   -33.47177
    0.30000E-03   -50.02002    -8.67717    -8.29238   -33.05047
    0.90000E-03   -49.03006    -8.67637    -8.29160   -32.06209
    0.15000E-02   -48.04113    -8.67506    -8.29029   -31.07579
    0.21000E-02   -47.20092    -8.67320    -8.28844   -30.23927
    0.27000E-02   -46.47257    -8.67082    -8.28609   -29.51566
    0.33000E-02   -45.83306    -8.66791    -8.28323   -28.88192
    0.39000E-02   -45.26890    -8.66441    -8.27986   -28.32463
    0.45000E-02   -44.76972    -8.66045    -8.27594   -27.83333
    0.51000E-02   -44.32645    -8.65592    -8.27154   -27.39899
    0.57000E-02   -43.93058    -8.65090    -8.26662   -27.01306
    0.63000E-02   -43.57472    -8.64533    -8.26123   -26.66816
    0.69000E-02   -43.25262    -8.63920    -8.25536   -26.35807
    0.75000E-02   -42.95853    -8.63261    -8.24894   -26.07698
    0.81000E-02   -42.68680    -8.62546    -8.24213   -25.81921
    0.87000E-02   -42.43370    -8.61779    -8.23477   -25.58115
    0.93000E-02   -42.19574    -8.60960    -8.22698   -25.35916
    0.99000E-02   -41.97044    -8.60087    -8.21869   -25.15088
    0.10500E-01   -41.75697    -8.59172    -8.20996   -24.95529
    0.11100E-01   -41.55317    -8.58210    -8.20067   -24.77041
    0.11700E-01   -41.35814    -8.57189    -8.19099   -24.59526
    0.12300E-01   -41.17085    -8.56126    -8.18080   -24.42879
    0.12900E-01   -40.99083    -8.55015    -8.17013   -24.27055
    0.13500E-01   -40.81646    -8.53854    -8.15913   -24.11880
    0.14100E-01   -40.64805    -8.52648    -8.14774   -23.97384
    0.14700E-01   -40.48516    -8.51393    -8.13589   -23.83534
    0.15300E-01   -40.32660    -8.50097    -8.12362   -23.70201
    0.15900E-01   -40.17222    -8.48754    -8.11096   -23.57371
    0.16500E-01   -40.02214    -8.47377    -8.09804   -23.45033
    0.17100E-01   -39.87519    -8.45948    -8.08476   -23.33094
    0.17700E-01   -39.73159    -8.44484    -8.07104   -23.21571
    0.18300E-01   -39.59107    -8.42975    -8.05705   -23.10427
    0.18900E-01   -39.45356    -8.41434    -8.04276   -22.99646
    0.19500E-01   -39.31835    -8.39853    -8.02832   -22.89150
    0.21300E-01   -38.45732    -8.28059    -7.92290   -22.25383
    0.27000E-01   -37.33175    -8.08637    -7.75333   -21.49205
    0.33000E-01   -36.32306    -7.87764    -7.57318   -20.87224
    0.39000E-01   -35.40657    -7.66419    -7.39140   -20.35098
    0.45000E-01   -34.57300    -7.45405    -7.21721   -19.90173
    0.51000E-01   -33.82109    -7.25529    -7.05803   -19.50776
    0.57000E-01   -33.14844    -7.07659    -6.91304   -19.15881
    0.63000E-01   -32.53901    -6.91683    -6.77704   -18.84515
    0.69000E-01   -31.97849    -6.76988    -6.64888   -18.55973
    0.75000E-01   -31.45725    -6.63187    -6.52722   -18.29816
    0.81000E-01   -30.97254    -6.50103    -6.41261   -18.05890
    0.87000E-01   -30.51848    -6.37752    -6.30265   -17.83832
    0.93000E-01   -30.09084    -6.25989    -6.19762   -17.63332
    0.99000E-01   -29.68785    -6.14792    -6.09713   -17.44280
    0.10500       -29.30244    -6.03936    -6.00022   -17.26285
    0.11100       -28.93752    -5.93580    -5.90771   -17.09401
    0.11700       -28.59088    -5.83712    -5.81840   -16.93536
    0.12300       -28.25788    -5.74116    -5.73237   -16.78435
    0.12900       -27.94144    -5.64903    -5.64950   -16.64291
    0.13500       -27.63758    -5.56055    -5.56987   -16.50716
    0.14100       -27.34492    -5.47383    -5.49313   -16.37796
    0.14700       -27.06394    -5.39026    -5.41840   -16.25528
    0.15300       -26.79494    -5.30913    -5.34534   -16.14047
    0.15900       -26.53591    -5.23183    -5.27529   -16.02879
    0.16500       -26.28835    -5.15759    -5.20725   -15.92351
    0.17100       -26.04901    -5.08568    -5.14177   -15.82157
    0.17700       -25.81713    -5.01620    -5.07722   -15.72371
    0.18300       -25.59215    -4.94860    -5.01451   -15.62904
    0.18900       -25.37804    -4.88339    -4.95439   -15.54027
    0.19500       -25.16785    -4.81905    -4.89585   -15.45296
    0.20100       -24.96648    -4.75750    -4.83913   -15.36985
    0.20700       -24.77234    -4.69815    -4.78341   -15.29078
    0.21300       -24.58361    -4.64030    -4.72985   -15.21347
    0.22700       -23.19978    -4.21534    -4.32745   -14.65699
    0.34500       -20.38341    -3.33526    -3.48991   -13.55824
    0.49500       -18.66254    -2.81180    -2.97113   -12.87961
    0.64500       -17.43436    -2.45202    -2.60962   -12.37272
    0.79500       -16.49366    -2.18082    -2.34781   -11.96503
    0.94500       -15.74084    -1.96934    -2.14395   -11.62754
     1.0950       -15.11854    -1.80108    -1.97912   -11.33834
     1.2450       -14.59654    -1.66245    -1.84403   -11.09006
     1.3950       -14.15156    -1.54967    -1.72888   -10.87300
     1.5450       -13.76721    -1.45421    -1.63029   -10.68272
     1.6950       -13.42566    -1.37037    -1.54694   -10.50835
     1.8450       -13.12390    -1.29524    -1.47496   -10.35370
     1.9950       -12.85560    -1.23080    -1.41108   -10.21372
     2.1450       -12.60739    -1.17449    -1.35387   -10.07903
     2.2950       -12.39094    -1.12656    -1.30492    -9.95946
     2.4450       -12.19395    -1.08099    -1.25849    -9.85447
     2.5950       -12.01603    -1.04264    -1.21621    -9.75718
     2.7450       -11.85373    -1.00593    -1.17930    -9.66850
     2.8950       -11.69762    -0.97453    -1.14438    -9.57871
     3.0450       -11.56320    -0.94600    -1.11269    -9.50451
     3.1950       -11.44282    -0.92130    -1.08381    -9.43771
     3.3450       -11.33369    -0.89857    -1.05709    -9.37803
     3.4950       -11.22939    -0.87788    -1.03379    -9.31772
     3.6450       -11.13131    -0.85798    -1.01050    -9.26283
     3.7950       -11.04727    -0.84163    -0.98903    -9.21662
     3.9450       -10.96395    -0.82524    -0.96918    -9.16953
     4.0950       -10.89418    -0.81280    -0.95251    -9.12887
     4.2450       -10.82571    -0.79933    -0.93391    -9.09247
     4.3950       -10.75709    -0.78570    -0.91668    -9.05471
     4.5450       -10.69587    -0.77434    -0.89999    -9.02154
     4.6950       -10.63240    -0.76321    -0.88329    -8.98589
     4.8450       -10.57832    -0.75336    -0.87137    -8.95360
     4.9950       -10.52464    -0.74370    -0.85643    -8.92451
     5.1450       -10.47175    -0.73373    -0.84257    -8.89545
     5.2950       -10.42342    -0.72762    -0.82738    -8.86842
     5.4450       -10.37505    -0.72075    -0.81353    -8.84076
     5.5950       -10.32918    -0.71396    -0.80052    -8.81470
     5.7450       -10.28543    -0.70790    -0.78751    -8.79002
     5.8950       -10.24574    -0.70385    -0.77574    -8.76616
     6.0450       -10.20567    -0.69869    -0.76417    -8.74282
     6.1950       -10.17023    -0.69763    -0.75251    -8.72008
     6.3450       -10.13124    -0.69173    -0.74258    -8.69692
     6.4950       -10.09826    -0.69076    -0.73216    -8.67534
     6.6450       -10.06592    -0.68667    -0.72494    -8.65431
     6.7950       -10.03792    -0.68398    -0.72019    -8.63375
     6.9450       -10.00665    -0.68128    -0.71162    -8.61375
     7.0950        -9.98145    -0.68050    -0.70679    -8.59416
     7.2450        -9.95536    -0.67975    -0.70063    -8.57498
     7.3950        -9.92979    -0.67904    -0.69449    -8.55625
     7.5450        -9.90376    -0.67834    -0.68745    -8.53797
     7.6950        -9.88429    -0.67767    -0.68662    -8.51999
     7.8450        -9.86301    -0.67703    -0.68352    -8.50247
     7.9950        -9.83916    -0.67642    -0.67749    -8.48525
     8.1450        -9.81639    -0.67364    -0.67437    -8.46838
     8.2950        -9.79326    -0.67307    -0.66838    -8.45181
     8.4450        -9.77586    -0.67252    -0.66774    -8.43560
     8.5950        -9.75882    -0.67199    -0.66713    -8.41969
     8.7450        -9.74208    -0.67146    -0.66655    -8.40407
     8.8950        -9.72564    -0.67096    -0.66597    -8.38871
     9.0450        -9.70961    -0.67049    -0.66544    -8.37367
     9.1950        -9.69380    -0.67003    -0.66492    -8.35886
     9.3450        -9.67557    -0.66957    -0.66171    -8.34429
     9.4950        -9.66035    -0.66913    -0.66125    -8.32997
     9.6450        -9.64540    -0.66870    -0.66079    -8.31591
     9.7950        -9.63074    -0.66828    -0.66036    -8.30210
     9.9450        -9.61628    -0.66787    -0.65993    -8.28848
     10.095        -9.60213    -0.66747    -0.65953    -8.27513
     10.245        -9.58816    -0.66709    -0.65915    -8.26192
     10.395        -9.57442    -0.66671    -0.65876    -8.24894
     10.545        -9.56088    -0.66633    -0.65839    -8.23615
     10.695        -9.54760    -0.66598    -0.65805    -8.22357
     10.845        -9.53452    -0.66562    -0.65771    -8.21119
     10.995        -9.52165    -0.66528    -0.65739    -8.19899
     11.145        -9.50898    -0.66493    -0.65708    -8.18698
     11.295        -9.49651    -0.66460    -0.65677    -8.17514
     11.445        -9.48419    -0.66428    -0.65648    -8.16342
     11.595        -9.47199    -0.66396    -0.65619    -8.15184
     11.745        -9.46004    -0.66365    -0.65591    -8.14047
     11.895        -9.44824    -0.66335    -0.65564    -8.12925
     12.045        -9.43657    -0.66305    -0.65538    -8.11814
     12.195        -9.42509    -0.66276    -0.65512    -8.10721
     12.345        -9.41374    -0.66247    -0.65487    -8.09640
     12.495        -9.40255    -0.66219    -0.65462    -8.08574
     12.645        -9.39156    -0.66191    -0.65439    -8.07525
     12.795        -9.38067    -0.66165    -0.65415    -8.06487
     12.945        -9.36994    -0.66138    -0.65393    -8.05463
     13.095        -9.35937    -0.66112    -0.65370    -8.04455
     13.245        -9.34887    -0.66085    -0.65349    -8.03452
     13.395        -9.33849    -0.66060    -0.65329    -8.02460
     13.545        -9.32826    -0.66035    -0.65309    -8.01482
     13.695        -9.31819    -0.66010    -0.65290    -8.00518
     13.845        -9.30820    -0.65986    -0.65271    -7.99562
     13.995        -9.29831    -0.65962    -0.65251    -7.98617
     14.145        -9.28856    -0.65939    -0.65233    -7.97684
     14.295        -9.27890    -0.65916    -0.65214    -7.96759
     14.445        -9.26940    -0.65893    -0.65197    -7.95849
     14.595        -9.25997    -0.65871    -0.65180    -7.94945
     14.745        -9.25067    -0.65850    -0.65164    -7.94053
     14.895        -9.24148    -0.65828    -0.65148    -7.93172
     15.045        -9.23236    -0.65806    -0.65131    -7.92298
     15.195        -9.22336    -0.65785    -0.65116    -7.91434
     15.345        -9.21444    -0.65765    -0.65100    -7.90579
     15.495        -9.20563    -0.65744    -0.65086    -7.89733
     15.645        -9.19693    -0.65724    -0.65071    -7.88898
     15.795        -9.18829    -0.65705    -0.65057    -7.88068
     15.945        -9.17975    -0.65685    -0.65042    -7.87248
     16.095        -9.17133    -0.65665    -0.65029    -7.86439
     16.245        -9.16297    -0.65646    -0.65016    -7.85636
     16.395        -9.15472    -0.65627    -0.65003    -7.84843
     16.545        -9.14653    -0.65608    -0.64990    -7.84055
     16.695        -9.13845    -0.65590    -0.64977    -7.83278
     16.845        -9.13041    -0.65572    -0.64965    -7.82505
     16.995        -9.12244    -0.65554    -0.64953    -7.81737
     17.145        -9.11457    -0.65536    -0.64941    -7.80980
     17.295        -9.10680    -0.65519    -0.64929    -7.80232
     17.445        -9.09910    -0.65502    -0.64918    -7.79490
     17.595        -9.09142    -0.65485    -0.64907    -7.78751
     17.745        -9.08382    -0.65468    -0.64894    -7.78020
     17.895        -9.07628    -0.65451    -0.64882    -7.77295
     18.045        -9.06887    -0.65435    -0.64871    -7.76581
     18.195        -9.06150    -0.65419    -0.64861    -7.75870
     18.345        -9.05418    -0.65402    -0.64851    -7.75164
     18.495        -9.04692    -0.65387    -0.64841    -7.74465
     18.645        -9.03972    -0.65371    -0.64831    -7.73770
     18.795        -9.03257    -0.65356    -0.64820    -7.73081
     18.945        -9.02550    -0.65341    -0.64810    -7.72399
     19.095        -9.01848    -0.65325    -0.64800    -7.71723
     19.245        -9.01153    -0.65310    -0.64791    -7.71053
     19.395        -9.00465    -0.65295    -0.64782    -7.70389
     19.545        -8.99782    -0.65280    -0.64773    -7.69730
     19.695        -8.99104    -0.65265    -0.64763    -7.69077
     19.845        -8.98435    -0.65250    -0.64754    -7.68430
     19.995        -8.97770    -0.65236    -0.64746    -7.67789
     20.145        -8.97108    -0.65221    -0.64736    -7.67151
     20.295        -8.96454    -0.65207    -0.64727    -7.66520
     20.445        -8.95805    -0.65193    -0.64718    -7.65894
     20.595        -8.95161    -0.65179    -0.64710    -7.65273
     20.745        -8.94523    -0.65166    -0.64701    -7.64656
     20.895        -8.93888    -0.65152    -0.64693    -7.64044
     21.045        -8.93260    -0.65138    -0.64685    -7.63437
     21.195        -8.92632    -0.65125    -0.64677    -7.62830
     21.345        -8.92011    -0.65111    -0.64668    -7.62232
     21.495        -8.91394    -0.65098    -0.64660    -7.61636
     21.645        -8.90783    -0.65085    -0.64652    -7.61047
     21.795        -8.90177    -0.65071    -0.64644    -7.60463
     21.945        -8.89576    -0.65058    -0.64636    -7.59881
     22.095        -8.88977    -0.65045    -0.64629    -7.59303
     22.245        -8.88384    -0.65032    -0.64621    -7.58731
     22.395        -8.87796    -0.65020    -0.64613    -7.58163
     22.545        -8.87212    -0.65008    -0.64606    -7.57599
     22.695        -8.86632    -0.64995    -0.64598    -7.57039
     22.845        -8.86057    -0.64982    -0.64591    -7.56483
     22.995        -8.85486    -0.64970    -0.64584    -7.55933
     23.145        -8.84919    -0.64958    -0.64576    -7.55385
     23.295        -8.84353    -0.64945    -0.64569    -7.54839
     23.445        -8.83793    -0.64933    -0.64562    -7.54297
     23.595        -8.83236    -0.64921    -0.64555    -7.53759
     23.745        -8.82685    -0.64910    -0.64548    -7.53227
     23.895        -8.82137    -0.64898    -0.64541    -7.52697
     24.045        -8.81593    -0.64887    -0.64535    -7.52171
     24.195        -8.81052    -0.64875    -0.64528    -7.51649
     24.345        -8.80517    -0.64864    -0.64522    -7.51131
     24.495        -8.79983    -0.64853    -0.64515    -7.50615
     24.645        -8.79454    -0.64842    -0.64509    -7.50104
     24.795        -8.78926    -0.64831    -0.64502    -7.49594
     24.945        -8.78404    -0.64819    -0.64496    -7.49089
     25.095        -8.77886    -0.64809    -0.64489    -7.48588
     25.245        -8.77366    -0.64798    -0.64483    -7.48085
     25.395        -8.76853    -0.64788    -0.64477    -7.47588
     25.545        -8.76343    -0.64777    -0.64471    -7.47095
     25.695        -8.75837    -0.64766    -0.64465    -7.46607
     25.845        -8.75334    -0.64756    -0.64458    -7.46120
     25.995        -8.74836    -0.64746    -0.64453    -7.45638
     26.145        -8.74337    -0.64736    -0.64446    -7.45156
     26.295        -8.73842    -0.64725    -0.64440    -7.44677
     26.445        -8.73351    -0.64715    -0.64434    -7.44201
     26.595        -8.72865    -0.64705    -0.64428    -7.43731
     26.745        -8.72379    -0.64695    -0.64423    -7.43261
     26.895        -8.71897    -0.64685    -0.64416    -7.42795
     27.045        -8.71416    -0.64675    -0.64411    -7.42330
     27.195        -8.70941    -0.64666    -0.64405    -7.41870
     27.345        -8.70471    -0.64656    -0.64400    -7.41414
     27.495        -8.70000    -0.64646    -0.64394    -7.40959
     27.645        -8.69530    -0.64637    -0.64389    -7.40504
     27.795        -8.69065    -0.64627    -0.64384    -7.40054
     27.945        -8.68603    -0.64618    -0.64378    -7.39607
     28.095        -8.68144    -0.64608    -0.64372    -7.39163
     28.245        -8.67687    -0.64599    -0.64367    -7.38722
     28.395        -8.67233    -0.64589    -0.64362    -7.38283
     28.545        -8.66784    -0.64579    -0.64357    -7.37847
     28.695        -8.66334    -0.64570    -0.64352    -7.37411
     28.845        -8.65887    -0.64561    -0.64346    -7.36979
     28.995        -8.65444    -0.64553    -0.64341    -7.36550
     29.145        -8.65000    -0.64543    -0.64336    -7.36121
     29.295        -8.64562    -0.64534    -0.64331    -7.35697
     29.445        -8.64126    -0.64525    -0.64325    -7.35275
     29.595        -8.63693    -0.64516    -0.64321    -7.34856
     29.745        -8.63264    -0.64508    -0.64316    -7.34440
     29.895        -8.62837    -0.64499    -0.64312    -7.34026
     30.045        -8.62409    -0.64490    -0.64307    -7.33612
     30.195        -8.61986    -0.64482    -0.64301    -7.33203
     30.345        -8.61564    -0.64473    -0.64297    -7.32794
     30.495        -8.61145    -0.64464    -0.64292    -7.32389
     30.645        -8.60729    -0.64456    -0.64287    -7.31986
     30.795        -8.60313    -0.64447    -0.64282    -7.31583
     30.945        -8.59899    -0.64439    -0.64278    -7.31183
     31.095        -8.59488    -0.64431    -0.64273    -7.30785
     31.245        -8.59081    -0.64423    -0.64268    -7.30390
     31.395        -8.58675    -0.64414    -0.64263    -7.29997
     31.545        -8.58273    -0.64406    -0.64259    -7.29608
     31.695        -8.57872    -0.64398    -0.64254    -7.29220
     31.845        -8.57470    -0.64390    -0.64250    -7.28831
     31.995        -8.57073    -0.64382    -0.64245    -7.28445
     32.145        -8.56677    -0.64374    -0.64240    -7.28063
     32.295        -8.56284    -0.64366    -0.64236    -7.27683
     32.445        -8.55892    -0.64358    -0.64231    -7.27303
     32.595        -8.55503    -0.64350    -0.64227    -7.26926
     32.745        -8.55117    -0.64342    -0.64223    -7.26552
     32.895        -8.54730    -0.64334    -0.64218    -7.26177
     33.045        -8.54349    -0.64327    -0.64214    -7.25808
     33.195        -8.53966    -0.64319    -0.64210    -7.25438
     33.345        -8.53586    -0.64311    -0.64206    -7.25070
     33.495        -8.53208    -0.64303    -0.64201    -7.24703
     33.645        -8.52829    -0.64295    -0.64197    -7.24336
     33.795        -8.52455    -0.64288    -0.64193    -7.23974
     33.945        -8.52081    -0.64280    -0.64189    -7.23612
     34.095        -8.51710    -0.64273    -0.64185    -7.23253
     34.245        -8.51340    -0.64265    -0.64181    -7.22895
     34.395        -8.50971    -0.64257    -0.64177    -7.22537
     34.545        -8.50603    -0.64250    -0.64173    -7.22181
     34.695        -8.50238    -0.64243    -0.64169    -7.21827
     34.845        -8.49876    -0.64235    -0.64165    -7.21475
     34.995        -8.49514    -0.64228    -0.64161    -7.21125
     35.145        -8.49153    -0.64220    -0.64157    -7.20777
     35.295        -8.48796    -0.64213    -0.64153    -7.20431
     35.445        -8.48441    -0.64206    -0.64149    -7.20086
     35.595        -8.48089    -0.64199    -0.64145    -7.19745
     35.745        -8.47734    -0.64192    -0.64141    -7.19401
     35.895        -8.47385    -0.64184    -0.64137    -7.19064
     36.045        -8.47037    -0.64178    -0.64133    -7.18726
     36.195        -8.46689    -0.64171    -0.64130    -7.18389
     36.345        -8.46343    -0.64164    -0.64126    -7.18053
     36.495        -8.46000    -0.64157    -0.64123    -7.17720
     36.645        -8.45655    -0.64150    -0.64119    -7.17386
     36.795        -8.45314    -0.64143    -0.64115    -7.17056
     36.945        -8.44973    -0.64136    -0.64112    -7.16725
     37.095        -8.44634    -0.64129    -0.64108    -7.16396
     37.245        -8.44298    -0.64123    -0.64104    -7.16071
     37.395        -8.43960    -0.64116    -0.64101    -7.15743
     37.545        -8.43625    -0.64109    -0.64097    -7.15419
     37.695        -8.43292    -0.64102    -0.64093    -7.15096
     37.845        -8.42960    -0.64095    -0.64090    -7.14775
     37.995        -8.42630    -0.64089    -0.64086    -7.14456
     38.145        -8.42300    -0.64082    -0.64083    -7.14136
     38.295        -8.41974    -0.64076    -0.64079    -7.13819
     38.445        -8.41649    -0.64069    -0.64075    -7.13504
     38.595        -8.41326    -0.64063    -0.64072    -7.13192
     38.745        -8.41003    -0.64056    -0.64068    -7.12878
     38.895        -8.40681    -0.64050    -0.64065    -7.12566
     39.045        -8.40360    -0.64043    -0.64062    -7.12255
     39.195        -8.40041    -0.64037    -0.64058    -7.11946
     39.345        -8.39725    -0.64030    -0.64055    -7.11639
     39.495        -8.39409    -0.64024    -0.64052    -7.11334
     39.645        -8.39093    -0.64017    -0.64049    -7.11027
     39.795        -8.38781    -0.64011    -0.64045    -7.10724
     39.945        -8.38469    -0.64005    -0.64042    -7.10422
     40.095        -8.38158    -0.63998    -0.64038    -7.10121
     40.245        -8.37848    -0.63992    -0.64035    -7.09821
     40.395        -8.37540    -0.63986    -0.64032    -7.09522
     40.545        -8.37232    -0.63980    -0.64028    -7.09224
     40.695        -8.36926    -0.63974    -0.64025    -7.08927
     40.845        -8.36621    -0.63968    -0.64021    -7.08632
     40.995        -8.36318    -0.63962    -0.64018    -7.08338
     41.145        -8.36016    -0.63956    -0.64015    -7.08046
     41.295        -8.35717    -0.63950    -0.64012    -7.07755
     41.445        -8.35416    -0.63944    -0.64009    -7.07464
     41.595        -8.35117    -0.63938    -0.64005    -7.07173
     41.745        -8.34821    -0.63932    -0.64003    -7.06886
     41.895        -8.34525    -0.63926    -0.64000    -7.06599
     42.045        -8.34230    -0.63920    -0.63997    -7.06313
     42.195        -8.33933    -0.63914    -0.63994    -7.06026
     42.345        -8.33642    -0.63908    -0.63991    -7.05743
     42.495        -8.33352    -0.63902    -0.63988    -7.05462
     42.645        -8.33063    -0.63896    -0.63985    -7.05182
     42.795        -8.32775    -0.63890    -0.63982    -7.04903
     42.945        -8.32489    -0.63885    -0.63979    -7.04625
     43.095        -8.32202    -0.63879    -0.63976    -7.04348
     43.245        -8.31917    -0.63873    -0.63973    -7.04071
     43.395        -8.31633    -0.63867    -0.63970    -7.03796
     43.545        -8.31350    -0.63862    -0.63967    -7.03521
     43.695        -8.31067    -0.63856    -0.63964    -7.03246
     43.845        -8.30787    -0.63850    -0.63961    -7.02976
     43.995        -8.30506    -0.63845    -0.63958    -7.02703
     44.145        -8.30226    -0.63839    -0.63955    -7.02432
     44.295        -8.29947    -0.63834    -0.63952    -7.02161
     44.445        -8.29669    -0.63828    -0.63949    -7.01891
     44.595        -8.29392    -0.63823    -0.63947    -7.01622
     44.745        -8.29117    -0.63817    -0.63944    -7.01356
     44.895        -8.28843    -0.63812    -0.63941    -7.01090
     45.045        -8.28569    -0.63806    -0.63938    -7.00825
     45.195        -8.28297    -0.63801    -0.63935    -7.00561
     45.345        -8.28025    -0.63796    -0.63932    -7.00298
     45.495        -8.27755    -0.63790    -0.63929    -7.00036
     45.645        -8.27489    -0.63785    -0.63927    -6.99777
     45.795        -8.27221    -0.63780    -0.63924    -6.99517
     45.945        -8.26952    -0.63774    -0.63921    -6.99256
     46.095        -8.26686    -0.63769    -0.63918    -6.98999
     46.245        -8.26421    -0.63764    -0.63916    -6.98741
     46.395        -8.26157    -0.63758    -0.63913    -6.98485
     46.545        -8.25893    -0.63753    -0.63911    -6.98230
     46.695        -8.25631    -0.63748    -0.63908    -6.97975
     46.845        -8.25369    -0.63743    -0.63905    -6.97721
     46.995        -8.25107    -0.63738    -0.63902    -6.97467
     47.145        -8.24846    -0.63733    -0.63899    -6.97214
     47.295        -8.24587    -0.63728    -0.63897    -6.96963
     47.445        -8.24328    -0.63722    -0.63894    -6.96712
     47.595        -8.24070    -0.63717    -0.63891    -6.96462
     47.745        -8.23813    -0.63712    -0.63888    -6.96212
     47.895        -8.23558    -0.63707    -0.63886    -6.95965
     48.045        -8.23303    -0.63702    -0.63883    -6.95718
     48.195        -8.23048    -0.63697    -0.63880    -6.95471
     48.345        -8.22794    -0.63692    -0.63878    -6.95224
     48.495        -8.22541    -0.63687    -0.63876    -6.94978
     48.645        -8.22291    -0.63682    -0.63873    -6.94736
     48.795        -8.22040    -0.63677    -0.63870    -6.94493
     48.945        -8.21792    -0.63672    -0.63868    -6.94252
     49.095        -8.21544    -0.63667    -0.63865    -6.94012
     49.245        -8.21296    -0.63662    -0.63862    -6.93771
     49.395        -8.21051    -0.63658    -0.63860    -6.93534
     49.545        -8.20805    -0.63653    -0.63857    -6.93295
     49.695        -8.20561    -0.63648    -0.63855    -6.93058
     49.845        -8.20317    -0.63644    -0.63852    -6.92821
     49.995        -8.20073    -0.63639    -0.63850    -6.92585
     50.145        -8.19832    -0.63634    -0.63847    -6.92351
     50.295        -8.19589    -0.63629    -0.63845    -6.92115
     50.445        -8.19348    -0.63624    -0.63842    -6.91882
     50.595        -8.19109    -0.63620    -0.63839    -6.91650
     50.745        -8.18870    -0.63615    -0.63837    -6.91418
     50.895        -8.18630    -0.63610    -0.63835    -6.91186
     51.045        -8.18394    -0.63605    -0.63832    -6.90956
     51.195        -8.18155    -0.63601    -0.63830    -6.90724
     51.345        -8.17918    -0.63596    -0.63827    -6.90495
     51.495        -8.17682    -0.63591    -0.63825    -6.90266
     51.645        -8.17449    -0.63587    -0.63822    -6.90040
     51.795        -8.17214    -0.63582    -0.63820    -6.89812
     51.945        -8.16981    -0.63577    -0.63817    -6.89586
     52.095        -8.16748    -0.63573    -0.63815    -6.89359
     52.245        -8.16516    -0.63568    -0.63813    -6.89135
     52.395        -8.16285    -0.63564    -0.63810    -6.88911
     52.545        -8.16054    -0.63559    -0.63808    -6.88687
     52.695        -8.15824    -0.63554    -0.63805    -6.88464
     52.845        -8.15595    -0.63550    -0.63803    -6.88241
     52.995        -8.15365    -0.63545    -0.63801    -6.88018
     53.145        -8.15136    -0.63541    -0.63799    -6.87797
     53.295        -8.14909    -0.63536    -0.63797    -6.87576
     53.445        -8.14683    -0.63532    -0.63794    -6.87357
     53.595        -8.14457    -0.63527    -0.63792    -6.87137
     53.745        -8.14234    -0.63523    -0.63790    -6.86921
     53.895        -8.14009    -0.63518    -0.63788    -6.86702
     54.045        -8.13783    -0.63514    -0.63786    -6.86484
     54.195        -8.13563    -0.63510    -0.63784    -6.86269
     54.345        -8.13339    -0.63506    -0.63781    -6.86052
     54.495        -8.13117    -0.63501    -0.63779    -6.85837
     54.645        -8.12896    -0.63497    -0.63776    -6.85623
     54.795        -8.12676    -0.63492    -0.63774    -6.85410
     54.945        -8.12456    -0.63488    -0.63772    -6.85196
     55.095        -8.12239    -0.63484    -0.63770    -6.84985
     59.433        -7.95163    -0.63148    -0.63600    -6.68415
     80.646        -7.70375    -0.62662    -0.63354    -6.44359
     111.21        -7.46489    -0.62196    -0.63117    -6.21176
     153.36        -7.23509    -0.61748    -0.62889    -5.98872
     211.49        -7.01422    -0.61318    -0.62669    -5.77435
     291.64        -6.80242    -0.60907    -0.62459    -5.56875
     402.18        -6.59963    -0.60511    -0.62253    -5.37200
     554.60        -6.40512    -0.60132    -0.62053    -5.18328
     764.80        -6.21904    -0.59769    -0.61858    -5.00277
     1054.7        -6.04110    -0.59424    -0.61672    -4.83014
     1454.4        -5.87088    -0.59093    -0.61492    -4.66503
     2005.6        -5.70812    -0.58774    -0.61318    -4.50720
     2765.8        -5.55249    -0.58470    -0.61149    -4.35630
     3814.0        -5.40379    -0.58178    -0.60986    -4.21215
     5259.5        -5.26170    -0.57901    -0.60828    -4.07441
     7252.9        -5.12582    -0.57634    -0.60676    -3.94272
     10002.        -4.99623    -0.57381    -0.60528    -3.81713
     13793.        -4.87241    -0.57140    -0.60387    -3.69714
     19020.        -4.75412    -0.56910    -0.60251    -3.58251
     26229.        -4.64140    -0.56690    -0.60120    -3.47330
     36170.        -4.53389    -0.56479    -0.59994    -3.36917
     49878.        -4.43144    -0.56277    -0.59873    -3.26995
     68782.        -4.33368    -0.56085    -0.59756    -3.17527
     94851.        -4.24060    -0.55901    -0.59644    -3.08515
    0.13080E+06    -4.15201    -0.55725    -0.59539    -2.99937
    0.18038E+06    -4.06775    -0.55558    -0.59436    -2.91781
    0.24874E+06    -3.98764    -0.55399    -0.59339    -2.84027
    0.34301E+06    -3.91152    -0.55247    -0.59246    -2.76659
    0.47302E+06    -3.83913    -0.55104    -0.59157    -2.69652
    0.65229E+06    -3.77043    -0.54967    -0.59073    -2.63002
    0.89952E+06    -3.70509    -0.54838    -0.58993    -2.56678
    0.12404E+07    -3.64308    -0.54715    -0.58916    -2.50677
    0.17106E+07    -3.58407    -0.54596    -0.58844    -2.44967
    0.23589E+07    -3.52814    -0.54485    -0.58775    -2.39553
    0.32529E+07    -3.47492    -0.54378    -0.58709    -2.34405
    0.44858E+07    -3.42440    -0.54277    -0.58647    -2.29517
    0.61860E+07    -3.37637    -0.54181    -0.58587    -2.24869
    0.85305E+07    -3.33088    -0.54091    -0.58531    -2.20466
    0.11764E+08    -3.28763    -0.54005    -0.58477    -2.16280
    0.16222E+08    -3.24649    -0.53923    -0.58426    -2.12300
    0.22370E+08    -3.20745    -0.53845    -0.58377    -2.08523
    0.30849E+08    -3.17053    -0.53769    -0.58331    -2.04952
    0.42541E+08    -3.13564    -0.53699    -0.58288    -2.01577
    0.58664E+08    -3.10284    -0.53632    -0.58247    -1.98405
    0.80898E+08    -3.07212    -0.53568    -0.58208    -1.95435
    0.11156E+09    -3.04335    -0.53508    -0.58173    -1.92654
    0.15384E+09    -3.01645    -0.53451    -0.58139    -1.90054
    0.21215E+09    -2.99123    -0.53399    -0.58107    -1.87617
    0.29255E+09    -2.96757    -0.53350    -0.58078    -1.85330
    0.40343E+09    -2.94533    -0.53303    -0.58049    -1.83180
    0.55633E+09    -2.92450    -0.53260    -0.58023    -1.81167
    0.76719E+09    -2.90554    -0.53220    -0.57999    -1.79336
    0.10580E+10    -2.88818    -0.53181    -0.57976    -1.77661
    0.14589E+10    -2.87225    -0.53145    -0.57956    -1.76123
    0.20119E+10    -2.85757    -0.53113    -0.57937    -1.74708
    0.27744E+10    -2.84399    -0.53083    -0.57919    -1.73397
    0.38259E+10    -2.83149    -0.53056    -0.57903    -1.72190
    0.52760E+10    -2.81998    -0.53031    -0.57888    -1.71079
    0.72756E+10    -2.80933    -0.53008    -0.57874    -1.70051
    0.10033E+11    -2.79950    -0.52986    -0.57861    -1.69102
    0.13836E+11    -2.79044    -0.52967    -0.57849    -1.68228
    0.19079E+11    -2.78207    -0.52949    -0.57838    -1.67421
    0.26311E+11    -2.77430    -0.52932    -0.57827    -1.66671
    0.36283E+11    -2.76716    -0.52916    -0.57818    -1.65982
    0.50034E+11    -2.76057    -0.52902    -0.57809    -1.65346
    0.68997E+11    -2.75448    -0.52889    -0.57800    -1.64758
    0.10000E+12    -2.68126    -0.52732    -0.57699    -1.57695
