    -99.945         0.00000     0.00000     0.00000     0.00000
    -99.795         0.00000     0.00000     0.00000     0.00000
    -99.645         0.00000     0.00000     0.00000     0.00000
    -99.495         0.00000     0.00000     0.00000     0.00000
    -99.345         0.00000     0.00000     0.00000     0.00000
    -99.195         0.00000     0.00000     0.00000     0.00000
    -99.045         0.00000     0.00000     0.00000     0.00000
    -98.895         0.00000     0.00000     0.00000     0.00000
    -98.745         0.00000     0.00000     0.00000     0.00000
    -98.595         0.00000     0.00000     0.00000     0.00000
    -98.445         0.00000     0.00000     0.00000     0.00000
    -98.295         0.00000     0.00000     0.00000     0.00000
    -98.145         0.00000     0.00000     0.00000     0.00000
    -97.995         0.00000     0.00000     0.00000     0.00000
    -97.845         0.00000     0.00000     0.00000     0.00000
    -97.695         0.00000     0.00000     0.00000     0.00000
    -97.545         0.00000     0.00000     0.00000     0.00000
    -97.395         0.00000     0.00000     0.00000     0.00000
    -97.245         0.00000     0.00000     0.00000     0.00000
    -97.095         0.00000     0.00000     0.00000     0.00000
    -96.945         0.00000     0.00000     0.00000     0.00000
    -96.795         0.00000     0.00000     0.00000     0.00000
    -96.645         0.00000     0.00000     0.00000     0.00000
    -96.495         0.00000     0.00000     0.00000     0.00000
    -96.345         0.00000     0.00000     0.00000     0.00000
    -96.195         0.00000     0.00000     0.00000     0.00000
    -96.045         0.00000     0.00000     0.00000     0.00000
    -95.895         0.00000     0.00000     0.00000     0.00000
    -95.745         0.00000     0.00000     0.00000     0.00000
    -95.595         0.00000     0.00000     0.00000     0.00000
    -95.445         0.00000     0.00000     0.00000     0.00000
    -95.295         0.00000     0.00000     0.00000     0.00000
    -95.145         0.00000     0.00000     0.00000     0.00000
    -94.995         0.00000     0.00000     0.00000     0.00000
    -94.845         0.00000     0.00000     0.00000     0.00000
    -94.695         0.00000     0.00000     0.00000     0.00000
    -94.545         0.00000     0.00000     0.00000     0.00000
    -94.395         0.00000     0.00000     0.00000     0.00000
    -94.245         0.00000     0.00000     0.00000     0.00000
    -94.095         0.00000     0.00000     0.00000     0.00000
    -93.945         0.00000     0.00000     0.00000     0.00000
    -93.795         0.00000     0.00000     0.00000     0.00000
    -93.645         0.00000     0.00000     0.00000     0.00000
    -93.495         0.00000     0.00000     0.00000     0.00000
    -93.345         0.00000     0.00000     0.00000     0.00000
    -93.195         0.00000     0.00000     0.00000     0.00000
    -93.045         0.00000     0.00000     0.00000     0.00000
    -92.895         0.00000     0.00000     0.00000     0.00000
    -92.745         0.00000     0.00000     0.00000     0.00000
    -92.595         0.00000     0.00000     0.00000     0.00000
    -92.445         0.00000     0.00000     0.00000     0.00000
    -92.295         0.00000     0.00000     0.00000     0.00000
    -92.145         0.00000     0.00000     0.00000     0.00000
    -91.995         0.00000     0.00000     0.00000     0.00000
    -91.845         0.00000     0.00000     0.00000     0.00000
    -91.695         0.00000     0.00000     0.00000     0.00000
    -91.545         0.00000     0.00000     0.00000     0.00000
    -91.395         0.00000     0.00000     0.00000     0.00000
    -91.245         0.00000     0.00000     0.00000     0.00000
    -91.095         0.00000     0.00000     0.00000     0.00000
    -90.945         0.00000     0.00000     0.00000     0.00000
    -90.795         0.00000     0.00000     0.00000     0.00000
    -90.645         0.00000     0.00000     0.00000     0.00000
    -90.495         0.00000     0.00000     0.00000     0.00000
    -90.345         0.00000     0.00000     0.00000     0.00000
    -90.195         0.00000     0.00000     0.00000     0.00000
    -90.045         0.00000     0.00000     0.00000     0.00000
    -89.895         0.00000     0.00000     0.00000     0.00000
    -89.745         0.00000     0.00000     0.00000     0.00000
    -89.595         0.00000     0.00000     0.00000     0.00000
    -89.445         0.00000     0.00000     0.00000     0.00000
    -89.295         0.00000     0.00000     0.00000     0.00000
    -89.145         0.00000     0.00000     0.00000     0.00000
    -88.995         0.00000     0.00000     0.00000     0.00000
    -88.845         0.00000     0.00000     0.00000     0.00000
    -88.695         0.00000     0.00000     0.00000     0.00000
    -88.545         0.00000     0.00000     0.00000     0.00000
    -88.395         0.00000     0.00000     0.00000     0.00000
    -88.245         0.00000     0.00000     0.00000     0.00000
    -88.095         0.00000     0.00000     0.00000     0.00000
    -87.945         0.00000     0.00000     0.00000     0.00000
    -87.795         0.00000     0.00000     0.00000     0.00000
    -87.645         0.00000     0.00000     0.00000     0.00000
    -87.495         0.00000     0.00000     0.00000     0.00000
    -87.345         0.00000     0.00000     0.00000     0.00000
    -87.195         0.00000     0.00000     0.00000     0.00000
    -87.045         0.00000     0.00000     0.00000     0.00000
    -86.895         0.00000     0.00000     0.00000     0.00000
    -86.745         0.00000     0.00000     0.00000     0.00000
    -86.595         0.00000     0.00000     0.00000     0.00000
    -86.445         0.00000     0.00000     0.00000     0.00000
    -86.295         0.00000     0.00000     0.00000     0.00000
    -86.145         0.00000     0.00000     0.00000     0.00000
    -85.995         0.00000     0.00000     0.00000     0.00000
    -85.845         0.00000     0.00000     0.00000     0.00000
    -85.695         0.00000     0.00000     0.00000     0.00000
    -85.545         0.00000     0.00000     0.00000     0.00000
    -85.395         0.00000     0.00000     0.00000     0.00000
    -85.245         0.00000     0.00000     0.00000     0.00000
    -85.095         0.00000     0.00000     0.00000     0.00000
    -84.945         0.00000     0.00000     0.00000     0.00000
    -84.795         0.00000     0.00000     0.00000     0.00000
    -84.645         0.00000     0.00000     0.00000     0.00000
    -84.495         0.00000     0.00000     0.00000     0.00000
    -84.345         0.00000     0.00000     0.00000     0.00000
    -84.195         0.00000     0.00000     0.00000     0.00000
    -84.045         0.00000     0.00000     0.00000     0.00000
    -83.895         0.00000     0.00000     0.00000     0.00000
    -83.745         0.00000     0.00000     0.00000     0.00000
    -83.595         0.00000     0.00000     0.00000     0.00000
    -83.445         0.00000     0.00000     0.00000     0.00000
    -83.295         0.00000     0.00000     0.00000     0.00000
    -83.145         0.00000     0.00000     0.00000     0.00000
    -82.995         0.00000     0.00000     0.00000     0.00000
    -82.845         0.00000     0.00000     0.00000     0.00000
    -82.695         0.00000     0.00000     0.00000     0.00000
    -82.545         0.00000     0.00000     0.00000     0.00000
    -82.395         0.00000     0.00000     0.00000     0.00000
    -82.245         0.00000     0.00000     0.00000     0.00000
    -82.095         0.00000     0.00000     0.00000     0.00000
    -81.945         0.00000     0.00000     0.00000     0.00000
    -81.795         0.00000     0.00000     0.00000     0.00000
    -81.645         0.00000     0.00000     0.00000     0.00000
    -81.495         0.00000     0.00000     0.00000     0.00000
    -81.345         0.00000     0.00000     0.00000     0.00000
    -81.195         0.00000     0.00000     0.00000     0.00000
    -81.045         0.00000     0.00000     0.00000     0.00000
    -80.895         0.00000     0.00000     0.00000     0.00000
    -80.745         0.00000     0.00000     0.00000     0.00000
    -80.595         0.00000     0.00000     0.00000     0.00000
    -80.445         0.00000     0.00000     0.00000     0.00000
    -80.295         0.00000     0.00000     0.00000     0.00000
    -80.145         0.00000     0.00000     0.00000     0.00000
    -79.995         0.00000     0.00000     0.00000     0.00000
    -79.845         0.00000     0.00000     0.00000     0.00000
    -79.695         0.00000     0.00000     0.00000     0.00000
    -79.545         0.00000     0.00000     0.00000     0.00000
    -79.395         0.00000     0.00000     0.00000     0.00000
    -79.245         0.00000     0.00000     0.00000     0.00000
    -79.095         0.00000     0.00000     0.00000     0.00000
    -78.945         0.00000     0.00000     0.00000     0.00000
    -78.795         0.00000     0.00000     0.00000     0.00000
    -78.645         0.00000     0.00000     0.00000     0.00000
    -78.495         0.00000     0.00000     0.00000     0.00000
    -78.345         0.00000     0.00000     0.00000     0.00000
    -78.195         0.00000     0.00000     0.00000     0.00000
    -78.045         0.00000     0.00000     0.00000     0.00000
    -77.895         0.00000     0.00000     0.00000     0.00000
    -77.745         0.00000     0.00000     0.00000     0.00000
    -77.595         0.00000     0.00000     0.00000     0.00000
    -77.445         0.00000     0.00000     0.00000     0.00000
    -77.295         0.00000     0.00000     0.00000     0.00000
    -77.145         0.00000     0.00000     0.00000     0.00000
    -76.995         0.00000     0.00000     0.00000     0.00000
    -76.845         0.00000     0.00000     0.00000     0.00000
    -76.695         0.00000     0.00000     0.00000     0.00000
    -76.545         0.00000     0.00000     0.00000     0.00000
    -76.395         0.00000     0.00000     0.00000     0.00000
    -76.245         0.00000     0.00000     0.00000     0.00000
    -76.095         0.00000     0.00000     0.00000     0.00000
    -75.945         0.00000     0.00000     0.00000     0.00000
    -75.795         0.00000     0.00000     0.00000     0.00000
    -75.645         0.00000     0.00000     0.00000     0.00000
    -75.495         0.00000     0.00000     0.00000     0.00000
    -75.345         0.00000     0.00000     0.00000     0.00000
    -75.195         0.00000     0.00000     0.00000     0.00000
    -75.045         0.00000     0.00000     0.00000     0.00000
    -74.895         0.00000     0.00000     0.00000     0.00000
    -74.745         0.00000     0.00000     0.00000     0.00000
    -74.595         0.00000     0.00000     0.00000     0.00000
    -74.445         0.00000     0.00000     0.00000     0.00000
    -74.295         0.00000     0.00000     0.00000     0.00000
    -74.145         0.00000     0.00000     0.00000     0.00000
    -73.995         0.00000     0.00000     0.00000     0.00000
    -73.845         0.00000     0.00000     0.00000     0.00000
    -73.695         0.00000     0.00000     0.00000     0.00000
    -73.545         0.00000     0.00000     0.00000     0.00000
    -73.395         0.00000     0.00000     0.00000     0.00000
    -73.245         0.00000     0.00000     0.00000     0.00000
    -73.095         0.00000     0.00000     0.00000     0.00000
    -72.945         0.00000     0.00000     0.00000     0.00000
    -72.795         0.00000     0.00000     0.00000     0.00000
    -72.645         0.00000     0.00000     0.00000     0.00000
    -72.495         0.00000     0.00000     0.00000     0.00000
    -72.345         0.00000     0.00000     0.00000     0.00000
    -72.195         0.00000     0.00000     0.00000     0.00000
    -72.045         0.00000     0.00000     0.00000     0.00000
    -71.895         0.00000     0.00000     0.00000     0.00000
    -71.745         0.00000     0.00000     0.00000     0.00000
    -71.595         0.00000     0.00000     0.00000     0.00000
    -71.445         0.00000     0.00000     0.00000     0.00000
    -71.295         0.00000     0.00000     0.00000     0.00000
    -71.145         0.00000     0.00000     0.00000     0.00000
    -70.995         0.00000     0.00000     0.00000     0.00000
    -70.845         0.00000     0.00000     0.00000     0.00000
    -70.695         0.00000     0.00000     0.00000     0.00000
    -70.545         0.00000     0.00000     0.00000     0.00000
    -70.395         0.00000     0.00000     0.00000     0.00000
    -70.245         0.00000     0.00000     0.00000     0.00000
    -70.095         0.00000     0.00000     0.00000     0.00000
    -69.945         0.00000     0.00000     0.00000     0.00000
    -69.795         0.00000     0.00000     0.00000     0.00000
    -69.645         0.00000     0.00000     0.00000     0.00000
    -69.495         0.00000     0.00000     0.00000     0.00000
    -69.345         0.00000     0.00000     0.00000     0.00000
    -69.195         0.00000     0.00000     0.00000     0.00000
    -69.045         0.00000     0.00000     0.00000     0.00000
    -68.895         0.00000     0.00000     0.00000     0.00000
    -68.745         0.00000     0.00000     0.00000     0.00000
    -68.595         0.00000     0.00000     0.00000     0.00000
    -68.445         0.00000     0.00000     0.00000     0.00000
    -68.295         0.00000     0.00000     0.00000     0.00000
    -68.145         0.00000     0.00000     0.00000     0.00000
    -67.995         0.00000     0.00000     0.00000     0.00000
    -67.845         0.00000     0.00000     0.00000     0.00000
    -67.695         0.00000     0.00000     0.00000     0.00000
    -67.545         0.00000     0.00000     0.00000     0.00000
    -67.395         0.00000     0.00000     0.00000     0.00000
    -67.245         0.00000     0.00000     0.00000     0.00000
    -67.095         0.00000     0.00000     0.00000     0.00000
    -66.945         0.00000     0.00000     0.00000     0.00000
    -66.795         0.00000     0.00000     0.00000     0.00000
    -66.645         0.00000     0.00000     0.00000     0.00000
    -66.495         0.00000     0.00000     0.00000     0.00000
    -66.345         0.00000     0.00000     0.00000     0.00000
    -66.195         0.00000     0.00000     0.00000     0.00000
    -66.045         0.00000     0.00000     0.00000     0.00000
    -65.895         0.00000     0.00000     0.00000     0.00000
    -65.745         0.00000     0.00000     0.00000     0.00000
    -65.595         0.00000     0.00000     0.00000     0.00000
    -65.445         0.00000     0.00000     0.00000     0.00000
    -65.295         0.00000     0.00000     0.00000     0.00000
    -65.145         0.00000     0.00000     0.00000     0.00000
    -64.995         0.00000     0.00000     0.00000     0.00000
    -64.845         0.00000     0.00000     0.00000     0.00000
    -64.695         0.00000     0.00000     0.00000     0.00000
    -64.545         0.00000     0.00000     0.00000     0.00000
    -64.395         0.00000     0.00000     0.00000     0.00000
    -64.245         0.00000     0.00000     0.00000     0.00000
    -64.095         0.00000     0.00000     0.00000     0.00000
    -63.945         0.00000     0.00000     0.00000     0.00000
    -63.795         0.00000     0.00000     0.00000     0.00000
    -63.645         0.00000     0.00000     0.00000     0.00000
    -63.495         0.00000     0.00000     0.00000     0.00000
    -63.345         0.00000     0.00000     0.00000     0.00000
    -63.195         0.00000     0.00000     0.00000     0.00000
    -63.045         0.00000     0.00000     0.00000     0.00000
    -62.895         0.00000     0.00000     0.00000     0.00000
    -62.745         0.00000     0.00000     0.00000     0.00000
    -62.595         0.00000     0.00000     0.00000     0.00000
    -62.445         0.00000     0.00000     0.00000     0.00000
    -62.295         0.00000     0.00000     0.00000     0.00000
    -62.145         0.00000     0.00000     0.00000     0.00000
    -61.995         0.00000     0.00000     0.00000     0.00000
    -61.845         0.00000     0.00000     0.00000     0.00000
    -61.695         0.00000     0.00000     0.00000     0.00000
    -61.545         0.00000     0.00000     0.00000     0.00000
    -61.395         0.00000     0.00000     0.00000     0.00000
    -61.245         0.00000     0.00000     0.00000     0.00000
    -61.095         0.00000     0.00000     0.00000     0.00000
    -60.945         0.00000     0.00000     0.00000     0.00000
    -60.795         0.00000     0.00000     0.00000     0.00000
    -60.645         0.00000     0.00000     0.00000     0.00000
    -60.495         0.00000     0.00000     0.00000     0.00000
    -60.345         0.00000     0.00000     0.00000     0.00000
    -60.195         0.00000     0.00000     0.00000     0.00000
    -60.045         0.00000     0.00000     0.00000     0.00000
    -59.895         0.00000     0.00000     0.00000     0.00000
    -59.745         0.00000     0.00000     0.00000     0.00000
    -59.595         0.00000     0.00000     0.00000     0.00000
    -59.445         0.00000     0.00000     0.00000     0.00000
    -59.295         0.00000     0.00000     0.00000     0.00000
    -59.145         0.00000     0.00000     0.00000     0.00000
    -58.995         0.00000     0.00000     0.00000     0.00000
    -58.845         0.00000     0.00000     0.00000     0.00000
    -58.695         0.00000     0.00000     0.00000     0.00000
    -58.545         0.00000     0.00000     0.00000     0.00000
    -58.395         0.00000     0.00000     0.00000     0.00000
    -58.245         0.00000     0.00000     0.00000     0.00000
    -58.095         0.00000     0.00000     0.00000     0.00000
    -57.945         0.00000     0.00000     0.00000     0.00000
    -57.795         0.00000     0.00000     0.00000     0.00000
    -57.645         0.00000     0.00000     0.00000     0.00000
    -57.495         0.00000     0.00000     0.00000     0.00000
    -57.345         0.00000     0.00000     0.00000     0.00000
    -57.195         0.00000     0.00000     0.00000     0.00000
    -57.045         0.00000     0.00000     0.00000     0.00000
    -56.895         0.00000     0.00000     0.00000     0.00000
    -56.745         0.00000     0.00000     0.00000     0.00000
    -56.595         0.00000     0.00000     0.00000     0.00000
    -56.445         0.00000     0.00000     0.00000     0.00000
    -56.295         0.00000     0.00000     0.00000     0.00000
    -56.145         0.00000     0.00000     0.00000     0.00000
    -55.995         0.00000     0.00000     0.00000     0.00000
    -55.845         0.00000     0.00000     0.00000     0.00000
    -55.695         0.00000     0.00000     0.00000     0.00000
    -55.545         0.00000     0.00000     0.00000     0.00000
    -55.395         0.00000     0.00000     0.00000     0.00000
    -55.245         0.00000     0.00000     0.00000     0.00000
    -55.095         0.00000     0.00000     0.00000     0.00000
    -54.945         0.00000     0.00000     0.00000     0.00000
    -54.795         0.00000     0.00000     0.00000     0.00000
    -54.645         0.00000     0.00000     0.00000     0.00000
    -54.495         0.00000     0.00000     0.00000     0.00000
    -54.345         0.00000     0.00000     0.00000     0.00000
    -54.195         0.00000     0.00000     0.00000     0.00000
    -54.045         0.00000     0.00000     0.00000     0.00000
    -53.895         0.00000     0.00000     0.00000     0.00000
    -53.745         0.00000     0.00000     0.00000     0.00000
    -53.595         0.00000     0.00000     0.00000     0.00000
    -53.445         0.00000     0.00000     0.00000     0.00000
    -53.295         0.00000     0.00000     0.00000     0.00000
    -53.145         0.00000     0.00000     0.00000     0.00000
    -52.995         0.00000     0.00000     0.00000     0.00000
    -52.845         0.00000     0.00000     0.00000     0.00000
    -52.695         0.00000     0.00000     0.00000     0.00000
    -52.545         0.00000     0.00000     0.00000     0.00000
    -52.395         0.00000     0.00000     0.00000     0.00000
    -52.245         0.00000     0.00000     0.00000     0.00000
    -52.095         0.00000     0.00000     0.00000     0.00000
    -51.945         0.00000     0.00000     0.00000     0.00000
    -51.795         0.00000     0.00000     0.00000     0.00000
    -51.645         0.00000     0.00000     0.00000     0.00000
    -51.495         0.00000     0.00000     0.00000     0.00000
    -51.345         0.00000     0.00000     0.00000     0.00000
    -51.195         0.00000     0.00000     0.00000     0.00000
    -51.045         0.00000     0.00000     0.00000     0.00000
    -50.895         0.00000     0.00000     0.00000     0.00000
    -50.745         0.00000     0.00000     0.00000     0.00000
    -50.595         0.00000     0.00000     0.00000     0.00000
    -50.445         0.00000     0.00000     0.00000     0.00000
    -50.295         0.00000     0.00000     0.00000     0.00000
    -50.145         0.00000     0.00000     0.00000     0.00000
    -49.995         0.00000     0.00000     0.00000     0.00000
    -49.845         0.00000     0.00000     0.00000     0.00000
    -49.695         0.00000     0.00000     0.00000     0.00000
    -49.545         0.00000     0.00000     0.00000     0.00000
    -49.395         0.00000     0.00000     0.00000     0.00000
    -49.245         0.00000     0.00000     0.00000     0.00000
    -49.095         0.00000     0.00000     0.00000     0.00000
    -48.945         0.00000     0.00000     0.00000     0.00000
    -48.795         0.00000     0.00000     0.00000     0.00000
    -48.645         0.00000     0.00000     0.00000     0.00000
    -48.495         0.00000     0.00000     0.00000     0.00000
    -48.345         0.00000     0.00000     0.00000     0.00000
    -48.195         0.00000     0.00000     0.00000     0.00000
    -48.045         0.00000     0.00000     0.00000     0.00000
    -47.895         0.00000     0.00000     0.00000     0.00000
    -47.745         0.00000     0.00000     0.00000     0.00000
    -47.595         0.00000     0.00000     0.00000     0.00000
    -47.445         0.00000     0.00000     0.00000     0.00000
    -47.295         0.00000     0.00000     0.00000     0.00000
    -47.145         0.00000     0.00000     0.00000     0.00000
    -46.995         0.00000     0.00000     0.00000     0.00000
    -46.845         0.00000     0.00000     0.00000     0.00000
    -46.695         0.00000     0.00000     0.00000     0.00000
    -46.545         0.00000     0.00000     0.00000     0.00000
    -46.395         0.00000     0.00000     0.00000     0.00000
    -46.245         0.00000     0.00000     0.00000     0.00000
    -46.095         0.00000     0.00000     0.00000     0.00000
    -45.945         0.00000     0.00000     0.00000     0.00000
    -45.795         0.00000     0.00000     0.00000     0.00000
    -45.645         0.00000     0.00000     0.00000     0.00000
    -45.495         0.00000     0.00000     0.00000     0.00000
    -45.345         0.00000     0.00000     0.00000     0.00000
    -45.195         0.00000     0.00000     0.00000     0.00000
    -45.045         0.00000     0.00000     0.00000     0.00000
    -44.895         0.00000     0.00000     0.00000     0.00000
    -44.745         0.00000     0.00000     0.00000     0.00000
    -44.595         0.00000     0.00000     0.00000     0.00000
    -44.445         0.00000     0.00000     0.00000     0.00000
    -44.295         0.00000     0.00000     0.00000     0.00000
    -44.145         0.00000     0.00000     0.00000     0.00000
    -43.995         0.00000     0.00000     0.00000     0.00000
    -43.845         0.00000     0.00000     0.00000     0.00000
    -43.695         0.00000     0.00000     0.00000     0.00000
    -43.545         0.00000     0.00000     0.00000     0.00000
    -43.395         0.00000     0.00000     0.00000     0.00000
    -43.245         0.00000     0.00000     0.00000     0.00000
    -43.095         0.00000     0.00000     0.00000     0.00000
    -42.945         0.00000     0.00000     0.00000     0.00000
    -42.795         0.00000     0.00000     0.00000     0.00000
    -42.645         0.00000     0.00000     0.00000     0.00000
    -42.495         0.00000     0.00000     0.00000     0.00000
    -42.345         0.00000     0.00000     0.00000     0.00000
    -42.195         0.00000     0.00000     0.00000     0.00000
    -42.045         0.00000     0.00000     0.00000     0.00000
    -41.895         0.00000     0.00000     0.00000     0.00000
    -41.745         0.00000     0.00000     0.00000     0.00000
    -41.595         0.00000     0.00000     0.00000     0.00000
    -41.445         0.00000     0.00000     0.00000     0.00000
    -41.295         0.00000     0.00000     0.00000     0.00000
    -41.145         0.00000     0.00000     0.00000     0.00000
    -40.995         0.00000     0.00000     0.00000     0.00000
    -40.845         0.00000     0.00000     0.00000     0.00000
    -40.695         0.00000     0.00000     0.00000     0.00000
    -40.545         0.00000     0.00000     0.00000     0.00000
    -40.395         0.00000     0.00000     0.00000     0.00000
    -40.245         0.00000     0.00000     0.00000     0.00000
    -40.095         0.00000     0.00000     0.00000     0.00000
    -39.945         0.00000     0.00000     0.00000     0.00000
    -39.795         0.00000     0.00000     0.00000     0.00000
    -39.645         0.00000     0.00000     0.00000     0.00000
    -39.495         0.00000     0.00000     0.00000     0.00000
    -39.345         0.00000     0.00000     0.00000     0.00000
    -39.195         0.00000     0.00000     0.00000     0.00000
    -39.045         0.00000     0.00000     0.00000     0.00000
    -38.895         0.00000     0.00000     0.00000     0.00000
    -38.745         0.00000     0.00000     0.00000     0.00000
    -38.595         0.00000     0.00000     0.00000     0.00000
    -38.445         0.00000     0.00000     0.00000     0.00000
    -38.295         0.00000     0.00000     0.00000     0.00000
    -38.145         0.00000     0.00000     0.00000     0.00000
    -37.995         0.00000     0.00000     0.00000     0.00000
    -37.845         0.00000     0.00000     0.00000     0.00000
    -37.695         0.00000     0.00000     0.00000     0.00000
    -37.545         0.00000     0.00000     0.00000     0.00000
    -37.395         0.00000     0.00000     0.00000     0.00000
    -37.245         0.00000     0.00000     0.00000     0.00000
    -37.095         0.00000     0.00000     0.00000     0.00000
    -36.945         0.00000     0.00000     0.00000     0.00000
    -36.795         0.00000     0.00000     0.00000     0.00000
    -36.645         0.00000     0.00000     0.00000     0.00000
    -36.495         0.00000     0.00000     0.00000     0.00000
    -36.345         0.00000     0.00000     0.00000     0.00000
    -36.195         0.00000     0.00000     0.00000     0.00000
    -36.045         0.00000     0.00000     0.00000     0.00000
    -35.895         0.00000     0.00000     0.00000     0.00000
    -35.745         0.00000     0.00000     0.00000     0.00000
    -35.595         0.00000     0.00000     0.00000     0.00000
    -35.445         0.00000     0.00000     0.00000     0.00000
    -35.295         0.00000     0.00000     0.00000     0.00000
    -35.145         0.00000     0.00000     0.00000     0.00000
    -34.995         0.00000     0.00000     0.00000     0.00000
    -34.845         0.00000     0.00000     0.00000     0.00000
    -34.695         0.00000     0.00000     0.00000     0.00000
    -34.545         0.00000     0.00000     0.00000     0.00000
    -34.395         0.00000     0.00000     0.00000     0.00000
    -34.245         0.00000     0.00000     0.00000     0.00000
    -34.095         0.00000     0.00000     0.00000     0.00000
    -33.945         0.00000     0.00000     0.00000     0.00000
    -33.795         0.00000     0.00000     0.00000     0.00000
    -33.645         0.00000     0.00000     0.00000     0.00000
    -33.495         0.00000     0.00000     0.00000     0.00000
    -33.345         0.00000     0.00000     0.00000     0.00000
    -33.195         0.00000     0.00000     0.00000     0.00000
    -33.045         0.00000     0.00000     0.00000     0.00000
    -32.895         0.00000     0.00000     0.00000     0.00000
    -32.745         0.00000     0.00000     0.00000     0.00000
    -32.595         0.00000     0.00000     0.00000     0.00000
    -32.445         0.00000     0.00000     0.00000     0.00000
    -32.295         0.00000     0.00000     0.00000     0.00000
    -32.145         0.00000     0.00000     0.00000     0.00000
    -31.995         0.00000     0.00000     0.00000     0.00000
    -31.845         0.00000     0.00000     0.00000     0.00000
    -31.695         0.00000     0.00000     0.00000     0.00000
    -31.545         0.00000     0.00000     0.00000     0.00000
    -31.395         0.00000     0.00000     0.00000     0.00000
    -31.245         0.00000     0.00000     0.00000     0.00000
    -31.095         0.00000     0.00000     0.00000     0.00000
    -30.945         0.00000     0.00000     0.00000     0.00000
    -30.795         0.00000     0.00000     0.00000     0.00000
    -30.645         0.00000     0.00000     0.00000     0.00000
    -30.495         0.00000     0.00000     0.00000     0.00000
    -30.345         0.00000     0.00000     0.00000     0.00000
    -30.195         0.00000     0.00000     0.00000     0.00000
    -30.045         0.00000     0.00000     0.00000     0.00000
    -29.895         0.00000     0.00000     0.00000     0.00000
    -29.745         0.00000     0.00000     0.00000     0.00000
    -29.595         0.00000     0.00000     0.00000     0.00000
    -29.445         0.00000     0.00000     0.00000     0.00000
    -29.295         0.00000     0.00000     0.00000     0.00000
    -29.145         0.00000     0.00000     0.00000     0.00000
    -28.995         0.00000     0.00000     0.00000     0.00000
    -28.845         0.00000     0.00000     0.00000     0.00000
    -28.695         0.00000     0.00000     0.00000     0.00000
    -28.545         0.00000     0.00000     0.00000     0.00000
    -28.395         0.00000     0.00000     0.00000     0.00000
    -28.245         0.00000     0.00000     0.00000     0.00000
    -28.095         0.00000     0.00000     0.00000     0.00000
    -27.945         0.00000     0.00000     0.00000     0.00000
    -27.795         0.00000     0.00000     0.00000     0.00000
    -27.645         0.00000     0.00000     0.00000     0.00000
    -27.495         0.00000     0.00000     0.00000     0.00000
    -27.345         0.00000     0.00000     0.00000     0.00000
    -27.195         0.00000     0.00000     0.00000     0.00000
    -27.045         0.00000     0.00000     0.00000     0.00000
    -26.895         0.00000     0.00000     0.00000     0.00000
    -26.745         0.00000     0.00000     0.00000     0.00000
    -26.595         0.00000     0.00000     0.00000     0.00000
    -26.445         0.00000     0.00000     0.00000     0.00000
    -26.295         0.00000     0.00000     0.00000     0.00000
    -26.145         0.00000     0.00000     0.00000     0.00000
    -25.995         0.00000     0.00000     0.00000     0.00000
    -25.845         0.00000     0.00000     0.00000     0.00000
    -25.695         0.00000     0.00000     0.00000     0.00000
    -25.545         0.00000     0.00000     0.00000     0.00000
    -25.395         0.00000     0.00000     0.00000     0.00000
    -25.245         0.00000     0.00000     0.00000     0.00000
    -25.095         0.00000     0.00000     0.00000     0.00000
    -24.945         0.00000     0.00000     0.00000     0.00000
    -24.795         0.00000     0.00000     0.00000     0.00000
    -24.645         0.00000     0.00000     0.00000     0.00000
    -24.495         0.00000     0.00000     0.00000     0.00000
    -24.345         0.00000     0.00000     0.00000     0.00000
    -24.195         0.00000     0.00000     0.00000     0.00000
    -24.045         0.00000     0.00000     0.00000     0.00000
    -23.895         0.00000     0.00000     0.00000     0.00000
    -23.745         0.00000     0.00000     0.00000     0.00000
    -23.595         0.00000     0.00000     0.00000     0.00000
    -23.445         0.00000     0.00000     0.00000     0.00000
    -23.295         0.00000     0.00000     0.00000     0.00000
    -23.145         0.00000     0.00000     0.00000     0.00000
    -22.995         0.00000     0.00000     0.00000     0.00000
    -22.845         0.00000     0.00000     0.00000     0.00000
    -22.695         0.00000     0.00000     0.00000     0.00000
    -22.545         0.00000     0.00000     0.00000     0.00000
    -22.395         0.00000     0.00000     0.00000     0.00000
    -22.245         0.00000     0.00000     0.00000     0.00000
    -22.095         0.00000     0.00000     0.00000     0.00000
    -21.945         0.00000     0.00000     0.00000     0.00000
    -21.795         0.00000     0.00000     0.00000     0.00000
    -21.645         0.00000     0.00000     0.00000     0.00000
    -21.495         0.00000     0.00000     0.00000     0.00000
    -21.345         0.00000     0.00000     0.00000     0.00000
    -21.195         0.00000     0.00000     0.00000     0.00000
    -21.045         0.00000     0.00000     0.00000     0.00000
    -20.895         0.00000     0.00000     0.00000     0.00000
    -20.745         0.00000     0.00000     0.00000     0.00000
    -20.595         0.00000     0.00000     0.00000     0.00000
    -20.445         0.00000     0.00000     0.00000     0.00000
    -20.295         0.00000     0.00000     0.00000     0.00000
    -20.145         0.00000     0.00000     0.00000     0.00000
    -19.995         0.00000     0.00000     0.00000     0.00000
    -19.845         0.00000     0.00000     0.00000     0.00000
    -19.695         0.00000     0.00000     0.00000     0.00000
    -19.545         0.00000     0.00000     0.00000     0.00000
    -19.395         0.00000     0.00000     0.00000     0.00000
    -19.245         0.00000     0.00000     0.00000     0.00000
    -19.095         0.00000     0.00000     0.00000     0.00000
    -18.945         0.00000     0.00000     0.00000     0.00000
    -18.795         0.00000     0.00000     0.00000     0.00000
    -18.645         0.00000     0.00000     0.00000     0.00000
    -18.495         0.00000     0.00000     0.00000     0.00000
    -18.345         0.00000     0.00000     0.00000     0.00000
    -18.195         0.00000     0.00000     0.00000     0.00000
    -18.045         0.00000     0.00000     0.00000     0.00000
    -17.895         0.00000     0.00000     0.00000     0.00000
    -17.745         0.00000     0.00000     0.00000     0.00000
    -17.595         0.00000     0.00000     0.00000     0.00000
    -17.445         0.00000     0.00000     0.00000     0.00000
    -17.295         0.00000     0.00000     0.00000     0.00000
    -17.145         0.00000     0.00000     0.00000     0.00000
    -16.995         0.00000     0.00000     0.00000     0.00000
    -16.845         0.00000     0.00000     0.00000     0.00000
    -16.695         0.00000     0.00000     0.00000     0.00000
    -16.545         0.00000     0.00000     0.00000     0.00000
    -16.395         0.00000     0.00000     0.00000     0.00000
    -16.245         0.00000     0.00000     0.00000     0.00000
    -16.095         0.00000     0.00000     0.00000     0.00000
    -15.945         0.00000     0.00000     0.00000     0.00000
    -15.795         0.00000     0.00000     0.00000     0.00000
    -15.645         0.00000     0.00000     0.00000     0.00000
    -15.495         0.00000     0.00000     0.00000     0.00000
    -15.345         0.00000     0.00000     0.00000     0.00000
    -15.195         0.00000     0.00000     0.00000     0.00000
    -15.045         0.00000     0.00000     0.00000     0.00000
    -14.895         0.00000     0.00000     0.00000     0.00000
    -14.745         0.00000     0.00000     0.00000     0.00000
    -14.595         0.00000     0.00000     0.00000     0.00000
    -14.445         0.00000     0.00000     0.00000     0.00000
    -14.295         0.00000     0.00000     0.00000     0.00000
    -14.145         0.00000     0.00000     0.00000     0.00000
    -13.995         0.00000     0.00000     0.00000     0.00000
    -13.845         0.00000     0.00000     0.00000     0.00000
    -13.695         0.00000     0.00000     0.00000     0.00000
    -13.545         0.00000     0.00000     0.00000     0.00000
    -13.395         0.00000     0.00000     0.00000     0.00000
    -13.245         0.00000     0.00000     0.00000     0.00000
    -13.095         0.00000     0.00000     0.00000     0.00000
    -12.945         0.00000     0.00000     0.00000     0.00000
    -12.795         0.00000     0.00000     0.00000     0.00000
    -12.645         0.00000     0.00000     0.00000     0.00000
    -12.495         0.00000     0.00000     0.00000     0.00000
    -12.345         0.00000     0.00000     0.00000     0.00000
    -12.195         0.00000     0.00000     0.00000     0.00000
    -12.045         0.00000     0.00000     0.00000     0.00000
    -11.895         0.00000     0.00000     0.00000     0.00000
    -11.745         0.00000     0.00000     0.00000     0.00000
    -11.595         0.00000     0.00000     0.00000     0.00000
    -11.445         0.00000     0.00000     0.00000     0.00000
    -11.295         0.00000     0.00000     0.00000     0.00000
    -11.145         0.00000     0.00000     0.00000     0.00000
    -10.995         0.00000     0.00000     0.00000     0.00000
    -10.845         0.00000     0.00000     0.00000     0.00000
    -10.695         0.00000     0.00000     0.00000     0.00000
    -10.545         0.00000     0.00000     0.00000     0.00000
    -10.395         0.00000     0.00000     0.00000     0.00000
    -10.245         0.00000     0.00000     0.00000     0.00000
    -10.095         0.00000     0.00000     0.00000     0.00000
    -9.9450         0.00000     0.00000     0.00000     0.00000
    -9.7950         0.00000     0.00000     0.00000     0.00000
    -9.6450         0.00000     0.00000     0.00000     0.00000
    -9.4950         0.00000     0.00000     0.00000     0.00000
    -9.3450         0.00000     0.00000     0.00000     0.00000
    -9.1950         0.00000     0.00000     0.00000     0.00000
    -9.0450         0.00000     0.00000     0.00000     0.00000
    -8.8950         0.00000     0.00000     0.00000     0.00000
    -8.7450         0.00000     0.00000     0.00000     0.00000
    -8.5950         0.00000     0.00000     0.00000     0.00000
    -8.4450         0.00000     0.00000     0.00000     0.00000
    -8.2950         0.00000     0.00000     0.00000     0.00000
    -8.1450         0.00000     0.00000     0.00000     0.00000
    -7.9950         0.00000     0.00000     0.00000     0.00000
    -7.8450         0.00000     0.00000     0.00000     0.00000
    -7.6950         0.00000     0.00000     0.00000     0.00000
    -7.5450         0.00000     0.00000     0.00000     0.00000
    -7.3950         0.00000     0.00000     0.00000     0.00000
    -7.2450         0.00000     0.00000     0.00000     0.00000
    -7.0950         0.00000     0.00000     0.00000     0.00000
    -6.9450         0.00000     0.00000     0.00000     0.00000
    -6.7950         0.00000     0.00000     0.00000     0.00000
    -6.6450         0.00000     0.00000     0.00000     0.00000
    -6.4950         0.00000     0.00000     0.00000     0.00000
    -6.3450         0.00000     0.00000     0.00000     0.00000
    -6.1950         0.00000     0.00000     0.00000     0.00000
    -6.0450         0.00000     0.00000     0.00000     0.00000
    -5.8950         0.00000     0.00000     0.00000     0.00000
    -5.7450         0.00000     0.00000     0.00000     0.00000
    -5.5950         0.00000     0.00000     0.00000     0.00000
    -5.4450         0.00000     0.00000     0.00000     0.00000
    -5.2950         0.00000     0.00000     0.00000     0.00000
    -5.1450         0.00000     0.00000     0.00000     0.00000
    -4.9950         0.00000     0.00000     0.00000     0.00000
    -4.8450         0.00000     0.00000     0.00000     0.00000
    -4.6950         0.00000     0.00000     0.00000     0.00000
    -4.5450         0.00000     0.00000     0.00000     0.00000
    -4.3950         0.00000     0.00000     0.00000     0.00000
    -4.2450         0.00000     0.00000     0.00000     0.00000
    -4.0950         0.00000     0.00000     0.00000     0.00000
    -3.9450         0.00000     0.00000     0.00000     0.00000
    -3.7950         0.00000     0.00000     0.00000     0.00000
    -3.6450         0.00000     0.00000     0.00000     0.00000
    -3.4950         0.00000     0.00000     0.00000     0.00000
    -3.3450         0.00000     0.00000     0.00000     0.00000
    -3.1950         0.00000     0.00000     0.00000     0.00000
    -3.0450         0.00000     0.00000     0.00000     0.00000
    -2.8950         0.00000     0.00000     0.00000     0.00000
    -2.7450         0.00000     0.00000     0.00000     0.00000
    -2.5950         0.00000     0.00000     0.00000     0.00000
    -2.4450         0.00000     0.00000     0.00000     0.00000
    -2.2950         0.00000     0.00000     0.00000     0.00000
    -2.1450         0.00000     0.00000     0.00000     0.00000
    -1.9950         0.00000     0.00000     0.00000     0.00000
    -1.8450         0.00000     0.00000     0.00000     0.00000
    -1.6950         0.00000     0.00000     0.00000     0.00000
    -1.5450         0.00000     0.00000     0.00000     0.00000
    -1.3950         0.00000     0.00000     0.00000     0.00000
    -1.2450        -0.00000    -0.00000     0.00000     0.00000
    -1.0950         0.00000     0.00000     0.00000     0.00000
   -0.94500        -0.00004    -0.00004     0.00000     0.00000
   -0.79500        -0.00068    -0.00029     0.00000    -0.00039
   -0.64500        -0.01477    -0.00103     0.00000    -0.01374
   -0.49500        -0.19053    -0.00311    -0.00080    -0.18663
   -0.34500        -1.60179    -0.00760    -0.01192    -1.58227
   -0.22700        -2.32348    -0.01003    -0.01834    -2.29510
   -0.21300        -2.40177    -0.01036    -0.01910    -2.37231
   -0.20700        -2.47835    -0.01068    -0.01986    -2.44781
   -0.20100        -2.55346    -0.01103    -0.02062    -2.52181
   -0.19500        -2.62685    -0.01136    -0.02138    -2.59412
   -0.18900        -2.69847    -0.01170    -0.02214    -2.66463
   -0.18300        -2.76885    -0.01210    -0.02293    -2.73382
   -0.17700        -2.83809    -0.01249    -0.02370    -2.80190
   -0.17100        -2.90561    -0.01290    -0.02446    -2.86826
   -0.16500        -2.97195    -0.01334    -0.02521    -2.93340
   -0.15900        -3.03736    -0.01375    -0.02595    -2.99766
   -0.15300        -3.10170    -0.01422    -0.02672    -3.06076
   -0.14700        -3.16546    -0.01468    -0.02747    -3.12331
   -0.14100        -3.22864    -0.01518    -0.02822    -3.18525
   -0.13500        -3.29091    -0.01566    -0.02896    -3.24630
   -0.12900        -3.35330    -0.01616    -0.02976    -3.30738
   -0.12300        -3.41526    -0.01670    -0.03055    -3.36801
   -0.11700        -3.47706    -0.01726    -0.03133    -3.42846
   -0.11100        -3.53949    -0.01788    -0.03219    -3.48942
   -0.10500        -3.60205    -0.01856    -0.03307    -3.55043
   -0.99000E-01    -3.66531    -0.01923    -0.03400    -3.61208
   -0.93000E-01    -3.72950    -0.01994    -0.03494    -3.67463
   -0.87000E-01    -3.79450    -0.02069    -0.03596    -3.73784
   -0.81000E-01    -3.86099    -0.02149    -0.03700    -3.80249
   -0.75000E-01    -3.92950    -0.02237    -0.03815    -3.86898
   -0.69000E-01    -4.00041    -0.02328    -0.03941    -3.93773
   -0.63000E-01    -4.07437    -0.02429    -0.04073    -4.00935
   -0.57000E-01    -4.15230    -0.02540    -0.04217    -4.08473
   -0.51000E-01    -4.23518    -0.02664    -0.04377    -4.16477
   -0.45000E-01    -4.32505    -0.02806    -0.04556    -4.25142
   -0.39000E-01    -4.42416    -0.02970    -0.04761    -4.34685
   -0.33000E-01    -4.53599    -0.03162    -0.05003    -4.45434
   -0.27000E-01    -4.66418    -0.03404    -0.05296    -4.57719
   -0.21300E-01    -4.76250    -0.03608    -0.05546    -4.67096
   -0.19500E-01    -4.77776    -0.03643    -0.05588    -4.68545
   -0.18900E-01    -4.79325    -0.03679    -0.05631    -4.70016
   -0.18300E-01    -4.80904    -0.03715    -0.05676    -4.71513
   -0.17700E-01    -4.82506    -0.03753    -0.05723    -4.73030
   -0.17100E-01    -4.84138    -0.03793    -0.05772    -4.74573
   -0.16500E-01    -4.85799    -0.03833    -0.05823    -4.76143
   -0.15900E-01    -4.87493    -0.03876    -0.05877    -4.77740
   -0.15300E-01    -4.89214    -0.03920    -0.05933    -4.79360
   -0.14700E-01    -4.90975    -0.03967    -0.05994    -4.81014
   -0.14100E-01    -4.92776    -0.04017    -0.06058    -4.82701
   -0.13500E-01    -4.94614    -0.04069    -0.06126    -4.84420
   -0.12900E-01    -4.96496    -0.04123    -0.06197    -4.86176
   -0.12300E-01    -4.98431    -0.04181    -0.06274    -4.87976
   -0.11700E-01    -5.00414    -0.04242    -0.06357    -4.89814
   -0.11100E-01    -5.02455    -0.04307    -0.06446    -4.91702
   -0.10500E-01    -5.04555    -0.04377    -0.06543    -4.93634
   -0.99000E-02    -5.06729    -0.04451    -0.06649    -4.95629
   -0.93000E-02    -5.08977    -0.04531    -0.06764    -4.97683
   -0.87000E-02    -5.11314    -0.04616    -0.06891    -4.99807
   -0.81000E-02    -5.13739    -0.04710    -0.07032    -5.01997
   -0.75000E-02    -5.16274    -0.04810    -0.07191    -5.04274
   -0.69000E-02    -5.18932    -0.04919    -0.07369    -5.06645
   -0.63000E-02    -5.21724    -0.05038    -0.07572    -5.09114
   -0.57000E-02    -5.24678    -0.05169    -0.07808    -5.11701
   -0.51000E-02    -5.27804    -0.05314    -0.08085    -5.14405
   -0.45000E-02    -5.31132    -0.05475    -0.08416    -5.17242
   -0.39000E-02    -5.34686    -0.05655    -0.08820    -5.20211
   -0.33000E-02    -5.38487    -0.05856    -0.09334    -5.23297
   -0.27000E-02    -5.42580    -0.06083    -0.10032    -5.26465
   -0.21000E-02    -5.47114    -0.06338    -0.11097    -5.29679
   -0.15000E-02    -5.52599    -0.06621    -0.12938    -5.33041
   -0.90000E-03    -5.59951    -0.06919    -0.15363    -5.37669
   -0.30000E-03    -7.06974    -0.07134    -0.15911    -6.83929
    0.30000E-03    -5.60208    -0.06586    -0.15696    -5.37926
    0.90000E-03    -5.54456    -0.04163    -0.15398    -5.34895
    0.15000E-02    -5.51567    -0.02322    -0.15115    -5.34130
    0.21000E-02    -5.50042    -0.01256    -0.14860    -5.33926
    0.27000E-02    -5.49063    -0.00560    -0.14634    -5.33870
    0.33000E-02    -5.48331    -0.00046    -0.14432    -5.33853
    0.39000E-02    -5.47743     0.00358    -0.14253    -5.33847
    0.45000E-02    -5.47251     0.00687    -0.14094    -5.33844
    0.51000E-02    -5.46829     0.00963    -0.13950    -5.33843
    0.57000E-02    -5.46464     0.01197    -0.13821    -5.33841
    0.63000E-02    -5.46144     0.01400    -0.13704    -5.33840
    0.69000E-02    -5.45858     0.01577    -0.13597    -5.33839
    0.75000E-02    -5.45603     0.01735    -0.13500    -5.33837
    0.81000E-02    -5.45373     0.01874    -0.13412    -5.33836
    0.87000E-02    -5.45164     0.02001    -0.13331    -5.33834
    0.93000E-02    -5.44974     0.02114    -0.13256    -5.33833
    0.99000E-02    -5.44800     0.02218    -0.13187    -5.33831
    0.10500E-01    -5.44639     0.02313    -0.13123    -5.33829
    0.11100E-01    -5.44491     0.02400    -0.13064    -5.33827
    0.11700E-01    -5.44354     0.02480    -0.13009    -5.33825
    0.12300E-01    -5.44227     0.02553    -0.12958    -5.33823
    0.12900E-01    -5.44109     0.02621    -0.12910    -5.33821
    0.13500E-01    -5.43998     0.02685    -0.12865    -5.33818
    0.14100E-01    -5.43896     0.02743    -0.12823    -5.33816
    0.14700E-01    -5.43799     0.02798    -0.12784    -5.33813
    0.15300E-01    -5.43709     0.02850    -0.12748    -5.33811
    0.15900E-01    -5.43624     0.02898    -0.12714    -5.33808
    0.16500E-01    -5.43544     0.02943    -0.12682    -5.33805
    0.17100E-01    -5.43468     0.02986    -0.12651    -5.33802
    0.17700E-01    -5.43397     0.03026    -0.12623    -5.33799
    0.18300E-01    -5.43330     0.03064    -0.12597    -5.33796
    0.18900E-01    -5.43264     0.03100    -0.12571    -5.33793
    0.19500E-01    -5.43204     0.03134    -0.12548    -5.33790
    0.21300E-01    -5.42865     0.03320    -0.12419    -5.33765
    0.27000E-01    -5.42518     0.03505    -0.12302    -5.33721
    0.33000E-01    -5.42279     0.03624    -0.12235    -5.33668
    0.39000E-01    -5.42096     0.03705    -0.12194    -5.33607
    0.45000E-01    -5.41948     0.03760    -0.12169    -5.33539
    0.51000E-01    -5.41818     0.03798    -0.12153    -5.33463
    0.57000E-01    -5.41696     0.03825    -0.12142    -5.33378
    0.63000E-01    -5.41579     0.03844    -0.12135    -5.33287
    0.69000E-01    -5.41463     0.03857    -0.12129    -5.33191
    0.75000E-01    -5.41337     0.03867    -0.12118    -5.33087
    0.81000E-01    -5.41210     0.03875    -0.12109    -5.32976
    0.87000E-01    -5.41084     0.03881    -0.12104    -5.32861
    0.93000E-01    -5.40954     0.03886    -0.12100    -5.32740
    0.99000E-01    -5.40816     0.03893    -0.12094    -5.32614
    0.10500        -5.40673     0.03897    -0.12088    -5.32481
    0.11100        -5.40517     0.03907    -0.12077    -5.32347
    0.11700        -5.40359     0.03912    -0.12066    -5.32204
    0.12300        -5.40194     0.03921    -0.12056    -5.32059
    0.12900        -5.40027     0.03929    -0.12048    -5.31908
    0.13500        -5.39856     0.03938    -0.12040    -5.31753
    0.14100        -5.39681     0.03946    -0.12034    -5.31592
    0.14700        -5.39503     0.03952    -0.12027    -5.31428
    0.15300        -5.39322     0.03956    -0.12018    -5.31260
    0.15900        -5.39136     0.03964    -0.12009    -5.31091
    0.16500        -5.38950     0.03971    -0.12001    -5.30920
    0.17100        -5.38756     0.03977    -0.11993    -5.30740
    0.17700        -5.38556     0.03985    -0.11984    -5.30557
    0.18300        -5.38354     0.03992    -0.11976    -5.30370
    0.18900        -5.38141     0.03999    -0.11965    -5.30175
    0.19500        -5.37931     0.04005    -0.11955    -5.29981
    0.20100        -5.37719     0.04012    -0.11946    -5.29785
    0.20700        -5.37510     0.04018    -0.11935    -5.29593
    0.21300        -5.37295     0.04024    -0.11924    -5.29395
    0.22700        -5.35446     0.04052    -0.11875    -5.27622
    0.34500        -5.29337     0.04125    -0.11767    -5.21695
    0.49500        -5.22868     0.04205    -0.11654    -5.15419
    0.64500        -5.16290     0.04287    -0.11525    -5.09052
    0.79500        -5.09779     0.04357    -0.11420    -5.02717
    0.94500        -5.03279     0.04430    -0.11294    -4.96416
     1.0950        -4.96900     0.04494    -0.11182    -4.90212
     1.2450        -4.90658     0.04554    -0.11074    -4.84138
     1.3950        -4.84563     0.04612    -0.10968    -4.78208
     1.5450        -4.78648     0.04665    -0.10870    -4.72443
     1.6950        -4.72931     0.04714    -0.10781    -4.66865
     1.8450        -4.67390     0.04761    -0.10697    -4.61453
     1.9950        -4.62081     0.04803    -0.10619    -4.56264
     2.1450        -4.56967     0.04843    -0.10543    -4.51266
     2.2950        -4.52065     0.04882    -0.10474    -4.46473
     2.4450        -4.47365     0.04917    -0.10407    -4.41876
     2.5950        -4.42852     0.04951    -0.10344    -4.37460
     2.7450        -4.38519     0.04984    -0.10284    -4.33219
     2.8950        -4.34351     0.05015    -0.10227    -4.29139
     3.0450        -4.30360     0.05044    -0.10172    -4.25232
     3.1950        -4.26522     0.05072    -0.10120    -4.21473
     3.3450        -4.22833     0.05099    -0.10067    -4.17866
     3.4950        -4.19289     0.05125    -0.10019    -4.14395
     3.6450        -4.15871     0.05150    -0.09974    -4.11047
     3.7950        -4.12563     0.05174    -0.09929    -4.07808
     3.9450        -4.09374     0.05198    -0.09886    -4.04685
     4.0950        -4.06288     0.05220    -0.09844    -4.01664
     4.2450        -4.03301     0.05242    -0.09805    -3.98738
     4.3950        -4.00417     0.05262    -0.09767    -3.95913
     4.5450        -3.97612     0.05282    -0.09729    -3.93166
     4.6950        -3.94900     0.05302    -0.09692    -3.90510
     4.8450        -3.92277     0.05322    -0.09656    -3.87943
     4.9950        -3.89726     0.05340    -0.09622    -3.85444
     5.1450        -3.87239     0.05358    -0.09589    -3.83008
     5.2950        -3.84827     0.05376    -0.09557    -3.80646
     5.4450        -3.82482     0.05393    -0.09525    -3.78350
     5.5950        -3.80197     0.05410    -0.09494    -3.76113
     5.7450        -3.77971     0.05426    -0.09464    -3.73933
     5.8950        -3.75798     0.05442    -0.09435    -3.71806
     6.0450        -3.73675     0.05458    -0.09406    -3.69727
     6.1950        -3.71602     0.05473    -0.09377    -3.67698
     6.3450        -3.69577     0.05488    -0.09350    -3.65715
     6.4950        -3.67603     0.05502    -0.09323    -3.63782
     6.6450        -3.65675     0.05516    -0.09297    -3.61894
     6.7950        -3.63788     0.05530    -0.09272    -3.60046
     6.9450        -3.61940     0.05544    -0.09248    -3.58237
     7.0950        -3.60129     0.05557    -0.09224    -3.56462
     7.2450        -3.58358     0.05570    -0.09200    -3.54728
     7.3950        -3.56619     0.05583    -0.09177    -3.53024
     7.5450        -3.54916     0.05596    -0.09154    -3.51357
     7.6950        -3.53250     0.05608    -0.09132    -3.49726
     7.8450        -3.51612     0.05620    -0.09110    -3.48122
     7.9950        -3.50006     0.05632    -0.09088    -3.46549
     8.1450        -3.48428     0.05643    -0.09067    -3.45005
     8.2950        -3.46881     0.05655    -0.09047    -3.43489
     8.4450        -3.45363     0.05666    -0.09026    -3.42003
     8.5950        -3.43872     0.05677    -0.09006    -3.40544
     8.7450        -3.42401     0.05688    -0.08986    -3.39103
     8.8950        -3.40957     0.05699    -0.08967    -3.37688
     9.0450        -3.39540     0.05709    -0.08948    -3.36300
     9.1950        -3.38145     0.05719    -0.08930    -3.34935
     9.3450        -3.36775     0.05729    -0.08912    -3.33593
     9.4950        -3.35424     0.05739    -0.08893    -3.32270
     9.6450        -3.34093     0.05749    -0.08876    -3.30966
     9.7950        -3.32786     0.05758    -0.08858    -3.29686
     9.9450        -3.31500     0.05768    -0.08841    -3.28427
     10.095        -3.30232     0.05777    -0.08824    -3.27185
     10.245        -3.28986     0.05786    -0.08808    -3.25965
     10.395        -3.27756     0.05795    -0.08791    -3.24761
     10.545        -3.26545     0.05804    -0.08775    -3.23574
     10.695        -3.25351     0.05813    -0.08759    -3.22404
     10.845        -3.24172     0.05822    -0.08743    -3.21250
     10.995        -3.23012     0.05830    -0.08728    -3.20115
     11.145        -3.21870     0.05839    -0.08713    -3.18996
     11.295        -3.20739     0.05847    -0.08697    -3.17889
     11.445        -3.19624     0.05855    -0.08683    -3.16797
     11.595        -3.18522     0.05863    -0.08668    -3.15718
     11.745        -3.17436     0.05871    -0.08653    -3.14654
     11.895        -3.16367     0.05879    -0.08639    -3.13608
     12.045        -3.15313     0.05887    -0.08625    -3.12575
     12.195        -3.14268     0.05895    -0.08611    -3.11552
     12.345        -3.13239     0.05903    -0.08597    -3.10545
     12.495        -3.12219     0.05910    -0.08583    -3.09546
     12.645        -3.11216     0.05917    -0.08570    -3.08564
     12.795        -3.10226     0.05924    -0.08556    -3.07594
     12.945        -3.09250     0.05932    -0.08543    -3.06639
     13.095        -3.08279     0.05939    -0.08530    -3.05688
     13.245        -3.07322     0.05946    -0.08517    -3.04750
     13.395        -3.06375     0.05953    -0.08505    -3.03823
     13.545        -3.05439     0.05959    -0.08492    -3.02907
     13.695        -3.04512     0.05966    -0.08480    -3.01998
     13.845        -3.03599     0.05973    -0.08468    -3.01104
     13.995        -3.02696     0.05980    -0.08456    -3.00220
     14.145        -3.01800     0.05986    -0.08444    -2.99342
     14.295        -3.00917     0.05993    -0.08432    -2.98477
     14.445        -3.00042     0.05999    -0.08421    -2.97621
     14.595        -2.99179     0.06005    -0.08409    -2.96775
     14.745        -2.98323     0.06012    -0.08398    -2.95938
     14.895        -2.97480     0.06018    -0.08387    -2.95112
     15.045        -2.96644     0.06024    -0.08375    -2.94293
     15.195        -2.95816     0.06030    -0.08364    -2.93482
     15.345        -2.94999     0.06037    -0.08354    -2.92682
     15.495        -2.94186     0.06043    -0.08343    -2.91886
     15.645        -2.93383     0.06048    -0.08332    -2.91099
     15.795        -2.92587     0.06054    -0.08322    -2.90320
     15.945        -2.91798     0.06060    -0.08311    -2.89547
     16.095        -2.91020     0.06066    -0.08300    -2.88786
     16.245        -2.90247     0.06071    -0.08290    -2.88028
     16.395        -2.89484     0.06077    -0.08280    -2.87281
     16.545        -2.88725     0.06083    -0.08270    -2.86537
     16.695        -2.87973     0.06088    -0.08260    -2.85801
     16.845        -2.87229     0.06094    -0.08250    -2.85073
     16.995        -2.86492     0.06099    -0.08240    -2.84351
     17.145        -2.85760     0.06105    -0.08230    -2.83635
     17.295        -2.85037     0.06111    -0.08221    -2.82927
     17.445        -2.84321     0.06116    -0.08211    -2.82225
     17.595        -2.83607     0.06121    -0.08202    -2.81527
     17.745        -2.82905     0.06126    -0.08192    -2.80840
     17.895        -2.82209     0.06132    -0.08182    -2.80159
     18.045        -2.81517     0.06137    -0.08173    -2.79481
     18.195        -2.80832     0.06142    -0.08164    -2.78810
     18.345        -2.80151     0.06147    -0.08155    -2.78143
     18.495        -2.79478     0.06152    -0.08146    -2.77484
     18.645        -2.78810     0.06157    -0.08137    -2.76829
     18.795        -2.78149     0.06162    -0.08128    -2.76182
     18.945        -2.77493     0.06167    -0.08120    -2.75540
     19.095        -2.76842     0.06171    -0.08111    -2.74902
     19.245        -2.76198     0.06176    -0.08102    -2.74272
     19.395        -2.75558     0.06181    -0.08094    -2.73646
     19.545        -2.74925     0.06185    -0.08085    -2.73025
     19.695        -2.74296     0.06190    -0.08077    -2.72410
     19.845        -2.73670     0.06195    -0.08068    -2.71796
     19.995        -2.73050     0.06199    -0.08060    -2.71189
     20.145        -2.72435     0.06204    -0.08052    -2.70587
     20.295        -2.71826     0.06208    -0.08044    -2.69991
     20.445        -2.71219     0.06213    -0.08036    -2.69396
     20.595        -2.70621     0.06217    -0.08027    -2.68811
     20.745        -2.70025     0.06222    -0.08019    -2.68227
     20.895        -2.69433     0.06226    -0.08012    -2.67648
     21.045        -2.68845     0.06230    -0.08004    -2.67072
     21.195        -2.68264     0.06235    -0.07996    -2.66502
     21.345        -2.67685     0.06239    -0.07988    -2.65936
     21.495        -2.67112     0.06243    -0.07981    -2.65374
     21.645        -2.66541     0.06247    -0.07973    -2.64815
     21.795        -2.65976     0.06251    -0.07966    -2.64261
     21.945        -2.65416     0.06256    -0.07959    -2.63713
     22.095        -2.64858     0.06260    -0.07951    -2.63167
     22.245        -2.64306     0.06264    -0.07944    -2.62626
     22.395        -2.63759     0.06268    -0.07937    -2.62090
     22.545        -2.63215     0.06272    -0.07930    -2.61557
     22.695        -2.62676     0.06276    -0.07922    -2.61029
     22.845        -2.62138     0.06280    -0.07915    -2.60503
     22.995        -2.61606     0.06284    -0.07908    -2.59982
     23.145        -2.61075     0.06288    -0.07901    -2.59462
     23.295        -2.60548     0.06292    -0.07894    -2.58946
     23.445        -2.60025     0.06296    -0.07887    -2.58434
     23.595        -2.59505     0.06299    -0.07880    -2.57924
     23.745        -2.58988     0.06303    -0.07873    -2.57418
     23.895        -2.58475     0.06307    -0.07866    -2.56916
     24.045        -2.57966     0.06311    -0.07860    -2.56417
     24.195        -2.57461     0.06315    -0.07853    -2.55923
     24.345        -2.56959     0.06318    -0.07846    -2.55431
     24.495        -2.56460     0.06322    -0.07840    -2.54942
     24.645        -2.55965     0.06326    -0.07834    -2.54457
     24.795        -2.55473     0.06330    -0.07827    -2.53975
     24.945        -2.54984     0.06333    -0.07821    -2.53497
     25.095        -2.54500     0.06337    -0.07815    -2.53022
     25.245        -2.54017     0.06340    -0.07808    -2.52549
     25.395        -2.53536     0.06344    -0.07802    -2.52078
     25.545        -2.53058     0.06348    -0.07796    -2.51610
     25.695        -2.52582     0.06351    -0.07789    -2.51144
     25.845        -2.52111     0.06355    -0.07783    -2.50683
     25.995        -2.51642     0.06359    -0.07777    -2.50224
     26.145        -2.51174     0.06362    -0.07770    -2.49766
     26.295        -2.50711     0.06366    -0.07764    -2.49312
     26.445        -2.50252     0.06369    -0.07758    -2.48864
     26.595        -2.49797     0.06372    -0.07752    -2.48418
     26.745        -2.49343     0.06376    -0.07745    -2.47973
     26.895        -2.48891     0.06379    -0.07740    -2.47531
     27.045        -2.48443     0.06382    -0.07733    -2.47092
     27.195        -2.47997     0.06386    -0.07727    -2.46655
     27.345        -2.47552     0.06389    -0.07721    -2.46220
     27.495        -2.47112     0.06392    -0.07715    -2.45788
     27.645        -2.46675     0.06395    -0.07709    -2.45361
     27.795        -2.46238     0.06399    -0.07704    -2.44933
     27.945        -2.45808     0.06402    -0.07698    -2.44511
     28.095        -2.45379     0.06405    -0.07692    -2.44092
     28.245        -2.44950     0.06408    -0.07687    -2.43672
     28.395        -2.44525     0.06412    -0.07681    -2.43256
     28.545        -2.44102     0.06415    -0.07675    -2.42841
     28.695        -2.43683     0.06418    -0.07670    -2.42431
     28.845        -2.43266     0.06421    -0.07664    -2.42023
     28.995        -2.42850     0.06424    -0.07658    -2.41616
     29.145        -2.42436     0.06427    -0.07653    -2.41210
     29.295        -2.42025     0.06430    -0.07647    -2.40808
     29.445        -2.41616     0.06433    -0.07642    -2.40408
     29.595        -2.41211     0.06436    -0.07636    -2.40011
     29.745        -2.40806     0.06439    -0.07631    -2.39614
     29.895        -2.40403     0.06442    -0.07625    -2.39220
     30.045        -2.40002     0.06445    -0.07620    -2.38828
     30.195        -2.39603     0.06448    -0.07615    -2.38437
     30.345        -2.39207     0.06451    -0.07609    -2.38049
     30.495        -2.38813     0.06454    -0.07604    -2.37663
     30.645        -2.38422     0.06457    -0.07599    -2.37280
     30.795        -2.38032     0.06460    -0.07594    -2.36898
     30.945        -2.37643     0.06463    -0.07589    -2.36518
     31.095        -2.37259     0.06466    -0.07584    -2.36141
     31.245        -2.36876     0.06469    -0.07579    -2.35766
     31.395        -2.36496     0.06472    -0.07573    -2.35394
     31.545        -2.36116     0.06475    -0.07568    -2.35022
     31.695        -2.35738     0.06477    -0.07563    -2.34652
     31.845        -2.35364     0.06480    -0.07558    -2.34286
     31.995        -2.34991     0.06483    -0.07553    -2.33921
     32.145        -2.34621     0.06486    -0.07549    -2.33558
     32.295        -2.34250     0.06489    -0.07544    -2.33195
     32.445        -2.33881     0.06491    -0.07539    -2.32834
     32.595        -2.33515     0.06494    -0.07534    -2.32475
     32.745        -2.33150     0.06497    -0.07529    -2.32118
     32.895        -2.32787     0.06500    -0.07524    -2.31762
     33.045        -2.32426     0.06502    -0.07520    -2.31409
     33.195        -2.32066     0.06505    -0.07515    -2.31056
     33.345        -2.31709     0.06508    -0.07510    -2.30707
     33.495        -2.31351     0.06510    -0.07505    -2.30356
     33.645        -2.30997     0.06513    -0.07500    -2.30010
     33.795        -2.30645     0.06516    -0.07495    -2.29665
     33.945        -2.30296     0.06518    -0.07491    -2.29323
     34.095        -2.29945     0.06521    -0.07486    -2.28980
     34.245        -2.29599     0.06524    -0.07481    -2.28641
     34.395        -2.29254     0.06526    -0.07477    -2.28304
     34.545        -2.28913     0.06529    -0.07472    -2.27970
     34.695        -2.28572     0.06531    -0.07467    -2.27636
     34.845        -2.28231     0.06534    -0.07463    -2.27302
     34.995        -2.27890     0.06537    -0.07458    -2.26969
     35.145        -2.27553     0.06539    -0.07454    -2.26638
     35.295        -2.27216     0.06542    -0.07449    -2.26308
     35.445        -2.26884     0.06544    -0.07445    -2.25983
     35.595        -2.26552     0.06547    -0.07440    -2.25658
     35.745        -2.26219     0.06549    -0.07436    -2.25332
     35.895        -2.25890     0.06551    -0.07432    -2.25010
     36.045        -2.25562     0.06554    -0.07427    -2.24689
     36.195        -2.25238     0.06556    -0.07423    -2.24371
     36.345        -2.24914     0.06559    -0.07419    -2.24054
     36.495        -2.24591     0.06561    -0.07414    -2.23738
     36.645        -2.24269     0.06564    -0.07410    -2.23422
     36.795        -2.23950     0.06566    -0.07406    -2.23110
     36.945        -2.23631     0.06568    -0.07402    -2.22797
     37.095        -2.23313     0.06571    -0.07397    -2.22487
     37.245        -2.22999     0.06573    -0.07393    -2.22178
     37.395        -2.22685     0.06575    -0.07389    -2.21871
     37.545        -2.22372     0.06578    -0.07385    -2.21564
     37.695        -2.22058     0.06580    -0.07380    -2.21258
     37.845        -2.21747     0.06582    -0.07376    -2.20953
     37.995        -2.21437     0.06585    -0.07372    -2.20650
     38.145        -2.21127     0.06587    -0.07368    -2.20346
     38.295        -2.20819     0.06589    -0.07364    -2.20044
     38.445        -2.20513     0.06592    -0.07360    -2.19744
     38.595        -2.20208     0.06594    -0.07356    -2.19446
     38.745        -2.19903     0.06596    -0.07352    -2.19147
     38.895        -2.19602     0.06598    -0.07348    -2.18852
     39.045        -2.19302     0.06601    -0.07344    -2.18559
     39.195        -2.19003     0.06603    -0.07340    -2.18266
     39.345        -2.18705     0.06605    -0.07336    -2.17974
     39.495        -2.18408     0.06608    -0.07332    -2.17684
     39.645        -2.18112     0.06610    -0.07328    -2.17394
     39.795        -2.17818     0.06612    -0.07324    -2.17106
     39.945        -2.17523     0.06614    -0.07320    -2.16818
     40.095        -2.17231     0.06616    -0.07316    -2.16532
     40.245        -2.16940     0.06619    -0.07312    -2.16246
     40.395        -2.16650     0.06621    -0.07309    -2.15962
     40.545        -2.16362     0.06623    -0.07305    -2.15680
     40.695        -2.16074     0.06625    -0.07301    -2.15398
     40.845        -2.15788     0.06627    -0.07297    -2.15118
     40.995        -2.15504     0.06629    -0.07293    -2.14840
     41.145        -2.15220     0.06631    -0.07289    -2.14562
     41.295        -2.14938     0.06634    -0.07285    -2.14286
     41.445        -2.14656     0.06636    -0.07282    -2.14010
     41.595        -2.14375     0.06638    -0.07278    -2.13735
     41.745        -2.14097     0.06640    -0.07274    -2.13463
     41.895        -2.13819     0.06642    -0.07271    -2.13191
     42.045        -2.13543     0.06644    -0.07267    -2.12920
     42.195        -2.13266     0.06646    -0.07263    -2.12649
     42.345        -2.12990     0.06648    -0.07259    -2.12378
     42.495        -2.12715     0.06650    -0.07256    -2.12109
     42.645        -2.12443     0.06652    -0.07252    -2.11842
     42.795        -2.12171     0.06654    -0.07248    -2.11577
     42.945        -2.11902     0.06656    -0.07245    -2.11313
     43.095        -2.11634     0.06658    -0.07241    -2.11051
     43.245        -2.11363     0.06660    -0.07238    -2.10786
     43.395        -2.11095     0.06662    -0.07234    -2.10523
     43.545        -2.10826     0.06664    -0.07231    -2.10260
     43.695        -2.10559     0.06666    -0.07227    -2.09998
     43.845        -2.10295     0.06668    -0.07223    -2.09740
     43.995        -2.10032     0.06670    -0.07220    -2.09483
     44.145        -2.09770     0.06672    -0.07216    -2.09225
     44.295        -2.09508     0.06674    -0.07213    -2.08969
     44.445        -2.09246     0.06676    -0.07210    -2.08713
     44.595        -2.08989     0.06678    -0.07206    -2.08461
     44.745        -2.08729     0.06680    -0.07203    -2.08207
     44.895        -2.08472     0.06682    -0.07199    -2.07955
     45.045        -2.08215     0.06684    -0.07196    -2.07703
     45.195        -2.07959     0.06686    -0.07192    -2.07452
     45.345        -2.07703     0.06688    -0.07189    -2.07202
     45.495        -2.07450     0.06690    -0.07185    -2.06954
     45.645        -2.07196     0.06692    -0.07182    -2.06705
     45.795        -2.06943     0.06694    -0.07179    -2.06458
     45.945        -2.06692     0.06695    -0.07175    -2.06212
     46.095        -2.06441     0.06697    -0.07172    -2.05967
     46.245        -2.06192     0.06699    -0.07169    -2.05722
     46.395        -2.05944     0.06701    -0.07165    -2.05479
     46.545        -2.05696     0.06703    -0.07162    -2.05236
     46.695        -2.05448     0.06705    -0.07159    -2.04994
     46.845        -2.05201     0.06707    -0.07156    -2.04752
     46.995        -2.04956     0.06708    -0.07152    -2.04512
     47.145        -2.04713     0.06710    -0.07149    -2.04274
     47.295        -2.04469     0.06712    -0.07146    -2.04035
     47.445        -2.04226     0.06714    -0.07142    -2.03797
     47.595        -2.03984     0.06716    -0.07139    -2.03560
     47.745        -2.03744     0.06718    -0.07136    -2.03325
     47.895        -2.03504     0.06719    -0.07133    -2.03091
     48.045        -2.03266     0.06721    -0.07130    -2.02858
     48.195        -2.03028     0.06723    -0.07126    -2.02625
     48.345        -2.02789     0.06725    -0.07123    -2.02391
     48.495        -2.02553     0.06726    -0.07120    -2.02160
     48.645        -2.02317     0.06728    -0.07117    -2.01928
     48.795        -2.02082     0.06730    -0.07114    -2.01699
     48.945        -2.01846     0.06732    -0.07111    -2.01468
     49.095        -2.01613     0.06734    -0.07108    -2.01239
     49.245        -2.01381     0.06736    -0.07104    -2.01012
     49.395        -2.01147     0.06737    -0.07101    -2.00783
     49.545        -2.00916     0.06739    -0.07098    -2.00557
     49.695        -2.00686     0.06741    -0.07095    -2.00331
     49.845        -2.00456     0.06742    -0.07092    -2.00107
     49.995        -2.00228     0.06744    -0.07089    -1.99883
     50.145        -1.99999     0.06746    -0.07086    -1.99659
     50.295        -1.99771     0.06748    -0.07083    -1.99436
     50.445        -1.99545     0.06749    -0.07080    -1.99214
     50.595        -1.99320     0.06751    -0.07077    -1.98994
     50.745        -1.99094     0.06753    -0.07074    -1.98773
     50.895        -1.98868     0.06754    -0.07071    -1.98551
     51.045        -1.98644     0.06756    -0.07068    -1.98331
     51.195        -1.98420     0.06758    -0.07065    -1.98113
     51.345        -1.98198     0.06759    -0.07062    -1.97896
     51.495        -1.97976     0.06761    -0.07059    -1.97679
     51.645        -1.97756     0.06763    -0.07056    -1.97463
     51.795        -1.97537     0.06765    -0.07053    -1.97248
     51.945        -1.97317     0.06766    -0.07050    -1.97033
     52.095        -1.97098     0.06768    -0.07047    -1.96818
     52.245        -1.96879     0.06770    -0.07044    -1.96604
     52.395        -1.96661     0.06771    -0.07041    -1.96391
     52.545        -1.96444     0.06773    -0.07038    -1.96178
     52.695        -1.96228     0.06775    -0.07035    -1.95967
     52.845        -1.96011     0.06776    -0.07033    -1.95755
     52.995        -1.95796     0.06778    -0.07030    -1.95544
     53.145        -1.95582     0.06779    -0.07027    -1.95334
     53.295        -1.95368     0.06781    -0.07024    -1.95125
     53.445        -1.95154     0.06783    -0.07021    -1.94915
     53.595        -1.94942     0.06784    -0.07018    -1.94708
     53.745        -1.94731     0.06786    -0.07016    -1.94501
     53.895        -1.94522     0.06787    -0.07013    -1.94296
     54.045        -1.94312     0.06789    -0.07010    -1.94090
     54.195        -1.94102     0.06790    -0.07007    -1.93885
     54.345        -1.93892     0.06792    -0.07004    -1.93680
     54.495        -1.93684     0.06793    -0.07002    -1.93476
     54.645        -1.93477     0.06795    -0.06999    -1.93272
     54.795        -1.93270     0.06796    -0.06996    -1.93071
     54.945        -1.93063     0.06798    -0.06993    -1.92868
     55.095        -1.92857     0.06799    -0.06991    -1.92666
     59.433        -1.76795     0.06921    -0.06776    -1.76940
     80.646        -1.53512     0.07098    -0.06469    -1.54141
     111.21        -1.31097     0.07268    -0.06170    -1.32195
     153.36        -1.09565     0.07432    -0.05882    -1.11116
     211.49        -0.88911     0.07591    -0.05610    -0.90892
     291.64        -0.69146     0.07743    -0.05348    -0.71541
     402.18        -0.50220     0.07889    -0.05096    -0.53012
     554.60        -0.32131     0.08028    -0.04858    -0.35301
     764.80        -0.14830     0.08162    -0.04630    -0.18363
     1054.7         0.01691     0.08290    -0.04412    -0.02187
     1454.4         0.17467     0.08412    -0.04206     0.13260
     2005.6         0.32529     0.08528    -0.04008     0.28009
     2765.8         0.46884     0.08640    -0.03821     0.42064
     3814.0         0.60590     0.08748    -0.03642     0.55484
     5259.5         0.73658     0.08849    -0.03471     0.68280
     7252.9         0.86136     0.08947    -0.03308     0.80497
     10002.         0.98029     0.09039    -0.03154     0.92144
     13793.         1.09377     0.09127    -0.03006     1.03256
     19020.         1.20192     0.09212    -0.02867     1.13847
     26229.         1.30494     0.09293    -0.02733     1.23934
     36170.         1.40303     0.09370    -0.02606     1.33539
     49878.         1.49652     0.09443    -0.02485     1.42694
     68782.         1.58565     0.09512    -0.02369     1.51422
     94851.         1.67035     0.09578    -0.02258     1.59715
    0.13080E+06     1.75096     0.09640    -0.02154     1.67610
    0.18038E+06     1.82757     0.09700    -0.02054     1.75111
    0.24874E+06     1.90040     0.09756    -0.01960     1.82244
    0.34301E+06     1.96952     0.09809    -0.01870     1.89012
    0.47302E+06     2.03519     0.09860    -0.01784     1.95443
    0.65229E+06     2.09766     0.09909    -0.01702     2.01559
    0.89952E+06     2.15692     0.09955    -0.01624     2.07361
    0.12404E+07     2.21317     0.09999    -0.01550     2.12868
    0.17106E+07     2.26651     0.10040    -0.01479     2.18090
    0.23589E+07     2.31717     0.10080    -0.01412     2.23050
    0.32529E+07     2.36528     0.10118    -0.01348     2.27758
    0.44858E+07     2.41098     0.10153    -0.01288     2.32234
    0.61860E+07     2.45439     0.10186    -0.01231     2.36485
    0.85305E+07     2.49555     0.10218    -0.01176     2.40514
    0.11764E+08     2.53450     0.10248    -0.01125     2.44328
    0.16222E+08     2.57156     0.10276    -0.01077     2.47956
    0.22370E+08     2.60668     0.10303    -0.01030     2.51396
    0.30849E+08     2.63997     0.10328    -0.00986     2.54654
    0.42541E+08     2.67127     0.10353    -0.00944     2.57718
    0.58664E+08     2.70068     0.10375    -0.00905     2.60598
    0.80898E+08     2.72841     0.10396    -0.00868     2.63313
    0.11156E+09     2.75457     0.10416    -0.00832     2.65872
    0.15384E+09     2.77922     0.10434    -0.00798     2.68285
    0.21215E+09     2.80250     0.10452    -0.00765     2.70563
    0.29255E+09     2.82445     0.10469    -0.00735     2.72711
    0.40343E+09     2.84511     0.10485    -0.00707     2.74733
    0.55633E+09     2.86465     0.10500    -0.00681     2.76646
    0.76719E+09     2.88246     0.10514    -0.00656     2.78388
    0.10580E+10     2.89861     0.10526    -0.00632     2.79967
    0.14589E+10     2.91344     0.10538    -0.00610     2.81416
    0.20119E+10     2.92706     0.10548    -0.00588     2.82746
    0.27744E+10     2.93964     0.10558    -0.00568     2.83974
    0.38259E+10     2.95125     0.10567    -0.00550     2.85108
    0.52760E+10     2.96194     0.10575    -0.00533     2.86152
    0.72756E+10     2.97182     0.10582    -0.00518     2.87118
    0.10033E+11     2.98093     0.10589    -0.00504     2.88007
    0.13836E+11     2.98932     0.10596    -0.00491     2.88828
    0.19079E+11     2.99708     0.10602    -0.00479     2.89585
    0.26311E+11     3.00424     0.10607    -0.00468     2.90285
    0.36283E+11     3.01080     0.10612    -0.00458     2.90926
    0.50034E+11     3.01691     0.10617    -0.00449     2.91523
    0.68997E+11     3.02259     0.10621    -0.00440     2.92078
    0.10000E+12     3.09011     0.10673    -0.00337     2.98675
