    -99.945         0.00000     0.00000     0.00000     0.00000
    -99.795         0.00000     0.00000     0.00000     0.00000
    -99.645         0.00000     0.00000     0.00000     0.00000
    -99.495         0.00000     0.00000     0.00000     0.00000
    -99.345         0.00000     0.00000     0.00000     0.00000
    -99.195         0.00000     0.00000     0.00000     0.00000
    -99.045         0.00000     0.00000     0.00000     0.00000
    -98.895         0.00000     0.00000     0.00000     0.00000
    -98.745         0.00000     0.00000     0.00000     0.00000
    -98.595         0.00000     0.00000     0.00000     0.00000
    -98.445         0.00000     0.00000     0.00000     0.00000
    -98.295         0.00000     0.00000     0.00000     0.00000
    -98.145         0.00000     0.00000     0.00000     0.00000
    -97.995         0.00000     0.00000     0.00000     0.00000
    -97.845         0.00000     0.00000     0.00000     0.00000
    -97.695         0.00000     0.00000     0.00000     0.00000
    -97.545         0.00000     0.00000     0.00000     0.00000
    -97.395         0.00000     0.00000     0.00000     0.00000
    -97.245         0.00000     0.00000     0.00000     0.00000
    -97.095         0.00000     0.00000     0.00000     0.00000
    -96.945         0.00000     0.00000     0.00000     0.00000
    -96.795         0.00000     0.00000     0.00000     0.00000
    -96.645         0.00000     0.00000     0.00000     0.00000
    -96.495         0.00000     0.00000     0.00000     0.00000
    -96.345         0.00000     0.00000     0.00000     0.00000
    -96.195         0.00000     0.00000     0.00000     0.00000
    -96.045         0.00000     0.00000     0.00000     0.00000
    -95.895         0.00000     0.00000     0.00000     0.00000
    -95.745         0.00000     0.00000     0.00000     0.00000
    -95.595         0.00000     0.00000     0.00000     0.00000
    -95.445         0.00000     0.00000     0.00000     0.00000
    -95.295         0.00000     0.00000     0.00000     0.00000
    -95.145         0.00000     0.00000     0.00000     0.00000
    -94.995         0.00000     0.00000     0.00000     0.00000
    -94.845         0.00000     0.00000     0.00000     0.00000
    -94.695         0.00000     0.00000     0.00000     0.00000
    -94.545         0.00000     0.00000     0.00000     0.00000
    -94.395         0.00000     0.00000     0.00000     0.00000
    -94.245         0.00000     0.00000     0.00000     0.00000
    -94.095         0.00000     0.00000     0.00000     0.00000
    -93.945         0.00000     0.00000     0.00000     0.00000
    -93.795         0.00000     0.00000     0.00000     0.00000
    -93.645         0.00000     0.00000     0.00000     0.00000
    -93.495         0.00000     0.00000     0.00000     0.00000
    -93.345         0.00000     0.00000     0.00000     0.00000
    -93.195         0.00000     0.00000     0.00000     0.00000
    -93.045         0.00000     0.00000     0.00000     0.00000
    -92.895         0.00000     0.00000     0.00000     0.00000
    -92.745         0.00000     0.00000     0.00000     0.00000
    -92.595         0.00000     0.00000     0.00000     0.00000
    -92.445         0.00000     0.00000     0.00000     0.00000
    -92.295         0.00000     0.00000     0.00000     0.00000
    -92.145         0.00000     0.00000     0.00000     0.00000
    -91.995         0.00000     0.00000     0.00000     0.00000
    -91.845         0.00000     0.00000     0.00000     0.00000
    -91.695         0.00000     0.00000     0.00000     0.00000
    -91.545         0.00000     0.00000     0.00000     0.00000
    -91.395         0.00000     0.00000     0.00000     0.00000
    -91.245         0.00000     0.00000     0.00000     0.00000
    -91.095         0.00000     0.00000     0.00000     0.00000
    -90.945         0.00000     0.00000     0.00000     0.00000
    -90.795         0.00000     0.00000     0.00000     0.00000
    -90.645         0.00000     0.00000     0.00000     0.00000
    -90.495         0.00000     0.00000     0.00000     0.00000
    -90.345         0.00000     0.00000     0.00000     0.00000
    -90.195         0.00000     0.00000     0.00000     0.00000
    -90.045         0.00000     0.00000     0.00000     0.00000
    -89.895         0.00000     0.00000     0.00000     0.00000
    -89.745         0.00000     0.00000     0.00000     0.00000
    -89.595         0.00000     0.00000     0.00000     0.00000
    -89.445         0.00000     0.00000     0.00000     0.00000
    -89.295         0.00000     0.00000     0.00000     0.00000
    -89.145         0.00000     0.00000     0.00000     0.00000
    -88.995         0.00000     0.00000     0.00000     0.00000
    -88.845         0.00000     0.00000     0.00000     0.00000
    -88.695         0.00000     0.00000     0.00000     0.00000
    -88.545         0.00000     0.00000     0.00000     0.00000
    -88.395         0.00000     0.00000     0.00000     0.00000
    -88.245         0.00000     0.00000     0.00000     0.00000
    -88.095         0.00000     0.00000     0.00000     0.00000
    -87.945         0.00000     0.00000     0.00000     0.00000
    -87.795         0.00000     0.00000     0.00000     0.00000
    -87.645         0.00000     0.00000     0.00000     0.00000
    -87.495         0.00000     0.00000     0.00000     0.00000
    -87.345         0.00000     0.00000     0.00000     0.00000
    -87.195         0.00000     0.00000     0.00000     0.00000
    -87.045         0.00000     0.00000     0.00000     0.00000
    -86.895         0.00000     0.00000     0.00000     0.00000
    -86.745         0.00000     0.00000     0.00000     0.00000
    -86.595         0.00000     0.00000     0.00000     0.00000
    -86.445         0.00000     0.00000     0.00000     0.00000
    -86.295         0.00000     0.00000     0.00000     0.00000
    -86.145         0.00000     0.00000     0.00000     0.00000
    -85.995         0.00000     0.00000     0.00000     0.00000
    -85.845         0.00000     0.00000     0.00000     0.00000
    -85.695         0.00000     0.00000     0.00000     0.00000
    -85.545         0.00000     0.00000     0.00000     0.00000
    -85.395         0.00000     0.00000     0.00000     0.00000
    -85.245         0.00000     0.00000     0.00000     0.00000
    -85.095         0.00000     0.00000     0.00000     0.00000
    -84.945         0.00000     0.00000     0.00000     0.00000
    -84.795         0.00000     0.00000     0.00000     0.00000
    -84.645         0.00000     0.00000     0.00000     0.00000
    -84.495         0.00000     0.00000     0.00000     0.00000
    -84.345         0.00000     0.00000     0.00000     0.00000
    -84.195         0.00000     0.00000     0.00000     0.00000
    -84.045         0.00000     0.00000     0.00000     0.00000
    -83.895         0.00000     0.00000     0.00000     0.00000
    -83.745         0.00000     0.00000     0.00000     0.00000
    -83.595         0.00000     0.00000     0.00000     0.00000
    -83.445         0.00000     0.00000     0.00000     0.00000
    -83.295         0.00000     0.00000     0.00000     0.00000
    -83.145         0.00000     0.00000     0.00000     0.00000
    -82.995         0.00000     0.00000     0.00000     0.00000
    -82.845         0.00000     0.00000     0.00000     0.00000
    -82.695         0.00000     0.00000     0.00000     0.00000
    -82.545         0.00000     0.00000     0.00000     0.00000
    -82.395         0.00000     0.00000     0.00000     0.00000
    -82.245         0.00000     0.00000     0.00000     0.00000
    -82.095         0.00000     0.00000     0.00000     0.00000
    -81.945         0.00000     0.00000     0.00000     0.00000
    -81.795         0.00000     0.00000     0.00000     0.00000
    -81.645         0.00000     0.00000     0.00000     0.00000
    -81.495         0.00000     0.00000     0.00000     0.00000
    -81.345         0.00000     0.00000     0.00000     0.00000
    -81.195         0.00000     0.00000     0.00000     0.00000
    -81.045         0.00000     0.00000     0.00000     0.00000
    -80.895         0.00000     0.00000     0.00000     0.00000
    -80.745         0.00000     0.00000     0.00000     0.00000
    -80.595         0.00000     0.00000     0.00000     0.00000
    -80.445         0.00000     0.00000     0.00000     0.00000
    -80.295         0.00000     0.00000     0.00000     0.00000
    -80.145         0.00000     0.00000     0.00000     0.00000
    -79.995         0.00000     0.00000     0.00000     0.00000
    -79.845         0.00000     0.00000     0.00000     0.00000
    -79.695         0.00000     0.00000     0.00000     0.00000
    -79.545         0.00000     0.00000     0.00000     0.00000
    -79.395         0.00000     0.00000     0.00000     0.00000
    -79.245         0.00000     0.00000     0.00000     0.00000
    -79.095         0.00000     0.00000     0.00000     0.00000
    -78.945         0.00000     0.00000     0.00000     0.00000
    -78.795         0.00000     0.00000     0.00000     0.00000
    -78.645         0.00000     0.00000     0.00000     0.00000
    -78.495         0.00000     0.00000     0.00000     0.00000
    -78.345         0.00000     0.00000     0.00000     0.00000
    -78.195         0.00000     0.00000     0.00000     0.00000
    -78.045         0.00000     0.00000     0.00000     0.00000
    -77.895         0.00000     0.00000     0.00000     0.00000
    -77.745         0.00000     0.00000     0.00000     0.00000
    -77.595         0.00000     0.00000     0.00000     0.00000
    -77.445         0.00000     0.00000     0.00000     0.00000
    -77.295         0.00000     0.00000     0.00000     0.00000
    -77.145         0.00000     0.00000     0.00000     0.00000
    -76.995         0.00000     0.00000     0.00000     0.00000
    -76.845         0.00000     0.00000     0.00000     0.00000
    -76.695         0.00000     0.00000     0.00000     0.00000
    -76.545         0.00000     0.00000     0.00000     0.00000
    -76.395         0.00000     0.00000     0.00000     0.00000
    -76.245         0.00000     0.00000     0.00000     0.00000
    -76.095         0.00000     0.00000     0.00000     0.00000
    -75.945         0.00000     0.00000     0.00000     0.00000
    -75.795         0.00000     0.00000     0.00000     0.00000
    -75.645         0.00000     0.00000     0.00000     0.00000
    -75.495         0.00000     0.00000     0.00000     0.00000
    -75.345         0.00000     0.00000     0.00000     0.00000
    -75.195         0.00000     0.00000     0.00000     0.00000
    -75.045         0.00000     0.00000     0.00000     0.00000
    -74.895         0.00000     0.00000     0.00000     0.00000
    -74.745         0.00000     0.00000     0.00000     0.00000
    -74.595         0.00000     0.00000     0.00000     0.00000
    -74.445         0.00000     0.00000     0.00000     0.00000
    -74.295         0.00000     0.00000     0.00000     0.00000
    -74.145         0.00000     0.00000     0.00000     0.00000
    -73.995         0.00000     0.00000     0.00000     0.00000
    -73.845         0.00000     0.00000     0.00000     0.00000
    -73.695         0.00000     0.00000     0.00000     0.00000
    -73.545         0.00000     0.00000     0.00000     0.00000
    -73.395         0.00000     0.00000     0.00000     0.00000
    -73.245         0.00000     0.00000     0.00000     0.00000
    -73.095         0.00000     0.00000     0.00000     0.00000
    -72.945         0.00000     0.00000     0.00000     0.00000
    -72.795         0.00000     0.00000     0.00000     0.00000
    -72.645         0.00000     0.00000     0.00000     0.00000
    -72.495         0.00000     0.00000     0.00000     0.00000
    -72.345         0.00000     0.00000     0.00000     0.00000
    -72.195         0.00000     0.00000     0.00000     0.00000
    -72.045         0.00000     0.00000     0.00000     0.00000
    -71.895         0.00000     0.00000     0.00000     0.00000
    -71.745         0.00000     0.00000     0.00000     0.00000
    -71.595         0.00000     0.00000     0.00000     0.00000
    -71.445         0.00000     0.00000     0.00000     0.00000
    -71.295         0.00000     0.00000     0.00000     0.00000
    -71.145         0.00000     0.00000     0.00000     0.00000
    -70.995         0.00000     0.00000     0.00000     0.00000
    -70.845         0.00000     0.00000     0.00000     0.00000
    -70.695         0.00000     0.00000     0.00000     0.00000
    -70.545         0.00000     0.00000     0.00000     0.00000
    -70.395         0.00000     0.00000     0.00000     0.00000
    -70.245         0.00000     0.00000     0.00000     0.00000
    -70.095         0.00000     0.00000     0.00000     0.00000
    -69.945         0.00000     0.00000     0.00000     0.00000
    -69.795         0.00000     0.00000     0.00000     0.00000
    -69.645         0.00000     0.00000     0.00000     0.00000
    -69.495         0.00000     0.00000     0.00000     0.00000
    -69.345         0.00000     0.00000     0.00000     0.00000
    -69.195         0.00000     0.00000     0.00000     0.00000
    -69.045         0.00000     0.00000     0.00000     0.00000
    -68.895         0.00000     0.00000     0.00000     0.00000
    -68.745         0.00000     0.00000     0.00000     0.00000
    -68.595         0.00000     0.00000     0.00000     0.00000
    -68.445         0.00000     0.00000     0.00000     0.00000
    -68.295         0.00000     0.00000     0.00000     0.00000
    -68.145         0.00000     0.00000     0.00000     0.00000
    -67.995         0.00000     0.00000     0.00000     0.00000
    -67.845         0.00000     0.00000     0.00000     0.00000
    -67.695         0.00000     0.00000     0.00000     0.00000
    -67.545         0.00000     0.00000     0.00000     0.00000
    -67.395         0.00000     0.00000     0.00000     0.00000
    -67.245         0.00000     0.00000     0.00000     0.00000
    -67.095         0.00000     0.00000     0.00000     0.00000
    -66.945         0.00000     0.00000     0.00000     0.00000
    -66.795         0.00000     0.00000     0.00000     0.00000
    -66.645         0.00000     0.00000     0.00000     0.00000
    -66.495         0.00000     0.00000     0.00000     0.00000
    -66.345         0.00000     0.00000     0.00000     0.00000
    -66.195         0.00000     0.00000     0.00000     0.00000
    -66.045         0.00000     0.00000     0.00000     0.00000
    -65.895         0.00000     0.00000     0.00000     0.00000
    -65.745         0.00000     0.00000     0.00000     0.00000
    -65.595         0.00000     0.00000     0.00000     0.00000
    -65.445         0.00000     0.00000     0.00000     0.00000
    -65.295         0.00000     0.00000     0.00000     0.00000
    -65.145         0.00000     0.00000     0.00000     0.00000
    -64.995         0.00000     0.00000     0.00000     0.00000
    -64.845         0.00000     0.00000     0.00000     0.00000
    -64.695         0.00000     0.00000     0.00000     0.00000
    -64.545         0.00000     0.00000     0.00000     0.00000
    -64.395         0.00000     0.00000     0.00000     0.00000
    -64.245         0.00000     0.00000     0.00000     0.00000
    -64.095         0.00000     0.00000     0.00000     0.00000
    -63.945         0.00000     0.00000     0.00000     0.00000
    -63.795         0.00000     0.00000     0.00000     0.00000
    -63.645         0.00000     0.00000     0.00000     0.00000
    -63.495         0.00000     0.00000     0.00000     0.00000
    -63.345         0.00000     0.00000     0.00000     0.00000
    -63.195         0.00000     0.00000     0.00000     0.00000
    -63.045         0.00000     0.00000     0.00000     0.00000
    -62.895         0.00000     0.00000     0.00000     0.00000
    -62.745         0.00000     0.00000     0.00000     0.00000
    -62.595         0.00000     0.00000     0.00000     0.00000
    -62.445         0.00000     0.00000     0.00000     0.00000
    -62.295         0.00000     0.00000     0.00000     0.00000
    -62.145         0.00000     0.00000     0.00000     0.00000
    -61.995         0.00000     0.00000     0.00000     0.00000
    -61.845         0.00000     0.00000     0.00000     0.00000
    -61.695         0.00000     0.00000     0.00000     0.00000
    -61.545         0.00000     0.00000     0.00000     0.00000
    -61.395         0.00000     0.00000     0.00000     0.00000
    -61.245         0.00000     0.00000     0.00000     0.00000
    -61.095         0.00000     0.00000     0.00000     0.00000
    -60.945         0.00000     0.00000     0.00000     0.00000
    -60.795         0.00000     0.00000     0.00000     0.00000
    -60.645         0.00000     0.00000     0.00000     0.00000
    -60.495         0.00000     0.00000     0.00000     0.00000
    -60.345         0.00000     0.00000     0.00000     0.00000
    -60.195         0.00000     0.00000     0.00000     0.00000
    -60.045         0.00000     0.00000     0.00000     0.00000
    -59.895         0.00000     0.00000     0.00000     0.00000
    -59.745         0.00000     0.00000     0.00000     0.00000
    -59.595         0.00000     0.00000     0.00000     0.00000
    -59.445         0.00000     0.00000     0.00000     0.00000
    -59.295         0.00000     0.00000     0.00000     0.00000
    -59.145         0.00000     0.00000     0.00000     0.00000
    -58.995         0.00000     0.00000     0.00000     0.00000
    -58.845         0.00000     0.00000     0.00000     0.00000
    -58.695         0.00000     0.00000     0.00000     0.00000
    -58.545         0.00000     0.00000     0.00000     0.00000
    -58.395         0.00000     0.00000     0.00000     0.00000
    -58.245         0.00000     0.00000     0.00000     0.00000
    -58.095         0.00000     0.00000     0.00000     0.00000
    -57.945         0.00000     0.00000     0.00000     0.00000
    -57.795         0.00000     0.00000     0.00000     0.00000
    -57.645         0.00000     0.00000     0.00000     0.00000
    -57.495         0.00000     0.00000     0.00000     0.00000
    -57.345         0.00000     0.00000     0.00000     0.00000
    -57.195         0.00000     0.00000     0.00000     0.00000
    -57.045         0.00000     0.00000     0.00000     0.00000
    -56.895         0.00000     0.00000     0.00000     0.00000
    -56.745         0.00000     0.00000     0.00000     0.00000
    -56.595         0.00000     0.00000     0.00000     0.00000
    -56.445         0.00000     0.00000     0.00000     0.00000
    -56.295         0.00000     0.00000     0.00000     0.00000
    -56.145         0.00000     0.00000     0.00000     0.00000
    -55.995         0.00000     0.00000     0.00000     0.00000
    -55.845         0.00000     0.00000     0.00000     0.00000
    -55.695         0.00000     0.00000     0.00000     0.00000
    -55.545         0.00000     0.00000     0.00000     0.00000
    -55.395         0.00000     0.00000     0.00000     0.00000
    -55.245         0.00000     0.00000     0.00000     0.00000
    -55.095         0.00000     0.00000     0.00000     0.00000
    -54.945         0.00000     0.00000     0.00000     0.00000
    -54.795         0.00000     0.00000     0.00000     0.00000
    -54.645         0.00000     0.00000     0.00000     0.00000
    -54.495         0.00000     0.00000     0.00000     0.00000
    -54.345         0.00000     0.00000     0.00000     0.00000
    -54.195         0.00000     0.00000     0.00000     0.00000
    -54.045         0.00000     0.00000     0.00000     0.00000
    -53.895         0.00000     0.00000     0.00000     0.00000
    -53.745         0.00000     0.00000     0.00000     0.00000
    -53.595         0.00000     0.00000     0.00000     0.00000
    -53.445         0.00000     0.00000     0.00000     0.00000
    -53.295         0.00000     0.00000     0.00000     0.00000
    -53.145         0.00000     0.00000     0.00000     0.00000
    -52.995         0.00000     0.00000     0.00000     0.00000
    -52.845         0.00000     0.00000     0.00000     0.00000
    -52.695         0.00000     0.00000     0.00000     0.00000
    -52.545         0.00000     0.00000     0.00000     0.00000
    -52.395         0.00000     0.00000     0.00000     0.00000
    -52.245         0.00000     0.00000     0.00000     0.00000
    -52.095         0.00000     0.00000     0.00000     0.00000
    -51.945         0.00000     0.00000     0.00000     0.00000
    -51.795         0.00000     0.00000     0.00000     0.00000
    -51.645         0.00000     0.00000     0.00000     0.00000
    -51.495         0.00000     0.00000     0.00000     0.00000
    -51.345         0.00000     0.00000     0.00000     0.00000
    -51.195         0.00000     0.00000     0.00000     0.00000
    -51.045         0.00000     0.00000     0.00000     0.00000
    -50.895         0.00000     0.00000     0.00000     0.00000
    -50.745         0.00000     0.00000     0.00000     0.00000
    -50.595         0.00000     0.00000     0.00000     0.00000
    -50.445         0.00000     0.00000     0.00000     0.00000
    -50.295         0.00000     0.00000     0.00000     0.00000
    -50.145         0.00000     0.00000     0.00000     0.00000
    -49.995         0.00000     0.00000     0.00000     0.00000
    -49.845         0.00000     0.00000     0.00000     0.00000
    -49.695         0.00000     0.00000     0.00000     0.00000
    -49.545         0.00000     0.00000     0.00000     0.00000
    -49.395         0.00000     0.00000     0.00000     0.00000
    -49.245         0.00000     0.00000     0.00000     0.00000
    -49.095         0.00000     0.00000     0.00000     0.00000
    -48.945         0.00000     0.00000     0.00000     0.00000
    -48.795         0.00000     0.00000     0.00000     0.00000
    -48.645         0.00000     0.00000     0.00000     0.00000
    -48.495         0.00000     0.00000     0.00000     0.00000
    -48.345         0.00000     0.00000     0.00000     0.00000
    -48.195         0.00000     0.00000     0.00000     0.00000
    -48.045         0.00000     0.00000     0.00000     0.00000
    -47.895         0.00000     0.00000     0.00000     0.00000
    -47.745         0.00000     0.00000     0.00000     0.00000
    -47.595         0.00000     0.00000     0.00000     0.00000
    -47.445         0.00000     0.00000     0.00000     0.00000
    -47.295         0.00000     0.00000     0.00000     0.00000
    -47.145         0.00000     0.00000     0.00000     0.00000
    -46.995         0.00000     0.00000     0.00000     0.00000
    -46.845         0.00000     0.00000     0.00000     0.00000
    -46.695         0.00000     0.00000     0.00000     0.00000
    -46.545         0.00000     0.00000     0.00000     0.00000
    -46.395         0.00000     0.00000     0.00000     0.00000
    -46.245         0.00000     0.00000     0.00000     0.00000
    -46.095         0.00000     0.00000     0.00000     0.00000
    -45.945         0.00000     0.00000     0.00000     0.00000
    -45.795         0.00000     0.00000     0.00000     0.00000
    -45.645         0.00000     0.00000     0.00000     0.00000
    -45.495         0.00000     0.00000     0.00000     0.00000
    -45.345         0.00000     0.00000     0.00000     0.00000
    -45.195         0.00000     0.00000     0.00000     0.00000
    -45.045         0.00000     0.00000     0.00000     0.00000
    -44.895         0.00000     0.00000     0.00000     0.00000
    -44.745         0.00000     0.00000     0.00000     0.00000
    -44.595         0.00000     0.00000     0.00000     0.00000
    -44.445         0.00000     0.00000     0.00000     0.00000
    -44.295         0.00000     0.00000     0.00000     0.00000
    -44.145         0.00000     0.00000     0.00000     0.00000
    -43.995         0.00000     0.00000     0.00000     0.00000
    -43.845         0.00000     0.00000     0.00000     0.00000
    -43.695         0.00000     0.00000     0.00000     0.00000
    -43.545         0.00000     0.00000     0.00000     0.00000
    -43.395         0.00000     0.00000     0.00000     0.00000
    -43.245         0.00000     0.00000     0.00000     0.00000
    -43.095         0.00000     0.00000     0.00000     0.00000
    -42.945         0.00000     0.00000     0.00000     0.00000
    -42.795         0.00000     0.00000     0.00000     0.00000
    -42.645         0.00000     0.00000     0.00000     0.00000
    -42.495         0.00000     0.00000     0.00000     0.00000
    -42.345         0.00000     0.00000     0.00000     0.00000
    -42.195         0.00000     0.00000     0.00000     0.00000
    -42.045         0.00000     0.00000     0.00000     0.00000
    -41.895         0.00000     0.00000     0.00000     0.00000
    -41.745         0.00000     0.00000     0.00000     0.00000
    -41.595         0.00000     0.00000     0.00000     0.00000
    -41.445         0.00000     0.00000     0.00000     0.00000
    -41.295         0.00000     0.00000     0.00000     0.00000
    -41.145         0.00000     0.00000     0.00000     0.00000
    -40.995         0.00000     0.00000     0.00000     0.00000
    -40.845         0.00000     0.00000     0.00000     0.00000
    -40.695         0.00000     0.00000     0.00000     0.00000
    -40.545         0.00000     0.00000     0.00000     0.00000
    -40.395         0.00000     0.00000     0.00000     0.00000
    -40.245         0.00000     0.00000     0.00000     0.00000
    -40.095         0.00000     0.00000     0.00000     0.00000
    -39.945         0.00000     0.00000     0.00000     0.00000
    -39.795         0.00000     0.00000     0.00000     0.00000
    -39.645         0.00000     0.00000     0.00000     0.00000
    -39.495         0.00000     0.00000     0.00000     0.00000
    -39.345         0.00000     0.00000     0.00000     0.00000
    -39.195         0.00000     0.00000     0.00000     0.00000
    -39.045         0.00000     0.00000     0.00000     0.00000
    -38.895         0.00000     0.00000     0.00000     0.00000
    -38.745         0.00000     0.00000     0.00000     0.00000
    -38.595         0.00000     0.00000     0.00000     0.00000
    -38.445         0.00000     0.00000     0.00000     0.00000
    -38.295         0.00000     0.00000     0.00000     0.00000
    -38.145         0.00000     0.00000     0.00000     0.00000
    -37.995         0.00000     0.00000     0.00000     0.00000
    -37.845         0.00000     0.00000     0.00000     0.00000
    -37.695         0.00000     0.00000     0.00000     0.00000
    -37.545         0.00000     0.00000     0.00000     0.00000
    -37.395         0.00000     0.00000     0.00000     0.00000
    -37.245         0.00000     0.00000     0.00000     0.00000
    -37.095         0.00000     0.00000     0.00000     0.00000
    -36.945         0.00000     0.00000     0.00000     0.00000
    -36.795         0.00000     0.00000     0.00000     0.00000
    -36.645         0.00000     0.00000     0.00000     0.00000
    -36.495         0.00000     0.00000     0.00000     0.00000
    -36.345         0.00000     0.00000     0.00000     0.00000
    -36.195         0.00000     0.00000     0.00000     0.00000
    -36.045         0.00000     0.00000     0.00000     0.00000
    -35.895         0.00000     0.00000     0.00000     0.00000
    -35.745         0.00000     0.00000     0.00000     0.00000
    -35.595         0.00000     0.00000     0.00000     0.00000
    -35.445         0.00000     0.00000     0.00000     0.00000
    -35.295         0.00000     0.00000     0.00000     0.00000
    -35.145         0.00000     0.00000     0.00000     0.00000
    -34.995         0.00000     0.00000     0.00000     0.00000
    -34.845         0.00000     0.00000     0.00000     0.00000
    -34.695         0.00000     0.00000     0.00000     0.00000
    -34.545         0.00000     0.00000     0.00000     0.00000
    -34.395         0.00000     0.00000     0.00000     0.00000
    -34.245         0.00000     0.00000     0.00000     0.00000
    -34.095         0.00000     0.00000     0.00000     0.00000
    -33.945         0.00000     0.00000     0.00000     0.00000
    -33.795         0.00000     0.00000     0.00000     0.00000
    -33.645         0.00000     0.00000     0.00000     0.00000
    -33.495         0.00000     0.00000     0.00000     0.00000
    -33.345         0.00000     0.00000     0.00000     0.00000
    -33.195         0.00000     0.00000     0.00000     0.00000
    -33.045         0.00000     0.00000     0.00000     0.00000
    -32.895         0.00000     0.00000     0.00000     0.00000
    -32.745         0.00000     0.00000     0.00000     0.00000
    -32.595         0.00000     0.00000     0.00000     0.00000
    -32.445         0.00000     0.00000     0.00000     0.00000
    -32.295         0.00000     0.00000     0.00000     0.00000
    -32.145         0.00000     0.00000     0.00000     0.00000
    -31.995         0.00000     0.00000     0.00000     0.00000
    -31.845         0.00000     0.00000     0.00000     0.00000
    -31.695         0.00000     0.00000     0.00000     0.00000
    -31.545         0.00000     0.00000     0.00000     0.00000
    -31.395         0.00000     0.00000     0.00000     0.00000
    -31.245         0.00000     0.00000     0.00000     0.00000
    -31.095         0.00000     0.00000     0.00000     0.00000
    -30.945         0.00000     0.00000     0.00000     0.00000
    -30.795         0.00000     0.00000     0.00000     0.00000
    -30.645         0.00000     0.00000     0.00000     0.00000
    -30.495         0.00000     0.00000     0.00000     0.00000
    -30.345         0.00000     0.00000     0.00000     0.00000
    -30.195         0.00000     0.00000     0.00000     0.00000
    -30.045         0.00000     0.00000     0.00000     0.00000
    -29.895         0.00000     0.00000     0.00000     0.00000
    -29.745         0.00000     0.00000     0.00000     0.00000
    -29.595         0.00000     0.00000     0.00000     0.00000
    -29.445         0.00000     0.00000     0.00000     0.00000
    -29.295         0.00000     0.00000     0.00000     0.00000
    -29.145         0.00000     0.00000     0.00000     0.00000
    -28.995         0.00000     0.00000     0.00000     0.00000
    -28.845         0.00000     0.00000     0.00000     0.00000
    -28.695         0.00000     0.00000     0.00000     0.00000
    -28.545         0.00000     0.00000     0.00000     0.00000
    -28.395         0.00000     0.00000     0.00000     0.00000
    -28.245         0.00000     0.00000     0.00000     0.00000
    -28.095         0.00000     0.00000     0.00000     0.00000
    -27.945         0.00000     0.00000     0.00000     0.00000
    -27.795         0.00000     0.00000     0.00000     0.00000
    -27.645         0.00000     0.00000     0.00000     0.00000
    -27.495         0.00000     0.00000     0.00000     0.00000
    -27.345         0.00000     0.00000     0.00000     0.00000
    -27.195         0.00000     0.00000     0.00000     0.00000
    -27.045         0.00000     0.00000     0.00000     0.00000
    -26.895         0.00000     0.00000     0.00000     0.00000
    -26.745         0.00000     0.00000     0.00000     0.00000
    -26.595         0.00000     0.00000     0.00000     0.00000
    -26.445         0.00000     0.00000     0.00000     0.00000
    -26.295         0.00000     0.00000     0.00000     0.00000
    -26.145         0.00000     0.00000     0.00000     0.00000
    -25.995         0.00000     0.00000     0.00000     0.00000
    -25.845         0.00000     0.00000     0.00000     0.00000
    -25.695         0.00000     0.00000     0.00000     0.00000
    -25.545         0.00000     0.00000     0.00000     0.00000
    -25.395         0.00000     0.00000     0.00000     0.00000
    -25.245         0.00000     0.00000     0.00000     0.00000
    -25.095         0.00000     0.00000     0.00000     0.00000
    -24.945         0.00000     0.00000     0.00000     0.00000
    -24.795         0.00000     0.00000     0.00000     0.00000
    -24.645         0.00000     0.00000     0.00000     0.00000
    -24.495         0.00000     0.00000     0.00000     0.00000
    -24.345         0.00000     0.00000     0.00000     0.00000
    -24.195         0.00000     0.00000     0.00000     0.00000
    -24.045         0.00000     0.00000     0.00000     0.00000
    -23.895         0.00000     0.00000     0.00000     0.00000
    -23.745         0.00000     0.00000     0.00000     0.00000
    -23.595         0.00000     0.00000     0.00000     0.00000
    -23.445         0.00000     0.00000     0.00000     0.00000
    -23.295         0.00000     0.00000     0.00000     0.00000
    -23.145         0.00000     0.00000     0.00000     0.00000
    -22.995         0.00000     0.00000     0.00000     0.00000
    -22.845         0.00000     0.00000     0.00000     0.00000
    -22.695         0.00000     0.00000     0.00000     0.00000
    -22.545         0.00000     0.00000     0.00000     0.00000
    -22.395         0.00000     0.00000     0.00000     0.00000
    -22.245         0.00000     0.00000     0.00000     0.00000
    -22.095         0.00000     0.00000     0.00000     0.00000
    -21.945         0.00000     0.00000     0.00000     0.00000
    -21.795         0.00000     0.00000     0.00000     0.00000
    -21.645         0.00000     0.00000     0.00000     0.00000
    -21.495        -0.00000     0.00000    -0.00000     0.00000
    -21.345        -0.00000     0.00000    -0.00000     0.00000
    -21.195        -0.00000     0.00000    -0.00000     0.00000
    -21.045        -0.00086     0.00000    -0.00086     0.00000
    -20.895        -0.00086     0.00000    -0.00086     0.00000
    -20.745        -0.00086     0.00000    -0.00086     0.00000
    -20.595        -0.00178     0.00000    -0.00178     0.00000
    -20.445        -0.00271     0.00000    -0.00271     0.00000
    -20.295        -0.00365     0.00000    -0.00365     0.00000
    -20.145        -0.00551     0.00000    -0.00551     0.00000
    -19.995        -0.00551     0.00000    -0.00551     0.00000
    -19.845        -0.00551     0.00000    -0.00551     0.00000
    -19.695        -0.00647     0.00000    -0.00647     0.00000
    -19.545        -0.00922     0.00000    -0.00922     0.00000
    -19.395        -0.01107     0.00000    -0.01107     0.00000
    -19.245        -0.01639     0.00000    -0.01639     0.00000
    -19.095        -0.01640     0.00000    -0.01640     0.00000
    -18.945        -0.01912     0.00000    -0.01912     0.00000
    -18.795        -0.02097     0.00000    -0.02097     0.00000
    -18.645        -0.02098     0.00000    -0.02098     0.00000
    -18.495        -0.02196     0.00000    -0.02196     0.00000
    -18.345        -0.02294     0.00000    -0.02294     0.00000
    -18.195        -0.02392     0.00000    -0.02392     0.00000
    -18.045        -0.02489     0.00000    -0.02489     0.00000
    -17.895        -0.02672     0.00000    -0.02672     0.00000
    -17.745        -0.02855     0.00000    -0.02855     0.00000
    -17.595        -0.02955     0.00000    -0.02955     0.00000
    -17.445        -0.03137     0.00000    -0.03137     0.00000
    -17.295        -0.03400     0.00000    -0.03400     0.00000
    -17.145        -0.03402     0.00000    -0.03402     0.00000
    -16.995        -0.03501     0.00000    -0.03501     0.00000
    -16.845        -0.03682     0.00000    -0.03682     0.00000
    -16.695        -0.03782     0.00000    -0.03782     0.00000
    -16.545        -0.03961     0.00000    -0.03961     0.00000
    -16.395        -0.04216     0.00000    -0.04216     0.00000
    -16.245        -0.04317     0.00000    -0.04317     0.00000
    -16.095        -0.04319     0.00000    -0.04319     0.00000
    -15.945        -0.04321     0.00000    -0.04321     0.00000
    -15.795        -0.04499     0.00000    -0.04499     0.00000
    -15.645        -0.04501     0.00000    -0.04501     0.00000
    -15.495        -0.04504     0.00000    -0.04504     0.00000
    -15.345        -0.04679     0.00000    -0.04679     0.00000
    -15.195        -0.04682     0.00000    -0.04682     0.00000
    -15.045        -0.04857     0.00000    -0.04857     0.00000
    -14.895        -0.04958     0.00000    -0.04958     0.00000
    -14.745        -0.04961     0.00000    -0.04961     0.00000
    -14.595        -0.04964     0.00000    -0.04964     0.00000
    -14.445        -0.05033    -0.00066    -0.04967     0.00000
    -14.295        -0.05330    -0.00259    -0.05071     0.00000
    -14.145        -0.05691    -0.00517    -0.05174     0.00000
    -13.995        -0.06144    -0.00966    -0.05178     0.00000
    -13.845        -0.06665    -0.01483    -0.05181     0.00000
    -13.695        -0.07560    -0.02374    -0.05185     0.00000
    -13.545        -0.08164    -0.02975    -0.05188     0.00000
    -13.395        -0.09204    -0.04012    -0.05192     0.00000
    -13.245        -0.10418    -0.05118    -0.05300     0.00000
    -13.095        -0.11779    -0.06476    -0.05304     0.00000
    -12.945        -0.13268    -0.07960    -0.05308     0.00000
    -12.795        -0.14706    -0.09392    -0.05313     0.00000
    -12.645        -0.16143    -0.10826    -0.05317     0.00000
    -12.495        -0.17339    -0.11911    -0.05428     0.00000
    -12.345        -0.18724    -0.13290    -0.05433     0.00000
    -12.195        -0.19877    -0.14439    -0.05437     0.00000
    -12.045        -0.20918    -0.15476    -0.05443     0.00000
    -11.895        -0.21901    -0.16454    -0.05447     0.00000
    -11.745        -0.22993    -0.17541    -0.05452     0.00000
    -11.595        -0.24308    -0.18740    -0.05569     0.00000
    -11.445        -0.25399    -0.19824    -0.05574     0.00000
    -11.295        -0.26434    -0.20854    -0.05581     0.00000
    -11.145        -0.27734    -0.22147    -0.05587     0.00000
    -10.995        -0.29040    -0.23330    -0.05710     0.00000
    -10.845        -0.30278    -0.24561    -0.05718     0.00000
    -10.695        -0.31714    -0.25989    -0.05725     0.00000
    -10.545        -0.33368    -0.27516    -0.05852     0.00000
    -10.395        -0.34638    -0.28779    -0.05860     0.00000
    -10.245        -0.36003    -0.30136    -0.05867     0.00000
    -10.095        -0.37169    -0.31294    -0.05875     0.00000
    -9.9450        -0.38618    -0.32736    -0.05882     0.00000
    -9.7950        -0.39774    -0.33885    -0.05890     0.00000
    -9.6450        -0.40695    -0.34795    -0.05899     0.00000
    -9.4950        -0.41613    -0.35706    -0.05907     0.00000
    -9.3450        -0.42438    -0.36522    -0.05916     0.00000
    -9.1950        -0.44000    -0.37886    -0.06114     0.00000
    -9.0450        -0.45336    -0.39019    -0.06317     0.00000
    -8.8950        -0.46261    -0.39794    -0.06466     0.00000
    -8.7450        -0.47224    -0.40748    -0.06476     0.00000
    -8.5950        -0.48229    -0.41744    -0.06485     0.00000
    -8.4450        -0.49359    -0.42614    -0.06745     0.00000
    -8.2950        -0.50367    -0.43613    -0.06755     0.00000
    -8.1450        -0.51672    -0.44648    -0.07025     0.00000
    -7.9950        -0.52942    -0.45644    -0.07298     0.00000
    -7.8450        -0.54185    -0.46566    -0.07620     0.00000
    -7.6950        -0.55317    -0.47458    -0.07859     0.00000
    -7.5450        -0.56416    -0.48312    -0.08103     0.00000
    -7.3950        -0.57675    -0.49324    -0.08351     0.00000
    -7.2450        -0.59215    -0.50557    -0.08657     0.00000
    -7.0950        -0.60421    -0.51507    -0.08914     0.00000
    -6.9450        -0.61647    -0.52356    -0.09234    -0.00057
    -6.7950        -0.63339    -0.53389    -0.09714    -0.00235
    -6.6450        -0.65499    -0.54697    -0.10207    -0.00595
    -6.4950        -0.68444    -0.55749    -0.10675    -0.02020
    -6.3450        -0.72647    -0.56905    -0.11227    -0.04515
    -6.1950        -0.78136    -0.57908    -0.11755    -0.08472
    -6.0450        -0.86321    -0.59268    -0.12394    -0.14659
    -5.8950        -0.97223    -0.60456    -0.12985    -0.23781
    -5.7450        -1.11040    -0.61559    -0.13745    -0.35737
    -5.5950        -1.27792    -0.63060    -0.14719    -0.50014
    -5.4450        -1.47799    -0.64512    -0.15488    -0.67798
    -5.2950        -1.69966    -0.66165    -0.16552    -0.87249
    -5.1450        -1.93205    -0.67884    -0.17667    -1.07655
    -4.9950        -2.17028    -0.69665    -0.18855    -1.28508
    -4.8450        -2.41041    -0.71556    -0.20071    -1.49413
    -4.6950        -2.66141    -0.73576    -0.21490    -1.71074
    -4.5450        -2.90932    -0.75727    -0.23081    -1.92124
    -4.3950        -3.15953    -0.77781    -0.24796    -2.13375
    -4.2450        -3.40004    -0.80046    -0.26704    -2.33254
    -4.0950        -3.64219    -0.82415    -0.28623    -2.53181
    -3.9450        -3.88052    -0.85201    -0.30458    -2.72393
    -3.7950        -4.11602    -0.87833    -0.32771    -2.90998
    -3.6450        -4.34698    -0.90875    -0.35222    -3.08600
    -3.4950        -4.56603    -0.93606    -0.37782    -3.25215
    -3.3450        -4.78557    -0.96538    -0.40535    -3.41484
    -3.1950        -5.00311    -0.99794    -0.43575    -3.56943
    -3.0450        -5.22814    -1.03276    -0.47042    -3.72496
    -2.8950        -5.45620    -1.06795    -0.50591    -3.88234
    -2.7450        -5.68813    -1.10717    -0.54628    -4.03469
    -2.5950        -5.94072    -1.15320    -0.59328    -4.19424
    -2.4450        -6.20198    -1.19804    -0.64453    -4.35941
    -2.2950        -6.48460    -1.24958    -0.70075    -4.53427
    -2.1450        -6.78769    -1.30575    -0.75876    -4.72319
    -1.9950        -7.12354    -1.37066    -0.82586    -4.92702
    -1.8450        -7.51617    -1.44375    -0.90153    -5.17088
    -1.6950        -7.96875    -1.52836    -0.98917    -5.45123
    -1.5450        -8.52906    -1.63003    -1.09214    -5.80689
    -1.3950        -9.21273    -1.75047    -1.21043    -6.25184
    -1.2450       -10.04125    -1.88620    -1.34816    -6.80690
    -1.0950       -11.06592    -2.05891    -1.51348    -7.49352
   -0.94500       -12.31640    -2.26335    -1.72339    -8.32965
   -0.79500       -13.91847    -2.53152    -1.99319    -9.39377
   -0.64500       -15.96333    -2.89408    -2.35835   -10.71090
   -0.49500       -18.65496    -3.42302    -2.89918   -12.33277
   -0.34500       -22.44062    -4.24237    -3.76072   -14.43753
   -0.22700       -24.13682    -4.62761    -4.17519   -15.33402
   -0.21300       -24.36087    -4.67930    -4.23112   -15.45046
   -0.20700       -24.59188    -4.73309    -4.28967   -15.56912
   -0.20100       -24.82915    -4.78856    -4.34958   -15.69101
   -0.19500       -25.07475    -4.84443    -4.41192   -15.81840
   -0.18900       -25.32810    -4.90330    -4.47631   -15.94849
   -0.18300       -25.58555    -4.96363    -4.54136   -16.08057
   -0.17700       -25.85326    -5.02722    -4.60901   -16.21703
   -0.17100       -26.12990    -5.09222    -4.67950   -16.35818
   -0.16500       -26.41534    -5.15913    -4.75254   -16.50366
   -0.15900       -26.71001    -5.22788    -4.82974   -16.65239
   -0.15300       -27.01661    -5.30026    -4.90866   -16.80769
   -0.14700       -27.33398    -5.37463    -4.99105   -16.96829
   -0.14100       -27.66164    -5.45166    -5.07615   -17.13383
   -0.13500       -28.00227    -5.53194    -5.16540   -17.30493
   -0.12900       -28.35792    -5.61403    -5.25902   -17.48487
   -0.12300       -28.72777    -5.70030    -5.35666   -17.67080
   -0.11700       -29.11208    -5.78958    -5.45704   -17.86546
   -0.11100       -29.51343    -5.88220    -5.56267   -18.06855
   -0.10500       -29.93423    -5.97894    -5.67279   -18.28251
   -0.99000E-01   -30.37661    -6.07962    -5.78828   -18.50871
   -0.93000E-01   -30.84146    -6.18452    -5.91045   -18.74649
   -0.87000E-01   -31.33114    -6.29542    -6.03806   -18.99765
   -0.81000E-01   -31.84963    -6.41082    -6.17250   -19.26631
   -0.75000E-01   -32.40316    -6.53143    -6.31577   -19.55596
   -0.69000E-01   -32.99378    -6.65841    -6.46892   -19.86645
   -0.63000E-01   -33.63115    -6.79287    -6.63426   -20.20402
   -0.57000E-01   -34.32792    -6.93557    -6.81767   -20.57469
   -0.51000E-01   -35.09777    -7.09144    -7.02056   -20.98578
   -0.45000E-01   -35.94735    -7.26097    -7.23736   -21.44901
   -0.39000E-01   -36.87616    -7.43978    -7.45643   -21.97994
   -0.33000E-01   -37.89339    -7.61849    -7.66993   -22.60498
   -0.27000E-01   -39.02261    -7.78682    -7.86803   -23.36776
   -0.21300E-01   -39.88537    -7.89134    -7.98759   -24.00645
   -0.19500E-01   -40.02016    -7.90570    -8.00369   -24.11077
   -0.18900E-01   -40.15798    -7.91968    -8.01943   -24.21888
   -0.18300E-01   -40.29837    -7.93339    -8.03462   -24.33035
   -0.17700E-01   -40.44171    -7.94695    -8.04935   -24.44540
   -0.17100E-01   -40.58897    -7.96016    -8.06369   -24.56512
   -0.16500E-01   -40.73920    -7.97300    -8.07759   -24.68861
   -0.15900E-01   -40.89357    -7.98550    -8.09111   -24.81696
   -0.15300E-01   -41.05180    -7.99761    -8.10415   -24.95004
   -0.14700E-01   -41.21556    -8.00939    -8.11671   -25.08947
   -0.14100E-01   -41.38415    -8.02090    -8.12869   -25.23456
   -0.13500E-01   -41.55860    -8.03181    -8.14022   -25.38656
   -0.12900E-01   -41.73930    -8.04237    -8.15126   -25.54567
   -0.12300E-01   -41.92730    -8.05251    -8.16189   -25.71289
   -0.11700E-01   -42.12288    -8.06215    -8.17199   -25.88874
   -0.11100E-01   -42.32744    -8.07143    -8.18157   -26.07445
   -0.10500E-01   -42.54187    -8.08021    -8.19065   -26.27101
   -0.99000E-02   -42.76791    -8.08852    -8.19922   -26.48017
   -0.93000E-02   -43.00686    -8.09645    -8.20733   -26.70308
   -0.87000E-02   -43.26137    -8.10384    -8.21494   -26.94259
   -0.81000E-02   -43.53441    -8.11075    -8.22211   -27.20155
   -0.75000E-02   -43.83055    -8.11718    -8.22865   -27.48473
   -0.69000E-02   -44.15482    -8.12311    -8.23473   -27.79698
   -0.63000E-02   -44.51294    -8.12857    -8.24026   -28.14411
   -0.57000E-02   -44.91165    -8.13352    -8.24526   -28.53287
   -0.51000E-02   -45.35769    -8.13797    -8.24974   -28.96998
   -0.45000E-02   -45.86044    -8.14186    -8.25371   -29.46486
   -0.39000E-02   -46.42789    -8.14526    -8.25714   -30.02548
   -0.33000E-02   -47.07094    -8.14817    -8.26005   -30.66272
   -0.27000E-02   -47.80270    -8.15055    -8.26242   -31.38973
   -0.21000E-02   -48.64571    -8.15238    -8.26427   -32.22906
   -0.15000E-02   -49.63504    -8.15370    -8.26559   -33.21575
   -0.90000E-03   -50.62184    -8.15449    -8.26638   -34.20097
   -0.30000E-03   -51.04183    -8.15475    -8.26665   -34.62043
    0.30000E-03   -50.62175    -8.15449    -8.26638   -34.20088
    0.90000E-03   -49.63244    -8.15370    -8.26559   -33.21314
    0.15000E-02   -48.64005    -8.15237    -8.26428   -32.22341
    0.21000E-02   -47.79625    -8.15052    -8.26244   -31.38329
    0.27000E-02   -47.06414    -8.14816    -8.26009   -30.65590
    0.33000E-02   -46.42067    -8.14527    -8.25718   -30.01822
    0.39000E-02   -45.85358    -8.14182    -8.25383   -29.45793
    0.45000E-02   -45.35166    -8.13789    -8.24994   -28.96384
    0.51000E-02   -44.90570    -8.13341    -8.24552   -28.52676
    0.57000E-02   -44.50788    -8.12842    -8.24062   -28.13884
    0.63000E-02   -44.15017    -8.12289    -8.23524   -27.79203
    0.69000E-02   -43.82661    -8.11681    -8.22928   -27.48053
    0.75000E-02   -43.53008    -8.11020    -8.22288   -27.19701
    0.81000E-02   -43.25659    -8.10306    -8.21601   -26.93751
    0.87000E-02   -43.00195    -8.09541    -8.20878   -26.69777
    0.93000E-02   -42.76280    -8.08721    -8.20097   -26.47462
    0.99000E-02   -42.53682    -8.07858    -8.19270   -26.26554
    0.10500E-01   -42.32258    -8.06939    -8.18390   -26.06929
    0.11100E-01   -42.11893    -8.05984    -8.17477   -25.88432
    0.11700E-01   -41.92406    -8.04979    -8.16513   -25.70914
    0.12300E-01   -41.73606    -8.03923    -8.15499   -25.54184
    0.12900E-01   -41.55547    -8.02806    -8.14447   -25.38294
    0.13500E-01   -41.38151    -8.01656    -8.13354   -25.23141
    0.14100E-01   -41.21313    -8.00448    -8.12230   -25.08636
    0.14700E-01   -41.04950    -7.99197    -8.11058   -24.94695
    0.15300E-01   -40.89062    -7.97896    -8.09840   -24.81325
    0.15900E-01   -40.73639    -7.96569    -8.08585   -24.68486
    0.16500E-01   -40.58614    -7.95189    -8.07308   -24.56117
    0.17100E-01   -40.43947    -7.93763    -8.05990   -24.44194
    0.17700E-01   -40.29542    -7.92292    -8.04640   -24.32610
    0.18300E-01   -40.15428    -7.90761    -8.03243   -24.21424
    0.18900E-01   -40.01674    -7.89222    -8.01850   -24.10602
    0.19500E-01   -39.88174    -7.87623    -8.00418   -24.00133
    0.21300E-01   -39.01977    -7.75729    -7.89982   -23.36266
    0.27000E-01   -37.88902    -7.55921    -7.73067   -22.59914
    0.33000E-01   -36.87886    -7.34710    -7.55109   -21.98067
    0.39000E-01   -35.96040    -7.12909    -7.37163   -21.45968
    0.45000E-01   -35.12757    -6.91489    -7.20120   -21.01148
    0.51000E-01   -34.38047    -6.71292    -7.04554   -20.62200
    0.57000E-01   -33.71045    -6.53071    -6.90244   -20.27730
    0.63000E-01   -33.10363    -6.36661    -6.76826   -19.96876
    0.69000E-01   -32.54657    -6.21451    -6.64093   -19.69113
    0.75000E-01   -32.03150    -6.07103    -6.52083   -19.43964
    0.81000E-01   -31.55085    -5.93629    -6.40639   -19.20818
    0.87000E-01   -31.10102    -5.80849    -6.29637   -18.99615
    0.93000E-01   -30.67847    -5.68710    -6.19145   -18.79992
    0.99000E-01   -30.28090    -5.57153    -6.09152   -18.61785
    0.10500       -29.90353    -5.46182    -5.99467   -18.44705
    0.11100       -29.54743    -5.35659    -5.90216   -18.28868
    0.11700       -29.20960    -5.25498    -5.81377   -18.14085
    0.12300       -28.88750    -5.15802    -5.72865   -18.00082
    0.12900       -28.57899    -5.06371    -5.64595   -17.86932
    0.13500       -28.28528    -4.97358    -5.56679   -17.74491
    0.14100       -28.00554    -4.88870    -5.48905   -17.62779
    0.14700       -27.73719    -4.80606    -5.41470   -17.51643
    0.15300       -27.48086    -4.72634    -5.34302   -17.41150
    0.15900       -27.23456    -4.64917    -5.27474   -17.31065
    0.16500       -27.00002    -4.57510    -5.20951   -17.21541
    0.17100       -26.77399    -4.50237    -5.14630   -17.12532
    0.17700       -26.55769    -4.43368    -5.08540   -17.03861
    0.18300       -26.34718    -4.36666    -5.02542   -16.95511
    0.18900       -26.14564    -4.30267    -4.96694   -16.87603
    0.19500       -25.95089    -4.23989    -4.91074   -16.80026
    0.20100       -25.76205    -4.17883    -4.85640   -16.72682
    0.20700       -25.57798    -4.11969    -4.80347   -16.65481
    0.21300       -25.40177    -4.06306    -4.75135   -16.58737
    0.22700       -24.10819    -3.64366    -4.36457   -16.09995
    0.34500       -21.44241    -2.77332    -3.54244   -15.12664
    0.49500       -19.78826    -2.23390    -3.03534   -14.51902
    0.64500       -18.60873    -1.86372    -2.68460   -14.06042
    0.79500       -17.71072    -1.59912    -2.42361   -13.68799
    0.94500       -16.99000    -1.39654    -2.22078   -13.37268
     1.0950       -16.38646    -1.23467    -2.05163   -13.10016
     1.2450       -15.88355    -1.10431    -1.91325   -12.86599
     1.3950       -15.45517    -0.99596    -1.79687   -12.66233
     1.5450       -15.07930    -0.90317    -1.69755   -12.47858
     1.6950       -14.75491    -0.82557    -1.61107   -12.31826
     1.8450       -14.47033    -0.75983    -1.53600   -12.17451
     1.9950       -14.20873    -0.70141    -1.46905   -12.03828
     2.1450       -13.98041    -0.65330    -1.40903   -11.91808
     2.2950       -13.76732    -0.60915    -1.35453   -11.80364
     2.4450       -13.58319    -0.57419    -1.30694   -11.70206
     2.5950       -13.41890    -0.54688    -1.26172   -11.61031
     2.7450       -13.26215    -0.51984    -1.22138   -11.52093
     2.8950       -13.11891    -0.49518    -1.18434   -11.43940
     3.0450       -12.99007    -0.47196    -1.15008   -11.36803
     3.1950       -12.87639    -0.45321    -1.11981   -11.30337
     3.3450       -12.76859    -0.43578    -1.09222   -11.24058
     3.4950       -12.66627    -0.41817    -1.06558   -11.18252
     3.6450       -12.57891    -0.40653    -1.04008   -11.13229
     3.7950       -12.49341    -0.39346    -1.01620   -11.08375
     3.9450       -12.41083    -0.38351    -0.99445   -11.03287
     4.0950       -12.33176    -0.37235    -0.97401   -10.98540
     4.2450       -12.26365    -0.36363    -0.95460   -10.94542
     4.3950       -12.19793    -0.35554    -0.93570   -10.90670
     4.5450       -12.13115    -0.34886    -0.91621   -10.86609
     4.6950       -12.06837    -0.34298    -0.89837   -10.82701
     4.8450       -12.01065    -0.33711    -0.88146   -10.79208
     4.9950       -11.95434    -0.33047    -0.86518   -10.75869
     5.1450       -11.90102    -0.32548    -0.84925   -10.72630
     5.2950       -11.84451    -0.31890    -0.83365   -10.69195
     5.4450       -11.79904    -0.31621    -0.82105   -10.66179
     5.5950       -11.75477    -0.31485    -0.80742   -10.63250
     5.7450       -11.70972    -0.31217    -0.79356   -10.60399
     5.8950       -11.66761    -0.31097    -0.78040   -10.57625
     6.0450       -11.62716    -0.30981    -0.76812   -10.54924
     6.1950       -11.58473    -0.30714    -0.75559   -10.52200
     6.3450       -11.54251    -0.30216    -0.74398   -10.49636
     6.4950       -11.50192    -0.29814    -0.73248   -10.47131
     6.6450       -11.46571    -0.29720    -0.72160   -10.44691
     6.7950       -11.43015    -0.29630    -0.71081   -10.42304
     6.9450       -11.39562    -0.29543    -0.70058   -10.39961
     7.0950       -11.36188    -0.29459    -0.69056   -10.37672
     7.2450       -11.32889    -0.29380    -0.68074   -10.35436
     7.3950       -11.29681    -0.29302    -0.67129   -10.33250
     7.5450       -11.26565    -0.29229    -0.66225   -10.31111
     7.6950       -11.23621    -0.29159    -0.65447   -10.29015
     7.8450       -11.20734    -0.29091    -0.64684   -10.26959
     7.9950       -11.17894    -0.29025    -0.63928   -10.24941
     8.1450       -11.15362    -0.28960    -0.63436   -10.22965
     8.2950       -11.12740    -0.28898    -0.62824   -10.21018
     8.4450       -11.10169    -0.28840    -0.62217   -10.19112
     8.5950       -11.07635    -0.28780    -0.61609   -10.17245
     8.7450       -11.05249    -0.28724    -0.61116   -10.15410
     8.8950       -11.03340    -0.28669    -0.61063   -10.13608
     9.0450       -11.01463    -0.28616    -0.61013   -10.11834
     9.1950       -10.99620    -0.28564    -0.60964   -10.10092
     9.3450       -10.97812    -0.28514    -0.60919   -10.08379
     9.4950       -10.96034    -0.28465    -0.60874   -10.06694
     9.6450       -10.94289    -0.28418    -0.60831   -10.05039
     9.7950       -10.92568    -0.28370    -0.60790   -10.03408
     9.9450       -10.90875    -0.28325    -0.60749   -10.01801
     10.095       -10.89213    -0.28281    -0.60713   -10.00219
     10.245       -10.87576    -0.28238    -0.60676    -9.98662
     10.395       -10.85965    -0.28195    -0.60639    -9.97132
     10.545       -10.84380    -0.28153    -0.60604    -9.95622
     10.695       -10.82821    -0.28114    -0.60572    -9.94135
     10.845       -10.81284    -0.28074    -0.60540    -9.92670
     10.995       -10.79770    -0.28036    -0.60509    -9.91224
     11.145       -10.78277    -0.27999    -0.60479    -9.89799
     11.295       -10.76809    -0.27962    -0.60451    -9.88396
     11.445       -10.75362    -0.27925    -0.60423    -9.87013
     11.595       -10.73930    -0.27889    -0.60396    -9.85646
     11.745       -10.72517    -0.27854    -0.60369    -9.84294
     11.895       -10.71126    -0.27820    -0.60345    -9.82962
     12.045       -10.69750    -0.27785    -0.60319    -9.81645
     12.195       -10.68399    -0.27752    -0.60295    -9.80352
     12.345       -10.67063    -0.27719    -0.60273    -9.79071
     12.495       -10.65746    -0.27687    -0.60251    -9.77808
     12.645       -10.64444    -0.27655    -0.60228    -9.76561
     12.795       -10.63162    -0.27624    -0.60207    -9.75331
     12.945       -10.61895    -0.27594    -0.60187    -9.74113
     13.095       -10.60645    -0.27564    -0.60167    -9.72913
     13.245       -10.59407    -0.27535    -0.60147    -9.71725
     13.395       -10.58185    -0.27505    -0.60129    -9.70551
     13.545       -10.56980    -0.27477    -0.60109    -9.69393
     13.695       -10.55788    -0.27449    -0.60090    -9.68249
     13.845       -10.54601    -0.27421    -0.60070    -9.67110
     13.995       -10.53436    -0.27393    -0.60053    -9.65991
     14.145       -10.52282    -0.27366    -0.60036    -9.64881
     14.295       -10.51141    -0.27338    -0.60018    -9.63785
     14.445       -10.50012    -0.27312    -0.60001    -9.62699
     14.595       -10.48893    -0.27286    -0.59985    -9.61622
     14.745       -10.47788    -0.27261    -0.59969    -9.60557
     14.895       -10.46695    -0.27237    -0.59954    -9.59504
     15.045       -10.45613    -0.27213    -0.59939    -9.58461
     15.195       -10.44544    -0.27188    -0.59924    -9.57433
     15.345       -10.43484    -0.27163    -0.59908    -9.56413
     15.495       -10.42441    -0.27140    -0.59893    -9.55407
     15.645       -10.41407    -0.27116    -0.59879    -9.54412
     15.795       -10.40386    -0.27092    -0.59865    -9.53428
     15.945       -10.39370    -0.27069    -0.59852    -9.52449
     16.095       -10.38368    -0.27047    -0.59839    -9.51482
     16.245       -10.37377    -0.27024    -0.59827    -9.50526
     16.395       -10.36393    -0.27002    -0.59813    -9.49579
     16.545       -10.35413    -0.26979    -0.59799    -9.48634
     16.695       -10.34449    -0.26959    -0.59787    -9.47704
     16.845       -10.33492    -0.26937    -0.59775    -9.46780
     16.995       -10.32545    -0.26915    -0.59763    -9.45867
     17.145       -10.31607    -0.26894    -0.59751    -9.44962
     17.295       -10.30682    -0.26873    -0.59740    -9.44069
     17.445       -10.29760    -0.26852    -0.59729    -9.43179
     17.595       -10.28846    -0.26832    -0.59717    -9.42296
     17.745       -10.27942    -0.26812    -0.59706    -9.41424
     17.895       -10.27043    -0.26791    -0.59695    -9.40557
     18.045       -10.26160    -0.26771    -0.59685    -9.39703
     18.195       -10.25279    -0.26752    -0.59674    -9.38853
     18.345       -10.24408    -0.26732    -0.59663    -9.38013
     18.495       -10.23540    -0.26713    -0.59653    -9.37174
     18.645       -10.22684    -0.26694    -0.59644    -9.36346
     18.795       -10.21831    -0.26676    -0.59633    -9.35522
     18.945       -10.20989    -0.26657    -0.59623    -9.34709
     19.095       -10.20153    -0.26639    -0.59613    -9.33902
     19.245       -10.19325    -0.26621    -0.59604    -9.33100
     19.395       -10.18503    -0.26603    -0.59594    -9.32306
     19.545       -10.17685    -0.26585    -0.59584    -9.31516
     19.695       -10.16879    -0.26568    -0.59574    -9.30737
     19.845       -10.16076    -0.26551    -0.59564    -9.29961
     19.995       -10.15282    -0.26534    -0.59555    -9.29194
     20.145       -10.14495    -0.26517    -0.59546    -9.28432
     20.295       -10.13711    -0.26500    -0.59537    -9.27674
     20.445       -10.12932    -0.26483    -0.59529    -9.26921
     20.595       -10.12161    -0.26466    -0.59519    -9.26175
     20.745       -10.11396    -0.26450    -0.59511    -9.25435
     20.895       -10.10636    -0.26433    -0.59503    -9.24701
     21.045       -10.09887    -0.26416    -0.59495    -9.23976
     21.195       -10.09139    -0.26400    -0.59487    -9.23252
     21.345       -10.08399    -0.26384    -0.59480    -9.22534
     21.495       -10.07662    -0.26369    -0.59472    -9.21822
     21.645       -10.06934    -0.26353    -0.59465    -9.21116
     21.795       -10.06207    -0.26338    -0.59456    -9.20413
     21.945       -10.05485    -0.26323    -0.59448    -9.19714
     22.095       -10.04766    -0.26307    -0.59440    -9.19019
     22.245       -10.04056    -0.26292    -0.59433    -9.18332
     22.395       -10.03354    -0.26277    -0.59425    -9.17653
     22.545       -10.02655    -0.26262    -0.59418    -9.16976
     22.695       -10.01962    -0.26247    -0.59411    -9.16305
     22.845       -10.01271    -0.26232    -0.59404    -9.15636
     22.995       -10.00591    -0.26217    -0.59397    -9.14977
     23.145        -9.99911    -0.26203    -0.59390    -9.14318
     23.295        -9.99234    -0.26189    -0.59384    -9.13661
     23.445        -9.98565    -0.26175    -0.59377    -9.13013
     23.595        -9.97898    -0.26160    -0.59370    -9.12367
     23.745        -9.97235    -0.26146    -0.59364    -9.11725
     23.895        -9.96580    -0.26133    -0.59357    -9.11091
     24.045        -9.95927    -0.26119    -0.59351    -9.10457
     24.195        -9.95279    -0.26105    -0.59345    -9.09829
     24.345        -9.94635    -0.26091    -0.59339    -9.09205
     24.495        -9.93996    -0.26078    -0.59332    -9.08586
     24.645        -9.93362    -0.26065    -0.59326    -9.07971
     24.795        -9.92731    -0.26051    -0.59320    -9.07359
     24.945        -9.92105    -0.26038    -0.59314    -9.06753
     25.095        -9.91482    -0.26025    -0.59308    -9.06149
     25.245        -9.90863    -0.26012    -0.59302    -9.05550
     25.395        -9.90249    -0.25999    -0.59295    -9.04955
     25.545        -9.89639    -0.25987    -0.59289    -9.04363
     25.695        -9.89032    -0.25974    -0.59283    -9.03776
     25.845        -9.88429    -0.25961    -0.59277    -9.03190
     25.995        -9.87827    -0.25949    -0.59271    -9.02607
     26.145        -9.87228    -0.25936    -0.59266    -9.02026
     26.295        -9.86635    -0.25924    -0.59260    -9.01451
     26.445        -9.86047    -0.25911    -0.59254    -9.00882
     26.595        -9.85461    -0.25899    -0.59248    -9.00314
     26.745        -9.84877    -0.25887    -0.59242    -8.99748
     26.895        -9.84297    -0.25875    -0.59236    -8.99186
     27.045        -9.83724    -0.25863    -0.59231    -8.98631
     27.195        -9.83151    -0.25851    -0.59225    -8.98075
     27.345        -9.82583    -0.25839    -0.59220    -8.97523
     27.495        -9.82021    -0.25828    -0.59215    -8.96979
     27.645        -9.81461    -0.25816    -0.59210    -8.96435
     27.795        -9.80902    -0.25804    -0.59205    -8.95893
     27.945        -9.80343    -0.25793    -0.59199    -8.95351
     28.095        -9.79792    -0.25781    -0.59195    -8.94816
     28.245        -9.79246    -0.25770    -0.59190    -8.94285
     28.395        -9.78699    -0.25759    -0.59186    -8.93755
     28.545        -9.78158    -0.25748    -0.59180    -8.93230
     28.695        -9.77618    -0.25736    -0.59175    -8.92707
     28.845        -9.77083    -0.25725    -0.59170    -8.92188
     28.995        -9.76548    -0.25714    -0.59165    -8.91669
     29.145        -9.76019    -0.25703    -0.59160    -8.91156
     29.295        -9.75494    -0.25692    -0.59155    -8.90647
     29.445        -9.74968    -0.25681    -0.59150    -8.90136
     29.595        -9.74447    -0.25671    -0.59145    -8.89631
     29.745        -9.73928    -0.25660    -0.59141    -8.89127
     29.895        -9.73412    -0.25649    -0.59136    -8.88626
     30.045        -9.72898    -0.25639    -0.59131    -8.88129
     30.195        -9.72387    -0.25628    -0.59126    -8.87632
     30.345        -9.71879    -0.25618    -0.59122    -8.87139
     30.495        -9.71376    -0.25607    -0.59118    -8.86652
     30.645        -9.70874    -0.25597    -0.59112    -8.86164
     30.795        -9.70372    -0.25586    -0.59109    -8.85677
     30.945        -9.69873    -0.25576    -0.59104    -8.85193
     31.095        -9.69379    -0.25566    -0.59100    -8.84713
     31.245        -9.68888    -0.25556    -0.59095    -8.84237
     31.395        -9.68400    -0.25546    -0.59090    -8.83764
     31.545        -9.67914    -0.25536    -0.59086    -8.83292
     31.695        -9.67428    -0.25526    -0.59081    -8.82820
     31.845        -9.66948    -0.25516    -0.59077    -8.82355
     31.995        -9.66467    -0.25507    -0.59073    -8.81888
     32.145        -9.65991    -0.25497    -0.59069    -8.81425
     32.295        -9.65515    -0.25487    -0.59064    -8.80963
     32.445        -9.65043    -0.25478    -0.59060    -8.80505
     32.595        -9.64573    -0.25468    -0.59056    -8.80050
     32.745        -9.64103    -0.25458    -0.59051    -8.79593
     32.895        -9.63636    -0.25448    -0.59047    -8.79140
     33.045        -9.63172    -0.25439    -0.59043    -8.78690
     33.195        -9.62713    -0.25430    -0.59038    -8.78245
     33.345        -9.62254    -0.25420    -0.59034    -8.77799
     33.495        -9.61798    -0.25411    -0.59031    -8.77356
     33.645        -9.61342    -0.25401    -0.59026    -8.76915
     33.795        -9.60890    -0.25392    -0.59022    -8.76476
     33.945        -9.60439    -0.25383    -0.59018    -8.76038
     34.095        -9.59991    -0.25374    -0.59014    -8.75603
     34.245        -9.59543    -0.25365    -0.59009    -8.75169
     34.395        -9.59100    -0.25356    -0.59005    -8.74739
     34.545        -9.58658    -0.25347    -0.59001    -8.74310
     34.695        -9.58218    -0.25338    -0.58998    -8.73882
     34.845        -9.57780    -0.25330    -0.58993    -8.73457
     34.995        -9.57345    -0.25321    -0.58989    -8.73035
     35.145        -9.56913    -0.25312    -0.58985    -8.72616
     35.295        -9.56479    -0.25303    -0.58981    -8.72195
     35.445        -9.56051    -0.25294    -0.58977    -8.71780
     35.595        -9.55623    -0.25285    -0.58973    -8.71365
     35.745        -9.55195    -0.25276    -0.58969    -8.70949
     35.895        -9.54771    -0.25268    -0.58965    -8.70538
     36.045        -9.54347    -0.25259    -0.58962    -8.70126
     36.195        -9.53928    -0.25251    -0.58958    -8.69719
     36.345        -9.53511    -0.25243    -0.58954    -8.69314
     36.495        -9.53095    -0.25235    -0.58950    -8.68910
     36.645        -9.52680    -0.25226    -0.58946    -8.68508
     36.795        -9.52269    -0.25218    -0.58942    -8.68108
     36.945        -9.51860    -0.25209    -0.58940    -8.67711
     37.095        -9.51449    -0.25201    -0.58936    -8.67313
     37.245        -9.51041    -0.25193    -0.58932    -8.66916
     37.395        -9.50637    -0.25185    -0.58928    -8.66524
     37.545        -9.50236    -0.25177    -0.58924    -8.66136
     37.695        -9.49838    -0.25168    -0.58921    -8.65749
     37.845        -9.49440    -0.25160    -0.58918    -8.65362
     37.995        -9.49041    -0.25152    -0.58915    -8.64974
     38.145        -9.48644    -0.25144    -0.58911    -8.64588
     38.295        -9.48250    -0.25136    -0.58908    -8.64206
     38.445        -9.47858    -0.25128    -0.58905    -8.63825
     38.595        -9.47468    -0.25120    -0.58902    -8.63447
     38.745        -9.47079    -0.25112    -0.58899    -8.63069
     38.895        -9.46693    -0.25104    -0.58896    -8.62694
     39.045        -9.46304    -0.25096    -0.58893    -8.62316
     39.195        -9.45921    -0.25088    -0.58889    -8.61944
     39.345        -9.45536    -0.25080    -0.58886    -8.61570
     39.495        -9.45155    -0.25072    -0.58882    -8.61200
     39.645        -9.44776    -0.25065    -0.58879    -8.60832
     39.795        -9.44398    -0.25057    -0.58876    -8.60465
     39.945        -9.44023    -0.25050    -0.58873    -8.60100
     40.095        -9.43647    -0.25042    -0.58870    -8.59734
     40.245        -9.43272    -0.25035    -0.58866    -8.59370
     40.395        -9.42900    -0.25027    -0.58863    -8.59009
     40.545        -9.42531    -0.25020    -0.58860    -8.58650
     40.695        -9.42160    -0.25012    -0.58857    -8.58290
     40.845        -9.41794    -0.25005    -0.58854    -8.57935
     40.995        -9.41426    -0.24997    -0.58851    -8.57578
     41.145        -9.41059    -0.24990    -0.58848    -8.57222
     41.295        -9.40695    -0.24983    -0.58845    -8.56867
     41.445        -9.40330    -0.24976    -0.58842    -8.56513
     41.595        -9.39969    -0.24968    -0.58839    -8.56161
     41.745        -9.39608    -0.24961    -0.58836    -8.55811
     41.895        -9.39249    -0.24954    -0.58832    -8.55463
     42.045        -9.38893    -0.24947    -0.58829    -8.55117
     42.195        -9.38538    -0.24940    -0.58827    -8.54772
     42.345        -9.38185    -0.24932    -0.58824    -8.54429
     42.495        -9.37833    -0.24926    -0.58821    -8.54087
     42.645        -9.37482    -0.24919    -0.58817    -8.53746
     42.795        -9.37132    -0.24911    -0.58814    -8.53406
     42.945        -9.36783    -0.24904    -0.58812    -8.53067
     43.095        -9.36436    -0.24897    -0.58808    -8.52730
     43.245        -9.36092    -0.24890    -0.58805    -8.52397
     43.395        -9.35749    -0.24884    -0.58802    -8.52063
     43.545        -9.35407    -0.24877    -0.58799    -8.51731
     43.695        -9.35066    -0.24870    -0.58796    -8.51400
     43.845        -9.34724    -0.24863    -0.58793    -8.51068
     43.995        -9.34384    -0.24856    -0.58790    -8.50738
     44.145        -9.34046    -0.24849    -0.58787    -8.50409
     44.295        -9.33711    -0.24842    -0.58784    -8.50084
     44.445        -9.33374    -0.24836    -0.58782    -8.49757
     44.595        -9.33043    -0.24829    -0.58779    -8.49435
     44.745        -9.32710    -0.24822    -0.58777    -8.49111
     44.895        -9.32378    -0.24816    -0.58774    -8.48788
     45.045        -9.32045    -0.24809    -0.58770    -8.48466
     45.195        -9.31714    -0.24802    -0.58768    -8.48144
     45.345        -9.31385    -0.24795    -0.58765    -8.47825
     45.495        -9.31060    -0.24789    -0.58763    -8.47509
     45.645        -9.30734    -0.24782    -0.58760    -8.47192
     45.795        -9.30409    -0.24776    -0.58757    -8.46876
     45.945        -9.30084    -0.24769    -0.58754    -8.46561
     46.095        -9.29761    -0.24763    -0.58752    -8.46246
     46.245        -9.29439    -0.24756    -0.58749    -8.45933
     46.395        -9.29119    -0.24750    -0.58747    -8.45623
     46.545        -9.28798    -0.24743    -0.58745    -8.45310
     46.695        -9.28479    -0.24737    -0.58742    -8.45000
     46.845        -9.28161    -0.24730    -0.58739    -8.44692
     46.995        -9.27844    -0.24724    -0.58736    -8.44383
     47.145        -9.27528    -0.24718    -0.58734    -8.44077
     47.295        -9.27214    -0.24711    -0.58732    -8.43772
     47.445        -9.26901    -0.24705    -0.58729    -8.43468
     47.595        -9.26590    -0.24698    -0.58726    -8.43166
     47.745        -9.26279    -0.24692    -0.58723    -8.42864
     47.895        -9.25970    -0.24686    -0.58720    -8.42564
     48.045        -9.25661    -0.24680    -0.58717    -8.42264
     48.195        -9.25353    -0.24673    -0.58714    -8.41965
     48.345        -9.25047    -0.24667    -0.58712    -8.41668
     48.495        -9.24742    -0.24661    -0.58710    -8.41372
     48.645        -9.24438    -0.24654    -0.58707    -8.41076
     48.795        -9.24136    -0.24649    -0.58705    -8.40782
     48.945        -9.23835    -0.24643    -0.58703    -8.40490
     49.095        -9.23534    -0.24637    -0.58700    -8.40198
     49.245        -9.23236    -0.24631    -0.58698    -8.39907
     49.395        -9.22939    -0.24625    -0.58696    -8.39618
     49.545        -9.22640    -0.24619    -0.58693    -8.39328
     49.695        -9.22343    -0.24613    -0.58691    -8.39040
     49.845        -9.22046    -0.24607    -0.58688    -8.38751
     49.995        -9.21751    -0.24601    -0.58686    -8.38465
     50.145        -9.21456    -0.24595    -0.58683    -8.38178
     50.295        -9.21164    -0.24589    -0.58681    -8.37894
     50.445        -9.20872    -0.24584    -0.58678    -8.37610
     50.595        -9.20578    -0.24578    -0.58676    -8.37324
     50.745        -9.20287    -0.24572    -0.58673    -8.37042
     50.895        -9.19996    -0.24566    -0.58671    -8.36759
     51.045        -9.19708    -0.24560    -0.58669    -8.36479
     51.195        -9.19419    -0.24555    -0.58666    -8.36198
     51.345        -9.19132    -0.24549    -0.58664    -8.35919
     51.495        -9.18847    -0.24544    -0.58662    -8.35641
     51.645        -9.18562    -0.24538    -0.58660    -8.35364
     51.795        -9.18278    -0.24532    -0.58657    -8.35088
     51.945        -9.17995    -0.24527    -0.58655    -8.34813
     52.095        -9.17713    -0.24521    -0.58653    -8.34539
     52.245        -9.17429    -0.24515    -0.58650    -8.34263
     52.395        -9.17147    -0.24509    -0.58648    -8.33990
     52.545        -9.16869    -0.24504    -0.58646    -8.33719
     52.695        -9.16590    -0.24499    -0.58644    -8.33448
     52.845        -9.16311    -0.24493    -0.58642    -8.33177
     52.995        -9.16034    -0.24488    -0.58640    -8.32907
     53.145        -9.15758    -0.24482    -0.58637    -8.32638
     53.295        -9.15484    -0.24476    -0.58635    -8.32373
     53.445        -9.15211    -0.24471    -0.58632    -8.32108
     53.595        -9.14936    -0.24466    -0.58630    -8.31841
     53.745        -9.14663    -0.24460    -0.58628    -8.31575
     53.895        -9.14391    -0.24455    -0.58626    -8.31311
     54.045        -9.14120    -0.24450    -0.58623    -8.31047
     54.195        -9.13849    -0.24444    -0.58620    -8.30784
     54.345        -9.13581    -0.24439    -0.58618    -8.30524
     54.495        -9.13312    -0.24434    -0.58616    -8.30263
     54.645        -9.13046    -0.24428    -0.58614    -8.30004
     54.795        -9.12778    -0.24423    -0.58611    -8.29744
     54.945        -9.12512    -0.24418    -0.58609    -8.29485
     55.095        -9.12246    -0.24413    -0.58607    -8.29227
     59.433        -8.91472    -0.24001    -0.58435    -8.09036
     80.646        -8.61224    -0.23402    -0.58186    -7.79636
     111.21        -8.31966    -0.22825    -0.57944    -7.51197
     153.36        -8.03689    -0.22270    -0.57708    -7.23711
     211.49        -7.76397    -0.21734    -0.57475    -6.97188
     291.64        -7.50095    -0.21220    -0.57252    -6.71624
     402.18        -7.24788    -0.20726    -0.57034    -6.47028
     554.60        -7.00418    -0.20250    -0.56819    -6.23350
     764.80        -6.76969    -0.19790    -0.56608    -6.00571
     1054.7        -6.54419    -0.19351    -0.56405    -5.78663
     1454.4        -6.32716    -0.18929    -0.56202    -5.57586
     2005.6        -6.11874    -0.18523    -0.56008    -5.37343
     2765.8        -5.91824    -0.18133    -0.55815    -5.17877
     3814.0        -5.72538    -0.17756    -0.55629    -4.99153
     5259.5        -5.53981    -0.17394    -0.55449    -4.81139
     7252.9        -5.36142    -0.17045    -0.55274    -4.63823
     10002.        -5.18983    -0.16710    -0.55102    -4.47172
     13793.        -5.02517    -0.16389    -0.54934    -4.31194
     19020.        -4.86735    -0.16083    -0.54773    -4.15880
     26229.        -4.71615    -0.15788    -0.54616    -4.01211
     36170.        -4.57159    -0.15505    -0.54468    -3.87186
     49878.        -4.43357    -0.15231    -0.54323    -3.73802
     68782.        -4.30174    -0.14969    -0.54184    -3.61021
     94851.        -4.17622    -0.14720    -0.54050    -3.48852
    0.13080E+06    -4.05634    -0.14481    -0.53922    -3.37232
    0.18038E+06    -3.94231    -0.14255    -0.53799    -3.26178
    0.24874E+06    -3.83366    -0.14037    -0.53683    -3.15646
    0.34301E+06    -3.73031    -0.13830    -0.53571    -3.05631
    0.47302E+06    -3.63199    -0.13632    -0.53464    -2.96102
    0.65229E+06    -3.53841    -0.13445    -0.53363    -2.87033
    0.89952E+06    -3.44951    -0.13267    -0.53266    -2.78418
    0.12404E+07    -3.36487    -0.13098    -0.53174    -2.70216
    0.17106E+07    -3.28438    -0.12936    -0.53086    -2.62416
    0.23589E+07    -3.20780    -0.12782    -0.53002    -2.54996
    0.32529E+07    -3.13508    -0.12635    -0.52921    -2.47952
    0.44858E+07    -3.06585    -0.12496    -0.52844    -2.41245
    0.61860E+07    -3.00011    -0.12364    -0.52772    -2.34875
    0.85305E+07    -2.93754    -0.12239    -0.52703    -2.28812
    0.11764E+08    -2.87811    -0.12118    -0.52638    -2.23055
    0.16222E+08    -2.82162    -0.12006    -0.52575    -2.17581
    0.22370E+08    -2.76789    -0.11897    -0.52516    -2.12376
    0.30849E+08    -2.71709    -0.11795    -0.52459    -2.07454
    0.42541E+08    -2.66933    -0.11697    -0.52407    -2.02829
    0.58664E+08    -2.62451    -0.11605    -0.52358    -1.98489
    0.80898E+08    -2.58254    -0.11517    -0.52310    -1.94427
    0.11156E+09    -2.54328    -0.11435    -0.52265    -1.90628
    0.15384E+09    -2.50648    -0.11358    -0.52224    -1.87067
    0.21215E+09    -2.47200    -0.11285    -0.52185    -1.83729
    0.29255E+09    -2.43966    -0.11218    -0.52149    -1.80599
    0.40343E+09    -2.40923    -0.11154    -0.52115    -1.77654
    0.55633E+09    -2.38067    -0.11095    -0.52083    -1.74890
    0.76719E+09    -2.35462    -0.11039    -0.52053    -1.72370
    0.10580E+10    -2.33080    -0.10986    -0.52025    -1.70069
    0.14589E+10    -2.30895    -0.10938    -0.52000    -1.67957
    0.20119E+10    -2.28884    -0.10893    -0.51976    -1.66015
    0.27744E+10    -2.27027    -0.10852    -0.51954    -1.64220
    0.38259E+10    -2.25310    -0.10814    -0.51934    -1.62562
    0.52760E+10    -2.23730    -0.10780    -0.51915    -1.61035
    0.72756E+10    -2.22272    -0.10748    -0.51897    -1.59627
    0.10033E+11    -2.20925    -0.10719    -0.51881    -1.58325
    0.13836E+11    -2.19682    -0.10692    -0.51866    -1.57124
    0.19079E+11    -2.18533    -0.10667    -0.51852    -1.56014
    0.26311E+11    -2.17475    -0.10644    -0.51839    -1.54992
    0.36283E+11    -2.16495    -0.10622    -0.51828    -1.54046
    0.50034E+11    -2.15593    -0.10603    -0.51816    -1.53175
    0.68997E+11    -2.14759    -0.10585    -0.51806    -1.52369
    0.10000E+12    -2.04741    -0.10369    -0.51678    -1.42694
