    -99.945         0.00000     0.00000     0.00000     0.00000
    -99.795         0.00000     0.00000     0.00000     0.00000
    -99.645         0.00000     0.00000     0.00000     0.00000
    -99.495         0.00000     0.00000     0.00000     0.00000
    -99.345         0.00000     0.00000     0.00000     0.00000
    -99.195         0.00000     0.00000     0.00000     0.00000
    -99.045         0.00000     0.00000     0.00000     0.00000
    -98.895         0.00000     0.00000     0.00000     0.00000
    -98.745         0.00000     0.00000     0.00000     0.00000
    -98.595         0.00000     0.00000     0.00000     0.00000
    -98.445         0.00000     0.00000     0.00000     0.00000
    -98.295         0.00000     0.00000     0.00000     0.00000
    -98.145         0.00000     0.00000     0.00000     0.00000
    -97.995         0.00000     0.00000     0.00000     0.00000
    -97.845         0.00000     0.00000     0.00000     0.00000
    -97.695         0.00000     0.00000     0.00000     0.00000
    -97.545         0.00000     0.00000     0.00000     0.00000
    -97.395         0.00000     0.00000     0.00000     0.00000
    -97.245         0.00000     0.00000     0.00000     0.00000
    -97.095         0.00000     0.00000     0.00000     0.00000
    -96.945         0.00000     0.00000     0.00000     0.00000
    -96.795         0.00000     0.00000     0.00000     0.00000
    -96.645         0.00000     0.00000     0.00000     0.00000
    -96.495         0.00000     0.00000     0.00000     0.00000
    -96.345         0.00000     0.00000     0.00000     0.00000
    -96.195         0.00000     0.00000     0.00000     0.00000
    -96.045         0.00000     0.00000     0.00000     0.00000
    -95.895         0.00000     0.00000     0.00000     0.00000
    -95.745         0.00000     0.00000     0.00000     0.00000
    -95.595         0.00000     0.00000     0.00000     0.00000
    -95.445         0.00000     0.00000     0.00000     0.00000
    -95.295         0.00000     0.00000     0.00000     0.00000
    -95.145         0.00000     0.00000     0.00000     0.00000
    -94.995         0.00000     0.00000     0.00000     0.00000
    -94.845         0.00000     0.00000     0.00000     0.00000
    -94.695         0.00000     0.00000     0.00000     0.00000
    -94.545         0.00000     0.00000     0.00000     0.00000
    -94.395         0.00000     0.00000     0.00000     0.00000
    -94.245         0.00000     0.00000     0.00000     0.00000
    -94.095         0.00000     0.00000     0.00000     0.00000
    -93.945         0.00000     0.00000     0.00000     0.00000
    -93.795         0.00000     0.00000     0.00000     0.00000
    -93.645         0.00000     0.00000     0.00000     0.00000
    -93.495         0.00000     0.00000     0.00000     0.00000
    -93.345         0.00000     0.00000     0.00000     0.00000
    -93.195         0.00000     0.00000     0.00000     0.00000
    -93.045         0.00000     0.00000     0.00000     0.00000
    -92.895         0.00000     0.00000     0.00000     0.00000
    -92.745         0.00000     0.00000     0.00000     0.00000
    -92.595         0.00000     0.00000     0.00000     0.00000
    -92.445         0.00000     0.00000     0.00000     0.00000
    -92.295         0.00000     0.00000     0.00000     0.00000
    -92.145         0.00000     0.00000     0.00000     0.00000
    -91.995         0.00000     0.00000     0.00000     0.00000
    -91.845         0.00000     0.00000     0.00000     0.00000
    -91.695         0.00000     0.00000     0.00000     0.00000
    -91.545         0.00000     0.00000     0.00000     0.00000
    -91.395         0.00000     0.00000     0.00000     0.00000
    -91.245         0.00000     0.00000     0.00000     0.00000
    -91.095         0.00000     0.00000     0.00000     0.00000
    -90.945         0.00000     0.00000     0.00000     0.00000
    -90.795         0.00000     0.00000     0.00000     0.00000
    -90.645         0.00000     0.00000     0.00000     0.00000
    -90.495         0.00000     0.00000     0.00000     0.00000
    -90.345         0.00000     0.00000     0.00000     0.00000
    -90.195         0.00000     0.00000     0.00000     0.00000
    -90.045         0.00000     0.00000     0.00000     0.00000
    -89.895         0.00000     0.00000     0.00000     0.00000
    -89.745         0.00000     0.00000     0.00000     0.00000
    -89.595         0.00000     0.00000     0.00000     0.00000
    -89.445         0.00000     0.00000     0.00000     0.00000
    -89.295         0.00000     0.00000     0.00000     0.00000
    -89.145         0.00000     0.00000     0.00000     0.00000
    -88.995         0.00000     0.00000     0.00000     0.00000
    -88.845         0.00000     0.00000     0.00000     0.00000
    -88.695         0.00000     0.00000     0.00000     0.00000
    -88.545         0.00000     0.00000     0.00000     0.00000
    -88.395         0.00000     0.00000     0.00000     0.00000
    -88.245         0.00000     0.00000     0.00000     0.00000
    -88.095         0.00000     0.00000     0.00000     0.00000
    -87.945         0.00000     0.00000     0.00000     0.00000
    -87.795         0.00000     0.00000     0.00000     0.00000
    -87.645         0.00000     0.00000     0.00000     0.00000
    -87.495         0.00000     0.00000     0.00000     0.00000
    -87.345         0.00000     0.00000     0.00000     0.00000
    -87.195         0.00000     0.00000     0.00000     0.00000
    -87.045         0.00000     0.00000     0.00000     0.00000
    -86.895         0.00000     0.00000     0.00000     0.00000
    -86.745         0.00000     0.00000     0.00000     0.00000
    -86.595         0.00000     0.00000     0.00000     0.00000
    -86.445         0.00000     0.00000     0.00000     0.00000
    -86.295         0.00000     0.00000     0.00000     0.00000
    -86.145         0.00000     0.00000     0.00000     0.00000
    -85.995         0.00000     0.00000     0.00000     0.00000
    -85.845         0.00000     0.00000     0.00000     0.00000
    -85.695         0.00000     0.00000     0.00000     0.00000
    -85.545         0.00000     0.00000     0.00000     0.00000
    -85.395         0.00000     0.00000     0.00000     0.00000
    -85.245         0.00000     0.00000     0.00000     0.00000
    -85.095         0.00000     0.00000     0.00000     0.00000
    -84.945         0.00000     0.00000     0.00000     0.00000
    -84.795         0.00000     0.00000     0.00000     0.00000
    -84.645         0.00000     0.00000     0.00000     0.00000
    -84.495         0.00000     0.00000     0.00000     0.00000
    -84.345         0.00000     0.00000     0.00000     0.00000
    -84.195         0.00000     0.00000     0.00000     0.00000
    -84.045         0.00000     0.00000     0.00000     0.00000
    -83.895         0.00000     0.00000     0.00000     0.00000
    -83.745         0.00000     0.00000     0.00000     0.00000
    -83.595         0.00000     0.00000     0.00000     0.00000
    -83.445         0.00000     0.00000     0.00000     0.00000
    -83.295         0.00000     0.00000     0.00000     0.00000
    -83.145         0.00000     0.00000     0.00000     0.00000
    -82.995         0.00000     0.00000     0.00000     0.00000
    -82.845         0.00000     0.00000     0.00000     0.00000
    -82.695         0.00000     0.00000     0.00000     0.00000
    -82.545         0.00000     0.00000     0.00000     0.00000
    -82.395         0.00000     0.00000     0.00000     0.00000
    -82.245         0.00000     0.00000     0.00000     0.00000
    -82.095         0.00000     0.00000     0.00000     0.00000
    -81.945         0.00000     0.00000     0.00000     0.00000
    -81.795         0.00000     0.00000     0.00000     0.00000
    -81.645         0.00000     0.00000     0.00000     0.00000
    -81.495         0.00000     0.00000     0.00000     0.00000
    -81.345         0.00000     0.00000     0.00000     0.00000
    -81.195         0.00000     0.00000     0.00000     0.00000
    -81.045         0.00000     0.00000     0.00000     0.00000
    -80.895         0.00000     0.00000     0.00000     0.00000
    -80.745         0.00000     0.00000     0.00000     0.00000
    -80.595         0.00000     0.00000     0.00000     0.00000
    -80.445         0.00000     0.00000     0.00000     0.00000
    -80.295         0.00000     0.00000     0.00000     0.00000
    -80.145         0.00000     0.00000     0.00000     0.00000
    -79.995         0.00000     0.00000     0.00000     0.00000
    -79.845         0.00000     0.00000     0.00000     0.00000
    -79.695         0.00000     0.00000     0.00000     0.00000
    -79.545         0.00000     0.00000     0.00000     0.00000
    -79.395         0.00000     0.00000     0.00000     0.00000
    -79.245         0.00000     0.00000     0.00000     0.00000
    -79.095         0.00000     0.00000     0.00000     0.00000
    -78.945         0.00000     0.00000     0.00000     0.00000
    -78.795         0.00000     0.00000     0.00000     0.00000
    -78.645         0.00000     0.00000     0.00000     0.00000
    -78.495         0.00000     0.00000     0.00000     0.00000
    -78.345         0.00000     0.00000     0.00000     0.00000
    -78.195         0.00000     0.00000     0.00000     0.00000
    -78.045         0.00000     0.00000     0.00000     0.00000
    -77.895         0.00000     0.00000     0.00000     0.00000
    -77.745         0.00000     0.00000     0.00000     0.00000
    -77.595         0.00000     0.00000     0.00000     0.00000
    -77.445         0.00000     0.00000     0.00000     0.00000
    -77.295         0.00000     0.00000     0.00000     0.00000
    -77.145         0.00000     0.00000     0.00000     0.00000
    -76.995         0.00000     0.00000     0.00000     0.00000
    -76.845         0.00000     0.00000     0.00000     0.00000
    -76.695         0.00000     0.00000     0.00000     0.00000
    -76.545         0.00000     0.00000     0.00000     0.00000
    -76.395         0.00000     0.00000     0.00000     0.00000
    -76.245         0.00000     0.00000     0.00000     0.00000
    -76.095         0.00000     0.00000     0.00000     0.00000
    -75.945         0.00000     0.00000     0.00000     0.00000
    -75.795         0.00000     0.00000     0.00000     0.00000
    -75.645         0.00000     0.00000     0.00000     0.00000
    -75.495         0.00000     0.00000     0.00000     0.00000
    -75.345         0.00000     0.00000     0.00000     0.00000
    -75.195         0.00000     0.00000     0.00000     0.00000
    -75.045         0.00000     0.00000     0.00000     0.00000
    -74.895         0.00000     0.00000     0.00000     0.00000
    -74.745         0.00000     0.00000     0.00000     0.00000
    -74.595         0.00000     0.00000     0.00000     0.00000
    -74.445         0.00000     0.00000     0.00000     0.00000
    -74.295         0.00000     0.00000     0.00000     0.00000
    -74.145         0.00000     0.00000     0.00000     0.00000
    -73.995         0.00000     0.00000     0.00000     0.00000
    -73.845         0.00000     0.00000     0.00000     0.00000
    -73.695         0.00000     0.00000     0.00000     0.00000
    -73.545         0.00000     0.00000     0.00000     0.00000
    -73.395         0.00000     0.00000     0.00000     0.00000
    -73.245         0.00000     0.00000     0.00000     0.00000
    -73.095         0.00000     0.00000     0.00000     0.00000
    -72.945         0.00000     0.00000     0.00000     0.00000
    -72.795         0.00000     0.00000     0.00000     0.00000
    -72.645         0.00000     0.00000     0.00000     0.00000
    -72.495         0.00000     0.00000     0.00000     0.00000
    -72.345         0.00000     0.00000     0.00000     0.00000
    -72.195         0.00000     0.00000     0.00000     0.00000
    -72.045         0.00000     0.00000     0.00000     0.00000
    -71.895         0.00000     0.00000     0.00000     0.00000
    -71.745         0.00000     0.00000     0.00000     0.00000
    -71.595         0.00000     0.00000     0.00000     0.00000
    -71.445         0.00000     0.00000     0.00000     0.00000
    -71.295         0.00000     0.00000     0.00000     0.00000
    -71.145         0.00000     0.00000     0.00000     0.00000
    -70.995         0.00000     0.00000     0.00000     0.00000
    -70.845         0.00000     0.00000     0.00000     0.00000
    -70.695         0.00000     0.00000     0.00000     0.00000
    -70.545         0.00000     0.00000     0.00000     0.00000
    -70.395         0.00000     0.00000     0.00000     0.00000
    -70.245         0.00000     0.00000     0.00000     0.00000
    -70.095         0.00000     0.00000     0.00000     0.00000
    -69.945         0.00000     0.00000     0.00000     0.00000
    -69.795         0.00000     0.00000     0.00000     0.00000
    -69.645         0.00000     0.00000     0.00000     0.00000
    -69.495         0.00000     0.00000     0.00000     0.00000
    -69.345         0.00000     0.00000     0.00000     0.00000
    -69.195         0.00000     0.00000     0.00000     0.00000
    -69.045         0.00000     0.00000     0.00000     0.00000
    -68.895         0.00000     0.00000     0.00000     0.00000
    -68.745         0.00000     0.00000     0.00000     0.00000
    -68.595         0.00000     0.00000     0.00000     0.00000
    -68.445         0.00000     0.00000     0.00000     0.00000
    -68.295         0.00000     0.00000     0.00000     0.00000
    -68.145         0.00000     0.00000     0.00000     0.00000
    -67.995         0.00000     0.00000     0.00000     0.00000
    -67.845         0.00000     0.00000     0.00000     0.00000
    -67.695         0.00000     0.00000     0.00000     0.00000
    -67.545         0.00000     0.00000     0.00000     0.00000
    -67.395         0.00000     0.00000     0.00000     0.00000
    -67.245         0.00000     0.00000     0.00000     0.00000
    -67.095         0.00000     0.00000     0.00000     0.00000
    -66.945         0.00000     0.00000     0.00000     0.00000
    -66.795         0.00000     0.00000     0.00000     0.00000
    -66.645         0.00000     0.00000     0.00000     0.00000
    -66.495         0.00000     0.00000     0.00000     0.00000
    -66.345         0.00000     0.00000     0.00000     0.00000
    -66.195         0.00000     0.00000     0.00000     0.00000
    -66.045         0.00000     0.00000     0.00000     0.00000
    -65.895         0.00000     0.00000     0.00000     0.00000
    -65.745         0.00000     0.00000     0.00000     0.00000
    -65.595         0.00000     0.00000     0.00000     0.00000
    -65.445         0.00000     0.00000     0.00000     0.00000
    -65.295         0.00000     0.00000     0.00000     0.00000
    -65.145         0.00000     0.00000     0.00000     0.00000
    -64.995         0.00000     0.00000     0.00000     0.00000
    -64.845         0.00000     0.00000     0.00000     0.00000
    -64.695         0.00000     0.00000     0.00000     0.00000
    -64.545         0.00000     0.00000     0.00000     0.00000
    -64.395         0.00000     0.00000     0.00000     0.00000
    -64.245         0.00000     0.00000     0.00000     0.00000
    -64.095         0.00000     0.00000     0.00000     0.00000
    -63.945         0.00000     0.00000     0.00000     0.00000
    -63.795         0.00000     0.00000     0.00000     0.00000
    -63.645         0.00000     0.00000     0.00000     0.00000
    -63.495         0.00000     0.00000     0.00000     0.00000
    -63.345         0.00000     0.00000     0.00000     0.00000
    -63.195         0.00000     0.00000     0.00000     0.00000
    -63.045         0.00000     0.00000     0.00000     0.00000
    -62.895         0.00000     0.00000     0.00000     0.00000
    -62.745         0.00000     0.00000     0.00000     0.00000
    -62.595         0.00000     0.00000     0.00000     0.00000
    -62.445         0.00000     0.00000     0.00000     0.00000
    -62.295         0.00000     0.00000     0.00000     0.00000
    -62.145         0.00000     0.00000     0.00000     0.00000
    -61.995         0.00000     0.00000     0.00000     0.00000
    -61.845         0.00000     0.00000     0.00000     0.00000
    -61.695         0.00000     0.00000     0.00000     0.00000
    -61.545         0.00000     0.00000     0.00000     0.00000
    -61.395         0.00000     0.00000     0.00000     0.00000
    -61.245         0.00000     0.00000     0.00000     0.00000
    -61.095         0.00000     0.00000     0.00000     0.00000
    -60.945         0.00000     0.00000     0.00000     0.00000
    -60.795         0.00000     0.00000     0.00000     0.00000
    -60.645         0.00000     0.00000     0.00000     0.00000
    -60.495         0.00000     0.00000     0.00000     0.00000
    -60.345         0.00000     0.00000     0.00000     0.00000
    -60.195         0.00000     0.00000     0.00000     0.00000
    -60.045         0.00000     0.00000     0.00000     0.00000
    -59.895         0.00000     0.00000     0.00000     0.00000
    -59.745         0.00000     0.00000     0.00000     0.00000
    -59.595         0.00000     0.00000     0.00000     0.00000
    -59.445         0.00000     0.00000     0.00000     0.00000
    -59.295         0.00000     0.00000     0.00000     0.00000
    -59.145         0.00000     0.00000     0.00000     0.00000
    -58.995         0.00000     0.00000     0.00000     0.00000
    -58.845         0.00000     0.00000     0.00000     0.00000
    -58.695         0.00000     0.00000     0.00000     0.00000
    -58.545         0.00000     0.00000     0.00000     0.00000
    -58.395         0.00000     0.00000     0.00000     0.00000
    -58.245         0.00000     0.00000     0.00000     0.00000
    -58.095         0.00000     0.00000     0.00000     0.00000
    -57.945         0.00000     0.00000     0.00000     0.00000
    -57.795         0.00000     0.00000     0.00000     0.00000
    -57.645         0.00000     0.00000     0.00000     0.00000
    -57.495         0.00000     0.00000     0.00000     0.00000
    -57.345         0.00000     0.00000     0.00000     0.00000
    -57.195         0.00000     0.00000     0.00000     0.00000
    -57.045         0.00000     0.00000     0.00000     0.00000
    -56.895         0.00000     0.00000     0.00000     0.00000
    -56.745         0.00000     0.00000     0.00000     0.00000
    -56.595         0.00000     0.00000     0.00000     0.00000
    -56.445         0.00000     0.00000     0.00000     0.00000
    -56.295         0.00000     0.00000     0.00000     0.00000
    -56.145         0.00000     0.00000     0.00000     0.00000
    -55.995         0.00000     0.00000     0.00000     0.00000
    -55.845         0.00000     0.00000     0.00000     0.00000
    -55.695         0.00000     0.00000     0.00000     0.00000
    -55.545         0.00000     0.00000     0.00000     0.00000
    -55.395         0.00000     0.00000     0.00000     0.00000
    -55.245         0.00000     0.00000     0.00000     0.00000
    -55.095         0.00000     0.00000     0.00000     0.00000
    -54.945         0.00000     0.00000     0.00000     0.00000
    -54.795         0.00000     0.00000     0.00000     0.00000
    -54.645         0.00000     0.00000     0.00000     0.00000
    -54.495         0.00000     0.00000     0.00000     0.00000
    -54.345         0.00000     0.00000     0.00000     0.00000
    -54.195         0.00000     0.00000     0.00000     0.00000
    -54.045         0.00000     0.00000     0.00000     0.00000
    -53.895         0.00000     0.00000     0.00000     0.00000
    -53.745         0.00000     0.00000     0.00000     0.00000
    -53.595         0.00000     0.00000     0.00000     0.00000
    -53.445         0.00000     0.00000     0.00000     0.00000
    -53.295         0.00000     0.00000     0.00000     0.00000
    -53.145         0.00000     0.00000     0.00000     0.00000
    -52.995         0.00000     0.00000     0.00000     0.00000
    -52.845         0.00000     0.00000     0.00000     0.00000
    -52.695         0.00000     0.00000     0.00000     0.00000
    -52.545         0.00000     0.00000     0.00000     0.00000
    -52.395         0.00000     0.00000     0.00000     0.00000
    -52.245         0.00000     0.00000     0.00000     0.00000
    -52.095         0.00000     0.00000     0.00000     0.00000
    -51.945         0.00000     0.00000     0.00000     0.00000
    -51.795         0.00000     0.00000     0.00000     0.00000
    -51.645         0.00000     0.00000     0.00000     0.00000
    -51.495         0.00000     0.00000     0.00000     0.00000
    -51.345         0.00000     0.00000     0.00000     0.00000
    -51.195         0.00000     0.00000     0.00000     0.00000
    -51.045         0.00000     0.00000     0.00000     0.00000
    -50.895         0.00000     0.00000     0.00000     0.00000
    -50.745         0.00000     0.00000     0.00000     0.00000
    -50.595         0.00000     0.00000     0.00000     0.00000
    -50.445         0.00000     0.00000     0.00000     0.00000
    -50.295         0.00000     0.00000     0.00000     0.00000
    -50.145         0.00000     0.00000     0.00000     0.00000
    -49.995         0.00000     0.00000     0.00000     0.00000
    -49.845         0.00000     0.00000     0.00000     0.00000
    -49.695         0.00000     0.00000     0.00000     0.00000
    -49.545         0.00000     0.00000     0.00000     0.00000
    -49.395         0.00000     0.00000     0.00000     0.00000
    -49.245         0.00000     0.00000     0.00000     0.00000
    -49.095         0.00000     0.00000     0.00000     0.00000
    -48.945         0.00000     0.00000     0.00000     0.00000
    -48.795         0.00000     0.00000     0.00000     0.00000
    -48.645         0.00000     0.00000     0.00000     0.00000
    -48.495         0.00000     0.00000     0.00000     0.00000
    -48.345         0.00000     0.00000     0.00000     0.00000
    -48.195         0.00000     0.00000     0.00000     0.00000
    -48.045         0.00000     0.00000     0.00000     0.00000
    -47.895         0.00000     0.00000     0.00000     0.00000
    -47.745         0.00000     0.00000     0.00000     0.00000
    -47.595         0.00000     0.00000     0.00000     0.00000
    -47.445         0.00000     0.00000     0.00000     0.00000
    -47.295         0.00000     0.00000     0.00000     0.00000
    -47.145         0.00000     0.00000     0.00000     0.00000
    -46.995         0.00000     0.00000     0.00000     0.00000
    -46.845         0.00000     0.00000     0.00000     0.00000
    -46.695         0.00000     0.00000     0.00000     0.00000
    -46.545         0.00000     0.00000     0.00000     0.00000
    -46.395         0.00000     0.00000     0.00000     0.00000
    -46.245         0.00000     0.00000     0.00000     0.00000
    -46.095         0.00000     0.00000     0.00000     0.00000
    -45.945         0.00000     0.00000     0.00000     0.00000
    -45.795         0.00000     0.00000     0.00000     0.00000
    -45.645         0.00000     0.00000     0.00000     0.00000
    -45.495         0.00000     0.00000     0.00000     0.00000
    -45.345         0.00000     0.00000     0.00000     0.00000
    -45.195         0.00000     0.00000     0.00000     0.00000
    -45.045         0.00000     0.00000     0.00000     0.00000
    -44.895         0.00000     0.00000     0.00000     0.00000
    -44.745         0.00000     0.00000     0.00000     0.00000
    -44.595         0.00000     0.00000     0.00000     0.00000
    -44.445         0.00000     0.00000     0.00000     0.00000
    -44.295         0.00000     0.00000     0.00000     0.00000
    -44.145         0.00000     0.00000     0.00000     0.00000
    -43.995         0.00000     0.00000     0.00000     0.00000
    -43.845         0.00000     0.00000     0.00000     0.00000
    -43.695         0.00000     0.00000     0.00000     0.00000
    -43.545         0.00000     0.00000     0.00000     0.00000
    -43.395         0.00000     0.00000     0.00000     0.00000
    -43.245         0.00000     0.00000     0.00000     0.00000
    -43.095         0.00000     0.00000     0.00000     0.00000
    -42.945         0.00000     0.00000     0.00000     0.00000
    -42.795         0.00000     0.00000     0.00000     0.00000
    -42.645         0.00000     0.00000     0.00000     0.00000
    -42.495         0.00000     0.00000     0.00000     0.00000
    -42.345         0.00000     0.00000     0.00000     0.00000
    -42.195         0.00000     0.00000     0.00000     0.00000
    -42.045         0.00000     0.00000     0.00000     0.00000
    -41.895         0.00000     0.00000     0.00000     0.00000
    -41.745         0.00000     0.00000     0.00000     0.00000
    -41.595         0.00000     0.00000     0.00000     0.00000
    -41.445         0.00000     0.00000     0.00000     0.00000
    -41.295         0.00000     0.00000     0.00000     0.00000
    -41.145         0.00000     0.00000     0.00000     0.00000
    -40.995         0.00000     0.00000     0.00000     0.00000
    -40.845         0.00000     0.00000     0.00000     0.00000
    -40.695         0.00000     0.00000     0.00000     0.00000
    -40.545         0.00000     0.00000     0.00000     0.00000
    -40.395         0.00000     0.00000     0.00000     0.00000
    -40.245         0.00000     0.00000     0.00000     0.00000
    -40.095         0.00000     0.00000     0.00000     0.00000
    -39.945         0.00000     0.00000     0.00000     0.00000
    -39.795         0.00000     0.00000     0.00000     0.00000
    -39.645         0.00000     0.00000     0.00000     0.00000
    -39.495         0.00000     0.00000     0.00000     0.00000
    -39.345         0.00000     0.00000     0.00000     0.00000
    -39.195         0.00000     0.00000     0.00000     0.00000
    -39.045         0.00000     0.00000     0.00000     0.00000
    -38.895         0.00000     0.00000     0.00000     0.00000
    -38.745         0.00000     0.00000     0.00000     0.00000
    -38.595         0.00000     0.00000     0.00000     0.00000
    -38.445         0.00000     0.00000     0.00000     0.00000
    -38.295         0.00000     0.00000     0.00000     0.00000
    -38.145         0.00000     0.00000     0.00000     0.00000
    -37.995         0.00000     0.00000     0.00000     0.00000
    -37.845         0.00000     0.00000     0.00000     0.00000
    -37.695         0.00000     0.00000     0.00000     0.00000
    -37.545         0.00000     0.00000     0.00000     0.00000
    -37.395         0.00000     0.00000     0.00000     0.00000
    -37.245         0.00000     0.00000     0.00000     0.00000
    -37.095         0.00000     0.00000     0.00000     0.00000
    -36.945         0.00000     0.00000     0.00000     0.00000
    -36.795         0.00000     0.00000     0.00000     0.00000
    -36.645         0.00000     0.00000     0.00000     0.00000
    -36.495         0.00000     0.00000     0.00000     0.00000
    -36.345         0.00000     0.00000     0.00000     0.00000
    -36.195         0.00000     0.00000     0.00000     0.00000
    -36.045         0.00000     0.00000     0.00000     0.00000
    -35.895         0.00000     0.00000     0.00000     0.00000
    -35.745         0.00000     0.00000     0.00000     0.00000
    -35.595         0.00000     0.00000     0.00000     0.00000
    -35.445         0.00000     0.00000     0.00000     0.00000
    -35.295         0.00000     0.00000     0.00000     0.00000
    -35.145         0.00000     0.00000     0.00000     0.00000
    -34.995         0.00000     0.00000     0.00000     0.00000
    -34.845         0.00000     0.00000     0.00000     0.00000
    -34.695         0.00000     0.00000     0.00000     0.00000
    -34.545         0.00000     0.00000     0.00000     0.00000
    -34.395         0.00000     0.00000     0.00000     0.00000
    -34.245         0.00000     0.00000     0.00000     0.00000
    -34.095         0.00000     0.00000     0.00000     0.00000
    -33.945         0.00000     0.00000     0.00000     0.00000
    -33.795         0.00000     0.00000     0.00000     0.00000
    -33.645         0.00000     0.00000     0.00000     0.00000
    -33.495         0.00000     0.00000     0.00000     0.00000
    -33.345         0.00000     0.00000     0.00000     0.00000
    -33.195         0.00000     0.00000     0.00000     0.00000
    -33.045         0.00000     0.00000     0.00000     0.00000
    -32.895         0.00000     0.00000     0.00000     0.00000
    -32.745         0.00000     0.00000     0.00000     0.00000
    -32.595         0.00000     0.00000     0.00000     0.00000
    -32.445         0.00000     0.00000     0.00000     0.00000
    -32.295         0.00000     0.00000     0.00000     0.00000
    -32.145         0.00000     0.00000     0.00000     0.00000
    -31.995         0.00000     0.00000     0.00000     0.00000
    -31.845         0.00000     0.00000     0.00000     0.00000
    -31.695         0.00000     0.00000     0.00000     0.00000
    -31.545         0.00000     0.00000     0.00000     0.00000
    -31.395         0.00000     0.00000     0.00000     0.00000
    -31.245         0.00000     0.00000     0.00000     0.00000
    -31.095         0.00000     0.00000     0.00000     0.00000
    -30.945         0.00000     0.00000     0.00000     0.00000
    -30.795         0.00000     0.00000     0.00000     0.00000
    -30.645         0.00000     0.00000     0.00000     0.00000
    -30.495         0.00000     0.00000     0.00000     0.00000
    -30.345         0.00000     0.00000     0.00000     0.00000
    -30.195         0.00000     0.00000     0.00000     0.00000
    -30.045         0.00000     0.00000     0.00000     0.00000
    -29.895         0.00000     0.00000     0.00000     0.00000
    -29.745         0.00000     0.00000     0.00000     0.00000
    -29.595         0.00000     0.00000     0.00000     0.00000
    -29.445         0.00000     0.00000     0.00000     0.00000
    -29.295         0.00000     0.00000     0.00000     0.00000
    -29.145         0.00000     0.00000     0.00000     0.00000
    -28.995         0.00000     0.00000     0.00000     0.00000
    -28.845         0.00000     0.00000     0.00000     0.00000
    -28.695         0.00000     0.00000     0.00000     0.00000
    -28.545         0.00000     0.00000     0.00000     0.00000
    -28.395         0.00000     0.00000     0.00000     0.00000
    -28.245         0.00000     0.00000     0.00000     0.00000
    -28.095         0.00000     0.00000     0.00000     0.00000
    -27.945         0.00000     0.00000     0.00000     0.00000
    -27.795         0.00000     0.00000     0.00000     0.00000
    -27.645         0.00000     0.00000     0.00000     0.00000
    -27.495         0.00000     0.00000     0.00000     0.00000
    -27.345         0.00000     0.00000     0.00000     0.00000
    -27.195         0.00000     0.00000     0.00000     0.00000
    -27.045         0.00000     0.00000     0.00000     0.00000
    -26.895         0.00000     0.00000     0.00000     0.00000
    -26.745         0.00000     0.00000     0.00000     0.00000
    -26.595         0.00000     0.00000     0.00000     0.00000
    -26.445         0.00000     0.00000     0.00000     0.00000
    -26.295         0.00000     0.00000     0.00000     0.00000
    -26.145         0.00000     0.00000     0.00000     0.00000
    -25.995         0.00000     0.00000     0.00000     0.00000
    -25.845         0.00000     0.00000     0.00000     0.00000
    -25.695         0.00000     0.00000     0.00000     0.00000
    -25.545         0.00000     0.00000     0.00000     0.00000
    -25.395         0.00000     0.00000     0.00000     0.00000
    -25.245         0.00000     0.00000     0.00000     0.00000
    -25.095         0.00000     0.00000     0.00000     0.00000
    -24.945         0.00000     0.00000     0.00000     0.00000
    -24.795         0.00000     0.00000     0.00000     0.00000
    -24.645         0.00000     0.00000     0.00000     0.00000
    -24.495         0.00000     0.00000     0.00000     0.00000
    -24.345         0.00000     0.00000     0.00000     0.00000
    -24.195         0.00000     0.00000     0.00000     0.00000
    -24.045         0.00000     0.00000     0.00000     0.00000
    -23.895         0.00000     0.00000     0.00000     0.00000
    -23.745         0.00000     0.00000     0.00000     0.00000
    -23.595         0.00000     0.00000     0.00000     0.00000
    -23.445         0.00000     0.00000     0.00000     0.00000
    -23.295         0.00000     0.00000     0.00000     0.00000
    -23.145         0.00000     0.00000     0.00000     0.00000
    -22.995         0.00000     0.00000     0.00000     0.00000
    -22.845         0.00000     0.00000     0.00000     0.00000
    -22.695         0.00000     0.00000     0.00000     0.00000
    -22.545         0.00000     0.00000     0.00000     0.00000
    -22.395         0.00000     0.00000     0.00000     0.00000
    -22.245         0.00000     0.00000     0.00000     0.00000
    -22.095         0.00000     0.00000     0.00000     0.00000
    -21.945         0.00000     0.00000     0.00000     0.00000
    -21.795         0.00000     0.00000     0.00000     0.00000
    -21.645         0.00000     0.00000     0.00000     0.00000
    -21.495         0.00000     0.00000     0.00000     0.00000
    -21.345         0.00000     0.00000     0.00000     0.00000
    -21.195         0.00000     0.00000     0.00000     0.00000
    -21.045         0.00000     0.00000     0.00000     0.00000
    -20.895         0.00000     0.00000     0.00000     0.00000
    -20.745         0.00000     0.00000     0.00000     0.00000
    -20.595         0.00000     0.00000     0.00000     0.00000
    -20.445         0.00000     0.00000     0.00000     0.00000
    -20.295         0.00000     0.00000     0.00000     0.00000
    -20.145         0.00000     0.00000     0.00000     0.00000
    -19.995         0.00000     0.00000     0.00000     0.00000
    -19.845         0.00000     0.00000     0.00000     0.00000
    -19.695         0.00000     0.00000     0.00000     0.00000
    -19.545         0.00000     0.00000     0.00000     0.00000
    -19.395         0.00000     0.00000     0.00000     0.00000
    -19.245         0.00000     0.00000     0.00000     0.00000
    -19.095         0.00000     0.00000     0.00000     0.00000
    -18.945         0.00000     0.00000     0.00000     0.00000
    -18.795         0.00000     0.00000     0.00000     0.00000
    -18.645         0.00000     0.00000     0.00000     0.00000
    -18.495         0.00000     0.00000     0.00000     0.00000
    -18.345         0.00000     0.00000     0.00000     0.00000
    -18.195         0.00000     0.00000     0.00000     0.00000
    -18.045         0.00000     0.00000     0.00000     0.00000
    -17.895         0.00000     0.00000     0.00000     0.00000
    -17.745         0.00000     0.00000     0.00000     0.00000
    -17.595         0.00000     0.00000     0.00000     0.00000
    -17.445         0.00000     0.00000     0.00000     0.00000
    -17.295         0.00000     0.00000     0.00000     0.00000
    -17.145         0.00000     0.00000     0.00000     0.00000
    -16.995         0.00000     0.00000     0.00000     0.00000
    -16.845         0.00000     0.00000     0.00000     0.00000
    -16.695         0.00000     0.00000     0.00000     0.00000
    -16.545         0.00000     0.00000     0.00000     0.00000
    -16.395         0.00000     0.00000     0.00000     0.00000
    -16.245         0.00000     0.00000     0.00000     0.00000
    -16.095         0.00000     0.00000     0.00000     0.00000
    -15.945         0.00000     0.00000     0.00000     0.00000
    -15.795         0.00000     0.00000     0.00000     0.00000
    -15.645         0.00000     0.00000     0.00000     0.00000
    -15.495         0.00000     0.00000     0.00000     0.00000
    -15.345         0.00000     0.00000     0.00000     0.00000
    -15.195         0.00000     0.00000     0.00000     0.00000
    -15.045         0.00000     0.00000     0.00000     0.00000
    -14.895         0.00000     0.00000     0.00000     0.00000
    -14.745         0.00000     0.00000     0.00000     0.00000
    -14.595         0.00000     0.00000     0.00000     0.00000
    -14.445         0.00000     0.00000     0.00000     0.00000
    -14.295         0.00000     0.00000     0.00000     0.00000
    -14.145         0.00000     0.00000     0.00000     0.00000
    -13.995         0.00000     0.00000     0.00000     0.00000
    -13.845         0.00000     0.00000     0.00000     0.00000
    -13.695         0.00000     0.00000     0.00000     0.00000
    -13.545         0.00000     0.00000     0.00000     0.00000
    -13.395         0.00000     0.00000     0.00000     0.00000
    -13.245         0.00000     0.00000     0.00000     0.00000
    -13.095         0.00000     0.00000     0.00000     0.00000
    -12.945         0.00000     0.00000     0.00000     0.00000
    -12.795         0.00000     0.00000     0.00000     0.00000
    -12.645         0.00000     0.00000     0.00000     0.00000
    -12.495         0.00000     0.00000     0.00000     0.00000
    -12.345         0.00000     0.00000     0.00000     0.00000
    -12.195         0.00000     0.00000     0.00000     0.00000
    -12.045         0.00000     0.00000     0.00000     0.00000
    -11.895         0.00000     0.00000     0.00000     0.00000
    -11.745         0.00000     0.00000     0.00000     0.00000
    -11.595         0.00000     0.00000     0.00000     0.00000
    -11.445         0.00000     0.00000     0.00000     0.00000
    -11.295         0.00000     0.00000     0.00000     0.00000
    -11.145         0.00000     0.00000     0.00000     0.00000
    -10.995         0.00000     0.00000     0.00000     0.00000
    -10.845         0.00000     0.00000     0.00000     0.00000
    -10.695         0.00000     0.00000     0.00000     0.00000
    -10.545         0.00000     0.00000     0.00000     0.00000
    -10.395         0.00000     0.00000     0.00000     0.00000
    -10.245         0.00000     0.00000     0.00000     0.00000
    -10.095         0.00000     0.00000     0.00000     0.00000
    -9.9450         0.00000     0.00000     0.00000     0.00000
    -9.7950         0.00000     0.00000     0.00000     0.00000
    -9.6450         0.00000     0.00000     0.00000     0.00000
    -9.4950         0.00000     0.00000     0.00000     0.00000
    -9.3450         0.00000     0.00000     0.00000     0.00000
    -9.1950         0.00000     0.00000     0.00000     0.00000
    -9.0450         0.00000     0.00000     0.00000     0.00000
    -8.8950         0.00000     0.00000     0.00000     0.00000
    -8.7450         0.00000     0.00000     0.00000     0.00000
    -8.5950         0.00000     0.00000     0.00000     0.00000
    -8.4450         0.00000     0.00000     0.00000     0.00000
    -8.2950         0.00000     0.00000     0.00000     0.00000
    -8.1450         0.00000     0.00000     0.00000     0.00000
    -7.9950         0.00000     0.00000     0.00000     0.00000
    -7.8450         0.00000     0.00000     0.00000     0.00000
    -7.6950         0.00000     0.00000     0.00000     0.00000
    -7.5450         0.00000     0.00000     0.00000     0.00000
    -7.3950         0.00000     0.00000     0.00000     0.00000
    -7.2450         0.00000     0.00000     0.00000     0.00000
    -7.0950         0.00000     0.00000     0.00000     0.00000
    -6.9450         0.00000     0.00000     0.00000     0.00000
    -6.7950         0.00000     0.00000     0.00000     0.00000
    -6.6450         0.00000     0.00000     0.00000     0.00000
    -6.4950         0.00000     0.00000     0.00000     0.00000
    -6.3450         0.00000     0.00000     0.00000     0.00000
    -6.1950         0.00000     0.00000     0.00000     0.00000
    -6.0450         0.00000     0.00000     0.00000     0.00000
    -5.8950         0.00000     0.00000     0.00000     0.00000
    -5.7450         0.00000     0.00000     0.00000     0.00000
    -5.5950         0.00000     0.00000     0.00000     0.00000
    -5.4450         0.00000     0.00000     0.00000     0.00000
    -5.2950         0.00000     0.00000     0.00000     0.00000
    -5.1450         0.00000     0.00000     0.00000     0.00000
    -4.9950         0.00000     0.00000     0.00000     0.00000
    -4.8450         0.00000     0.00000     0.00000     0.00000
    -4.6950         0.00000     0.00000     0.00000     0.00000
    -4.5450         0.00000     0.00000     0.00000     0.00000
    -4.3950         0.00000     0.00000     0.00000     0.00000
    -4.2450         0.00000     0.00000     0.00000     0.00000
    -4.0950         0.00000     0.00000     0.00000     0.00000
    -3.9450         0.00000     0.00000     0.00000     0.00000
    -3.7950         0.00000     0.00000     0.00000     0.00000
    -3.6450         0.00000     0.00000     0.00000     0.00000
    -3.4950         0.00000     0.00000     0.00000     0.00000
    -3.3450         0.00000     0.00000     0.00000     0.00000
    -3.1950         0.00000     0.00000     0.00000     0.00000
    -3.0450         0.00000     0.00000     0.00000     0.00000
    -2.8950         0.00000     0.00000     0.00000     0.00000
    -2.7450         0.00000     0.00000     0.00000     0.00000
    -2.5950         0.00000     0.00000     0.00000     0.00000
    -2.4450         0.00000     0.00000     0.00000     0.00000
    -2.2950         0.00000     0.00000     0.00000     0.00000
    -2.1450         0.00000     0.00000     0.00000     0.00000
    -1.9950         0.00000     0.00000     0.00000     0.00000
    -1.8450         0.00000     0.00000     0.00000     0.00000
    -1.6950         0.00000     0.00000     0.00000     0.00000
    -1.5450        -0.00000    -0.00000     0.00000     0.00000
    -1.3950         0.00000     0.00000     0.00000     0.00000
    -1.2450         0.00001     0.00001     0.00000     0.00000
    -1.0950        -0.00006     0.00005     0.00000    -0.00011
   -0.94500        -0.00133     0.00024     0.00000    -0.00157
   -0.79500        -0.01341    -0.00021     0.00000    -0.01321
   -0.64500        -0.09031    -0.00162    -0.00016    -0.08853
   -0.49500        -0.67754    -0.00370    -0.00367    -0.67018
   -0.34500        -2.84414    -0.00984    -0.01994    -2.81436
   -0.22700        -3.60264    -0.01295    -0.02637    -3.56332
   -0.21300        -3.68320    -0.01317    -0.02714    -3.64289
   -0.20700        -3.76220    -0.01350    -0.02795    -3.72075
   -0.20100        -3.84002    -0.01387    -0.02873    -3.79742
   -0.19500        -3.91576    -0.01417    -0.02946    -3.87213
   -0.18900        -3.99071    -0.01442    -0.03025    -3.94604
   -0.18300        -4.06494    -0.01491    -0.03102    -4.01901
   -0.17700        -4.13981    -0.01550    -0.03175    -4.09257
   -0.17100        -4.21274    -0.01599    -0.03244    -4.16432
   -0.16500        -4.28414    -0.01658    -0.03313    -4.23443
   -0.15900        -4.35505    -0.01716    -0.03390    -4.30399
   -0.15300        -4.42638    -0.01758    -0.03467    -4.37413
   -0.14700        -4.49612    -0.01828    -0.03544    -4.44240
   -0.14100        -4.56713    -0.01894    -0.03624    -4.51194
   -0.13500        -4.63689    -0.01964    -0.03690    -4.58035
   -0.12900        -4.70704    -0.02038    -0.03771    -4.64895
   -0.12300        -4.77743    -0.02116    -0.03857    -4.71771
   -0.11700        -4.84781    -0.02192    -0.03949    -4.78640
   -0.11100        -4.91886    -0.02281    -0.04038    -4.85566
   -0.10500        -4.99158    -0.02371    -0.04121    -4.92666
   -0.99000E-01    -5.06467    -0.02471    -0.04226    -4.99770
   -0.93000E-01    -5.13935    -0.02570    -0.04323    -5.07042
   -0.87000E-01    -5.21545    -0.02677    -0.04431    -5.14437
   -0.81000E-01    -5.29358    -0.02788    -0.04545    -5.22026
   -0.75000E-01    -5.37491    -0.02908    -0.04667    -5.29915
   -0.69000E-01    -5.45925    -0.03038    -0.04793    -5.38093
   -0.63000E-01    -5.54805    -0.03170    -0.04939    -5.46696
   -0.57000E-01    -5.64251    -0.03318    -0.05089    -5.55843
   -0.51000E-01    -5.74391    -0.03486    -0.05263    -5.65641
   -0.45000E-01    -5.85636    -0.03677    -0.05457    -5.76502
   -0.39000E-01    -5.98052    -0.03882    -0.05684    -5.88486
   -0.33000E-01    -6.11995    -0.04123    -0.05953    -6.01920
   -0.27000E-01    -6.27695    -0.04413    -0.06303    -6.16978
   -0.21300E-01    -6.39607    -0.04658    -0.06627    -6.28322
   -0.19500E-01    -6.41428    -0.04698    -0.06683    -6.30047
   -0.18900E-01    -6.43308    -0.04740    -0.06740    -6.31828
   -0.18300E-01    -6.45202    -0.04784    -0.06803    -6.33615
   -0.17700E-01    -6.47148    -0.04830    -0.06867    -6.35451
   -0.17100E-01    -6.49108    -0.04876    -0.06934    -6.37297
   -0.16500E-01    -6.51105    -0.04926    -0.07006    -6.39173
   -0.15900E-01    -6.53140    -0.04977    -0.07082    -6.41081
   -0.15300E-01    -6.55229    -0.05030    -0.07163    -6.43036
   -0.14700E-01    -6.57341    -0.05086    -0.07246    -6.45009
   -0.14100E-01    -6.59509    -0.05144    -0.07336    -6.47029
   -0.13500E-01    -6.61749    -0.05207    -0.07433    -6.49110
   -0.12900E-01    -6.64024    -0.05272    -0.07534    -6.51218
   -0.12300E-01    -6.66375    -0.05339    -0.07647    -6.53389
   -0.11700E-01    -6.68781    -0.05412    -0.07769    -6.55600
   -0.11100E-01    -6.71255    -0.05487    -0.07900    -6.57869
   -0.10500E-01    -6.73807    -0.05567    -0.08045    -6.60194
   -0.99000E-02    -6.76408    -0.05653    -0.08202    -6.62553
   -0.93000E-02    -6.79129    -0.05747    -0.08374    -6.65007
   -0.87000E-02    -6.81924    -0.05845    -0.08568    -6.67511
   -0.81000E-02    -6.84839    -0.05951    -0.08783    -6.70104
   -0.75000E-02    -6.87856    -0.06063    -0.09026    -6.72767
   -0.69000E-02    -6.90995    -0.06186    -0.09301    -6.75508
   -0.63000E-02    -6.94287    -0.06316    -0.09620    -6.78351
   -0.57000E-02    -6.97719    -0.06459    -0.09992    -6.81268
   -0.51000E-02    -7.01322    -0.06614    -0.10436    -6.84271
   -0.45000E-02    -7.05112    -0.06785    -0.10979    -6.87349
   -0.39000E-02    -7.09130    -0.06970    -0.11666    -6.90493
   -0.33000E-02    -7.13456    -0.07168    -0.12609    -6.93679
   -0.27000E-02    -7.18331    -0.07381    -0.14035    -6.96915
   -0.21000E-02    -7.24232    -0.07608    -0.16378    -7.00245
   -0.15000E-02    -7.31464    -0.07842    -0.19647    -7.03975
   -0.90000E-03    -7.39069    -0.08059    -0.21287    -7.09723
   -0.30000E-03    -8.84805    -0.08186    -0.21543    -8.55076
    0.30000E-03    -7.39259    -0.07929    -0.21417    -7.09914
    0.90000E-03    -7.32931    -0.06298    -0.21203    -7.05430
    0.15000E-02    -7.28027    -0.03051    -0.20973    -7.04003
    0.21000E-02    -7.24978    -0.00712    -0.20749    -7.03517
    0.27000E-02    -7.23161     0.00724    -0.20538    -7.03347
    0.33000E-02    -7.21951     0.01674    -0.20340    -7.03286
    0.39000E-02    -7.21044     0.02377    -0.20158    -7.03263
    0.45000E-02    -7.20323     0.02926    -0.19994    -7.03255
    0.51000E-02    -7.19714     0.03379    -0.19842    -7.03250
    0.57000E-02    -7.19195     0.03754    -0.19701    -7.03248
    0.63000E-02    -7.18741     0.04076    -0.19571    -7.03246
    0.69000E-02    -7.18340     0.04354    -0.19450    -7.03244
    0.75000E-02    -7.17981     0.04600    -0.19338    -7.03243
    0.81000E-02    -7.17662     0.04814    -0.19235    -7.03241
    0.87000E-02    -7.17374     0.05004    -0.19138    -7.03240
    0.93000E-02    -7.17114     0.05173    -0.19048    -7.03238
    0.99000E-02    -7.16873     0.05329    -0.18965    -7.03237
    0.10500E-01    -7.16652     0.05468    -0.18885    -7.03235
    0.11100E-01    -7.16446     0.05599    -0.18812    -7.03233
    0.11700E-01    -7.16257     0.05716    -0.18742    -7.03231
    0.12300E-01    -7.16083     0.05822    -0.18676    -7.03228
    0.12900E-01    -7.15919     0.05920    -0.18613    -7.03226
    0.13500E-01    -7.15769     0.06012    -0.18557    -7.03224
    0.14100E-01    -7.15630     0.06097    -0.18506    -7.03221
    0.14700E-01    -7.15498     0.06177    -0.18456    -7.03219
    0.15300E-01    -7.15370     0.06253    -0.18407    -7.03216
    0.15900E-01    -7.15259     0.06318    -0.18363    -7.03213
    0.16500E-01    -7.15157     0.06378    -0.18325    -7.03210
    0.17100E-01    -7.15055     0.06439    -0.18287    -7.03207
    0.17700E-01    -7.14960     0.06492    -0.18248    -7.03204
    0.18300E-01    -7.14868     0.06544    -0.18211    -7.03202
    0.18900E-01    -7.14785     0.06591    -0.18178    -7.03198
    0.19500E-01    -7.14700     0.06640    -0.18145    -7.03195
    0.21300E-01    -7.14249     0.06894    -0.17972    -7.03171
    0.27000E-01    -7.13806     0.07138    -0.17812    -7.03131
    0.33000E-01    -7.13497     0.07290    -0.17711    -7.03076
    0.39000E-01    -7.13281     0.07389    -0.17651    -7.03019
    0.45000E-01    -7.13107     0.07459    -0.17610    -7.02956
    0.51000E-01    -7.12956     0.07506    -0.17581    -7.02881
    0.57000E-01    -7.12819     0.07538    -0.17561    -7.02796
    0.63000E-01    -7.12695     0.07559    -0.17548    -7.02707
    0.69000E-01    -7.12570     0.07576    -0.17538    -7.02608
    0.75000E-01    -7.12443     0.07587    -0.17529    -7.02501
    0.81000E-01    -7.12312     0.07594    -0.17520    -7.02387
    0.87000E-01    -7.12182     0.07600    -0.17515    -7.02267
    0.93000E-01    -7.12047     0.07605    -0.17508    -7.02144
    0.99000E-01    -7.11910     0.07609    -0.17503    -7.02015
    0.10500        -7.11754     0.07611    -0.17477    -7.01888
    0.11100        -7.11580     0.07614    -0.17455    -7.01739
    0.11700        -7.11429     0.07631    -0.17453    -7.01607
    0.12300        -7.11279     0.07633    -0.17450    -7.01462
    0.12900        -7.11105     0.07647    -0.17432    -7.01320
    0.13500        -7.10927     0.07650    -0.17416    -7.01162
    0.14100        -7.10754     0.07663    -0.17413    -7.01005
    0.14700        -7.10568     0.07665    -0.17397    -7.00836
    0.15300        -7.10377     0.07677    -0.17381    -7.00673
    0.15900        -7.10163     0.07689    -0.17366    -7.00486
    0.16500        -7.09943     0.07701    -0.17351    -7.00293
    0.17100        -7.09745     0.07713    -0.17336    -7.00122
    0.17700        -7.09539     0.07724    -0.17322    -6.99941
    0.18300        -7.09337     0.07735    -0.17320    -6.99753
    0.18900        -7.09142     0.07747    -0.17317    -6.99572
    0.19500        -7.08942     0.07758    -0.17315    -6.99385
    0.20100        -7.08720     0.07769    -0.17301    -6.99188
    0.20700        -7.08491     0.07779    -0.17288    -6.98982
    0.21300        -7.08262     0.07790    -0.17285    -6.98767
    0.22700        -7.06406     0.07834    -0.17254    -6.96986
    0.34500        -7.00116     0.07955    -0.17143    -6.90928
    0.49500        -6.93288     0.08029    -0.17037    -6.84280
    0.64500        -6.86144     0.08131    -0.16931    -6.77344
    0.79500        -6.78831     0.08262    -0.16754    -6.70339
    0.94500        -6.71630     0.08376    -0.16637    -6.63369
     1.0950        -6.64421     0.08481    -0.16495    -6.56407
     1.2450        -6.57370     0.08575    -0.16395    -6.49551
     1.3950        -6.50426     0.08663    -0.16275    -6.42813
     1.5450        -6.43657     0.08743    -0.16164    -6.36236
     1.6950        -6.37102     0.08818    -0.16062    -6.29858
     1.8450        -6.30739     0.08889    -0.15966    -6.23661
     1.9950        -6.24612     0.08953    -0.15875    -6.17690
     2.1450        -6.18641     0.09014    -0.15792    -6.11863
     2.2950        -6.12969     0.09072    -0.15711    -6.06329
     2.4450        -6.07512     0.09128    -0.15635    -6.01004
     2.5950        -6.02170     0.09181    -0.15564    -5.95787
     2.7450        -5.97107     0.09231    -0.15495    -5.90842
     2.8950        -5.92259     0.09279    -0.15431    -5.86108
     3.0450        -5.87615     0.09324    -0.15368    -5.81572
     3.1950        -5.83076     0.09368    -0.15308    -5.77137
     3.3450        -5.78774     0.09410    -0.15249    -5.72934
     3.4950        -5.74624     0.09450    -0.15193    -5.68881
     3.6450        -5.70591     0.09489    -0.15139    -5.64941
     3.7950        -5.66708     0.09526    -0.15088    -5.61147
     3.9450        -5.62958     0.09562    -0.15038    -5.57482
     4.0950        -5.59337     0.09597    -0.14990    -5.53943
     4.2450        -5.55829     0.09630    -0.14944    -5.50516
     4.3950        -5.52432     0.09662    -0.14899    -5.47195
     4.5450        -5.49141     0.09694    -0.14856    -5.43979
     4.6950        -5.45943     0.09724    -0.14814    -5.40853
     4.8450        -5.42836     0.09755    -0.14773    -5.37818
     4.9950        -5.39793     0.09783    -0.14734    -5.34842
     5.1450        -5.36861     0.09811    -0.14695    -5.31977
     5.2950        -5.34005     0.09839    -0.14658    -5.29186
     5.4450        -5.31226     0.09866    -0.14621    -5.26472
     5.5950        -5.28518     0.09893    -0.14585    -5.23827
     5.7450        -5.25878     0.09919    -0.14550    -5.21247
     5.8950        -5.23306     0.09944    -0.14516    -5.18734
     6.0450        -5.20791     0.09968    -0.14483    -5.16276
     6.1950        -5.18337     0.09991    -0.14450    -5.13878
     6.3450        -5.15933     0.10015    -0.14419    -5.11529
     6.4950        -5.13588     0.10038    -0.14388    -5.09238
     6.6450        -5.11293     0.10059    -0.14358    -5.06995
     6.7950        -5.09050     0.10081    -0.14328    -5.04803
     6.9450        -5.06848     0.10101    -0.14299    -5.02651
     7.0950        -5.04698     0.10122    -0.14270    -5.00549
     7.2450        -5.02585     0.10142    -0.14243    -4.98485
     7.3950        -5.00515     0.10162    -0.14215    -4.96462
     7.5450        -4.98491     0.10182    -0.14189    -4.94484
     7.6950        -4.96500     0.10201    -0.14162    -4.92539
     7.8450        -4.94545     0.10220    -0.14136    -4.90630
     7.9950        -4.92628     0.10239    -0.14110    -4.88756
     8.1450        -4.90749     0.10256    -0.14085    -4.86920
     8.2950        -4.88904     0.10274    -0.14060    -4.85118
     8.4450        -4.87095     0.10292    -0.14036    -4.83351
     8.5950        -4.85314     0.10310    -0.14013    -4.81611
     8.7450        -4.83564     0.10326    -0.13990    -4.79901
     8.8950        -4.81845     0.10343    -0.13967    -4.78221
     9.0450        -4.80150     0.10360    -0.13944    -4.76565
     9.1950        -4.78484     0.10376    -0.13922    -4.74937
     9.3450        -4.76843     0.10391    -0.13900    -4.73334
     9.4950        -4.75232     0.10408    -0.13880    -4.71760
     9.6450        -4.73644     0.10423    -0.13859    -4.70209
     9.7950        -4.72078     0.10438    -0.13838    -4.68679
     9.9450        -4.70537     0.10453    -0.13817    -4.67173
     10.095        -4.69019     0.10468    -0.13797    -4.65690
     10.245        -4.67525     0.10482    -0.13778    -4.64229
     10.395        -4.66054     0.10497    -0.13758    -4.62793
     10.545        -4.64602     0.10511    -0.13739    -4.61374
     10.695        -4.63171     0.10526    -0.13720    -4.59976
     10.845        -4.61760     0.10539    -0.13702    -4.58597
     10.995        -4.60368     0.10552    -0.13683    -4.57236
     11.145        -4.58996     0.10566    -0.13665    -4.55897
     11.295        -4.57643     0.10579    -0.13647    -4.54575
     11.445        -4.56307     0.10592    -0.13630    -4.53269
     11.595        -4.54988     0.10605    -0.13612    -4.51981
     11.745        -4.53684     0.10618    -0.13595    -4.50706
     11.895        -4.52400     0.10630    -0.13579    -4.49452
     12.045        -4.51132     0.10642    -0.13562    -4.48212
     12.195        -4.49880     0.10654    -0.13546    -4.46988
     12.345        -4.48645     0.10666    -0.13530    -4.45781
     12.495        -4.47420     0.10678    -0.13514    -4.44584
     12.645        -4.46215     0.10690    -0.13498    -4.43407
     12.795        -4.45023     0.10701    -0.13482    -4.42242
     12.945        -4.43845     0.10713    -0.13467    -4.41090
     13.095        -4.42680     0.10724    -0.13452    -4.39952
     13.245        -4.41529     0.10735    -0.13437    -4.38827
     13.395        -4.40389     0.10746    -0.13421    -4.37714
     13.545        -4.39266     0.10756    -0.13407    -4.36615
     13.695        -4.38157     0.10767    -0.13392    -4.35532
     13.845        -4.37056     0.10777    -0.13377    -4.34457
     13.995        -4.35969     0.10788    -0.13363    -4.33394
     14.145        -4.34893     0.10799    -0.13349    -4.32343
     14.295        -4.33829     0.10809    -0.13335    -4.31303
     14.445        -4.32776     0.10819    -0.13321    -4.30274
     14.595        -4.31735     0.10829    -0.13307    -4.29257
     14.745        -4.30704     0.10839    -0.13294    -4.28250
     14.895        -4.29684     0.10849    -0.13281    -4.27252
     15.045        -4.28673     0.10859    -0.13267    -4.26264
     15.195        -4.27673     0.10868    -0.13254    -4.25287
     15.345        -4.26687     0.10878    -0.13241    -4.24324
     15.495        -4.25710     0.10887    -0.13228    -4.23369
     15.645        -4.24741     0.10897    -0.13215    -4.22422
     15.795        -4.23779     0.10906    -0.13203    -4.21482
     15.945        -4.22830     0.10915    -0.13190    -4.20555
     16.095        -4.21891     0.10924    -0.13178    -4.19638
     16.245        -4.20959     0.10933    -0.13166    -4.18727
     16.395        -4.20038     0.10942    -0.13154    -4.17826
     16.545        -4.19124     0.10951    -0.13142    -4.16933
     16.695        -4.18217     0.10960    -0.13130    -4.16047
     16.845        -4.17320     0.10969    -0.13118    -4.15171
     16.995        -4.16432     0.10977    -0.13106    -4.14303
     17.145        -4.15551     0.10986    -0.13094    -4.13443
     17.295        -4.14678     0.10994    -0.13083    -4.12590
     17.445        -4.13812     0.11003    -0.13071    -4.11743
     17.595        -4.12953     0.11011    -0.13060    -4.10904
     17.745        -4.12103     0.11019    -0.13049    -4.10074
     17.895        -4.11260     0.11027    -0.13038    -4.09250
     18.045        -4.10426     0.11035    -0.13027    -4.08435
     18.195        -4.09599     0.11043    -0.13016    -4.07627
     18.345        -4.08780     0.11051    -0.13005    -4.06826
     18.495        -4.07968     0.11059    -0.12995    -4.06033
     18.645        -4.07160     0.11067    -0.12984    -4.05244
     18.795        -4.06362     0.11075    -0.12973    -4.04464
     18.945        -4.05569     0.11083    -0.12963    -4.03689
     19.095        -4.04784     0.11091    -0.12952    -4.02922
     19.245        -4.04004     0.11099    -0.12942    -4.02161
     19.395        -4.03226     0.11106    -0.12932    -4.01400
     19.545        -4.02459     0.11114    -0.12922    -4.00650
     19.695        -4.01697     0.11121    -0.12912    -3.99907
     19.845        -4.00943     0.11128    -0.12902    -3.99169
     19.995        -4.00190     0.11135    -0.12892    -3.98434
     20.145        -3.99445     0.11142    -0.12882    -3.97705
     20.295        -3.98707     0.11150    -0.12872    -3.96984
     20.445        -3.97977     0.11157    -0.12863    -3.96271
     20.595        -3.97250     0.11163    -0.12853    -3.95560
     20.745        -3.96528     0.11171    -0.12844    -3.94854
     20.895        -3.95811     0.11178    -0.12834    -3.94154
     21.045        -3.95100     0.11185    -0.12825    -3.93459
     21.195        -3.94394     0.11191    -0.12816    -3.92770
     21.345        -3.93695     0.11198    -0.12807    -3.92086
     21.495        -3.92999     0.11205    -0.12797    -3.91407
     21.645        -3.92310     0.11211    -0.12788    -3.90733
     21.795        -3.91623     0.11218    -0.12779    -3.90061
     21.945        -3.90942     0.11224    -0.12770    -3.89396
     22.095        -3.90268     0.11231    -0.12761    -3.88738
     22.245        -3.89598     0.11238    -0.12752    -3.88083
     22.395        -3.88929     0.11244    -0.12743    -3.87430
     22.545        -3.88269     0.11251    -0.12735    -3.86785
     22.695        -3.87613     0.11257    -0.12726    -3.86143
     22.845        -3.86961     0.11263    -0.12718    -3.85506
     22.995        -3.86315     0.11270    -0.12709    -3.84876
     23.145        -3.85673     0.11276    -0.12701    -3.84249
     23.295        -3.85035     0.11282    -0.12692    -3.83625
     23.445        -3.84398     0.11289    -0.12684    -3.83003
     23.595        -3.83769     0.11295    -0.12676    -3.82388
     23.745        -3.83142     0.11301    -0.12667    -3.81775
     23.895        -3.82521     0.11307    -0.12660    -3.81169
     24.045        -3.81902     0.11313    -0.12651    -3.80564
     24.195        -3.81287     0.11319    -0.12643    -3.79963
     24.345        -3.80677     0.11325    -0.12635    -3.79367
     24.495        -3.80072     0.11331    -0.12627    -3.78775
     24.645        -3.79471     0.11337    -0.12619    -3.78188
     24.795        -3.78870     0.11343    -0.12612    -3.77601
     24.945        -3.78278     0.11348    -0.12604    -3.77023
     25.095        -3.77691     0.11354    -0.12596    -3.76449
     25.245        -3.77105     0.11360    -0.12588    -3.75876
     25.395        -3.76522     0.11365    -0.12581    -3.75307
     25.545        -3.75941     0.11371    -0.12573    -3.74739
     25.695        -3.75366     0.11376    -0.12566    -3.74176
     25.845        -3.74797     0.11382    -0.12558    -3.73621
     25.995        -3.74228     0.11388    -0.12551    -3.73065
     26.145        -3.73663     0.11393    -0.12543    -3.72513
     26.295        -3.73101     0.11399    -0.12536    -3.71963
     26.445        -3.72542     0.11404    -0.12529    -3.71417
     26.595        -3.71989     0.11410    -0.12522    -3.70877
     26.745        -3.71437     0.11415    -0.12514    -3.70338
     26.895        -3.70891     0.11420    -0.12507    -3.69803
     27.045        -3.70344     0.11425    -0.12500    -3.69269
     27.195        -3.69800     0.11431    -0.12493    -3.68737
     27.345        -3.69262     0.11436    -0.12486    -3.68211
     27.495        -3.68727     0.11441    -0.12480    -3.67689
     27.645        -3.68196     0.11446    -0.12472    -3.67170
     27.795        -3.67667     0.11451    -0.12466    -3.66652
     27.945        -3.67139     0.11457    -0.12459    -3.66137
     28.095        -3.66615     0.11462    -0.12452    -3.65625
     28.245        -3.66095     0.11467    -0.12445    -3.65117
     28.395        -3.65578     0.11472    -0.12438    -3.64612
     28.545        -3.65066     0.11477    -0.12431    -3.64113
     28.695        -3.64554     0.11482    -0.12424    -3.63612
     28.845        -3.64046     0.11487    -0.12418    -3.63115
     28.995        -3.63540     0.11492    -0.12411    -3.62621
     29.145        -3.63037     0.11497    -0.12405    -3.62129
     29.295        -3.62536     0.11502    -0.12398    -3.61640
     29.445        -3.62041     0.11507    -0.12392    -3.61156
     29.595        -3.61546     0.11512    -0.12385    -3.60673
     29.745        -3.61054     0.11517    -0.12379    -3.60191
     29.895        -3.60565     0.11521    -0.12372    -3.59714
     30.045        -3.60079     0.11526    -0.12366    -3.59239
     30.195        -3.59596     0.11531    -0.12360    -3.58766
     30.345        -3.59113     0.11535    -0.12354    -3.58295
     30.495        -3.58637     0.11540    -0.12347    -3.57829
     30.645        -3.58161     0.11545    -0.12341    -3.57364
     30.795        -3.57687     0.11549    -0.12335    -3.56901
     30.945        -3.57217     0.11554    -0.12329    -3.56442
     31.095        -3.56749     0.11558    -0.12323    -3.55984
     31.245        -3.56283     0.11563    -0.12317    -3.55529
     31.395        -3.55819     0.11567    -0.12311    -3.55075
     31.545        -3.55357     0.11572    -0.12305    -3.54625
     31.695        -3.54898     0.11577    -0.12299    -3.54176
     31.845        -3.54440     0.11581    -0.12293    -3.53728
     31.995        -3.53985     0.11586    -0.12287    -3.53284
     32.145        -3.53532     0.11590    -0.12281    -3.52841
     32.295        -3.53081     0.11595    -0.12275    -3.52401
     32.445        -3.52634     0.11599    -0.12269    -3.51964
     32.595        -3.52186     0.11603    -0.12263    -3.51526
     32.745        -3.51743     0.11607    -0.12257    -3.51094
     32.895        -3.51303     0.11612    -0.12252    -3.50663
     33.045        -3.50862     0.11616    -0.12246    -3.50232
     33.195        -3.50424     0.11620    -0.12240    -3.49804
     33.345        -3.49990     0.11624    -0.12235    -3.49379
     33.495        -3.49554     0.11628    -0.12229    -3.48954
     33.645        -3.49123     0.11633    -0.12223    -3.48532
     33.795        -3.48695     0.11637    -0.12218    -3.48114
     33.945        -3.48268     0.11641    -0.12212    -3.47697
     34.095        -3.47841     0.11646    -0.12207    -3.47280
     34.245        -3.47417     0.11650    -0.12201    -3.46866
     34.395        -3.46998     0.11654    -0.12195    -3.46456
     34.545        -3.46577     0.11658    -0.12190    -3.46045
     34.695        -3.46159     0.11662    -0.12184    -3.45637
     34.845        -3.45744     0.11666    -0.12179    -3.45231
     34.995        -3.45331     0.11670    -0.12173    -3.44827
     35.145        -3.44920     0.11674    -0.12168    -3.44426
     35.295        -3.44510     0.11678    -0.12163    -3.44025
     35.445        -3.44100     0.11682    -0.12158    -3.43625
     35.595        -3.43696     0.11686    -0.12152    -3.43230
     35.745        -3.43292     0.11690    -0.12147    -3.42835
     35.895        -3.42888     0.11694    -0.12142    -3.42440
     36.045        -3.42487     0.11698    -0.12137    -3.42048
     36.195        -3.42090     0.11702    -0.12132    -3.41660
     36.345        -3.41693     0.11706    -0.12126    -3.41273
     36.495        -3.41298     0.11710    -0.12121    -3.40886
     36.645        -3.40905     0.11714    -0.12116    -3.40503
     36.795        -3.40514     0.11718    -0.12111    -3.40121
     36.945        -3.40124     0.11721    -0.12106    -3.39740
     37.095        -3.39736     0.11725    -0.12100    -3.39360
     37.245        -3.39351     0.11729    -0.12095    -3.38984
     37.395        -3.38965     0.11732    -0.12091    -3.38607
     37.545        -3.38581     0.11736    -0.12085    -3.38232
     37.695        -3.38199     0.11740    -0.12080    -3.37858
     37.845        -3.37821     0.11744    -0.12075    -3.37490
     37.995        -3.37443     0.11747    -0.12070    -3.37120
     38.145        -3.37067     0.11751    -0.12065    -3.36753
     38.295        -3.36691     0.11755    -0.12060    -3.36386
     38.445        -3.36317     0.11758    -0.12055    -3.36020
     38.595        -3.35945     0.11762    -0.12050    -3.35657
     38.745        -3.35574     0.11766    -0.12045    -3.35294
     38.895        -3.35206     0.11769    -0.12041    -3.34935
     39.045        -3.34840     0.11773    -0.12036    -3.34577
     39.195        -3.34475     0.11776    -0.12031    -3.34220
     39.345        -3.34110     0.11780    -0.12026    -3.33863
     39.495        -3.33747     0.11783    -0.12021    -3.33509
     39.645        -3.33386     0.11787    -0.12017    -3.33157
     39.795        -3.33025     0.11790    -0.12012    -3.32804
     39.945        -3.32667     0.11794    -0.12007    -3.32454
     40.095        -3.32309     0.11797    -0.12002    -3.32105
     40.245        -3.31954     0.11801    -0.11998    -3.31757
     40.395        -3.31602     0.11804    -0.11993    -3.31413
     40.545        -3.31247     0.11808    -0.11988    -3.31067
     40.695        -3.30895     0.11811    -0.11983    -3.30723
     40.845        -3.30545     0.11815    -0.11979    -3.30381
     40.995        -3.30196     0.11818    -0.11974    -3.30040
     41.145        -3.29849     0.11821    -0.11969    -3.29701
     41.295        -3.29503     0.11825    -0.11965    -3.29363
     41.445        -3.29160     0.11828    -0.11960    -3.29028
     41.595        -3.28816     0.11831    -0.11956    -3.28692
     41.745        -3.28477     0.11835    -0.11951    -3.28360
     41.895        -3.28137     0.11838    -0.11947    -3.28028
     42.045        -3.27798     0.11842    -0.11942    -3.27697
     42.195        -3.27460     0.11845    -0.11938    -3.27367
     42.345        -3.27123     0.11848    -0.11934    -3.27037
     42.495        -3.26787     0.11851    -0.11930    -3.26709
     42.645        -3.26454     0.11855    -0.11925    -3.26383
     42.795        -3.26120     0.11858    -0.11921    -3.26057
     42.945        -3.25789     0.11861    -0.11916    -3.25734
     43.095        -3.25458     0.11864    -0.11912    -3.25410
     43.245        -3.25128     0.11867    -0.11908    -3.25087
     43.395        -3.24799     0.11871    -0.11904    -3.24766
     43.545        -3.24473     0.11874    -0.11899    -3.24448
     43.695        -3.24147     0.11877    -0.11895    -3.24129
     43.845        -3.23824     0.11880    -0.11891    -3.23813
     43.995        -3.23501     0.11883    -0.11886    -3.23497
     44.145        -3.23180     0.11886    -0.11882    -3.23184
     44.295        -3.22860     0.11889    -0.11878    -3.22871
     44.445        -3.22541     0.11893    -0.11874    -3.22560
     44.595        -3.22224     0.11896    -0.11870    -3.22250
     44.745        -3.21907     0.11899    -0.11865    -3.21940
     44.895        -3.21591     0.11902    -0.11861    -3.21632
     45.045        -3.21277     0.11905    -0.11857    -3.21325
     45.195        -3.20964     0.11908    -0.11853    -3.21019
     45.345        -3.20651     0.11911    -0.11849    -3.20714
     45.495        -3.20340     0.11914    -0.11845    -3.20409
     45.645        -3.20030     0.11917    -0.11841    -3.20107
     45.795        -3.19721     0.11920    -0.11837    -3.19804
     45.945        -3.19413     0.11924    -0.11833    -3.19504
     46.095        -3.19107     0.11927    -0.11828    -3.19205
     46.245        -3.18801     0.11930    -0.11824    -3.18906
     46.395        -3.18496     0.11932    -0.11820    -3.18609
     46.545        -3.18192     0.11935    -0.11816    -3.18311
     46.695        -3.17890     0.11938    -0.11813    -3.18016
     46.845        -3.17588     0.11941    -0.11809    -3.17720
     46.995        -3.17285     0.11944    -0.11805    -3.17424
     47.145        -3.16986     0.11947    -0.11801    -3.17132
     47.295        -3.16687     0.11950    -0.11797    -3.16840
     47.445        -3.16390     0.11953    -0.11793    -3.16550
     47.595        -3.16094     0.11956    -0.11789    -3.16261
     47.745        -3.15796     0.11959    -0.11785    -3.15970
     47.895        -3.15502     0.11962    -0.11782    -3.15682
     48.045        -3.15208     0.11965    -0.11778    -3.15395
     48.195        -3.14916     0.11968    -0.11774    -3.15110
     48.345        -3.14624     0.11970    -0.11770    -3.14825
     48.495        -3.14334     0.11973    -0.11766    -3.14542
     48.645        -3.14045     0.11976    -0.11762    -3.14259
     48.795        -3.13757     0.11979    -0.11758    -3.13977
     48.945        -3.13471     0.11982    -0.11755    -3.13698
     49.095        -3.13185     0.11984    -0.11751    -3.13419
     49.245        -3.12899     0.11987    -0.11748    -3.13138
     49.395        -3.12614     0.11990    -0.11744    -3.12860
     49.545        -3.12331     0.11993    -0.11740    -3.12584
     49.695        -3.12047     0.11996    -0.11736    -3.12307
     49.845        -3.11766     0.11998    -0.11733    -3.12032
     49.995        -3.11486     0.12001    -0.11729    -3.11757
     50.145        -3.11206     0.12004    -0.11725    -3.11484
     50.295        -3.10927     0.12006    -0.11722    -3.11212
     50.445        -3.10651     0.12009    -0.11718    -3.10942
     50.595        -3.10371     0.12012    -0.11714    -3.10669
     50.745        -3.10096     0.12015    -0.11711    -3.10399
     50.895        -3.09819     0.12017    -0.11707    -3.10129
     51.045        -3.09545     0.12020    -0.11704    -3.09861
     51.195        -3.09272     0.12023    -0.11700    -3.09594
     51.345        -3.08998     0.12025    -0.11696    -3.09327
     51.495        -3.08727     0.12028    -0.11693    -3.09062
     51.645        -3.08454     0.12030    -0.11689    -3.08795
     51.795        -3.08183     0.12033    -0.11686    -3.08531
     51.945        -3.07915     0.12036    -0.11682    -3.08269
     52.095        -3.07646     0.12038    -0.11679    -3.08005
     52.245        -3.07379     0.12041    -0.11675    -3.07745
     52.395        -3.07113     0.12044    -0.11672    -3.07485
     52.545        -3.06846     0.12046    -0.11668    -3.07225
     52.695        -3.06582     0.12049    -0.11665    -3.06966
     52.845        -3.06316     0.12052    -0.11661    -3.06707
     52.995        -3.06053     0.12054    -0.11658    -3.06449
     53.145        -3.05790     0.12057    -0.11655    -3.06193
     53.295        -3.05528     0.12059    -0.11651    -3.05936
     53.445        -3.05267     0.12062    -0.11648    -3.05681
     53.595        -3.05007     0.12065    -0.11644    -3.05427
     53.745        -3.04746     0.12067    -0.11641    -3.05173
     53.895        -3.04489     0.12070    -0.11638    -3.04921
     54.045        -3.04230     0.12072    -0.11634    -3.04668
     54.195        -3.03973     0.12075    -0.11631    -3.04417
     54.345        -3.03717     0.12078    -0.11628    -3.04167
     54.495        -3.03461     0.12080    -0.11624    -3.03917
     54.645        -3.03206     0.12083    -0.11621    -3.03668
     54.795        -3.02952     0.12085    -0.11618    -3.03420
     54.945        -3.02699     0.12088    -0.11614    -3.03172
     55.095        -3.02447     0.12090    -0.11611    -3.02926
     59.433        -2.82697     0.12284    -0.11352    -2.83629
     80.646        -2.53945     0.12567    -0.10978    -2.55534
     111.21        -2.26142     0.12838    -0.10616    -2.28365
     153.36        -1.99326     0.13102    -0.10266    -2.02162
     211.49        -1.73465     0.13356    -0.09930    -1.76892
     291.64        -1.48568     0.13602    -0.09607    -1.52563
     402.18        -1.24642     0.13839    -0.09299    -1.29181
     554.60        -1.01648     0.14065    -0.09004    -1.06709
     764.80        -0.79572     0.14281    -0.08723    -0.85130
     1054.7        -0.58380     0.14489    -0.08451    -0.64418
     1454.4        -0.38029     0.14690    -0.08190    -0.44529
     2005.6        -0.18484     0.14883    -0.07943    -0.25425
     2765.8         0.00279     0.15069    -0.07705    -0.07084
     3814.0         0.18287     0.15246    -0.07478     0.10518
     5259.5         0.35573     0.15417    -0.07260     0.27417
     7252.9         0.52182     0.15581    -0.07052     0.43653
     10002.         0.68113     0.15738    -0.06852     0.59226
     13793.         0.83389     0.15889    -0.06660     0.74160
     19020.         0.98021     0.16034    -0.06476     0.88463
     26229.         1.12028     0.16173    -0.06299     1.02155
     36170.         1.25402     0.16304    -0.06129     1.15226
     49878.         1.38183     0.16432    -0.05966     1.27717
     68782.         1.50376     0.16554    -0.05811     1.39633
     94851.         1.61995     0.16670    -0.05662     1.50988
    0.13080E+06     1.73068     0.16782    -0.05520     1.61806
    0.18038E+06     1.83610     0.16887    -0.05384     1.72107
    0.24874E+06     1.93643     0.16988    -0.05253     1.81908
    0.34301E+06     2.03193     0.17085    -0.05130     1.91237
    0.47302E+06     2.12278     0.17177    -0.05011     2.00112
    0.65229E+06     2.20907     0.17264    -0.04899     2.08542
    0.89952E+06     2.29121     0.17347    -0.04792     2.16566
    0.12404E+07     2.36941     0.17425    -0.04689     2.24205
    0.17106E+07     2.44362     0.17501    -0.04592     2.31454
    0.23589E+07     2.51417     0.17572    -0.04500     2.38345
    0.32529E+07     2.58122     0.17639    -0.04411     2.44894
    0.44858E+07     2.64487     0.17703    -0.04327     2.51111
    0.61860E+07     2.70542     0.17765    -0.04247     2.57024
    0.85305E+07     2.76288     0.17823    -0.04171     2.62636
    0.11764E+08     2.81748     0.17878    -0.04100     2.67969
    0.16222E+08     2.86937     0.17931    -0.04031     2.73036
    0.22370E+08     2.91862     0.17981    -0.03965     2.77846
    0.30849E+08     2.96523     0.18028    -0.03904     2.82399
    0.42541E+08     3.00904     0.18074    -0.03845     2.86675
    0.58664E+08     3.05008     0.18116    -0.03789     2.90681
    0.80898E+08     3.08865     0.18157    -0.03736     2.94443
    0.11156E+09     3.12497     0.18195    -0.03684     2.97987
    0.15384E+09     3.15915     0.18230    -0.03636     3.01321
    0.21215E+09     3.19140     0.18264    -0.03591     3.04467
    0.29255E+09     3.22173     0.18296    -0.03549     3.07427
    0.40343E+09     3.25036     0.18325    -0.03510     3.10220
    0.55633E+09     3.27732     0.18353    -0.03472     3.12852
    0.76719E+09     3.30198     0.18380    -0.03437     3.15256
    0.10580E+10     3.32438     0.18404    -0.03404     3.17437
    0.14589E+10     3.34486     0.18428    -0.03373     3.19431
    0.20119E+10     3.36378     0.18449    -0.03343     3.21272
    0.27744E+10     3.38118     0.18468    -0.03316     3.22965
    0.38259E+10     3.39722     0.18486    -0.03289     3.24525
    0.52760E+10     3.41201     0.18501    -0.03266     3.25965
    0.72756E+10     3.42570     0.18517    -0.03245     3.27298
    0.10033E+11     3.43830     0.18530    -0.03225     3.28525
    0.13836E+11     3.44990     0.18543    -0.03208     3.29655
    0.19079E+11     3.46068     0.18555    -0.03191     3.30705
    0.26311E+11     3.47058     0.18566    -0.03176     3.31668
    0.36283E+11     3.47976     0.18576    -0.03162     3.32562
    0.50034E+11     3.48817     0.18585    -0.03149     3.33381
    0.68997E+11     3.49596     0.18594    -0.03137     3.34139
    0.10000E+12     3.58928     0.18696    -0.02992     3.43224
