    -99.945         0.00000     0.00000     0.00000     0.00000
    -99.795         0.00000     0.00000     0.00000     0.00000
    -99.645         0.00000     0.00000     0.00000     0.00000
    -99.495         0.00000     0.00000     0.00000     0.00000
    -99.345         0.00000     0.00000     0.00000     0.00000
    -99.195         0.00000     0.00000     0.00000     0.00000
    -99.045         0.00000     0.00000     0.00000     0.00000
    -98.895         0.00000     0.00000     0.00000     0.00000
    -98.745         0.00000     0.00000     0.00000     0.00000
    -98.595         0.00000     0.00000     0.00000     0.00000
    -98.445         0.00000     0.00000     0.00000     0.00000
    -98.295         0.00000     0.00000     0.00000     0.00000
    -98.145         0.00000     0.00000     0.00000     0.00000
    -97.995         0.00000     0.00000     0.00000     0.00000
    -97.845         0.00000     0.00000     0.00000     0.00000
    -97.695         0.00000     0.00000     0.00000     0.00000
    -97.545         0.00000     0.00000     0.00000     0.00000
    -97.395         0.00000     0.00000     0.00000     0.00000
    -97.245         0.00000     0.00000     0.00000     0.00000
    -97.095         0.00000     0.00000     0.00000     0.00000
    -96.945         0.00000     0.00000     0.00000     0.00000
    -96.795         0.00000     0.00000     0.00000     0.00000
    -96.645         0.00000     0.00000     0.00000     0.00000
    -96.495         0.00000     0.00000     0.00000     0.00000
    -96.345         0.00000     0.00000     0.00000     0.00000
    -96.195         0.00000     0.00000     0.00000     0.00000
    -96.045         0.00000     0.00000     0.00000     0.00000
    -95.895         0.00000     0.00000     0.00000     0.00000
    -95.745         0.00000     0.00000     0.00000     0.00000
    -95.595         0.00000     0.00000     0.00000     0.00000
    -95.445         0.00000     0.00000     0.00000     0.00000
    -95.295         0.00000     0.00000     0.00000     0.00000
    -95.145         0.00000     0.00000     0.00000     0.00000
    -94.995         0.00000     0.00000     0.00000     0.00000
    -94.845         0.00000     0.00000     0.00000     0.00000
    -94.695         0.00000     0.00000     0.00000     0.00000
    -94.545         0.00000     0.00000     0.00000     0.00000
    -94.395         0.00000     0.00000     0.00000     0.00000
    -94.245         0.00000     0.00000     0.00000     0.00000
    -94.095         0.00000     0.00000     0.00000     0.00000
    -93.945         0.00000     0.00000     0.00000     0.00000
    -93.795         0.00000     0.00000     0.00000     0.00000
    -93.645         0.00000     0.00000     0.00000     0.00000
    -93.495         0.00000     0.00000     0.00000     0.00000
    -93.345         0.00000     0.00000     0.00000     0.00000
    -93.195         0.00000     0.00000     0.00000     0.00000
    -93.045         0.00000     0.00000     0.00000     0.00000
    -92.895         0.00000     0.00000     0.00000     0.00000
    -92.745         0.00000     0.00000     0.00000     0.00000
    -92.595         0.00000     0.00000     0.00000     0.00000
    -92.445         0.00000     0.00000     0.00000     0.00000
    -92.295         0.00000     0.00000     0.00000     0.00000
    -92.145         0.00000     0.00000     0.00000     0.00000
    -91.995         0.00000     0.00000     0.00000     0.00000
    -91.845         0.00000     0.00000     0.00000     0.00000
    -91.695         0.00000     0.00000     0.00000     0.00000
    -91.545         0.00000     0.00000     0.00000     0.00000
    -91.395         0.00000     0.00000     0.00000     0.00000
    -91.245         0.00000     0.00000     0.00000     0.00000
    -91.095         0.00000     0.00000     0.00000     0.00000
    -90.945         0.00000     0.00000     0.00000     0.00000
    -90.795         0.00000     0.00000     0.00000     0.00000
    -90.645         0.00000     0.00000     0.00000     0.00000
    -90.495         0.00000     0.00000     0.00000     0.00000
    -90.345         0.00000     0.00000     0.00000     0.00000
    -90.195         0.00000     0.00000     0.00000     0.00000
    -90.045         0.00000     0.00000     0.00000     0.00000
    -89.895         0.00000     0.00000     0.00000     0.00000
    -89.745         0.00000     0.00000     0.00000     0.00000
    -89.595         0.00000     0.00000     0.00000     0.00000
    -89.445         0.00000     0.00000     0.00000     0.00000
    -89.295         0.00000     0.00000     0.00000     0.00000
    -89.145         0.00000     0.00000     0.00000     0.00000
    -88.995         0.00000     0.00000     0.00000     0.00000
    -88.845         0.00000     0.00000     0.00000     0.00000
    -88.695         0.00000     0.00000     0.00000     0.00000
    -88.545         0.00000     0.00000     0.00000     0.00000
    -88.395         0.00000     0.00000     0.00000     0.00000
    -88.245         0.00000     0.00000     0.00000     0.00000
    -88.095         0.00000     0.00000     0.00000     0.00000
    -87.945         0.00000     0.00000     0.00000     0.00000
    -87.795         0.00000     0.00000     0.00000     0.00000
    -87.645         0.00000     0.00000     0.00000     0.00000
    -87.495         0.00000     0.00000     0.00000     0.00000
    -87.345         0.00000     0.00000     0.00000     0.00000
    -87.195         0.00000     0.00000     0.00000     0.00000
    -87.045         0.00000     0.00000     0.00000     0.00000
    -86.895         0.00000     0.00000     0.00000     0.00000
    -86.745         0.00000     0.00000     0.00000     0.00000
    -86.595         0.00000     0.00000     0.00000     0.00000
    -86.445         0.00000     0.00000     0.00000     0.00000
    -86.295         0.00000     0.00000     0.00000     0.00000
    -86.145         0.00000     0.00000     0.00000     0.00000
    -85.995         0.00000     0.00000     0.00000     0.00000
    -85.845         0.00000     0.00000     0.00000     0.00000
    -85.695         0.00000     0.00000     0.00000     0.00000
    -85.545         0.00000     0.00000     0.00000     0.00000
    -85.395         0.00000     0.00000     0.00000     0.00000
    -85.245         0.00000     0.00000     0.00000     0.00000
    -85.095         0.00000     0.00000     0.00000     0.00000
    -84.945         0.00000     0.00000     0.00000     0.00000
    -84.795         0.00000     0.00000     0.00000     0.00000
    -84.645         0.00000     0.00000     0.00000     0.00000
    -84.495         0.00000     0.00000     0.00000     0.00000
    -84.345         0.00000     0.00000     0.00000     0.00000
    -84.195         0.00000     0.00000     0.00000     0.00000
    -84.045         0.00000     0.00000     0.00000     0.00000
    -83.895         0.00000     0.00000     0.00000     0.00000
    -83.745         0.00000     0.00000     0.00000     0.00000
    -83.595         0.00000     0.00000     0.00000     0.00000
    -83.445         0.00000     0.00000     0.00000     0.00000
    -83.295         0.00000     0.00000     0.00000     0.00000
    -83.145         0.00000     0.00000     0.00000     0.00000
    -82.995         0.00000     0.00000     0.00000     0.00000
    -82.845         0.00000     0.00000     0.00000     0.00000
    -82.695         0.00000     0.00000     0.00000     0.00000
    -82.545         0.00000     0.00000     0.00000     0.00000
    -82.395         0.00000     0.00000     0.00000     0.00000
    -82.245         0.00000     0.00000     0.00000     0.00000
    -82.095         0.00000     0.00000     0.00000     0.00000
    -81.945         0.00000     0.00000     0.00000     0.00000
    -81.795         0.00000     0.00000     0.00000     0.00000
    -81.645         0.00000     0.00000     0.00000     0.00000
    -81.495         0.00000     0.00000     0.00000     0.00000
    -81.345         0.00000     0.00000     0.00000     0.00000
    -81.195         0.00000     0.00000     0.00000     0.00000
    -81.045         0.00000     0.00000     0.00000     0.00000
    -80.895         0.00000     0.00000     0.00000     0.00000
    -80.745         0.00000     0.00000     0.00000     0.00000
    -80.595         0.00000     0.00000     0.00000     0.00000
    -80.445         0.00000     0.00000     0.00000     0.00000
    -80.295         0.00000     0.00000     0.00000     0.00000
    -80.145         0.00000     0.00000     0.00000     0.00000
    -79.995         0.00000     0.00000     0.00000     0.00000
    -79.845         0.00000     0.00000     0.00000     0.00000
    -79.695         0.00000     0.00000     0.00000     0.00000
    -79.545         0.00000     0.00000     0.00000     0.00000
    -79.395         0.00000     0.00000     0.00000     0.00000
    -79.245         0.00000     0.00000     0.00000     0.00000
    -79.095         0.00000     0.00000     0.00000     0.00000
    -78.945         0.00000     0.00000     0.00000     0.00000
    -78.795         0.00000     0.00000     0.00000     0.00000
    -78.645         0.00000     0.00000     0.00000     0.00000
    -78.495         0.00000     0.00000     0.00000     0.00000
    -78.345         0.00000     0.00000     0.00000     0.00000
    -78.195         0.00000     0.00000     0.00000     0.00000
    -78.045         0.00000     0.00000     0.00000     0.00000
    -77.895         0.00000     0.00000     0.00000     0.00000
    -77.745         0.00000     0.00000     0.00000     0.00000
    -77.595         0.00000     0.00000     0.00000     0.00000
    -77.445         0.00000     0.00000     0.00000     0.00000
    -77.295         0.00000     0.00000     0.00000     0.00000
    -77.145         0.00000     0.00000     0.00000     0.00000
    -76.995         0.00000     0.00000     0.00000     0.00000
    -76.845         0.00000     0.00000     0.00000     0.00000
    -76.695         0.00000     0.00000     0.00000     0.00000
    -76.545         0.00000     0.00000     0.00000     0.00000
    -76.395         0.00000     0.00000     0.00000     0.00000
    -76.245         0.00000     0.00000     0.00000     0.00000
    -76.095         0.00000     0.00000     0.00000     0.00000
    -75.945         0.00000     0.00000     0.00000     0.00000
    -75.795         0.00000     0.00000     0.00000     0.00000
    -75.645         0.00000     0.00000     0.00000     0.00000
    -75.495         0.00000     0.00000     0.00000     0.00000
    -75.345         0.00000     0.00000     0.00000     0.00000
    -75.195         0.00000     0.00000     0.00000     0.00000
    -75.045         0.00000     0.00000     0.00000     0.00000
    -74.895         0.00000     0.00000     0.00000     0.00000
    -74.745         0.00000     0.00000     0.00000     0.00000
    -74.595         0.00000     0.00000     0.00000     0.00000
    -74.445         0.00000     0.00000     0.00000     0.00000
    -74.295         0.00000     0.00000     0.00000     0.00000
    -74.145         0.00000     0.00000     0.00000     0.00000
    -73.995         0.00000     0.00000     0.00000     0.00000
    -73.845         0.00000     0.00000     0.00000     0.00000
    -73.695         0.00000     0.00000     0.00000     0.00000
    -73.545         0.00000     0.00000     0.00000     0.00000
    -73.395         0.00000     0.00000     0.00000     0.00000
    -73.245         0.00000     0.00000     0.00000     0.00000
    -73.095         0.00000     0.00000     0.00000     0.00000
    -72.945         0.00000     0.00000     0.00000     0.00000
    -72.795         0.00000     0.00000     0.00000     0.00000
    -72.645         0.00000     0.00000     0.00000     0.00000
    -72.495         0.00000     0.00000     0.00000     0.00000
    -72.345         0.00000     0.00000     0.00000     0.00000
    -72.195         0.00000     0.00000     0.00000     0.00000
    -72.045         0.00000     0.00000     0.00000     0.00000
    -71.895         0.00000     0.00000     0.00000     0.00000
    -71.745         0.00000     0.00000     0.00000     0.00000
    -71.595         0.00000     0.00000     0.00000     0.00000
    -71.445         0.00000     0.00000     0.00000     0.00000
    -71.295         0.00000     0.00000     0.00000     0.00000
    -71.145         0.00000     0.00000     0.00000     0.00000
    -70.995         0.00000     0.00000     0.00000     0.00000
    -70.845         0.00000     0.00000     0.00000     0.00000
    -70.695         0.00000     0.00000     0.00000     0.00000
    -70.545         0.00000     0.00000     0.00000     0.00000
    -70.395         0.00000     0.00000     0.00000     0.00000
    -70.245         0.00000     0.00000     0.00000     0.00000
    -70.095         0.00000     0.00000     0.00000     0.00000
    -69.945         0.00000     0.00000     0.00000     0.00000
    -69.795         0.00000     0.00000     0.00000     0.00000
    -69.645         0.00000     0.00000     0.00000     0.00000
    -69.495         0.00000     0.00000     0.00000     0.00000
    -69.345         0.00000     0.00000     0.00000     0.00000
    -69.195         0.00000     0.00000     0.00000     0.00000
    -69.045         0.00000     0.00000     0.00000     0.00000
    -68.895         0.00000     0.00000     0.00000     0.00000
    -68.745         0.00000     0.00000     0.00000     0.00000
    -68.595         0.00000     0.00000     0.00000     0.00000
    -68.445         0.00000     0.00000     0.00000     0.00000
    -68.295         0.00000     0.00000     0.00000     0.00000
    -68.145         0.00000     0.00000     0.00000     0.00000
    -67.995         0.00000     0.00000     0.00000     0.00000
    -67.845         0.00000     0.00000     0.00000     0.00000
    -67.695         0.00000     0.00000     0.00000     0.00000
    -67.545         0.00000     0.00000     0.00000     0.00000
    -67.395         0.00000     0.00000     0.00000     0.00000
    -67.245         0.00000     0.00000     0.00000     0.00000
    -67.095         0.00000     0.00000     0.00000     0.00000
    -66.945         0.00000     0.00000     0.00000     0.00000
    -66.795         0.00000     0.00000     0.00000     0.00000
    -66.645         0.00000     0.00000     0.00000     0.00000
    -66.495         0.00000     0.00000     0.00000     0.00000
    -66.345         0.00000     0.00000     0.00000     0.00000
    -66.195         0.00000     0.00000     0.00000     0.00000
    -66.045         0.00000     0.00000     0.00000     0.00000
    -65.895         0.00000     0.00000     0.00000     0.00000
    -65.745         0.00000     0.00000     0.00000     0.00000
    -65.595         0.00000     0.00000     0.00000     0.00000
    -65.445         0.00000     0.00000     0.00000     0.00000
    -65.295         0.00000     0.00000     0.00000     0.00000
    -65.145         0.00000     0.00000     0.00000     0.00000
    -64.995         0.00000     0.00000     0.00000     0.00000
    -64.845         0.00000     0.00000     0.00000     0.00000
    -64.695         0.00000     0.00000     0.00000     0.00000
    -64.545         0.00000     0.00000     0.00000     0.00000
    -64.395         0.00000     0.00000     0.00000     0.00000
    -64.245         0.00000     0.00000     0.00000     0.00000
    -64.095         0.00000     0.00000     0.00000     0.00000
    -63.945         0.00000     0.00000     0.00000     0.00000
    -63.795         0.00000     0.00000     0.00000     0.00000
    -63.645         0.00000     0.00000     0.00000     0.00000
    -63.495         0.00000     0.00000     0.00000     0.00000
    -63.345         0.00000     0.00000     0.00000     0.00000
    -63.195         0.00000     0.00000     0.00000     0.00000
    -63.045         0.00000     0.00000     0.00000     0.00000
    -62.895         0.00000     0.00000     0.00000     0.00000
    -62.745         0.00000     0.00000     0.00000     0.00000
    -62.595         0.00000     0.00000     0.00000     0.00000
    -62.445         0.00000     0.00000     0.00000     0.00000
    -62.295         0.00000     0.00000     0.00000     0.00000
    -62.145         0.00000     0.00000     0.00000     0.00000
    -61.995         0.00000     0.00000     0.00000     0.00000
    -61.845         0.00000     0.00000     0.00000     0.00000
    -61.695         0.00000     0.00000     0.00000     0.00000
    -61.545         0.00000     0.00000     0.00000     0.00000
    -61.395         0.00000     0.00000     0.00000     0.00000
    -61.245         0.00000     0.00000     0.00000     0.00000
    -61.095         0.00000     0.00000     0.00000     0.00000
    -60.945         0.00000     0.00000     0.00000     0.00000
    -60.795         0.00000     0.00000     0.00000     0.00000
    -60.645         0.00000     0.00000     0.00000     0.00000
    -60.495         0.00000     0.00000     0.00000     0.00000
    -60.345         0.00000     0.00000     0.00000     0.00000
    -60.195         0.00000     0.00000     0.00000     0.00000
    -60.045         0.00000     0.00000     0.00000     0.00000
    -59.895         0.00000     0.00000     0.00000     0.00000
    -59.745         0.00000     0.00000     0.00000     0.00000
    -59.595         0.00000     0.00000     0.00000     0.00000
    -59.445         0.00000     0.00000     0.00000     0.00000
    -59.295         0.00000     0.00000     0.00000     0.00000
    -59.145         0.00000     0.00000     0.00000     0.00000
    -58.995         0.00000     0.00000     0.00000     0.00000
    -58.845         0.00000     0.00000     0.00000     0.00000
    -58.695         0.00000     0.00000     0.00000     0.00000
    -58.545         0.00000     0.00000     0.00000     0.00000
    -58.395         0.00000     0.00000     0.00000     0.00000
    -58.245         0.00000     0.00000     0.00000     0.00000
    -58.095         0.00000     0.00000     0.00000     0.00000
    -57.945         0.00000     0.00000     0.00000     0.00000
    -57.795         0.00000     0.00000     0.00000     0.00000
    -57.645         0.00000     0.00000     0.00000     0.00000
    -57.495         0.00000     0.00000     0.00000     0.00000
    -57.345         0.00000     0.00000     0.00000     0.00000
    -57.195         0.00000     0.00000     0.00000     0.00000
    -57.045         0.00000     0.00000     0.00000     0.00000
    -56.895         0.00000     0.00000     0.00000     0.00000
    -56.745         0.00000     0.00000     0.00000     0.00000
    -56.595         0.00000     0.00000     0.00000     0.00000
    -56.445         0.00000     0.00000     0.00000     0.00000
    -56.295         0.00000     0.00000     0.00000     0.00000
    -56.145         0.00000     0.00000     0.00000     0.00000
    -55.995         0.00000     0.00000     0.00000     0.00000
    -55.845         0.00000     0.00000     0.00000     0.00000
    -55.695         0.00000     0.00000     0.00000     0.00000
    -55.545         0.00000     0.00000     0.00000     0.00000
    -55.395         0.00000     0.00000     0.00000     0.00000
    -55.245         0.00000     0.00000     0.00000     0.00000
    -55.095         0.00000     0.00000     0.00000     0.00000
    -54.945         0.00000     0.00000     0.00000     0.00000
    -54.795         0.00000     0.00000     0.00000     0.00000
    -54.645         0.00000     0.00000     0.00000     0.00000
    -54.495         0.00000     0.00000     0.00000     0.00000
    -54.345         0.00000     0.00000     0.00000     0.00000
    -54.195         0.00000     0.00000     0.00000     0.00000
    -54.045         0.00000     0.00000     0.00000     0.00000
    -53.895         0.00000     0.00000     0.00000     0.00000
    -53.745         0.00000     0.00000     0.00000     0.00000
    -53.595         0.00000     0.00000     0.00000     0.00000
    -53.445         0.00000     0.00000     0.00000     0.00000
    -53.295         0.00000     0.00000     0.00000     0.00000
    -53.145         0.00000     0.00000     0.00000     0.00000
    -52.995         0.00000     0.00000     0.00000     0.00000
    -52.845         0.00000     0.00000     0.00000     0.00000
    -52.695         0.00000     0.00000     0.00000     0.00000
    -52.545         0.00000     0.00000     0.00000     0.00000
    -52.395         0.00000     0.00000     0.00000     0.00000
    -52.245         0.00000     0.00000     0.00000     0.00000
    -52.095         0.00000     0.00000     0.00000     0.00000
    -51.945         0.00000     0.00000     0.00000     0.00000
    -51.795         0.00000     0.00000     0.00000     0.00000
    -51.645         0.00000     0.00000     0.00000     0.00000
    -51.495         0.00000     0.00000     0.00000     0.00000
    -51.345         0.00000     0.00000     0.00000     0.00000
    -51.195         0.00000     0.00000     0.00000     0.00000
    -51.045         0.00000     0.00000     0.00000     0.00000
    -50.895         0.00000     0.00000     0.00000     0.00000
    -50.745         0.00000     0.00000     0.00000     0.00000
    -50.595         0.00000     0.00000     0.00000     0.00000
    -50.445         0.00000     0.00000     0.00000     0.00000
    -50.295         0.00000     0.00000     0.00000     0.00000
    -50.145         0.00000     0.00000     0.00000     0.00000
    -49.995         0.00000     0.00000     0.00000     0.00000
    -49.845         0.00000     0.00000     0.00000     0.00000
    -49.695         0.00000     0.00000     0.00000     0.00000
    -49.545         0.00000     0.00000     0.00000     0.00000
    -49.395         0.00000     0.00000     0.00000     0.00000
    -49.245         0.00000     0.00000     0.00000     0.00000
    -49.095         0.00000     0.00000     0.00000     0.00000
    -48.945         0.00000     0.00000     0.00000     0.00000
    -48.795         0.00000     0.00000     0.00000     0.00000
    -48.645         0.00000     0.00000     0.00000     0.00000
    -48.495         0.00000     0.00000     0.00000     0.00000
    -48.345         0.00000     0.00000     0.00000     0.00000
    -48.195         0.00000     0.00000     0.00000     0.00000
    -48.045         0.00000     0.00000     0.00000     0.00000
    -47.895         0.00000     0.00000     0.00000     0.00000
    -47.745         0.00000     0.00000     0.00000     0.00000
    -47.595         0.00000     0.00000     0.00000     0.00000
    -47.445         0.00000     0.00000     0.00000     0.00000
    -47.295         0.00000     0.00000     0.00000     0.00000
    -47.145         0.00000     0.00000     0.00000     0.00000
    -46.995         0.00000     0.00000     0.00000     0.00000
    -46.845         0.00000     0.00000     0.00000     0.00000
    -46.695         0.00000     0.00000     0.00000     0.00000
    -46.545         0.00000     0.00000     0.00000     0.00000
    -46.395         0.00000     0.00000     0.00000     0.00000
    -46.245         0.00000     0.00000     0.00000     0.00000
    -46.095         0.00000     0.00000     0.00000     0.00000
    -45.945         0.00000     0.00000     0.00000     0.00000
    -45.795         0.00000     0.00000     0.00000     0.00000
    -45.645         0.00000     0.00000     0.00000     0.00000
    -45.495         0.00000     0.00000     0.00000     0.00000
    -45.345         0.00000     0.00000     0.00000     0.00000
    -45.195         0.00000     0.00000     0.00000     0.00000
    -45.045         0.00000     0.00000     0.00000     0.00000
    -44.895         0.00000     0.00000     0.00000     0.00000
    -44.745         0.00000     0.00000     0.00000     0.00000
    -44.595         0.00000     0.00000     0.00000     0.00000
    -44.445         0.00000     0.00000     0.00000     0.00000
    -44.295         0.00000     0.00000     0.00000     0.00000
    -44.145         0.00000     0.00000     0.00000     0.00000
    -43.995         0.00000     0.00000     0.00000     0.00000
    -43.845         0.00000     0.00000     0.00000     0.00000
    -43.695         0.00000     0.00000     0.00000     0.00000
    -43.545         0.00000     0.00000     0.00000     0.00000
    -43.395         0.00000     0.00000     0.00000     0.00000
    -43.245         0.00000     0.00000     0.00000     0.00000
    -43.095         0.00000     0.00000     0.00000     0.00000
    -42.945         0.00000     0.00000     0.00000     0.00000
    -42.795         0.00000     0.00000     0.00000     0.00000
    -42.645         0.00000     0.00000     0.00000     0.00000
    -42.495         0.00000     0.00000     0.00000     0.00000
    -42.345         0.00000     0.00000     0.00000     0.00000
    -42.195         0.00000     0.00000     0.00000     0.00000
    -42.045         0.00000     0.00000     0.00000     0.00000
    -41.895         0.00000     0.00000     0.00000     0.00000
    -41.745         0.00000     0.00000     0.00000     0.00000
    -41.595         0.00000     0.00000     0.00000     0.00000
    -41.445         0.00000     0.00000     0.00000     0.00000
    -41.295         0.00000     0.00000     0.00000     0.00000
    -41.145         0.00000     0.00000     0.00000     0.00000
    -40.995         0.00000     0.00000     0.00000     0.00000
    -40.845         0.00000     0.00000     0.00000     0.00000
    -40.695         0.00000     0.00000     0.00000     0.00000
    -40.545         0.00000     0.00000     0.00000     0.00000
    -40.395         0.00000     0.00000     0.00000     0.00000
    -40.245         0.00000     0.00000     0.00000     0.00000
    -40.095         0.00000     0.00000     0.00000     0.00000
    -39.945         0.00000     0.00000     0.00000     0.00000
    -39.795         0.00000     0.00000     0.00000     0.00000
    -39.645         0.00000     0.00000     0.00000     0.00000
    -39.495         0.00000     0.00000     0.00000     0.00000
    -39.345         0.00000     0.00000     0.00000     0.00000
    -39.195         0.00000     0.00000     0.00000     0.00000
    -39.045         0.00000     0.00000     0.00000     0.00000
    -38.895         0.00000     0.00000     0.00000     0.00000
    -38.745         0.00000     0.00000     0.00000     0.00000
    -38.595         0.00000     0.00000     0.00000     0.00000
    -38.445         0.00000     0.00000     0.00000     0.00000
    -38.295         0.00000     0.00000     0.00000     0.00000
    -38.145         0.00000     0.00000     0.00000     0.00000
    -37.995         0.00000     0.00000     0.00000     0.00000
    -37.845         0.00000     0.00000     0.00000     0.00000
    -37.695         0.00000     0.00000     0.00000     0.00000
    -37.545         0.00000     0.00000     0.00000     0.00000
    -37.395         0.00000     0.00000     0.00000     0.00000
    -37.245         0.00000     0.00000     0.00000     0.00000
    -37.095         0.00000     0.00000     0.00000     0.00000
    -36.945         0.00000     0.00000     0.00000     0.00000
    -36.795         0.00000     0.00000     0.00000     0.00000
    -36.645         0.00000     0.00000     0.00000     0.00000
    -36.495         0.00000     0.00000     0.00000     0.00000
    -36.345         0.00000     0.00000     0.00000     0.00000
    -36.195         0.00000     0.00000     0.00000     0.00000
    -36.045         0.00000     0.00000     0.00000     0.00000
    -35.895         0.00000     0.00000     0.00000     0.00000
    -35.745         0.00000     0.00000     0.00000     0.00000
    -35.595         0.00000     0.00000     0.00000     0.00000
    -35.445         0.00000     0.00000     0.00000     0.00000
    -35.295         0.00000     0.00000     0.00000     0.00000
    -35.145         0.00000     0.00000     0.00000     0.00000
    -34.995         0.00000     0.00000     0.00000     0.00000
    -34.845         0.00000     0.00000     0.00000     0.00000
    -34.695         0.00000     0.00000     0.00000     0.00000
    -34.545         0.00000     0.00000     0.00000     0.00000
    -34.395         0.00000     0.00000     0.00000     0.00000
    -34.245         0.00000     0.00000     0.00000     0.00000
    -34.095         0.00000     0.00000     0.00000     0.00000
    -33.945         0.00000     0.00000     0.00000     0.00000
    -33.795         0.00000     0.00000     0.00000     0.00000
    -33.645         0.00000     0.00000     0.00000     0.00000
    -33.495         0.00000     0.00000     0.00000     0.00000
    -33.345         0.00000     0.00000     0.00000     0.00000
    -33.195         0.00000     0.00000     0.00000     0.00000
    -33.045         0.00000     0.00000     0.00000     0.00000
    -32.895         0.00000     0.00000     0.00000     0.00000
    -32.745         0.00000     0.00000     0.00000     0.00000
    -32.595         0.00000     0.00000     0.00000     0.00000
    -32.445         0.00000     0.00000     0.00000     0.00000
    -32.295         0.00000     0.00000     0.00000     0.00000
    -32.145         0.00000     0.00000     0.00000     0.00000
    -31.995         0.00000     0.00000     0.00000     0.00000
    -31.845         0.00000     0.00000     0.00000     0.00000
    -31.695         0.00000     0.00000     0.00000     0.00000
    -31.545         0.00000     0.00000     0.00000     0.00000
    -31.395         0.00000     0.00000     0.00000     0.00000
    -31.245         0.00000     0.00000     0.00000     0.00000
    -31.095         0.00000     0.00000     0.00000     0.00000
    -30.945         0.00000     0.00000     0.00000     0.00000
    -30.795         0.00000     0.00000     0.00000     0.00000
    -30.645         0.00000     0.00000     0.00000     0.00000
    -30.495         0.00000     0.00000     0.00000     0.00000
    -30.345         0.00000     0.00000     0.00000     0.00000
    -30.195         0.00000     0.00000     0.00000     0.00000
    -30.045         0.00000     0.00000     0.00000     0.00000
    -29.895         0.00000     0.00000     0.00000     0.00000
    -29.745         0.00000     0.00000     0.00000     0.00000
    -29.595         0.00000     0.00000     0.00000     0.00000
    -29.445         0.00000     0.00000     0.00000     0.00000
    -29.295         0.00000     0.00000     0.00000     0.00000
    -29.145         0.00000     0.00000     0.00000     0.00000
    -28.995         0.00000     0.00000     0.00000     0.00000
    -28.845         0.00000     0.00000     0.00000     0.00000
    -28.695         0.00000     0.00000     0.00000     0.00000
    -28.545         0.00000     0.00000     0.00000     0.00000
    -28.395         0.00000     0.00000     0.00000     0.00000
    -28.245         0.00000     0.00000     0.00000     0.00000
    -28.095         0.00000     0.00000     0.00000     0.00000
    -27.945         0.00000     0.00000     0.00000     0.00000
    -27.795         0.00000     0.00000     0.00000     0.00000
    -27.645         0.00000     0.00000     0.00000     0.00000
    -27.495         0.00000     0.00000     0.00000     0.00000
    -27.345         0.00000     0.00000     0.00000     0.00000
    -27.195         0.00000     0.00000     0.00000     0.00000
    -27.045         0.00000     0.00000     0.00000     0.00000
    -26.895         0.00000     0.00000     0.00000     0.00000
    -26.745         0.00000     0.00000     0.00000     0.00000
    -26.595         0.00000     0.00000     0.00000     0.00000
    -26.445         0.00000     0.00000     0.00000     0.00000
    -26.295         0.00000     0.00000     0.00000     0.00000
    -26.145         0.00000     0.00000     0.00000     0.00000
    -25.995         0.00000     0.00000     0.00000     0.00000
    -25.845         0.00000     0.00000     0.00000     0.00000
    -25.695         0.00000     0.00000     0.00000     0.00000
    -25.545         0.00000     0.00000     0.00000     0.00000
    -25.395         0.00000     0.00000     0.00000     0.00000
    -25.245         0.00000     0.00000     0.00000     0.00000
    -25.095         0.00000     0.00000     0.00000     0.00000
    -24.945         0.00000     0.00000     0.00000     0.00000
    -24.795         0.00000     0.00000     0.00000     0.00000
    -24.645         0.00000     0.00000     0.00000     0.00000
    -24.495         0.00000     0.00000     0.00000     0.00000
    -24.345         0.00000     0.00000     0.00000     0.00000
    -24.195         0.00000     0.00000     0.00000     0.00000
    -24.045         0.00000     0.00000     0.00000     0.00000
    -23.895         0.00000     0.00000     0.00000     0.00000
    -23.745         0.00000     0.00000     0.00000     0.00000
    -23.595         0.00000     0.00000     0.00000     0.00000
    -23.445         0.00000     0.00000     0.00000     0.00000
    -23.295         0.00000     0.00000     0.00000     0.00000
    -23.145         0.00000     0.00000     0.00000     0.00000
    -22.995         0.00000     0.00000     0.00000     0.00000
    -22.845         0.00000     0.00000     0.00000     0.00000
    -22.695         0.00000     0.00000     0.00000     0.00000
    -22.545         0.00000     0.00000     0.00000     0.00000
    -22.395         0.00000     0.00000     0.00000     0.00000
    -22.245         0.00000     0.00000     0.00000     0.00000
    -22.095         0.00000     0.00000     0.00000     0.00000
    -21.945         0.00000     0.00000     0.00000     0.00000
    -21.795         0.00000     0.00000     0.00000     0.00000
    -21.645         0.00000     0.00000     0.00000     0.00000
    -21.495         0.00000     0.00000     0.00000     0.00000
    -21.345         0.00000     0.00000     0.00000     0.00000
    -21.195         0.00000     0.00000     0.00000     0.00000
    -21.045         0.00000     0.00000     0.00000     0.00000
    -20.895         0.00000     0.00000     0.00000     0.00000
    -20.745         0.00000     0.00000     0.00000     0.00000
    -20.595         0.00000     0.00000     0.00000     0.00000
    -20.445         0.00000     0.00000     0.00000     0.00000
    -20.295         0.00000     0.00000     0.00000     0.00000
    -20.145         0.00000     0.00000     0.00000     0.00000
    -19.995         0.00000     0.00000     0.00000     0.00000
    -19.845         0.00000     0.00000     0.00000     0.00000
    -19.695         0.00000     0.00000     0.00000     0.00000
    -19.545         0.00000     0.00000     0.00000     0.00000
    -19.395         0.00000     0.00000     0.00000     0.00000
    -19.245         0.00000     0.00000     0.00000     0.00000
    -19.095         0.00000     0.00000     0.00000     0.00000
    -18.945         0.00000     0.00000     0.00000     0.00000
    -18.795         0.00000     0.00000     0.00000     0.00000
    -18.645         0.00000     0.00000     0.00000     0.00000
    -18.495         0.00000     0.00000     0.00000     0.00000
    -18.345         0.00000     0.00000     0.00000     0.00000
    -18.195         0.00000     0.00000     0.00000     0.00000
    -18.045         0.00000     0.00000     0.00000     0.00000
    -17.895         0.00000     0.00000     0.00000     0.00000
    -17.745         0.00000     0.00000     0.00000     0.00000
    -17.595         0.00000     0.00000     0.00000     0.00000
    -17.445         0.00000     0.00000     0.00000     0.00000
    -17.295         0.00000     0.00000     0.00000     0.00000
    -17.145         0.00000     0.00000     0.00000     0.00000
    -16.995         0.00000     0.00000     0.00000     0.00000
    -16.845         0.00000     0.00000     0.00000     0.00000
    -16.695         0.00000     0.00000     0.00000     0.00000
    -16.545         0.00000     0.00000     0.00000     0.00000
    -16.395         0.00000     0.00000     0.00000     0.00000
    -16.245         0.00000     0.00000     0.00000     0.00000
    -16.095         0.00000     0.00000     0.00000     0.00000
    -15.945         0.00000     0.00000     0.00000     0.00000
    -15.795         0.00000     0.00000     0.00000     0.00000
    -15.645         0.00000     0.00000     0.00000     0.00000
    -15.495         0.00000     0.00000     0.00000     0.00000
    -15.345         0.00000     0.00000     0.00000     0.00000
    -15.195         0.00000     0.00000     0.00000     0.00000
    -15.045         0.00000     0.00000     0.00000     0.00000
    -14.895         0.00000     0.00000     0.00000     0.00000
    -14.745         0.00000     0.00000     0.00000     0.00000
    -14.595         0.00000     0.00000     0.00000     0.00000
    -14.445         0.00000     0.00000     0.00000     0.00000
    -14.295         0.00000     0.00000     0.00000     0.00000
    -14.145         0.00000     0.00000     0.00000     0.00000
    -13.995         0.00000     0.00000     0.00000     0.00000
    -13.845         0.00000     0.00000     0.00000     0.00000
    -13.695         0.00000     0.00000     0.00000     0.00000
    -13.545         0.00000     0.00000     0.00000     0.00000
    -13.395         0.00000     0.00000     0.00000     0.00000
    -13.245         0.00000     0.00000     0.00000     0.00000
    -13.095         0.00000     0.00000     0.00000     0.00000
    -12.945         0.00000     0.00000     0.00000     0.00000
    -12.795         0.00000     0.00000     0.00000     0.00000
    -12.645         0.00000     0.00000     0.00000     0.00000
    -12.495         0.00000     0.00000     0.00000     0.00000
    -12.345         0.00000     0.00000     0.00000     0.00000
    -12.195         0.00000     0.00000     0.00000     0.00000
    -12.045         0.00000     0.00000     0.00000     0.00000
    -11.895         0.00000     0.00000     0.00000     0.00000
    -11.745         0.00000     0.00000     0.00000     0.00000
    -11.595         0.00000     0.00000     0.00000     0.00000
    -11.445         0.00000     0.00000     0.00000     0.00000
    -11.295         0.00000     0.00000     0.00000     0.00000
    -11.145         0.00000     0.00000     0.00000     0.00000
    -10.995         0.00000     0.00000     0.00000     0.00000
    -10.845         0.00000     0.00000     0.00000     0.00000
    -10.695         0.00000     0.00000     0.00000     0.00000
    -10.545         0.00000     0.00000     0.00000     0.00000
    -10.395         0.00000     0.00000     0.00000     0.00000
    -10.245         0.00000     0.00000     0.00000     0.00000
    -10.095         0.00000     0.00000     0.00000     0.00000
    -9.9450         0.00000     0.00000     0.00000     0.00000
    -9.7950         0.00000     0.00000     0.00000     0.00000
    -9.6450         0.00000     0.00000     0.00000     0.00000
    -9.4950         0.00000     0.00000     0.00000     0.00000
    -9.3450         0.00000     0.00000     0.00000     0.00000
    -9.1950         0.00000     0.00000     0.00000     0.00000
    -9.0450         0.00000     0.00000     0.00000     0.00000
    -8.8950         0.00000     0.00000     0.00000     0.00000
    -8.7450         0.00000     0.00000     0.00000     0.00000
    -8.5950         0.00000     0.00000     0.00000     0.00000
    -8.4450         0.00000     0.00000     0.00000     0.00000
    -8.2950         0.00000     0.00000     0.00000     0.00000
    -8.1450         0.00000     0.00000     0.00000     0.00000
    -7.9950         0.00000     0.00000     0.00000     0.00000
    -7.8450         0.00000     0.00000     0.00000     0.00000
    -7.6950         0.00000     0.00000     0.00000     0.00000
    -7.5450         0.00000     0.00000     0.00000     0.00000
    -7.3950         0.00000     0.00000     0.00000     0.00000
    -7.2450         0.00000     0.00000     0.00000     0.00000
    -7.0950         0.00000     0.00000     0.00000     0.00000
    -6.9450         0.00000     0.00000     0.00000     0.00000
    -6.7950         0.00000     0.00000     0.00000     0.00000
    -6.6450         0.00000     0.00000     0.00000     0.00000
    -6.4950         0.00000     0.00000     0.00000     0.00000
    -6.3450         0.00000     0.00000     0.00000     0.00000
    -6.1950         0.00000     0.00000     0.00000     0.00000
    -6.0450         0.00000     0.00000     0.00000     0.00000
    -5.8950         0.00000     0.00000     0.00000     0.00000
    -5.7450         0.00000     0.00000     0.00000     0.00000
    -5.5950         0.00000     0.00000     0.00000     0.00000
    -5.4450         0.00000     0.00000     0.00000     0.00000
    -5.2950         0.00000     0.00000     0.00000     0.00000
    -5.1450         0.00000     0.00000     0.00000     0.00000
    -4.9950         0.00000     0.00000     0.00000     0.00000
    -4.8450         0.00000     0.00000     0.00000     0.00000
    -4.6950         0.00000     0.00000     0.00000     0.00000
    -4.5450         0.00000     0.00000     0.00000     0.00000
    -4.3950         0.00000     0.00000     0.00000     0.00000
    -4.2450         0.00000     0.00000     0.00000     0.00000
    -4.0950         0.00000     0.00000     0.00000     0.00000
    -3.9450         0.00000     0.00000     0.00000     0.00000
    -3.7950         0.00000     0.00000     0.00000     0.00000
    -3.6450         0.00000     0.00000     0.00000     0.00000
    -3.4950         0.00000     0.00000     0.00000     0.00000
    -3.3450         0.00000     0.00000     0.00000     0.00000
    -3.1950         0.00000     0.00000     0.00000     0.00000
    -3.0450         0.00000     0.00000     0.00000     0.00000
    -2.8950         0.00000     0.00000     0.00000     0.00000
    -2.7450         0.00000     0.00000     0.00000     0.00000
    -2.5950         0.00000     0.00000     0.00000     0.00000
    -2.4450         0.00000     0.00000     0.00000     0.00000
    -2.2950         0.00000     0.00000     0.00000     0.00000
    -2.1450         0.00000     0.00000     0.00000     0.00000
    -1.9950         0.00000     0.00000     0.00000     0.00000
    -1.8450         0.00000     0.00000     0.00000     0.00000
    -1.6950         0.00000     0.00000     0.00000     0.00000
    -1.5450         0.00000     0.00000     0.00000     0.00000
    -1.3950         0.00000     0.00000     0.00000     0.00000
    -1.2450         0.00000     0.00000     0.00000     0.00000
    -1.0950         0.00000     0.00000     0.00000     0.00000
   -0.94500         0.00002     0.00002     0.00000     0.00000
   -0.79500        -0.00006     0.00029     0.00000    -0.00035
   -0.64500        -0.01472    -0.00173     0.00011    -0.01310
   -0.49500        -0.19716    -0.00687    -0.00316    -0.18713
   -0.34500        -1.63934    -0.01932    -0.01506    -1.60496
   -0.22700        -2.37381    -0.02584    -0.02142    -2.32656
   -0.21300        -2.45226    -0.02675    -0.02233    -2.40318
   -0.20700        -2.53025    -0.02768    -0.02310    -2.47946
   -0.20100        -2.60619    -0.02862    -0.02397    -2.55361
   -0.19500        -2.68092    -0.02956    -0.02474    -2.62662
   -0.18900        -2.75398    -0.03057    -0.02559    -2.69782
   -0.18300        -2.82664    -0.03171    -0.02654    -2.76839
   -0.17700        -2.89659    -0.03275    -0.02738    -2.83646
   -0.17100        -2.96488    -0.03383    -0.02829    -2.90276
   -0.16500        -3.03312    -0.03490    -0.02918    -2.96904
   -0.15900        -3.09952    -0.03594    -0.03012    -3.03347
   -0.15300        -3.16558    -0.03718    -0.03115    -3.09725
   -0.14700        -3.23072    -0.03843    -0.03208    -3.16020
   -0.14100        -3.29423    -0.03965    -0.03304    -3.22154
   -0.13500        -3.35863    -0.04094    -0.03411    -3.28358
   -0.12900        -3.42194    -0.04224    -0.03516    -3.34454
   -0.12300        -3.48580    -0.04363    -0.03631    -3.40585
   -0.11700        -3.54824    -0.04514    -0.03753    -3.46558
   -0.11100        -3.61242    -0.04670    -0.03880    -3.52692
   -0.10500        -3.67664    -0.04833    -0.04007    -3.58824
   -0.99000E-01    -3.74157    -0.05001    -0.04148    -3.65008
   -0.93000E-01    -3.80750    -0.05172    -0.04298    -3.71280
   -0.87000E-01    -3.87418    -0.05348    -0.04457    -3.77612
   -0.81000E-01    -3.94225    -0.05535    -0.04620    -3.84069
   -0.75000E-01    -4.01306    -0.05749    -0.04803    -3.90754
   -0.69000E-01    -4.08618    -0.05972    -0.04998    -3.97648
   -0.63000E-01    -4.16304    -0.06220    -0.05213    -4.04871
   -0.57000E-01    -4.24401    -0.06485    -0.05452    -4.12464
   -0.51000E-01    -4.33010    -0.06775    -0.05716    -4.20519
   -0.45000E-01    -4.42400    -0.07099    -0.06038    -4.29263
   -0.39000E-01    -4.52809    -0.07474    -0.06418    -4.38917
   -0.33000E-01    -4.64611    -0.07916    -0.06882    -4.49812
   -0.27000E-01    -4.78187    -0.08461    -0.07469    -4.62256
   -0.21300E-01    -4.88700    -0.08918    -0.07995    -4.71787
   -0.19500E-01    -4.90333    -0.08993    -0.08079    -4.73261
   -0.18900E-01    -4.91988    -0.09068    -0.08168    -4.74752
   -0.18300E-01    -4.93676    -0.09146    -0.08263    -4.76267
   -0.17700E-01    -4.95375    -0.09228    -0.08360    -4.77787
   -0.17100E-01    -4.97134    -0.09314    -0.08465    -4.79355
   -0.16500E-01    -4.98924    -0.09400    -0.08573    -4.80951
   -0.15900E-01    -5.00749    -0.09493    -0.08685    -4.82572
   -0.15300E-01    -5.02605    -0.09588    -0.08801    -4.84217
   -0.14700E-01    -5.04513    -0.09691    -0.08927    -4.85896
   -0.14100E-01    -5.06474    -0.09796    -0.09057    -4.87621
   -0.13500E-01    -5.08477    -0.09905    -0.09200    -4.89373
   -0.12900E-01    -5.10530    -0.10023    -0.09347    -4.91160
   -0.12300E-01    -5.12642    -0.10148    -0.09504    -4.92991
   -0.11700E-01    -5.14804    -0.10278    -0.09675    -4.94850
   -0.11100E-01    -5.17042    -0.10413    -0.09861    -4.96768
   -0.10500E-01    -5.19353    -0.10559    -0.10057    -4.98737
   -0.99000E-02    -5.21725    -0.10714    -0.10265    -5.00745
   -0.93000E-02    -5.24196    -0.10876    -0.10500    -5.02820
   -0.87000E-02    -5.26753    -0.11050    -0.10757    -5.04946
   -0.81000E-02    -5.29426    -0.11238    -0.11038    -5.07150
   -0.75000E-02    -5.32242    -0.11440    -0.11349    -5.09453
   -0.69000E-02    -5.35203    -0.11661    -0.11698    -5.11844
   -0.63000E-02    -5.38329    -0.11899    -0.12093    -5.14337
   -0.57000E-02    -5.41651    -0.12161    -0.12551    -5.16939
   -0.51000E-02    -5.45207    -0.12445    -0.13090    -5.19671
   -0.45000E-02    -5.49034    -0.12763    -0.13733    -5.22538
   -0.39000E-02    -5.53170    -0.13115    -0.14523    -5.25532
   -0.33000E-02    -5.57690    -0.13509    -0.15527    -5.28653
   -0.27000E-02    -5.62708    -0.13950    -0.16902    -5.31855
   -0.21000E-02    -5.68596    -0.14448    -0.19039    -5.35109
   -0.15000E-02    -5.76278    -0.15001    -0.22771    -5.38506
   -0.90000E-03    -5.86440    -0.15584    -0.27692    -5.43164
   -0.30000E-03    -7.34192    -0.16005    -0.28781    -6.89405
    0.30000E-03    -5.86723    -0.14918    -0.28359    -5.43446
    0.90000E-03    -5.78194    -0.10005    -0.27778    -5.40410
    0.15000E-02    -5.73164    -0.06287    -0.27228    -5.39649
    0.21000E-02    -5.70342    -0.04158    -0.26737    -5.39448
    0.27000E-02    -5.68480    -0.02781    -0.26304    -5.39395
    0.33000E-02    -5.67068    -0.01770    -0.25918    -5.39379
    0.39000E-02    -5.65932    -0.00980    -0.25578    -5.39374
    0.45000E-02    -5.64971    -0.00330    -0.25270    -5.39371
    0.51000E-02    -5.64150     0.00213    -0.24994    -5.39369
    0.57000E-02    -5.63429     0.00678    -0.24739    -5.39368
    0.63000E-02    -5.62796     0.01081    -0.24510    -5.39367
    0.69000E-02    -5.62234     0.01431    -0.24300    -5.39365
    0.75000E-02    -5.61724     0.01746    -0.24106    -5.39364
    0.81000E-02    -5.61261     0.02027    -0.23926    -5.39363
    0.87000E-02    -5.60842     0.02278    -0.23759    -5.39361
    0.93000E-02    -5.60450     0.02510    -0.23600    -5.39360
    0.99000E-02    -5.60090     0.02721    -0.23452    -5.39358
    0.10500E-01    -5.59756     0.02918    -0.23318    -5.39356
    0.11100E-01    -5.59449     0.03094    -0.23189    -5.39354
    0.11700E-01    -5.59167     0.03252    -0.23068    -5.39352
    0.12300E-01    -5.58899     0.03404    -0.22954    -5.39349
    0.12900E-01    -5.58656     0.03541    -0.22849    -5.39347
    0.13500E-01    -5.58423     0.03672    -0.22750    -5.39345
    0.14100E-01    -5.58209     0.03791    -0.22658    -5.39343
    0.14700E-01    -5.58004     0.03904    -0.22568    -5.39340
    0.15300E-01    -5.57805     0.04011    -0.22479    -5.39338
    0.15900E-01    -5.57623     0.04112    -0.22400    -5.39335
    0.16500E-01    -5.57453     0.04202    -0.22323    -5.39332
    0.17100E-01    -5.57286     0.04290    -0.22247    -5.39329
    0.17700E-01    -5.57130     0.04374    -0.22178    -5.39325
    0.18300E-01    -5.56984     0.04450    -0.22113    -5.39322
    0.18900E-01    -5.56848     0.04522    -0.22051    -5.39318
    0.19500E-01    -5.56718     0.04590    -0.21993    -5.39315
    0.21300E-01    -5.55974     0.04966    -0.21652    -5.39288
    0.27000E-01    -5.55243     0.05308    -0.21309    -5.39242
    0.33000E-01    -5.54750     0.05522    -0.21082    -5.39190
    0.39000E-01    -5.54408     0.05649    -0.20929    -5.39128
    0.45000E-01    -5.54148     0.05731    -0.20820    -5.39059
    0.51000E-01    -5.53933     0.05787    -0.20743    -5.38978
    0.57000E-01    -5.53750     0.05823    -0.20682    -5.38891
    0.63000E-01    -5.53587     0.05847    -0.20639    -5.38795
    0.69000E-01    -5.53442     0.05861    -0.20610    -5.38693
    0.75000E-01    -5.53291     0.05874    -0.20588    -5.38576
    0.81000E-01    -5.53151     0.05880    -0.20567    -5.38464
    0.87000E-01    -5.53013     0.05887    -0.20556    -5.38345
    0.93000E-01    -5.52870     0.05898    -0.20547    -5.38221
    0.99000E-01    -5.52726     0.05902    -0.20537    -5.38091
    0.10500        -5.52573     0.05905    -0.20530    -5.37949
    0.11100        -5.52400     0.05934    -0.20526    -5.37808
    0.11700        -5.52250     0.05937    -0.20521    -5.37666
    0.12300        -5.52093     0.05942    -0.20518    -5.37516
    0.12900        -5.51925     0.05946    -0.20502    -5.37369
    0.13500        -5.51747     0.05971    -0.20499    -5.37219
    0.14100        -5.51566     0.05975    -0.20488    -5.37052
    0.14700        -5.51378     0.05998    -0.20487    -5.36890
    0.15300        -5.51174     0.06022    -0.20479    -5.36717
    0.15900        -5.50980     0.06026    -0.20471    -5.36535
    0.16500        -5.50787     0.06030    -0.20464    -5.36353
    0.17100        -5.50588     0.06053    -0.20458    -5.36182
    0.17700        -5.50398     0.06057    -0.20451    -5.36003
    0.18300        -5.50203     0.06061    -0.20445    -5.35819
    0.18900        -5.49987     0.06082    -0.20439    -5.35630
    0.19500        -5.49765     0.06087    -0.20433    -5.35419
    0.20100        -5.49535     0.06109    -0.20427    -5.35216
    0.20700        -5.49316     0.06129    -0.20421    -5.35024
    0.21300        -5.49116     0.06134    -0.20415    -5.34835
    0.22700        -5.47177     0.06176    -0.20370    -5.32983
    0.34500        -5.40831     0.06315    -0.20262    -5.26884
    0.49500        -5.34126     0.06473    -0.20172    -5.20426
    0.64500        -5.27241     0.06752    -0.20092    -5.13900
    0.79500        -5.20474     0.06904    -0.20022    -5.07357
    0.94500        -5.13801     0.07120    -0.19959    -5.00962
     1.0950        -5.07245     0.07313    -0.19901    -4.94657
     1.2450        -5.00850     0.07454    -0.19848    -4.88456
     1.3950        -4.94607     0.07586    -0.19800    -4.82393
     1.5450        -4.88517     0.07733    -0.19756    -4.76493
     1.6950        -4.82611     0.07870    -0.19713    -4.70768
     1.8450        -4.76926     0.07998    -0.19672    -4.65251
     1.9950        -4.71452     0.08117    -0.19633    -4.59936
     2.1450        -4.66091     0.08229    -0.19598    -4.54723
     2.2950        -4.61035     0.08335    -0.19564    -4.49806
     2.4450        -4.56163     0.08436    -0.19531    -4.45068
     2.5950        -4.51500     0.08531    -0.19499    -4.40532
     2.7450        -4.47035     0.08621    -0.19469    -4.36188
     2.8950        -4.42730     0.08708    -0.19441    -4.31997
     3.0450        -4.38579     0.08789    -0.19415    -4.27953
     3.1950        -4.34620     0.08867    -0.19389    -4.24098
     3.3450        -4.30799     0.08943    -0.19363    -4.20378
     3.4950        -4.27096     0.09016    -0.19339    -4.16773
     3.6450        -4.23536     0.09086    -0.19314    -4.13307
     3.7950        -4.20094     0.09153    -0.19292    -4.09955
     3.9450        -4.16780     0.09218    -0.19269    -4.06728
     4.0950        -4.13582     0.09280    -0.19247    -4.03615
     4.2450        -4.10459     0.09341    -0.19225    -4.00576
     4.3950        -4.07463     0.09400    -0.19204    -3.97659
     4.5450        -4.04563     0.09458    -0.19184    -3.94837
     4.6950        -4.01755     0.09513    -0.19163    -3.92105
     4.8450        -3.99031     0.09567    -0.19145    -3.89454
     4.9950        -3.96383     0.09619    -0.19127    -3.86875
     5.1450        -3.93809     0.09670    -0.19109    -3.84369
     5.2950        -3.91307     0.09719    -0.19092    -3.81934
     5.4450        -3.88876     0.09766    -0.19075    -3.79568
     5.5950        -3.86508     0.09813    -0.19058    -3.77262
     5.7450        -3.84198     0.09858    -0.19042    -3.75014
     5.8950        -3.81942     0.09903    -0.19026    -3.72819
     6.0450        -3.79739     0.09946    -0.19010    -3.70676
     6.1950        -3.77599     0.09988    -0.18996    -3.68591
     6.3450        -3.75502     0.10029    -0.18982    -3.66549
     6.4950        -3.73453     0.10069    -0.18968    -3.64555
     6.6450        -3.71453     0.10108    -0.18953    -3.62608
     6.7950        -3.69495     0.10146    -0.18939    -3.60703
     6.9450        -3.67576     0.10185    -0.18925    -3.58835
     7.0950        -3.65698     0.10222    -0.18911    -3.57008
     7.2450        -3.63857     0.10258    -0.18898    -3.55217
     7.3950        -3.62052     0.10294    -0.18886    -3.53460
     7.5450        -3.60288     0.10328    -0.18873    -3.51743
     7.6950        -3.58558     0.10362    -0.18860    -3.50059
     7.8450        -3.56862     0.10395    -0.18849    -3.48408
     7.9950        -3.55199     0.10428    -0.18836    -3.46791
     8.1450        -3.53561     0.10460    -0.18824    -3.45197
     8.2950        -3.51952     0.10492    -0.18812    -3.43632
     8.4450        -3.50373     0.10523    -0.18801    -3.42094
     8.5950        -3.48823     0.10553    -0.18791    -3.40586
     8.7450        -3.47298     0.10584    -0.18779    -3.39102
     8.8950        -3.45802     0.10613    -0.18768    -3.37646
     9.0450        -3.44330     0.10642    -0.18758    -3.36213
     9.1950        -3.42884     0.10670    -0.18748    -3.34806
     9.3450        -3.41466     0.10698    -0.18737    -3.33426
     9.4950        -3.40066     0.10726    -0.18727    -3.32065
     9.6450        -3.38691     0.10752    -0.18717    -3.30726
     9.7950        -3.37335     0.10779    -0.18707    -3.29407
     9.9450        -3.35997     0.10806    -0.18697    -3.28106
     10.095        -3.34683     0.10831    -0.18687    -3.26827
     10.245        -3.33384     0.10857    -0.18677    -3.25563
     10.395        -3.32106     0.10882    -0.18668    -3.24320
     10.545        -3.30849     0.10907    -0.18658    -3.23097
     10.695        -3.29611     0.10931    -0.18649    -3.21893
     10.845        -3.28389     0.10955    -0.18640    -3.20705
     10.995        -3.27183     0.10979    -0.18630    -3.19531
     11.145        -3.25996     0.11002    -0.18622    -3.18376
     11.295        -3.24823     0.11025    -0.18613    -3.17236
     11.445        -3.23665     0.11048    -0.18604    -3.16109
     11.595        -3.22525     0.11070    -0.18596    -3.15000
     11.745        -3.21401     0.11093    -0.18588    -3.13906
     11.895        -3.20289     0.11115    -0.18580    -3.12825
     12.045        -3.19193     0.11137    -0.18571    -3.11759
     12.195        -3.18113     0.11158    -0.18563    -3.10708
     12.345        -3.17043     0.11179    -0.18554    -3.09668
     12.495        -3.15989     0.11199    -0.18546    -3.08642
     12.645        -3.14945     0.11220    -0.18538    -3.07628
     12.795        -3.13913     0.11241    -0.18530    -3.06624
     12.945        -3.12893     0.11261    -0.18521    -3.05633
     13.095        -3.11889     0.11281    -0.18514    -3.04656
     13.245        -3.10893     0.11301    -0.18507    -3.03686
     13.395        -3.09909     0.11320    -0.18500    -3.02729
     13.545        -3.08937     0.11339    -0.18492    -3.01784
     13.695        -3.07979     0.11358    -0.18485    -3.00853
     13.845        -3.07025     0.11378    -0.18477    -2.99926
     13.995        -3.06090     0.11396    -0.18470    -2.99016
     14.145        -3.05161     0.11414    -0.18462    -2.98113
     14.295        -3.04246     0.11432    -0.18455    -2.97223
     14.445        -3.03337     0.11450    -0.18449    -2.96339
     14.595        -3.02439     0.11468    -0.18442    -2.95465
     14.745        -3.01549     0.11486    -0.18434    -2.94601
     14.895        -3.00669     0.11503    -0.18427    -2.93745
     15.045        -2.99799     0.11520    -0.18421    -2.92899
     15.195        -2.98942     0.11538    -0.18414    -2.92065
     15.345        -2.98093     0.11554    -0.18408    -2.91240
     15.495        -2.97252     0.11571    -0.18401    -2.90422
     15.645        -2.96418     0.11588    -0.18395    -2.89611
     15.795        -2.95592     0.11605    -0.18389    -2.88808
     15.945        -2.94774     0.11621    -0.18382    -2.88013
     16.095        -2.93964     0.11637    -0.18376    -2.87226
     16.245        -2.93160     0.11653    -0.18370    -2.86443
     16.395        -2.92370     0.11669    -0.18364    -2.85674
     16.545        -2.91580     0.11685    -0.18358    -2.84906
     16.695        -2.90800     0.11701    -0.18352    -2.84149
     16.845        -2.90027     0.11716    -0.18345    -2.83397
     16.995        -2.89264     0.11731    -0.18340    -2.82656
     17.145        -2.88508     0.11746    -0.18334    -2.81920
     17.295        -2.87758     0.11761    -0.18328    -2.81191
     17.445        -2.87013     0.11775    -0.18322    -2.80467
     17.595        -2.86276     0.11790    -0.18316    -2.79749
     17.745        -2.85546     0.11805    -0.18310    -2.79040
     17.895        -2.84819     0.11819    -0.18305    -2.78333
     18.045        -2.84100     0.11833    -0.18299    -2.77634
     18.195        -2.83389     0.11847    -0.18294    -2.76942
     18.345        -2.82683     0.11861    -0.18287    -2.76257
     18.495        -2.81985     0.11874    -0.18282    -2.75578
     18.645        -2.81290     0.11888    -0.18276    -2.74903
     18.795        -2.80602     0.11902    -0.18270    -2.74234
     18.945        -2.79921     0.11915    -0.18264    -2.73572
     19.095        -2.79244     0.11929    -0.18259    -2.72913
     19.245        -2.78574     0.11942    -0.18254    -2.72262
     19.395        -2.77911     0.11955    -0.18249    -2.71618
     19.545        -2.77250     0.11968    -0.18244    -2.70974
     19.695        -2.76595     0.11981    -0.18238    -2.70337
     19.845        -2.75945     0.11994    -0.18233    -2.69706
     19.995        -2.75302     0.12007    -0.18228    -2.69081
     20.145        -2.74662     0.12019    -0.18223    -2.68458
     20.295        -2.74030     0.12032    -0.18218    -2.67845
     20.445        -2.73401     0.12045    -0.18213    -2.67233
     20.595        -2.72778     0.12057    -0.18208    -2.66627
     20.745        -2.72159     0.12069    -0.18202    -2.66027
     20.895        -2.71547     0.12082    -0.18197    -2.65431
     21.045        -2.70937     0.12093    -0.18192    -2.64838
     21.195        -2.70330     0.12105    -0.18187    -2.64248
     21.345        -2.69727     0.12117    -0.18182    -2.63662
     21.495        -2.69133     0.12129    -0.18178    -2.63084
     21.645        -2.68541     0.12141    -0.18173    -2.62509
     21.795        -2.67953     0.12153    -0.18167    -2.61938
     21.945        -2.67370     0.12164    -0.18163    -2.61372
     22.095        -2.66794     0.12175    -0.18158    -2.60812
     22.245        -2.66220     0.12187    -0.18153    -2.60253
     22.395        -2.65651     0.12198    -0.18148    -2.59701
     22.545        -2.65080     0.12210    -0.18144    -2.59146
     22.695        -2.64519     0.12221    -0.18139    -2.58601
     22.845        -2.63961     0.12232    -0.18135    -2.58058
     22.995        -2.63408     0.12243    -0.18131    -2.57520
     23.145        -2.62857     0.12254    -0.18127    -2.56984
     23.295        -2.62310     0.12265    -0.18122    -2.56453
     23.445        -2.61768     0.12275    -0.18118    -2.55925
     23.595        -2.61226     0.12286    -0.18113    -2.55399
     23.745        -2.60690     0.12297    -0.18109    -2.54878
     23.895        -2.60160     0.12307    -0.18105    -2.54362
     24.045        -2.59630     0.12318    -0.18100    -2.53848
     24.195        -2.59106     0.12328    -0.18096    -2.53338
     24.345        -2.58583     0.12339    -0.18092    -2.52831
     24.495        -2.58063     0.12350    -0.18087    -2.52326
     24.645        -2.57548     0.12360    -0.18083    -2.51825
     24.795        -2.57037     0.12370    -0.18078    -2.51328
     24.945        -2.56528     0.12380    -0.18075    -2.50834
     25.095        -2.56024     0.12390    -0.18070    -2.50344
     25.245        -2.55521     0.12401    -0.18067    -2.49855
     25.395        -2.55023     0.12410    -0.18062    -2.49371
     25.545        -2.54528     0.12420    -0.18058    -2.48890
     25.695        -2.54036     0.12430    -0.18054    -2.48412
     25.845        -2.53546     0.12440    -0.18049    -2.47937
     25.995        -2.53060     0.12449    -0.18046    -2.47463
     26.145        -2.52576     0.12459    -0.18042    -2.46993
     26.295        -2.52098     0.12469    -0.18038    -2.46530
     26.445        -2.51623     0.12478    -0.18033    -2.46068
     26.595        -2.51148     0.12487    -0.18030    -2.45605
     26.745        -2.50676     0.12497    -0.18026    -2.45147
     26.895        -2.50207     0.12506    -0.18022    -2.44691
     27.045        -2.49741     0.12515    -0.18019    -2.44237
     27.195        -2.49279     0.12524    -0.18015    -2.43788
     27.345        -2.48820     0.12533    -0.18011    -2.43342
     27.495        -2.48360     0.12542    -0.18008    -2.42895
     27.645        -2.47907     0.12552    -0.18004    -2.42455
     27.795        -2.47455     0.12561    -0.18000    -2.42016
     27.945        -2.47006     0.12569    -0.17997    -2.41578
     28.095        -2.46558     0.12578    -0.17992    -2.41143
     28.245        -2.46114     0.12587    -0.17989    -2.40712
     28.395        -2.45671     0.12596    -0.17985    -2.40281
     28.545        -2.45231     0.12604    -0.17982    -2.39854
     28.695        -2.44795     0.12613    -0.17978    -2.39430
     28.845        -2.44361     0.12622    -0.17975    -2.39008
     28.995        -2.43928     0.12630    -0.17971    -2.38588
     29.145        -2.43501     0.12638    -0.17967    -2.38172
     29.295        -2.43073     0.12647    -0.17964    -2.37756
     29.445        -2.42650     0.12655    -0.17960    -2.37346
     29.595        -2.42227     0.12664    -0.17956    -2.36935
     29.745        -2.41808     0.12672    -0.17953    -2.36527
     29.895        -2.41388     0.12680    -0.17950    -2.36119
     30.045        -2.40973     0.12688    -0.17946    -2.35716
     30.195        -2.40562     0.12697    -0.17943    -2.35316
     30.345        -2.40150     0.12705    -0.17939    -2.34916
     30.495        -2.39743     0.12713    -0.17935    -2.34521
     30.645        -2.39337     0.12721    -0.17932    -2.34126
     30.795        -2.38931     0.12729    -0.17928    -2.33731
     30.945        -2.38527     0.12737    -0.17924    -2.33340
     31.095        -2.38126     0.12745    -0.17921    -2.32950
     31.245        -2.37729     0.12753    -0.17917    -2.32565
     31.395        -2.37335     0.12760    -0.17914    -2.32181
     31.545        -2.36942     0.12768    -0.17911    -2.31799
     31.695        -2.36547     0.12777    -0.17907    -2.31417
     31.845        -2.36157     0.12785    -0.17904    -2.31037
     31.995        -2.35770     0.12792    -0.17901    -2.30661
     32.145        -2.35383     0.12800    -0.17897    -2.30286
     32.295        -2.35000     0.12808    -0.17894    -2.29914
     32.445        -2.34616     0.12815    -0.17891    -2.29540
     32.595        -2.34237     0.12823    -0.17888    -2.29172
     32.745        -2.33856     0.12830    -0.17885    -2.28802
     32.895        -2.33482     0.12838    -0.17882    -2.28438
     33.045        -2.33107     0.12845    -0.17879    -2.28074
     33.195        -2.32736     0.12853    -0.17876    -2.27713
     33.345        -2.32366     0.12860    -0.17873    -2.27353
     33.495        -2.31996     0.12867    -0.17870    -2.26993
     33.645        -2.31628     0.12875    -0.17867    -2.26636
     33.795        -2.31263     0.12882    -0.17864    -2.26281
     33.945        -2.30899     0.12889    -0.17861    -2.25927
     34.095        -2.30535     0.12896    -0.17858    -2.25573
     34.245        -2.30175     0.12904    -0.17855    -2.25224
     34.395        -2.29814     0.12911    -0.17852    -2.24873
     34.545        -2.29456     0.12918    -0.17849    -2.24526
     34.695        -2.29099     0.12925    -0.17846    -2.24178
     34.845        -2.28744     0.12932    -0.17843    -2.23833
     34.995        -2.28391     0.12939    -0.17840    -2.23491
     35.145        -2.28042     0.12946    -0.17837    -2.23151
     35.295        -2.27695     0.12952    -0.17834    -2.22813
     35.445        -2.27348     0.12959    -0.17831    -2.22476
     35.595        -2.27003     0.12966    -0.17828    -2.22142
     35.745        -2.26659     0.12973    -0.17825    -2.21807
     35.895        -2.26316     0.12980    -0.17822    -2.21474
     36.045        -2.25975     0.12987    -0.17819    -2.21143
     36.195        -2.25635     0.12994    -0.17816    -2.20813
     36.345        -2.25297     0.13000    -0.17813    -2.20484
     36.495        -2.24961     0.13007    -0.17811    -2.20157
     36.645        -2.24625     0.13014    -0.17808    -2.19830
     36.795        -2.24293     0.13020    -0.17805    -2.19508
     36.945        -2.23961     0.13027    -0.17803    -2.19186
     37.095        -2.23630     0.13033    -0.17800    -2.18864
     37.245        -2.23302     0.13040    -0.17797    -2.18545
     37.395        -2.22974     0.13046    -0.17794    -2.18226
     37.545        -2.22646     0.13053    -0.17792    -2.17907
     37.695        -2.22321     0.13059    -0.17789    -2.17592
     37.845        -2.21998     0.13066    -0.17786    -2.17277
     37.995        -2.21676     0.13072    -0.17783    -2.16964
     38.145        -2.21355     0.13078    -0.17781    -2.16653
     38.295        -2.21038     0.13085    -0.17778    -2.16344
     38.445        -2.20721     0.13091    -0.17776    -2.16036
     38.595        -2.20404     0.13097    -0.17773    -2.15729
     38.745        -2.20089     0.13103    -0.17770    -2.15422
     38.895        -2.19775     0.13110    -0.17767    -2.15117
     39.045        -2.19463     0.13116    -0.17765    -2.14815
     39.195        -2.19153     0.13122    -0.17762    -2.14513
     39.345        -2.18844     0.13128    -0.17759    -2.14213
     39.495        -2.18537     0.13134    -0.17756    -2.13915
     39.645        -2.18230     0.13141    -0.17754    -2.13617
     39.795        -2.17924     0.13147    -0.17751    -2.13320
     39.945        -2.17620     0.13153    -0.17749    -2.13024
     40.095        -2.17316     0.13159    -0.17746    -2.12729
     40.245        -2.17014     0.13164    -0.17743    -2.12435
     40.395        -2.16714     0.13170    -0.17741    -2.12144
     40.545        -2.16413     0.13176    -0.17738    -2.11851
     40.695        -2.16115     0.13182    -0.17736    -2.11562
     40.845        -2.15816     0.13188    -0.17733    -2.11272
     40.995        -2.15521     0.13194    -0.17730    -2.10985
     41.145        -2.15227     0.13200    -0.17728    -2.10699
     41.295        -2.14932     0.13206    -0.17726    -2.10412
     41.445        -2.14638     0.13211    -0.17723    -2.10127
     41.595        -2.14347     0.13217    -0.17720    -2.09844
     41.745        -2.14058     0.13223    -0.17718    -2.09563
     41.895        -2.13767     0.13229    -0.17715    -2.09280
     42.045        -2.13479     0.13234    -0.17713    -2.09000
     42.195        -2.13190     0.13240    -0.17711    -2.08719
     42.345        -2.12905     0.13245    -0.17708    -2.08442
     42.495        -2.12619     0.13251    -0.17706    -2.08164
     42.645        -2.12335     0.13256    -0.17703    -2.07889
     42.795        -2.12053     0.13262    -0.17701    -2.07614
     42.945        -2.11773     0.13268    -0.17698    -2.07342
     43.095        -2.11493     0.13273    -0.17696    -2.07071
     43.245        -2.11214     0.13279    -0.17693    -2.06800
     43.395        -2.10936     0.13284    -0.17691    -2.06529
     43.545        -2.10658     0.13290    -0.17689    -2.06259
     43.695        -2.10381     0.13295    -0.17686    -2.05990
     43.845        -2.10106     0.13301    -0.17684    -2.05723
     43.995        -2.09832     0.13306    -0.17681    -2.05457
     44.145        -2.09559     0.13312    -0.17679    -2.05191
     44.295        -2.09287     0.13317    -0.17676    -2.04928
     44.445        -2.09017     0.13322    -0.17674    -2.04666
     44.595        -2.08748     0.13328    -0.17672    -2.04404
     44.745        -2.08478     0.13333    -0.17670    -2.04141
     44.895        -2.08209     0.13338    -0.17667    -2.03880
     45.045        -2.07942     0.13344    -0.17665    -2.03620
     45.195        -2.07677     0.13349    -0.17663    -2.03363
     45.345        -2.07412     0.13354    -0.17660    -2.03106
     45.495        -2.07148     0.13359    -0.17658    -2.02849
     45.645        -2.06885     0.13365    -0.17656    -2.02594
     45.795        -2.06622     0.13370    -0.17653    -2.02339
     45.945        -2.06363     0.13375    -0.17651    -2.02086
     46.095        -2.06103     0.13380    -0.17649    -2.01834
     46.245        -2.05843     0.13385    -0.17647    -2.01582
     46.395        -2.05584     0.13391    -0.17644    -2.01330
     46.545        -2.05326     0.13396    -0.17642    -2.01079
     46.695        -2.05069     0.13401    -0.17640    -2.00830
     46.845        -2.04815     0.13406    -0.17638    -2.00583
     46.995        -2.04561     0.13411    -0.17635    -2.00337
     47.145        -2.04307     0.13417    -0.17633    -2.00090
     47.295        -2.04053     0.13422    -0.17632    -1.99844
     47.445        -2.03800     0.13427    -0.17629    -1.99598
     47.595        -2.03549     0.13432    -0.17627    -1.99354
     47.745        -2.03297     0.13437    -0.17625    -1.99110
     47.895        -2.03048     0.13442    -0.17622    -1.98868
     48.045        -2.02799     0.13447    -0.17620    -1.98627
     48.195        -2.02551     0.13453    -0.17618    -1.98386
     48.345        -2.02304     0.13457    -0.17616    -1.98146
     48.495        -2.02057     0.13462    -0.17613    -1.97906
     48.645        -2.01811     0.13467    -0.17611    -1.97667
     48.795        -2.01565     0.13472    -0.17609    -1.97429
     48.945        -2.01322     0.13477    -0.17606    -1.97192
     49.095        -2.01079     0.13482    -0.17604    -1.96957
     49.245        -2.00838     0.13487    -0.17602    -1.96722
     49.395        -2.00597     0.13491    -0.17600    -1.96488
     49.545        -2.00355     0.13496    -0.17598    -1.96254
     49.695        -2.00115     0.13501    -0.17595    -1.96020
     49.845        -1.99876     0.13505    -0.17593    -1.95788
     49.995        -1.99638     0.13510    -0.17591    -1.95557
     50.145        -1.99403     0.13515    -0.17589    -1.95328
     50.295        -1.99165     0.13519    -0.17587    -1.95098
     50.445        -1.98930     0.13524    -0.17585    -1.94869
     50.595        -1.98694     0.13529    -0.17583    -1.94640
     50.745        -1.98460     0.13534    -0.17581    -1.94413
     50.895        -1.98228     0.13538    -0.17579    -1.94187
     51.045        -1.97995     0.13543    -0.17577    -1.93961
     51.195        -1.97761     0.13547    -0.17575    -1.93734
     51.345        -1.97531     0.13552    -0.17573    -1.93510
     51.495        -1.97301     0.13557    -0.17571    -1.93286
     51.645        -1.97070     0.13561    -0.17569    -1.93062
     51.795        -1.96841     0.13565    -0.17567    -1.92840
     51.945        -1.96612     0.13570    -0.17565    -1.92617
     52.095        -1.96384     0.13575    -0.17563    -1.92396
     52.245        -1.96157     0.13579    -0.17560    -1.92176
     52.395        -1.95930     0.13584    -0.17558    -1.91955
     52.545        -1.95704     0.13588    -0.17556    -1.91736
     52.695        -1.95481     0.13593    -0.17554    -1.91520
     52.845        -1.95257     0.13597    -0.17552    -1.91302
     52.995        -1.95032     0.13602    -0.17550    -1.91084
     53.145        -1.94811     0.13606    -0.17548    -1.90869
     53.295        -1.94589     0.13611    -0.17546    -1.90654
     53.445        -1.94368     0.13615    -0.17544    -1.90439
     53.595        -1.94147     0.13619    -0.17542    -1.90225
     53.745        -1.93927     0.13624    -0.17540    -1.90011
     53.895        -1.93708     0.13628    -0.17538    -1.89798
     54.045        -1.93490     0.13632    -0.17536    -1.89587
     54.195        -1.93273     0.13637    -0.17534    -1.89375
     54.345        -1.93056     0.13641    -0.17532    -1.89165
     54.495        -1.92839     0.13646    -0.17530    -1.88954
     54.645        -1.92623     0.13650    -0.17528    -1.88745
     54.795        -1.92409     0.13654    -0.17526    -1.88537
     54.945        -1.92194     0.13659    -0.17524    -1.88329
     55.095        -1.91981     0.13663    -0.17522    -1.88121
     59.433        -1.75268     0.13996    -0.17372    -1.71892
     80.646        -1.51041     0.14479    -0.17150    -1.48370
     111.21        -1.27702     0.14946    -0.16932    -1.25717
     153.36        -1.05284     0.15398    -0.16720    -1.03963
     211.49        -0.83768     0.15828    -0.16512    -0.83084
     291.64        -0.63161     0.16241    -0.16310    -0.63093
     402.18        -0.43447     0.16636    -0.16115    -0.43968
     554.60        -0.24593     0.17015    -0.15925    -0.25683
     764.80        -0.06573     0.17375    -0.15742    -0.08206
     1054.7         0.10622     0.17719    -0.15566     0.08469
     1454.4         0.27053     0.18049    -0.15397     0.24401
     2005.6         0.42737     0.18364    -0.15235     0.39608
     2765.8         0.57697     0.18664    -0.15081     0.54113
     3814.0         0.71970     0.18950    -0.14933     0.67953
     5259.5         0.85585     0.19224    -0.14793     0.81155
     7252.9         0.98580     0.19486    -0.14657     0.93752
     10002.         1.10974     0.19734    -0.14528     1.05767
     13793.         1.22789     0.19971    -0.14405     1.17224
     19020.         1.34062     0.20198    -0.14289     1.28153
     26229.         1.44795     0.20413    -0.14176     1.38558
     36170.         1.55034     0.20619    -0.14070     1.48484
     49878.         1.64777     0.20815    -0.13969     1.57931
     68782.         1.74046     0.21002    -0.13873     1.66916
     94851.         1.82867     0.21180    -0.13780     1.75468
    0.13080E+06     1.91264     0.21349    -0.13694     1.83608
    0.18038E+06     1.99244     0.21510    -0.13611     1.91345
    0.24874E+06     2.06836     0.21666    -0.13533     1.98702
    0.34301E+06     2.14041     0.21811    -0.13457     2.05687
    0.47302E+06     2.20879     0.21950    -0.13387     2.12316
    0.65229E+06     2.27377     0.22083    -0.13321     2.18614
    0.89952E+06     2.33544     0.22209    -0.13258     2.24592
    0.12404E+07     2.39407     0.22329    -0.13198     2.30276
    0.17106E+07     2.44959     0.22442    -0.13141     2.35658
    0.23589E+07     2.50233     0.22549    -0.13087     2.40771
    0.32529E+07     2.55244     0.22651    -0.13036     2.45628
    0.44858E+07     2.59990     0.22748    -0.12988     2.50230
    0.61860E+07     2.64495     0.22840    -0.12943     2.54597
    0.85305E+07     2.68780     0.22928    -0.12899     2.58752
    0.11764E+08     2.72843     0.23011    -0.12859     2.62691
    0.16222E+08     2.76692     0.23089    -0.12821     2.66424
    0.22370E+08     2.80353     0.23164    -0.12785     2.69974
    0.30849E+08     2.83811     0.23235    -0.12751     2.73328
    0.42541E+08     2.87064     0.23302    -0.12720     2.76481
    0.58664E+08     2.90128     0.23367    -0.12691     2.79451
    0.80898E+08     2.93014     0.23428    -0.12663     2.82249
    0.11156E+09     2.95730     0.23484    -0.12637     2.84883
    0.15384E+09     2.98290     0.23538    -0.12613     2.87364
    0.21215E+09     3.00704     0.23588    -0.12591     2.89706
    0.29255E+09     3.02981     0.23635    -0.12570     2.91915
    0.40343E+09     3.05133     0.23680    -0.12550     2.94003
    0.55633E+09     3.07166     0.23723    -0.12532     2.95974
    0.76719E+09     3.09022     0.23763    -0.12515     2.97774
    0.10580E+10     3.10699     0.23801    -0.12499     2.99398
    0.14589E+10     3.12241     0.23836    -0.12485     3.00890
    0.20119E+10     3.13656     0.23868    -0.12472     3.02261
    0.27744E+10     3.14964     0.23897    -0.12461     3.03528
    0.38259E+10     3.16170     0.23924    -0.12450     3.04696
    0.52760E+10     3.17282     0.23948    -0.12440     3.05774
    0.72756E+10     3.18305     0.23971    -0.12431     3.06765
    0.10033E+11     3.19251     0.23992    -0.12423     3.07682
    0.13836E+11     3.20127     0.24011    -0.12415     3.08531
    0.19079E+11     3.20933     0.24029    -0.12407     3.09312
    0.26311E+11     3.21677     0.24045    -0.12400     3.10032
    0.36283E+11     3.22364     0.24061    -0.12394     3.10697
    0.50034E+11     3.22999     0.24075    -0.12389     3.11313
    0.68997E+11     3.23584     0.24088    -0.12383     3.11880
    0.10000E+12     3.30604     0.24242    -0.12319     3.18681
