    -99.945         0.00000     0.00000     0.00000     0.00000
    -99.795         0.00000     0.00000     0.00000     0.00000
    -99.645         0.00000     0.00000     0.00000     0.00000
    -99.495         0.00000     0.00000     0.00000     0.00000
    -99.345         0.00000     0.00000     0.00000     0.00000
    -99.195         0.00000     0.00000     0.00000     0.00000
    -99.045         0.00000     0.00000     0.00000     0.00000
    -98.895         0.00000     0.00000     0.00000     0.00000
    -98.745         0.00000     0.00000     0.00000     0.00000
    -98.595         0.00000     0.00000     0.00000     0.00000
    -98.445         0.00000     0.00000     0.00000     0.00000
    -98.295         0.00000     0.00000     0.00000     0.00000
    -98.145         0.00000     0.00000     0.00000     0.00000
    -97.995         0.00000     0.00000     0.00000     0.00000
    -97.845         0.00000     0.00000     0.00000     0.00000
    -97.695         0.00000     0.00000     0.00000     0.00000
    -97.545         0.00000     0.00000     0.00000     0.00000
    -97.395         0.00000     0.00000     0.00000     0.00000
    -97.245         0.00000     0.00000     0.00000     0.00000
    -97.095         0.00000     0.00000     0.00000     0.00000
    -96.945         0.00000     0.00000     0.00000     0.00000
    -96.795         0.00000     0.00000     0.00000     0.00000
    -96.645         0.00000     0.00000     0.00000     0.00000
    -96.495         0.00000     0.00000     0.00000     0.00000
    -96.345         0.00000     0.00000     0.00000     0.00000
    -96.195         0.00000     0.00000     0.00000     0.00000
    -96.045         0.00000     0.00000     0.00000     0.00000
    -95.895         0.00000     0.00000     0.00000     0.00000
    -95.745         0.00000     0.00000     0.00000     0.00000
    -95.595         0.00000     0.00000     0.00000     0.00000
    -95.445         0.00000     0.00000     0.00000     0.00000
    -95.295         0.00000     0.00000     0.00000     0.00000
    -95.145         0.00000     0.00000     0.00000     0.00000
    -94.995         0.00000     0.00000     0.00000     0.00000
    -94.845         0.00000     0.00000     0.00000     0.00000
    -94.695         0.00000     0.00000     0.00000     0.00000
    -94.545         0.00000     0.00000     0.00000     0.00000
    -94.395         0.00000     0.00000     0.00000     0.00000
    -94.245         0.00000     0.00000     0.00000     0.00000
    -94.095         0.00000     0.00000     0.00000     0.00000
    -93.945         0.00000     0.00000     0.00000     0.00000
    -93.795         0.00000     0.00000     0.00000     0.00000
    -93.645         0.00000     0.00000     0.00000     0.00000
    -93.495         0.00000     0.00000     0.00000     0.00000
    -93.345         0.00000     0.00000     0.00000     0.00000
    -93.195         0.00000     0.00000     0.00000     0.00000
    -93.045         0.00000     0.00000     0.00000     0.00000
    -92.895         0.00000     0.00000     0.00000     0.00000
    -92.745         0.00000     0.00000     0.00000     0.00000
    -92.595         0.00000     0.00000     0.00000     0.00000
    -92.445         0.00000     0.00000     0.00000     0.00000
    -92.295         0.00000     0.00000     0.00000     0.00000
    -92.145         0.00000     0.00000     0.00000     0.00000
    -91.995         0.00000     0.00000     0.00000     0.00000
    -91.845         0.00000     0.00000     0.00000     0.00000
    -91.695         0.00000     0.00000     0.00000     0.00000
    -91.545         0.00000     0.00000     0.00000     0.00000
    -91.395         0.00000     0.00000     0.00000     0.00000
    -91.245         0.00000     0.00000     0.00000     0.00000
    -91.095         0.00000     0.00000     0.00000     0.00000
    -90.945         0.00000     0.00000     0.00000     0.00000
    -90.795         0.00000     0.00000     0.00000     0.00000
    -90.645         0.00000     0.00000     0.00000     0.00000
    -90.495         0.00000     0.00000     0.00000     0.00000
    -90.345         0.00000     0.00000     0.00000     0.00000
    -90.195         0.00000     0.00000     0.00000     0.00000
    -90.045         0.00000     0.00000     0.00000     0.00000
    -89.895         0.00000     0.00000     0.00000     0.00000
    -89.745         0.00000     0.00000     0.00000     0.00000
    -89.595         0.00000     0.00000     0.00000     0.00000
    -89.445         0.00000     0.00000     0.00000     0.00000
    -89.295         0.00000     0.00000     0.00000     0.00000
    -89.145         0.00000     0.00000     0.00000     0.00000
    -88.995         0.00000     0.00000     0.00000     0.00000
    -88.845         0.00000     0.00000     0.00000     0.00000
    -88.695         0.00000     0.00000     0.00000     0.00000
    -88.545         0.00000     0.00000     0.00000     0.00000
    -88.395         0.00000     0.00000     0.00000     0.00000
    -88.245         0.00000     0.00000     0.00000     0.00000
    -88.095         0.00000     0.00000     0.00000     0.00000
    -87.945         0.00000     0.00000     0.00000     0.00000
    -87.795         0.00000     0.00000     0.00000     0.00000
    -87.645         0.00000     0.00000     0.00000     0.00000
    -87.495         0.00000     0.00000     0.00000     0.00000
    -87.345         0.00000     0.00000     0.00000     0.00000
    -87.195         0.00000     0.00000     0.00000     0.00000
    -87.045         0.00000     0.00000     0.00000     0.00000
    -86.895         0.00000     0.00000     0.00000     0.00000
    -86.745         0.00000     0.00000     0.00000     0.00000
    -86.595         0.00000     0.00000     0.00000     0.00000
    -86.445         0.00000     0.00000     0.00000     0.00000
    -86.295         0.00000     0.00000     0.00000     0.00000
    -86.145         0.00000     0.00000     0.00000     0.00000
    -85.995         0.00000     0.00000     0.00000     0.00000
    -85.845         0.00000     0.00000     0.00000     0.00000
    -85.695         0.00000     0.00000     0.00000     0.00000
    -85.545         0.00000     0.00000     0.00000     0.00000
    -85.395         0.00000     0.00000     0.00000     0.00000
    -85.245         0.00000     0.00000     0.00000     0.00000
    -85.095         0.00000     0.00000     0.00000     0.00000
    -84.945         0.00000     0.00000     0.00000     0.00000
    -84.795         0.00000     0.00000     0.00000     0.00000
    -84.645         0.00000     0.00000     0.00000     0.00000
    -84.495         0.00000     0.00000     0.00000     0.00000
    -84.345         0.00000     0.00000     0.00000     0.00000
    -84.195         0.00000     0.00000     0.00000     0.00000
    -84.045         0.00000     0.00000     0.00000     0.00000
    -83.895         0.00000     0.00000     0.00000     0.00000
    -83.745         0.00000     0.00000     0.00000     0.00000
    -83.595         0.00000     0.00000     0.00000     0.00000
    -83.445         0.00000     0.00000     0.00000     0.00000
    -83.295         0.00000     0.00000     0.00000     0.00000
    -83.145         0.00000     0.00000     0.00000     0.00000
    -82.995         0.00000     0.00000     0.00000     0.00000
    -82.845         0.00000     0.00000     0.00000     0.00000
    -82.695         0.00000     0.00000     0.00000     0.00000
    -82.545         0.00000     0.00000     0.00000     0.00000
    -82.395         0.00000     0.00000     0.00000     0.00000
    -82.245         0.00000     0.00000     0.00000     0.00000
    -82.095         0.00000     0.00000     0.00000     0.00000
    -81.945         0.00000     0.00000     0.00000     0.00000
    -81.795         0.00000     0.00000     0.00000     0.00000
    -81.645         0.00000     0.00000     0.00000     0.00000
    -81.495         0.00000     0.00000     0.00000     0.00000
    -81.345         0.00000     0.00000     0.00000     0.00000
    -81.195         0.00000     0.00000     0.00000     0.00000
    -81.045         0.00000     0.00000     0.00000     0.00000
    -80.895         0.00000     0.00000     0.00000     0.00000
    -80.745         0.00000     0.00000     0.00000     0.00000
    -80.595         0.00000     0.00000     0.00000     0.00000
    -80.445         0.00000     0.00000     0.00000     0.00000
    -80.295         0.00000     0.00000     0.00000     0.00000
    -80.145         0.00000     0.00000     0.00000     0.00000
    -79.995         0.00000     0.00000     0.00000     0.00000
    -79.845         0.00000     0.00000     0.00000     0.00000
    -79.695         0.00000     0.00000     0.00000     0.00000
    -79.545         0.00000     0.00000     0.00000     0.00000
    -79.395         0.00000     0.00000     0.00000     0.00000
    -79.245         0.00000     0.00000     0.00000     0.00000
    -79.095         0.00000     0.00000     0.00000     0.00000
    -78.945         0.00000     0.00000     0.00000     0.00000
    -78.795         0.00000     0.00000     0.00000     0.00000
    -78.645         0.00000     0.00000     0.00000     0.00000
    -78.495         0.00000     0.00000     0.00000     0.00000
    -78.345         0.00000     0.00000     0.00000     0.00000
    -78.195         0.00000     0.00000     0.00000     0.00000
    -78.045         0.00000     0.00000     0.00000     0.00000
    -77.895         0.00000     0.00000     0.00000     0.00000
    -77.745         0.00000     0.00000     0.00000     0.00000
    -77.595         0.00000     0.00000     0.00000     0.00000
    -77.445         0.00000     0.00000     0.00000     0.00000
    -77.295         0.00000     0.00000     0.00000     0.00000
    -77.145         0.00000     0.00000     0.00000     0.00000
    -76.995         0.00000     0.00000     0.00000     0.00000
    -76.845         0.00000     0.00000     0.00000     0.00000
    -76.695         0.00000     0.00000     0.00000     0.00000
    -76.545         0.00000     0.00000     0.00000     0.00000
    -76.395         0.00000     0.00000     0.00000     0.00000
    -76.245         0.00000     0.00000     0.00000     0.00000
    -76.095         0.00000     0.00000     0.00000     0.00000
    -75.945         0.00000     0.00000     0.00000     0.00000
    -75.795         0.00000     0.00000     0.00000     0.00000
    -75.645         0.00000     0.00000     0.00000     0.00000
    -75.495         0.00000     0.00000     0.00000     0.00000
    -75.345         0.00000     0.00000     0.00000     0.00000
    -75.195         0.00000     0.00000     0.00000     0.00000
    -75.045         0.00000     0.00000     0.00000     0.00000
    -74.895         0.00000     0.00000     0.00000     0.00000
    -74.745         0.00000     0.00000     0.00000     0.00000
    -74.595         0.00000     0.00000     0.00000     0.00000
    -74.445         0.00000     0.00000     0.00000     0.00000
    -74.295         0.00000     0.00000     0.00000     0.00000
    -74.145         0.00000     0.00000     0.00000     0.00000
    -73.995         0.00000     0.00000     0.00000     0.00000
    -73.845         0.00000     0.00000     0.00000     0.00000
    -73.695         0.00000     0.00000     0.00000     0.00000
    -73.545         0.00000     0.00000     0.00000     0.00000
    -73.395         0.00000     0.00000     0.00000     0.00000
    -73.245         0.00000     0.00000     0.00000     0.00000
    -73.095         0.00000     0.00000     0.00000     0.00000
    -72.945         0.00000     0.00000     0.00000     0.00000
    -72.795         0.00000     0.00000     0.00000     0.00000
    -72.645         0.00000     0.00000     0.00000     0.00000
    -72.495         0.00000     0.00000     0.00000     0.00000
    -72.345         0.00000     0.00000     0.00000     0.00000
    -72.195         0.00000     0.00000     0.00000     0.00000
    -72.045         0.00000     0.00000     0.00000     0.00000
    -71.895         0.00000     0.00000     0.00000     0.00000
    -71.745         0.00000     0.00000     0.00000     0.00000
    -71.595         0.00000     0.00000     0.00000     0.00000
    -71.445         0.00000     0.00000     0.00000     0.00000
    -71.295         0.00000     0.00000     0.00000     0.00000
    -71.145         0.00000     0.00000     0.00000     0.00000
    -70.995         0.00000     0.00000     0.00000     0.00000
    -70.845         0.00000     0.00000     0.00000     0.00000
    -70.695         0.00000     0.00000     0.00000     0.00000
    -70.545         0.00000     0.00000     0.00000     0.00000
    -70.395         0.00000     0.00000     0.00000     0.00000
    -70.245         0.00000     0.00000     0.00000     0.00000
    -70.095         0.00000     0.00000     0.00000     0.00000
    -69.945         0.00000     0.00000     0.00000     0.00000
    -69.795         0.00000     0.00000     0.00000     0.00000
    -69.645         0.00000     0.00000     0.00000     0.00000
    -69.495         0.00000     0.00000     0.00000     0.00000
    -69.345         0.00000     0.00000     0.00000     0.00000
    -69.195         0.00000     0.00000     0.00000     0.00000
    -69.045         0.00000     0.00000     0.00000     0.00000
    -68.895         0.00000     0.00000     0.00000     0.00000
    -68.745         0.00000     0.00000     0.00000     0.00000
    -68.595         0.00000     0.00000     0.00000     0.00000
    -68.445         0.00000     0.00000     0.00000     0.00000
    -68.295         0.00000     0.00000     0.00000     0.00000
    -68.145         0.00000     0.00000     0.00000     0.00000
    -67.995         0.00000     0.00000     0.00000     0.00000
    -67.845         0.00000     0.00000     0.00000     0.00000
    -67.695         0.00000     0.00000     0.00000     0.00000
    -67.545         0.00000     0.00000     0.00000     0.00000
    -67.395         0.00000     0.00000     0.00000     0.00000
    -67.245         0.00000     0.00000     0.00000     0.00000
    -67.095         0.00000     0.00000     0.00000     0.00000
    -66.945         0.00000     0.00000     0.00000     0.00000
    -66.795         0.00000     0.00000     0.00000     0.00000
    -66.645         0.00000     0.00000     0.00000     0.00000
    -66.495         0.00000     0.00000     0.00000     0.00000
    -66.345         0.00000     0.00000     0.00000     0.00000
    -66.195         0.00000     0.00000     0.00000     0.00000
    -66.045         0.00000     0.00000     0.00000     0.00000
    -65.895         0.00000     0.00000     0.00000     0.00000
    -65.745         0.00000     0.00000     0.00000     0.00000
    -65.595         0.00000     0.00000     0.00000     0.00000
    -65.445         0.00000     0.00000     0.00000     0.00000
    -65.295         0.00000     0.00000     0.00000     0.00000
    -65.145         0.00000     0.00000     0.00000     0.00000
    -64.995         0.00000     0.00000     0.00000     0.00000
    -64.845         0.00000     0.00000     0.00000     0.00000
    -64.695         0.00000     0.00000     0.00000     0.00000
    -64.545         0.00000     0.00000     0.00000     0.00000
    -64.395         0.00000     0.00000     0.00000     0.00000
    -64.245         0.00000     0.00000     0.00000     0.00000
    -64.095         0.00000     0.00000     0.00000     0.00000
    -63.945         0.00000     0.00000     0.00000     0.00000
    -63.795         0.00000     0.00000     0.00000     0.00000
    -63.645         0.00000     0.00000     0.00000     0.00000
    -63.495         0.00000     0.00000     0.00000     0.00000
    -63.345         0.00000     0.00000     0.00000     0.00000
    -63.195         0.00000     0.00000     0.00000     0.00000
    -63.045         0.00000     0.00000     0.00000     0.00000
    -62.895         0.00000     0.00000     0.00000     0.00000
    -62.745         0.00000     0.00000     0.00000     0.00000
    -62.595         0.00000     0.00000     0.00000     0.00000
    -62.445         0.00000     0.00000     0.00000     0.00000
    -62.295         0.00000     0.00000     0.00000     0.00000
    -62.145         0.00000     0.00000     0.00000     0.00000
    -61.995         0.00000     0.00000     0.00000     0.00000
    -61.845         0.00000     0.00000     0.00000     0.00000
    -61.695         0.00000     0.00000     0.00000     0.00000
    -61.545         0.00000     0.00000     0.00000     0.00000
    -61.395         0.00000     0.00000     0.00000     0.00000
    -61.245         0.00000     0.00000     0.00000     0.00000
    -61.095         0.00000     0.00000     0.00000     0.00000
    -60.945         0.00000     0.00000     0.00000     0.00000
    -60.795         0.00000     0.00000     0.00000     0.00000
    -60.645         0.00000     0.00000     0.00000     0.00000
    -60.495         0.00000     0.00000     0.00000     0.00000
    -60.345         0.00000     0.00000     0.00000     0.00000
    -60.195         0.00000     0.00000     0.00000     0.00000
    -60.045         0.00000     0.00000     0.00000     0.00000
    -59.895         0.00000     0.00000     0.00000     0.00000
    -59.745         0.00000     0.00000     0.00000     0.00000
    -59.595         0.00000     0.00000     0.00000     0.00000
    -59.445         0.00000     0.00000     0.00000     0.00000
    -59.295         0.00000     0.00000     0.00000     0.00000
    -59.145         0.00000     0.00000     0.00000     0.00000
    -58.995         0.00000     0.00000     0.00000     0.00000
    -58.845         0.00000     0.00000     0.00000     0.00000
    -58.695         0.00000     0.00000     0.00000     0.00000
    -58.545         0.00000     0.00000     0.00000     0.00000
    -58.395         0.00000     0.00000     0.00000     0.00000
    -58.245         0.00000     0.00000     0.00000     0.00000
    -58.095         0.00000     0.00000     0.00000     0.00000
    -57.945         0.00000     0.00000     0.00000     0.00000
    -57.795         0.00000     0.00000     0.00000     0.00000
    -57.645         0.00000     0.00000     0.00000     0.00000
    -57.495         0.00000     0.00000     0.00000     0.00000
    -57.345         0.00000     0.00000     0.00000     0.00000
    -57.195         0.00000     0.00000     0.00000     0.00000
    -57.045         0.00000     0.00000     0.00000     0.00000
    -56.895         0.00000     0.00000     0.00000     0.00000
    -56.745         0.00000     0.00000     0.00000     0.00000
    -56.595         0.00000     0.00000     0.00000     0.00000
    -56.445         0.00000     0.00000     0.00000     0.00000
    -56.295         0.00000     0.00000     0.00000     0.00000
    -56.145         0.00000     0.00000     0.00000     0.00000
    -55.995         0.00000     0.00000     0.00000     0.00000
    -55.845         0.00000     0.00000     0.00000     0.00000
    -55.695         0.00000     0.00000     0.00000     0.00000
    -55.545         0.00000     0.00000     0.00000     0.00000
    -55.395         0.00000     0.00000     0.00000     0.00000
    -55.245         0.00000     0.00000     0.00000     0.00000
    -55.095         0.00000     0.00000     0.00000     0.00000
    -54.945         0.00000     0.00000     0.00000     0.00000
    -54.795         0.00000     0.00000     0.00000     0.00000
    -54.645         0.00000     0.00000     0.00000     0.00000
    -54.495         0.00000     0.00000     0.00000     0.00000
    -54.345         0.00000     0.00000     0.00000     0.00000
    -54.195         0.00000     0.00000     0.00000     0.00000
    -54.045         0.00000     0.00000     0.00000     0.00000
    -53.895         0.00000     0.00000     0.00000     0.00000
    -53.745         0.00000     0.00000     0.00000     0.00000
    -53.595         0.00000     0.00000     0.00000     0.00000
    -53.445         0.00000     0.00000     0.00000     0.00000
    -53.295         0.00000     0.00000     0.00000     0.00000
    -53.145         0.00000     0.00000     0.00000     0.00000
    -52.995         0.00000     0.00000     0.00000     0.00000
    -52.845         0.00000     0.00000     0.00000     0.00000
    -52.695         0.00000     0.00000     0.00000     0.00000
    -52.545         0.00000     0.00000     0.00000     0.00000
    -52.395         0.00000     0.00000     0.00000     0.00000
    -52.245         0.00000     0.00000     0.00000     0.00000
    -52.095         0.00000     0.00000     0.00000     0.00000
    -51.945         0.00000     0.00000     0.00000     0.00000
    -51.795         0.00000     0.00000     0.00000     0.00000
    -51.645         0.00000     0.00000     0.00000     0.00000
    -51.495         0.00000     0.00000     0.00000     0.00000
    -51.345         0.00000     0.00000     0.00000     0.00000
    -51.195         0.00000     0.00000     0.00000     0.00000
    -51.045         0.00000     0.00000     0.00000     0.00000
    -50.895         0.00000     0.00000     0.00000     0.00000
    -50.745         0.00000     0.00000     0.00000     0.00000
    -50.595         0.00000     0.00000     0.00000     0.00000
    -50.445         0.00000     0.00000     0.00000     0.00000
    -50.295         0.00000     0.00000     0.00000     0.00000
    -50.145         0.00000     0.00000     0.00000     0.00000
    -49.995         0.00000     0.00000     0.00000     0.00000
    -49.845         0.00000     0.00000     0.00000     0.00000
    -49.695         0.00000     0.00000     0.00000     0.00000
    -49.545         0.00000     0.00000     0.00000     0.00000
    -49.395         0.00000     0.00000     0.00000     0.00000
    -49.245         0.00000     0.00000     0.00000     0.00000
    -49.095         0.00000     0.00000     0.00000     0.00000
    -48.945         0.00000     0.00000     0.00000     0.00000
    -48.795         0.00000     0.00000     0.00000     0.00000
    -48.645         0.00000     0.00000     0.00000     0.00000
    -48.495         0.00000     0.00000     0.00000     0.00000
    -48.345         0.00000     0.00000     0.00000     0.00000
    -48.195         0.00000     0.00000     0.00000     0.00000
    -48.045         0.00000     0.00000     0.00000     0.00000
    -47.895         0.00000     0.00000     0.00000     0.00000
    -47.745         0.00000     0.00000     0.00000     0.00000
    -47.595         0.00000     0.00000     0.00000     0.00000
    -47.445         0.00000     0.00000     0.00000     0.00000
    -47.295         0.00000     0.00000     0.00000     0.00000
    -47.145         0.00000     0.00000     0.00000     0.00000
    -46.995         0.00000     0.00000     0.00000     0.00000
    -46.845         0.00000     0.00000     0.00000     0.00000
    -46.695         0.00000     0.00000     0.00000     0.00000
    -46.545         0.00000     0.00000     0.00000     0.00000
    -46.395         0.00000     0.00000     0.00000     0.00000
    -46.245         0.00000     0.00000     0.00000     0.00000
    -46.095         0.00000     0.00000     0.00000     0.00000
    -45.945         0.00000     0.00000     0.00000     0.00000
    -45.795         0.00000     0.00000     0.00000     0.00000
    -45.645         0.00000     0.00000     0.00000     0.00000
    -45.495         0.00000     0.00000     0.00000     0.00000
    -45.345         0.00000     0.00000     0.00000     0.00000
    -45.195         0.00000     0.00000     0.00000     0.00000
    -45.045         0.00000     0.00000     0.00000     0.00000
    -44.895         0.00000     0.00000     0.00000     0.00000
    -44.745         0.00000     0.00000     0.00000     0.00000
    -44.595         0.00000     0.00000     0.00000     0.00000
    -44.445         0.00000     0.00000     0.00000     0.00000
    -44.295         0.00000     0.00000     0.00000     0.00000
    -44.145         0.00000     0.00000     0.00000     0.00000
    -43.995         0.00000     0.00000     0.00000     0.00000
    -43.845         0.00000     0.00000     0.00000     0.00000
    -43.695         0.00000     0.00000     0.00000     0.00000
    -43.545         0.00000     0.00000     0.00000     0.00000
    -43.395         0.00000     0.00000     0.00000     0.00000
    -43.245         0.00000     0.00000     0.00000     0.00000
    -43.095         0.00000     0.00000     0.00000     0.00000
    -42.945         0.00000     0.00000     0.00000     0.00000
    -42.795         0.00000     0.00000     0.00000     0.00000
    -42.645         0.00000     0.00000     0.00000     0.00000
    -42.495         0.00000     0.00000     0.00000     0.00000
    -42.345         0.00000     0.00000     0.00000     0.00000
    -42.195         0.00000     0.00000     0.00000     0.00000
    -42.045         0.00000     0.00000     0.00000     0.00000
    -41.895         0.00000     0.00000     0.00000     0.00000
    -41.745         0.00000     0.00000     0.00000     0.00000
    -41.595         0.00000     0.00000     0.00000     0.00000
    -41.445         0.00000     0.00000     0.00000     0.00000
    -41.295         0.00000     0.00000     0.00000     0.00000
    -41.145         0.00000     0.00000     0.00000     0.00000
    -40.995         0.00000     0.00000     0.00000     0.00000
    -40.845         0.00000     0.00000     0.00000     0.00000
    -40.695         0.00000     0.00000     0.00000     0.00000
    -40.545         0.00000     0.00000     0.00000     0.00000
    -40.395         0.00000     0.00000     0.00000     0.00000
    -40.245         0.00000     0.00000     0.00000     0.00000
    -40.095         0.00000     0.00000     0.00000     0.00000
    -39.945         0.00000     0.00000     0.00000     0.00000
    -39.795         0.00000     0.00000     0.00000     0.00000
    -39.645         0.00000     0.00000     0.00000     0.00000
    -39.495         0.00000     0.00000     0.00000     0.00000
    -39.345         0.00000     0.00000     0.00000     0.00000
    -39.195         0.00000     0.00000     0.00000     0.00000
    -39.045         0.00000     0.00000     0.00000     0.00000
    -38.895         0.00000     0.00000     0.00000     0.00000
    -38.745         0.00000     0.00000     0.00000     0.00000
    -38.595         0.00000     0.00000     0.00000     0.00000
    -38.445         0.00000     0.00000     0.00000     0.00000
    -38.295         0.00000     0.00000     0.00000     0.00000
    -38.145         0.00000     0.00000     0.00000     0.00000
    -37.995         0.00000     0.00000     0.00000     0.00000
    -37.845         0.00000     0.00000     0.00000     0.00000
    -37.695         0.00000     0.00000     0.00000     0.00000
    -37.545         0.00000     0.00000     0.00000     0.00000
    -37.395         0.00000     0.00000     0.00000     0.00000
    -37.245         0.00000     0.00000     0.00000     0.00000
    -37.095         0.00000     0.00000     0.00000     0.00000
    -36.945         0.00000     0.00000     0.00000     0.00000
    -36.795         0.00000     0.00000     0.00000     0.00000
    -36.645         0.00000     0.00000     0.00000     0.00000
    -36.495         0.00000     0.00000     0.00000     0.00000
    -36.345         0.00000     0.00000     0.00000     0.00000
    -36.195         0.00000     0.00000     0.00000     0.00000
    -36.045         0.00000     0.00000     0.00000     0.00000
    -35.895         0.00000     0.00000     0.00000     0.00000
    -35.745         0.00000     0.00000     0.00000     0.00000
    -35.595         0.00000     0.00000     0.00000     0.00000
    -35.445         0.00000     0.00000     0.00000     0.00000
    -35.295         0.00000     0.00000     0.00000     0.00000
    -35.145         0.00000     0.00000     0.00000     0.00000
    -34.995         0.00000     0.00000     0.00000     0.00000
    -34.845         0.00000     0.00000     0.00000     0.00000
    -34.695         0.00000     0.00000     0.00000     0.00000
    -34.545         0.00000     0.00000     0.00000     0.00000
    -34.395         0.00000     0.00000     0.00000     0.00000
    -34.245         0.00000     0.00000     0.00000     0.00000
    -34.095         0.00000     0.00000     0.00000     0.00000
    -33.945         0.00000     0.00000     0.00000     0.00000
    -33.795         0.00000     0.00000     0.00000     0.00000
    -33.645         0.00000     0.00000     0.00000     0.00000
    -33.495         0.00000     0.00000     0.00000     0.00000
    -33.345         0.00000     0.00000     0.00000     0.00000
    -33.195         0.00000     0.00000     0.00000     0.00000
    -33.045         0.00000     0.00000     0.00000     0.00000
    -32.895         0.00000     0.00000     0.00000     0.00000
    -32.745         0.00000     0.00000     0.00000     0.00000
    -32.595         0.00000     0.00000     0.00000     0.00000
    -32.445         0.00000     0.00000     0.00000     0.00000
    -32.295         0.00000     0.00000     0.00000     0.00000
    -32.145         0.00000     0.00000     0.00000     0.00000
    -31.995         0.00000     0.00000     0.00000     0.00000
    -31.845         0.00000     0.00000     0.00000     0.00000
    -31.695         0.00000     0.00000     0.00000     0.00000
    -31.545         0.00000     0.00000     0.00000     0.00000
    -31.395         0.00000     0.00000     0.00000     0.00000
    -31.245         0.00000     0.00000     0.00000     0.00000
    -31.095         0.00000     0.00000     0.00000     0.00000
    -30.945         0.00000     0.00000     0.00000     0.00000
    -30.795         0.00000     0.00000     0.00000     0.00000
    -30.645         0.00000     0.00000     0.00000     0.00000
    -30.495         0.00000     0.00000     0.00000     0.00000
    -30.345         0.00000     0.00000     0.00000     0.00000
    -30.195         0.00000     0.00000     0.00000     0.00000
    -30.045         0.00000     0.00000     0.00000     0.00000
    -29.895         0.00000     0.00000     0.00000     0.00000
    -29.745         0.00000     0.00000     0.00000     0.00000
    -29.595         0.00000     0.00000     0.00000     0.00000
    -29.445         0.00000     0.00000     0.00000     0.00000
    -29.295         0.00000     0.00000     0.00000     0.00000
    -29.145         0.00000     0.00000     0.00000     0.00000
    -28.995         0.00000     0.00000     0.00000     0.00000
    -28.845         0.00000     0.00000     0.00000     0.00000
    -28.695         0.00000     0.00000     0.00000     0.00000
    -28.545         0.00000     0.00000     0.00000     0.00000
    -28.395         0.00000     0.00000     0.00000     0.00000
    -28.245         0.00000     0.00000     0.00000     0.00000
    -28.095         0.00000     0.00000     0.00000     0.00000
    -27.945         0.00000     0.00000     0.00000     0.00000
    -27.795         0.00000     0.00000     0.00000     0.00000
    -27.645         0.00000     0.00000     0.00000     0.00000
    -27.495         0.00000     0.00000     0.00000     0.00000
    -27.345         0.00000     0.00000     0.00000     0.00000
    -27.195         0.00000     0.00000     0.00000     0.00000
    -27.045         0.00000     0.00000     0.00000     0.00000
    -26.895         0.00000     0.00000     0.00000     0.00000
    -26.745         0.00000     0.00000     0.00000     0.00000
    -26.595         0.00000     0.00000     0.00000     0.00000
    -26.445         0.00000     0.00000     0.00000     0.00000
    -26.295         0.00000     0.00000     0.00000     0.00000
    -26.145         0.00000     0.00000     0.00000     0.00000
    -25.995         0.00000     0.00000     0.00000     0.00000
    -25.845         0.00000     0.00000     0.00000     0.00000
    -25.695         0.00000     0.00000     0.00000     0.00000
    -25.545         0.00000     0.00000     0.00000     0.00000
    -25.395         0.00000     0.00000     0.00000     0.00000
    -25.245         0.00000     0.00000     0.00000     0.00000
    -25.095         0.00000     0.00000     0.00000     0.00000
    -24.945         0.00000     0.00000     0.00000     0.00000
    -24.795         0.00000     0.00000     0.00000     0.00000
    -24.645         0.00000     0.00000     0.00000     0.00000
    -24.495         0.00000     0.00000     0.00000     0.00000
    -24.345         0.00000     0.00000     0.00000     0.00000
    -24.195         0.00000     0.00000     0.00000     0.00000
    -24.045         0.00000     0.00000     0.00000     0.00000
    -23.895         0.00000     0.00000     0.00000     0.00000
    -23.745         0.00000     0.00000     0.00000     0.00000
    -23.595         0.00000     0.00000     0.00000     0.00000
    -23.445         0.00000     0.00000     0.00000     0.00000
    -23.295         0.00000     0.00000     0.00000     0.00000
    -23.145         0.00000     0.00000     0.00000     0.00000
    -22.995         0.00000     0.00000     0.00000     0.00000
    -22.845         0.00000     0.00000     0.00000     0.00000
    -22.695         0.00000     0.00000     0.00000     0.00000
    -22.545         0.00000     0.00000     0.00000     0.00000
    -22.395         0.00000     0.00000     0.00000     0.00000
    -22.245         0.00000     0.00000     0.00000     0.00000
    -22.095         0.00000     0.00000     0.00000     0.00000
    -21.945         0.00000     0.00000     0.00000     0.00000
    -21.795         0.00000     0.00000     0.00000     0.00000
    -21.645         0.00000     0.00000     0.00000     0.00000
    -21.495         0.00000     0.00000     0.00000     0.00000
    -21.345         0.00000     0.00000     0.00000     0.00000
    -21.195         0.00000     0.00000     0.00000     0.00000
    -21.045         0.00000     0.00000     0.00000     0.00000
    -20.895         0.00000     0.00000     0.00000     0.00000
    -20.745         0.00000     0.00000     0.00000     0.00000
    -20.595         0.00000     0.00000     0.00000     0.00000
    -20.445         0.00000     0.00000     0.00000     0.00000
    -20.295         0.00000     0.00000     0.00000     0.00000
    -20.145         0.00000     0.00000     0.00000     0.00000
    -19.995         0.00000     0.00000     0.00000     0.00000
    -19.845         0.00000     0.00000     0.00000     0.00000
    -19.695         0.00000     0.00000     0.00000     0.00000
    -19.545         0.00000     0.00000     0.00000     0.00000
    -19.395         0.00000     0.00000     0.00000     0.00000
    -19.245         0.00000     0.00000     0.00000     0.00000
    -19.095         0.00000     0.00000     0.00000     0.00000
    -18.945         0.00000     0.00000     0.00000     0.00000
    -18.795         0.00000     0.00000     0.00000     0.00000
    -18.645         0.00000     0.00000     0.00000     0.00000
    -18.495         0.00000     0.00000     0.00000     0.00000
    -18.345         0.00000     0.00000     0.00000     0.00000
    -18.195         0.00000     0.00000     0.00000     0.00000
    -18.045         0.00000     0.00000     0.00000     0.00000
    -17.895         0.00000     0.00000     0.00000     0.00000
    -17.745         0.00000     0.00000     0.00000     0.00000
    -17.595         0.00000     0.00000     0.00000     0.00000
    -17.445         0.00000     0.00000     0.00000     0.00000
    -17.295         0.00000     0.00000     0.00000     0.00000
    -17.145         0.00000     0.00000     0.00000     0.00000
    -16.995         0.00000     0.00000     0.00000     0.00000
    -16.845         0.00000     0.00000     0.00000     0.00000
    -16.695         0.00000     0.00000     0.00000     0.00000
    -16.545         0.00000     0.00000     0.00000     0.00000
    -16.395         0.00000     0.00000     0.00000     0.00000
    -16.245         0.00000     0.00000     0.00000     0.00000
    -16.095         0.00000     0.00000     0.00000     0.00000
    -15.945         0.00000     0.00000     0.00000     0.00000
    -15.795         0.00000     0.00000     0.00000     0.00000
    -15.645         0.00000     0.00000     0.00000     0.00000
    -15.495         0.00000     0.00000     0.00000     0.00000
    -15.345         0.00000     0.00000     0.00000     0.00000
    -15.195         0.00000     0.00000     0.00000     0.00000
    -15.045         0.00000     0.00000     0.00000     0.00000
    -14.895         0.00000     0.00000     0.00000     0.00000
    -14.745         0.00000     0.00000     0.00000     0.00000
    -14.595         0.00000     0.00000     0.00000     0.00000
    -14.445         0.00000     0.00000     0.00000     0.00000
    -14.295         0.00000     0.00000     0.00000     0.00000
    -14.145         0.00000     0.00000     0.00000     0.00000
    -13.995         0.00000     0.00000     0.00000     0.00000
    -13.845         0.00000     0.00000     0.00000     0.00000
    -13.695         0.00000     0.00000     0.00000     0.00000
    -13.545         0.00000     0.00000     0.00000     0.00000
    -13.395         0.00000     0.00000     0.00000     0.00000
    -13.245         0.00000     0.00000     0.00000     0.00000
    -13.095         0.00000     0.00000     0.00000     0.00000
    -12.945         0.00000     0.00000     0.00000     0.00000
    -12.795         0.00000     0.00000     0.00000     0.00000
    -12.645         0.00000     0.00000     0.00000     0.00000
    -12.495         0.00000     0.00000     0.00000     0.00000
    -12.345         0.00000     0.00000     0.00000     0.00000
    -12.195         0.00000     0.00000     0.00000     0.00000
    -12.045         0.00000     0.00000     0.00000     0.00000
    -11.895         0.00000     0.00000     0.00000     0.00000
    -11.745         0.00000     0.00000     0.00000     0.00000
    -11.595         0.00000     0.00000     0.00000     0.00000
    -11.445         0.00000     0.00000     0.00000     0.00000
    -11.295         0.00000     0.00000     0.00000     0.00000
    -11.145         0.00000     0.00000     0.00000     0.00000
    -10.995         0.00000     0.00000     0.00000     0.00000
    -10.845         0.00000     0.00000     0.00000     0.00000
    -10.695         0.00000     0.00000     0.00000     0.00000
    -10.545         0.00000     0.00000     0.00000     0.00000
    -10.395         0.00000     0.00000     0.00000     0.00000
    -10.245         0.00000     0.00000     0.00000     0.00000
    -10.095         0.00000     0.00000     0.00000     0.00000
    -9.9450         0.00000     0.00000     0.00000     0.00000
    -9.7950         0.00000     0.00000     0.00000     0.00000
    -9.6450         0.00000     0.00000     0.00000     0.00000
    -9.4950         0.00000     0.00000     0.00000     0.00000
    -9.3450         0.00000     0.00000     0.00000     0.00000
    -9.1950         0.00000     0.00000     0.00000     0.00000
    -9.0450         0.00000     0.00000     0.00000     0.00000
    -8.8950         0.00000     0.00000     0.00000     0.00000
    -8.7450         0.00000     0.00000     0.00000     0.00000
    -8.5950         0.00000     0.00000     0.00000     0.00000
    -8.4450         0.00000     0.00000     0.00000     0.00000
    -8.2950         0.00000     0.00000     0.00000     0.00000
    -8.1450         0.00000     0.00000     0.00000     0.00000
    -7.9950         0.00000     0.00000     0.00000     0.00000
    -7.8450         0.00000     0.00000     0.00000     0.00000
    -7.6950         0.00000     0.00000     0.00000     0.00000
    -7.5450         0.00000     0.00000     0.00000     0.00000
    -7.3950         0.00000     0.00000     0.00000     0.00000
    -7.2450         0.00000     0.00000     0.00000     0.00000
    -7.0950         0.00000     0.00000     0.00000     0.00000
    -6.9450         0.00000     0.00000     0.00000     0.00000
    -6.7950         0.00000     0.00000     0.00000     0.00000
    -6.6450         0.00000     0.00000     0.00000     0.00000
    -6.4950         0.00000     0.00000     0.00000     0.00000
    -6.3450         0.00000     0.00000     0.00000     0.00000
    -6.1950         0.00000     0.00000     0.00000     0.00000
    -6.0450         0.00000     0.00000     0.00000     0.00000
    -5.8950         0.00000     0.00000     0.00000     0.00000
    -5.7450         0.00000     0.00000     0.00000     0.00000
    -5.5950         0.00000     0.00000     0.00000     0.00000
    -5.4450         0.00000     0.00000     0.00000     0.00000
    -5.2950         0.00000     0.00000     0.00000     0.00000
    -5.1450         0.00000     0.00000     0.00000     0.00000
    -4.9950         0.00000     0.00000     0.00000     0.00000
    -4.8450         0.00000     0.00000     0.00000     0.00000
    -4.6950         0.00000     0.00000     0.00000     0.00000
    -4.5450         0.00000     0.00000     0.00000     0.00000
    -4.3950         0.00000     0.00000     0.00000     0.00000
    -4.2450         0.00000     0.00000     0.00000     0.00000
    -4.0950         0.00000     0.00000     0.00000     0.00000
    -3.9450         0.00000     0.00000     0.00000     0.00000
    -3.7950         0.00000     0.00000     0.00000     0.00000
    -3.6450         0.00000     0.00000     0.00000     0.00000
    -3.4950         0.00000     0.00000     0.00000     0.00000
    -3.3450         0.00000     0.00000     0.00000     0.00000
    -3.1950         0.00000     0.00000     0.00000     0.00000
    -3.0450         0.00000     0.00000     0.00000     0.00000
    -2.8950         0.00000     0.00000     0.00000     0.00000
    -2.7450         0.00000     0.00000     0.00000     0.00000
    -2.5950         0.00000     0.00000     0.00000     0.00000
    -2.4450         0.00000     0.00000     0.00000     0.00000
    -2.2950         0.00000     0.00000     0.00000     0.00000
    -2.1450         0.00000     0.00000     0.00000     0.00000
    -1.9950         0.00000     0.00000     0.00000     0.00000
    -1.8450         0.00000     0.00000     0.00000     0.00000
    -1.6950         0.00000     0.00000     0.00000     0.00000
    -1.5450         0.00000     0.00000     0.00000     0.00000
    -1.3950        -0.00010    -0.00011     0.00000     0.00001
    -1.2450        -0.00066    -0.00029     0.00000    -0.00037
    -1.0950        -0.00312    -0.00071    -0.00000    -0.00241
   -0.94500        -0.01252    -0.00131     0.00000    -0.01121
   -0.79500        -0.05316    -0.00240     0.00007    -0.05082
   -0.64500        -0.27174    -0.00440    -0.00005    -0.26729
   -0.49500        -1.43286    -0.00765    -0.00317    -1.42205
   -0.34500        -4.02613    -0.01537    -0.01152    -3.99923
   -0.22700        -4.83188    -0.01955    -0.01584    -4.79649
   -0.21300        -4.91915    -0.02001    -0.01642    -4.88272
   -0.20700        -5.00422    -0.02060    -0.01675    -4.96686
   -0.20100        -5.08979    -0.02118    -0.01727    -5.05133
   -0.19500        -5.17436    -0.02173    -0.01780    -5.13483
   -0.18900        -5.25660    -0.02229    -0.01843    -5.21589
   -0.18300        -5.33916    -0.02292    -0.01901    -5.29724
   -0.17700        -5.42088    -0.02354    -0.01965    -5.37768
   -0.17100        -5.50067    -0.02418    -0.02035    -5.45615
   -0.16500        -5.58029    -0.02484    -0.02105    -5.53440
   -0.15900        -5.65934    -0.02553    -0.02149    -5.61232
   -0.15300        -5.73940    -0.02623    -0.02225    -5.69092
   -0.14700        -5.81960    -0.02692    -0.02295    -5.76973
   -0.14100        -5.89942    -0.02766    -0.02369    -5.84807
   -0.13500        -5.97941    -0.02846    -0.02445    -5.92651
   -0.12900        -6.06000    -0.02928    -0.02530    -6.00542
   -0.12300        -6.14115    -0.03020    -0.02625    -6.08471
   -0.11700        -6.22302    -0.03120    -0.02724    -6.16457
   -0.11100        -6.30557    -0.03214    -0.02825    -6.24519
   -0.10500        -6.38925    -0.03317    -0.02922    -6.32687
   -0.99000E-01    -6.47476    -0.03425    -0.03029    -6.41022
   -0.93000E-01    -6.56219    -0.03534    -0.03142    -6.49543
   -0.87000E-01    -6.65251    -0.03656    -0.03266    -6.58329
   -0.81000E-01    -6.74557    -0.03780    -0.03396    -6.67381
   -0.75000E-01    -6.84268    -0.03915    -0.03543    -6.76810
   -0.69000E-01    -6.94480    -0.04062    -0.03698    -6.86720
   -0.63000E-01    -7.05255    -0.04230    -0.03890    -6.97135
   -0.57000E-01    -7.16752    -0.04414    -0.04087    -7.08251
   -0.51000E-01    -7.29265    -0.04620    -0.04312    -7.20334
   -0.45000E-01    -7.42953    -0.04860    -0.04583    -7.33510
   -0.39000E-01    -7.58081    -0.05131    -0.04898    -7.48051
   -0.33000E-01    -7.74831    -0.05453    -0.05286    -7.64093
   -0.27000E-01    -7.93488    -0.05861    -0.05800    -7.81827
   -0.21300E-01    -8.07543    -0.06199    -0.06267    -7.95076
   -0.19500E-01    -8.09714    -0.06254    -0.06350    -7.97110
   -0.18900E-01    -8.11927    -0.06314    -0.06436    -7.99177
   -0.18300E-01    -8.14171    -0.06375    -0.06525    -8.01270
   -0.17700E-01    -8.16440    -0.06437    -0.06618    -8.03385
   -0.17100E-01    -8.18760    -0.06502    -0.06717    -8.05542
   -0.16500E-01    -8.21116    -0.06571    -0.06821    -8.07724
   -0.15900E-01    -8.23521    -0.06643    -0.06933    -8.09944
   -0.15300E-01    -8.25989    -0.06713    -0.07056    -8.12220
   -0.14700E-01    -8.28473    -0.06788    -0.07180    -8.14505
   -0.14100E-01    -8.31014    -0.06866    -0.07315    -8.16833
   -0.13500E-01    -8.33623    -0.06948    -0.07457    -8.19218
   -0.12900E-01    -8.36289    -0.07032    -0.07614    -8.21644
   -0.12300E-01    -8.39028    -0.07121    -0.07779    -8.24128
   -0.11700E-01    -8.41846    -0.07214    -0.07966    -8.26666
   -0.11100E-01    -8.44728    -0.07311    -0.08165    -8.29253
   -0.10500E-01    -8.47686    -0.07415    -0.08381    -8.31891
   -0.99000E-02    -8.50737    -0.07524    -0.08621    -8.34592
   -0.93000E-02    -8.53882    -0.07639    -0.08885    -8.37358
   -0.87000E-02    -8.57114    -0.07758    -0.09183    -8.40173
   -0.81000E-02    -8.60474    -0.07888    -0.09521    -8.43065
   -0.75000E-02    -8.63949    -0.08022    -0.09903    -8.46024
   -0.69000E-02    -8.67568    -0.08164    -0.10348    -8.49056
   -0.63000E-02    -8.71339    -0.08318    -0.10868    -8.52152
   -0.57000E-02    -8.75277    -0.08482    -0.11490    -8.55305
   -0.51000E-02    -8.79440    -0.08652    -0.12249    -8.58539
   -0.45000E-02    -8.83870    -0.08834    -0.13216    -8.61819
   -0.39000E-02    -8.88727    -0.09028    -0.14541    -8.65157
   -0.33000E-02    -8.94252    -0.09233    -0.16471    -8.68549
   -0.27000E-02    -9.00786    -0.09444    -0.19313    -8.72030
   -0.21000E-02    -9.08324    -0.09657    -0.22947    -8.75720
   -0.15000E-02    -9.15297    -0.09861    -0.25315    -8.80121
   -0.90000E-03    -9.23481    -0.10035    -0.26128    -8.87318
   -0.30000E-03   -10.67999    -0.10124    -0.26278   -10.31597
    0.30000E-03    -9.23617    -0.09975    -0.26189    -8.87453
    0.90000E-03    -9.16512    -0.09169    -0.26015    -8.81329
    0.15000E-02    -9.11673    -0.06817    -0.25811    -8.79045
    0.21000E-02    -9.06934    -0.03197    -0.25602    -8.78136
    0.27000E-02    -9.03524    -0.00367    -0.25393    -8.77765
    0.33000E-02    -9.01264     0.01542    -0.25192    -8.77615
    0.39000E-02    -8.99701     0.02855    -0.25003    -8.77553
    0.45000E-02    -8.98522     0.03830    -0.24825    -8.77527
    0.51000E-02    -8.97588     0.04584    -0.24658    -8.77514
    0.57000E-02    -8.96801     0.05207    -0.24499    -8.77509
    0.63000E-02    -8.96128     0.05730    -0.24352    -8.77506
    0.69000E-02    -8.95533     0.06183    -0.24213    -8.77503
    0.75000E-02    -8.95013     0.06572    -0.24084    -8.77501
    0.81000E-02    -8.94548     0.06915    -0.23963    -8.77500
    0.87000E-02    -8.94123     0.07223    -0.23848    -8.77498
    0.93000E-02    -8.93737     0.07500    -0.23741    -8.77496
    0.99000E-02    -8.93384     0.07748    -0.23639    -8.77494
    0.10500E-01    -8.93058     0.07973    -0.23539    -8.77492
    0.11100E-01    -8.92761     0.08176    -0.23446    -8.77490
    0.11700E-01    -8.92484     0.08364    -0.23360    -8.77488
    0.12300E-01    -8.92229     0.08537    -0.23280    -8.77486
    0.12900E-01    -8.91986     0.08696    -0.23199    -8.77483
    0.13500E-01    -8.91763     0.08844    -0.23126    -8.77481
    0.14100E-01    -8.91551     0.08982    -0.23054    -8.77479
    0.14700E-01    -8.91352     0.09111    -0.22987    -8.77477
    0.15300E-01    -8.91163     0.09233    -0.22922    -8.77474
    0.15900E-01    -8.90984     0.09346    -0.22859    -8.77471
    0.16500E-01    -8.90813     0.09452    -0.22797    -8.77468
    0.17100E-01    -8.90648     0.09556    -0.22739    -8.77465
    0.17700E-01    -8.90498     0.09649    -0.22685    -8.77462
    0.18300E-01    -8.90350     0.09739    -0.22630    -8.77459
    0.18900E-01    -8.90205     0.09829    -0.22578    -8.77457
    0.19500E-01    -8.90075     0.09909    -0.22531    -8.77454
    0.21300E-01    -8.89292     0.10374    -0.22240    -8.77427
    0.27000E-01    -8.88457     0.10845    -0.21922    -8.77381
    0.33000E-01    -8.87841     0.11177    -0.21690    -8.77327
    0.39000E-01    -8.87375     0.11402    -0.21514    -8.77263
    0.45000E-01    -8.86997     0.11570    -0.21376    -8.77191
    0.51000E-01    -8.86697     0.11694    -0.21281    -8.77109
    0.57000E-01    -8.86444     0.11783    -0.21202    -8.77025
    0.63000E-01    -8.86215     0.11855    -0.21142    -8.76928
    0.69000E-01    -8.86013     0.11907    -0.21097    -8.76822
    0.75000E-01    -8.85831     0.11944    -0.21059    -8.76715
    0.81000E-01    -8.85652     0.11971    -0.21026    -8.76598
    0.87000E-01    -8.85484     0.11993    -0.21004    -8.76474
    0.93000E-01    -8.85324     0.12008    -0.20985    -8.76347
    0.99000E-01    -8.85156     0.12021    -0.20969    -8.76208
    0.10500        -8.84989     0.12031    -0.20959    -8.76061
    0.11100        -8.84827     0.12040    -0.20950    -8.75917
    0.11700        -8.84659     0.12045    -0.20939    -8.75765
    0.12300        -8.84497     0.12052    -0.20934    -8.75614
    0.12900        -8.84321     0.12056    -0.20926    -8.75452
    0.13500        -8.84128     0.12076    -0.20920    -8.75285
    0.14100        -8.83939     0.12093    -0.20915    -8.75118
    0.14700        -8.83754     0.12096    -0.20912    -8.74937
    0.15300        -8.83555     0.12110    -0.20907    -8.74758
    0.15900        -8.83373     0.12113    -0.20906    -8.74580
    0.16500        -8.83167     0.12124    -0.20897    -8.74394
    0.17100        -8.82958     0.12135    -0.20890    -8.74202
    0.17700        -8.82757     0.12146    -0.20888    -8.74015
    0.18300        -8.82550     0.12155    -0.20886    -8.73819
    0.18900        -8.82331     0.12164    -0.20881    -8.73614
    0.19500        -8.82103     0.12173    -0.20877    -8.73399
    0.20100        -8.81898     0.12182    -0.20872    -8.73208
    0.20700        -8.81661     0.12191    -0.20870    -8.72982
    0.21300        -8.81440     0.12199    -0.20867    -8.72771
    0.22700        -8.79423     0.12269    -0.20846    -8.70846
    0.34500        -8.72719     0.12359    -0.20801    -8.64277
    0.49500        -8.65187     0.12452    -0.20761    -8.56878
    0.64500        -8.57395     0.12569    -0.20727    -8.49237
    0.79500        -8.49389     0.12671    -0.20696    -8.41364
    0.94500        -8.41345     0.12763    -0.20668    -8.33439
     1.0950        -8.33278     0.12845    -0.20642    -8.25481
     1.2450        -8.25275     0.12904    -0.20617    -8.17562
     1.3950        -8.17417     0.12973    -0.20595    -8.09795
     1.5450        -8.09689     0.13037    -0.20574    -8.02152
     1.6950        -8.02188     0.13097    -0.20556    -7.94729
     1.8450        -7.94860     0.13153    -0.20537    -7.87476
     1.9950        -7.87831     0.13206    -0.20519    -7.80517
     2.1450        -7.81036     0.13256    -0.20501    -7.73791
     2.2950        -7.74503     0.13304    -0.20485    -7.67322
     2.4450        -7.68144     0.13348    -0.20470    -7.61023
     2.5950        -7.61960     0.13391    -0.20455    -7.54896
     2.7450        -7.56103     0.13431    -0.20440    -7.49094
     2.8950        -7.50487     0.13471    -0.20427    -7.43531
     3.0450        -7.45083     0.13509    -0.20413    -7.38179
     3.1950        -7.39884     0.13544    -0.20399    -7.33029
     3.3450        -7.34876     0.13579    -0.20387    -7.28069
     3.4950        -7.30050     0.13612    -0.20374    -7.23288
     3.6450        -7.25380     0.13644    -0.20363    -7.18662
     3.7950        -7.20848     0.13675    -0.20349    -7.14173
     3.9450        -7.16480     0.13705    -0.20340    -7.09844
     4.0950        -7.12239     0.13734    -0.20330    -7.05642
     4.2450        -7.08151     0.13762    -0.20319    -7.01594
     4.3950        -7.04184     0.13790    -0.20310    -6.97664
     4.5450        -7.00341     0.13816    -0.20300    -6.93857
     4.6950        -6.96605     0.13842    -0.20290    -6.90157
     4.8450        -6.92969     0.13867    -0.20280    -6.86556
     4.9950        -6.89442     0.13892    -0.20271    -6.83063
     5.1450        -6.86008     0.13915    -0.20262    -6.79661
     5.2950        -6.82667     0.13938    -0.20252    -6.76353
     5.4450        -6.79409     0.13960    -0.20244    -6.73126
     5.5950        -6.76232     0.13982    -0.20235    -6.69979
     5.7450        -6.73138     0.14003    -0.20227    -6.66914
     5.8950        -6.70120     0.14023    -0.20219    -6.63924
     6.0450        -6.67167     0.14042    -0.20211    -6.60998
     6.1950        -6.64286     0.14062    -0.20203    -6.58145
     6.3450        -6.61468     0.14081    -0.20196    -6.55354
     6.4950        -6.58709     0.14101    -0.20188    -6.52622
     6.6450        -6.56009     0.14120    -0.20181    -6.49947
     6.7950        -6.53365     0.14138    -0.20174    -6.47330
     6.9450        -6.50781     0.14156    -0.20167    -6.44770
     7.0950        -6.48252     0.14173    -0.20159    -6.42266
     7.2450        -6.45772     0.14190    -0.20152    -6.39811
     7.3950        -6.43338     0.14207    -0.20145    -6.37400
     7.5450        -6.40947     0.14224    -0.20139    -6.35032
     7.6950        -6.38606     0.14240    -0.20133    -6.32713
     7.8450        -6.36308     0.14255    -0.20126    -6.30437
     7.9950        -6.34054     0.14271    -0.20121    -6.28204
     8.1450        -6.31840     0.14286    -0.20114    -6.26012
     8.2950        -6.29662     0.14301    -0.20108    -6.23856
     8.4450        -6.27526     0.14316    -0.20101    -6.21741
     8.5950        -6.25427     0.14330    -0.20096    -6.19661
     8.7450        -6.23360     0.14344    -0.20090    -6.17614
     8.8950        -6.21329     0.14359    -0.20085    -6.15603
     9.0450        -6.19326     0.14372    -0.20079    -6.13620
     9.1950        -6.17365     0.14386    -0.20073    -6.11677
     9.3450        -6.15428     0.14399    -0.20068    -6.09759
     9.4950        -6.13522     0.14412    -0.20063    -6.07872
     9.6450        -6.11645     0.14426    -0.20057    -6.06014
     9.7950        -6.09795     0.14438    -0.20052    -6.04181
     9.9450        -6.07976     0.14451    -0.20047    -6.02380
     10.095        -6.06185     0.14463    -0.20042    -6.00606
     10.245        -6.04417     0.14476    -0.20037    -5.98856
     10.395        -6.02678     0.14488    -0.20033    -5.97133
     10.545        -6.00959     0.14500    -0.20029    -5.95430
     10.695        -5.99266     0.14511    -0.20024    -5.93754
     10.845        -5.97596     0.14523    -0.20019    -5.92099
     10.995        -5.95950     0.14534    -0.20014    -5.90470
     11.145        -5.94325     0.14545    -0.20009    -5.88861
     11.295        -5.92723     0.14556    -0.20004    -5.87274
     11.445        -5.91140     0.14567    -0.19999    -5.85708
     11.595        -5.89574     0.14579    -0.19995    -5.84159
     11.745        -5.88030     0.14590    -0.19989    -5.82630
     11.895        -5.86510     0.14600    -0.19985    -5.81126
     12.045        -5.85006     0.14611    -0.19981    -5.79637
     12.195        -5.83524     0.14621    -0.19977    -5.78168
     12.345        -5.82060     0.14632    -0.19972    -5.76719
     12.495        -5.80617     0.14641    -0.19968    -5.75290
     12.645        -5.79184     0.14651    -0.19964    -5.73872
     12.795        -5.77770     0.14661    -0.19960    -5.72471
     12.945        -5.76372     0.14671    -0.19956    -5.71087
     13.095        -5.74990     0.14681    -0.19952    -5.69720
     13.245        -5.73629     0.14691    -0.19947    -5.68372
     13.395        -5.72284     0.14700    -0.19943    -5.67040
     13.545        -5.70947     0.14709    -0.19939    -5.65717
     13.695        -5.69625     0.14718    -0.19935    -5.64408
     13.845        -5.68319     0.14727    -0.19931    -5.63115
     13.995        -5.67028     0.14736    -0.19927    -5.61837
     14.145        -5.65750     0.14746    -0.19923    -5.60572
     14.295        -5.64485     0.14754    -0.19919    -5.59320
     14.445        -5.63237     0.14763    -0.19915    -5.58085
     14.595        -5.62000     0.14772    -0.19912    -5.56860
     14.745        -5.60775     0.14780    -0.19908    -5.55647
     14.895        -5.59562     0.14789    -0.19904    -5.54446
     15.045        -5.58361     0.14797    -0.19901    -5.53257
     15.195        -5.57171     0.14806    -0.19897    -5.52080
     15.345        -5.55996     0.14814    -0.19894    -5.50916
     15.495        -5.54829     0.14822    -0.19890    -5.49762
     15.645        -5.53676     0.14831    -0.19885    -5.48621
     15.795        -5.52534     0.14839    -0.19882    -5.47491
     15.945        -5.51404     0.14847    -0.19878    -5.46373
     16.095        -5.50288     0.14855    -0.19874    -5.45269
     16.245        -5.49178     0.14862    -0.19871    -5.44170
     16.395        -5.48080     0.14870    -0.19867    -5.43083
     16.545        -5.46992     0.14878    -0.19864    -5.42006
     16.695        -5.45917     0.14886    -0.19861    -5.40941
     16.845        -5.44855     0.14893    -0.19858    -5.39890
     16.995        -5.43797     0.14900    -0.19855    -5.38843
     17.145        -5.42751     0.14908    -0.19852    -5.37806
     17.295        -5.41712     0.14915    -0.19849    -5.36778
     17.445        -5.40682     0.14922    -0.19846    -5.35758
     17.595        -5.39661     0.14929    -0.19843    -5.34747
     17.745        -5.38650     0.14936    -0.19840    -5.33746
     17.895        -5.37646     0.14943    -0.19837    -5.32753
     18.045        -5.36655     0.14951    -0.19834    -5.31772
     18.195        -5.35671     0.14957    -0.19831    -5.30798
     18.345        -5.34693     0.14964    -0.19828    -5.29829
     18.495        -5.33728     0.14971    -0.19824    -5.28875
     18.645        -5.32770     0.14978    -0.19821    -5.27927
     18.795        -5.31816     0.14984    -0.19818    -5.26982
     18.945        -5.30870     0.14991    -0.19816    -5.26046
     19.095        -5.29933     0.14997    -0.19813    -5.25118
     19.245        -5.29002     0.15004    -0.19810    -5.24196
     19.395        -5.28080     0.15011    -0.19807    -5.23283
     19.545        -5.27165     0.15017    -0.19804    -5.22378
     19.695        -5.26256     0.15024    -0.19801    -5.21479
     19.845        -5.25354     0.15030    -0.19798    -5.20586
     19.995        -5.24460     0.15037    -0.19795    -5.19701
     20.145        -5.23572     0.15043    -0.19792    -5.18823
     20.295        -5.22693     0.15049    -0.19789    -5.17953
     20.445        -5.21821     0.15055    -0.19786    -5.17090
     20.595        -5.20953     0.15061    -0.19783    -5.16231
     20.745        -5.20094     0.15067    -0.19780    -5.15381
     20.895        -5.19242     0.15073    -0.19777    -5.14538
     21.045        -5.18394     0.15079    -0.19775    -5.13698
     21.195        -5.17549     0.15085    -0.19772    -5.12862
     21.345        -5.16714     0.15091    -0.19770    -5.12034
     21.495        -5.15886     0.15096    -0.19767    -5.11215
     21.645        -5.15064     0.15102    -0.19765    -5.10402
     21.795        -5.14246     0.15108    -0.19762    -5.09591
     21.945        -5.13434     0.15114    -0.19760    -5.08788
     22.095        -5.12626     0.15119    -0.19757    -5.07989
     22.245        -5.11827     0.15125    -0.19755    -5.07197
     22.395        -5.11032     0.15130    -0.19752    -5.06410
     22.545        -5.10242     0.15136    -0.19750    -5.05629
     22.695        -5.09460     0.15142    -0.19747    -5.04854
     22.845        -5.08683     0.15147    -0.19745    -5.04085
     22.995        -5.07909     0.15152    -0.19742    -5.03319
     23.145        -5.07142     0.15158    -0.19740    -5.02560
     23.295        -5.06379     0.15163    -0.19738    -5.01805
     23.445        -5.05620     0.15169    -0.19735    -5.01054
     23.595        -5.04867     0.15174    -0.19733    -5.00309
     23.745        -5.04117     0.15180    -0.19730    -4.99567
     23.895        -5.03375     0.15185    -0.19728    -4.98832
     24.045        -5.02640     0.15190    -0.19725    -4.98105
     24.195        -5.01908     0.15195    -0.19723    -4.97381
     24.345        -5.01180     0.15201    -0.19720    -4.96660
     24.495        -5.00454     0.15206    -0.19718    -4.95942
     24.645        -4.99732     0.15211    -0.19715    -4.95228
     24.795        -4.99018     0.15216    -0.19712    -4.94522
     24.945        -4.98309     0.15222    -0.19710    -4.93820
     25.095        -4.97602     0.15227    -0.19707    -4.93121
     25.245        -4.96904     0.15232    -0.19705    -4.92430
     25.395        -4.96207     0.15237    -0.19703    -4.91740
     25.545        -4.95517     0.15242    -0.19701    -4.91057
     25.695        -4.94828     0.15246    -0.19699    -4.90376
     25.845        -4.94147     0.15251    -0.19696    -4.89701
     25.995        -4.93468     0.15256    -0.19694    -4.89030
     26.145        -4.92792     0.15261    -0.19692    -4.88361
     26.295        -4.92121     0.15265    -0.19690    -4.87696
     26.445        -4.91454     0.15270    -0.19688    -4.87036
     26.595        -4.90793     0.15275    -0.19686    -4.86382
     26.745        -4.90132     0.15280    -0.19683    -4.85729
     26.895        -4.89480     0.15284    -0.19681    -4.85083
     27.045        -4.88828     0.15289    -0.19679    -4.84438
     27.195        -4.88181     0.15294    -0.19676    -4.83798
     27.345        -4.87534     0.15298    -0.19674    -4.83158
     27.495        -4.86890     0.15302    -0.19672    -4.82521
     27.645        -4.86257     0.15307    -0.19670    -4.81894
     27.795        -4.85623     0.15311    -0.19667    -4.81268
     27.945        -4.84993     0.15316    -0.19665    -4.80643
     28.095        -4.84366     0.15320    -0.19663    -4.80023
     28.245        -4.83742     0.15325    -0.19660    -4.79407
     28.395        -4.83125     0.15329    -0.19658    -4.78796
     28.545        -4.82511     0.15333    -0.19656    -4.78188
     28.695        -4.81897     0.15338    -0.19654    -4.77581
     28.845        -4.81289     0.15342    -0.19651    -4.76979
     28.995        -4.80682     0.15346    -0.19649    -4.76379
     29.145        -4.80078     0.15350    -0.19647    -4.75782
     29.295        -4.79477     0.15355    -0.19645    -4.75186
     29.445        -4.78881     0.15359    -0.19643    -4.74597
     29.595        -4.78287     0.15363    -0.19641    -4.74009
     29.745        -4.77698     0.15368    -0.19639    -4.73426
     29.895        -4.77112     0.15372    -0.19637    -4.72847
     30.045        -4.76530     0.15376    -0.19635    -4.72271
     30.195        -4.75949     0.15380    -0.19633    -4.71696
     30.345        -4.75374     0.15384    -0.19631    -4.71126
     30.495        -4.74800     0.15388    -0.19630    -4.70557
     30.645        -4.74228     0.15392    -0.19628    -4.69992
     30.795        -4.73661     0.15396    -0.19626    -4.69431
     30.945        -4.73095     0.15399    -0.19624    -4.68871
     31.095        -4.72533     0.15403    -0.19622    -4.68314
     31.245        -4.71974     0.15407    -0.19620    -4.67761
     31.395        -4.71420     0.15411    -0.19618    -4.67213
     31.545        -4.70867     0.15415    -0.19616    -4.66665
     31.695        -4.70317     0.15419    -0.19615    -4.66121
     31.845        -4.69768     0.15423    -0.19613    -4.65579
     31.995        -4.69223     0.15427    -0.19611    -4.65039
     32.145        -4.68680     0.15431    -0.19609    -4.64501
     32.295        -4.68136     0.15435    -0.19607    -4.63963
     32.445        -4.67596     0.15439    -0.19605    -4.63430
     32.595        -4.67063     0.15443    -0.19604    -4.62902
     32.745        -4.66532     0.15446    -0.19602    -4.62377
     32.895        -4.66004     0.15450    -0.19600    -4.61855
     33.045        -4.65478     0.15454    -0.19598    -4.61334
     33.195        -4.64954     0.15458    -0.19597    -4.60815
     33.345        -4.64430     0.15461    -0.19595    -4.60296
     33.495        -4.63910     0.15465    -0.19593    -4.59782
     33.645        -4.63394     0.15469    -0.19591    -4.59271
     33.795        -4.62878     0.15472    -0.19589    -4.58761
     33.945        -4.62364     0.15476    -0.19587    -4.58253
     34.095        -4.61855     0.15480    -0.19586    -4.57749
     34.245        -4.61346     0.15483    -0.19584    -4.57246
     34.395        -4.60841     0.15487    -0.19582    -4.56746
     34.545        -4.60339     0.15491    -0.19580    -4.56250
     34.695        -4.59840     0.15494    -0.19579    -4.55756
     34.845        -4.59341     0.15498    -0.19577    -4.55262
     34.995        -4.58843     0.15501    -0.19575    -4.54770
     35.145        -4.58352     0.15505    -0.19573    -4.54283
     35.295        -4.57859     0.15508    -0.19572    -4.53796
     35.445        -4.57372     0.15512    -0.19570    -4.53314
     35.595        -4.56884     0.15515    -0.19568    -4.52831
     35.745        -4.56400     0.15519    -0.19567    -4.52352
     35.895        -4.55916     0.15522    -0.19566    -4.51873
     36.045        -4.55437     0.15526    -0.19564    -4.51399
     36.195        -4.54956     0.15529    -0.19562    -4.50923
     36.345        -4.54482     0.15533    -0.19560    -4.50454
     36.495        -4.54005     0.15536    -0.19558    -4.49983
     36.645        -4.53533     0.15539    -0.19557    -4.49515
     36.795        -4.53065     0.15543    -0.19556    -4.49052
     36.945        -4.52597     0.15546    -0.19554    -4.48589
     37.095        -4.52132     0.15549    -0.19553    -4.48129
     37.245        -4.51668     0.15552    -0.19551    -4.47669
     37.395        -4.51206     0.15556    -0.19550    -4.47212
     37.545        -4.50748     0.15559    -0.19548    -4.46759
     37.695        -4.50291     0.15562    -0.19546    -4.46307
     37.845        -4.49837     0.15566    -0.19545    -4.45857
     37.995        -4.49383     0.15569    -0.19543    -4.45408
     38.145        -4.48930     0.15572    -0.19542    -4.44961
     38.295        -4.48481     0.15575    -0.19540    -4.44516
     38.445        -4.48031     0.15579    -0.19539    -4.44071
     38.595        -4.47585     0.15582    -0.19537    -4.43630
     38.745        -4.47142     0.15585    -0.19536    -4.43191
     38.895        -4.46698     0.15588    -0.19534    -4.42752
     39.045        -4.46255     0.15591    -0.19532    -4.42314
     39.195        -4.45816     0.15594    -0.19531    -4.41879
     39.345        -4.45377     0.15597    -0.19529    -4.41446
     39.495        -4.44939     0.15601    -0.19527    -4.41012
     39.645        -4.44508     0.15603    -0.19526    -4.40585
     39.795        -4.44076     0.15607    -0.19525    -4.40158
     39.945        -4.43644     0.15610    -0.19523    -4.39731
     40.095        -4.43216     0.15613    -0.19521    -4.39307
     40.245        -4.42789     0.15616    -0.19520    -4.38885
     40.395        -4.42364     0.15619    -0.19519    -4.38465
     40.545        -4.41940     0.15622    -0.19517    -4.38045
     40.695        -4.41519     0.15625    -0.19516    -4.37628
     40.845        -4.41099     0.15628    -0.19514    -4.37213
     40.995        -4.40679     0.15631    -0.19513    -4.36798
     41.145        -4.40264     0.15635    -0.19512    -4.36387
     41.295        -4.39847     0.15638    -0.19510    -4.35974
     41.445        -4.39431     0.15641    -0.19509    -4.35563
     41.595        -4.39021     0.15644    -0.19508    -4.35157
     41.745        -4.38612     0.15647    -0.19506    -4.34752
     41.895        -4.38202     0.15650    -0.19505    -4.34347
     42.045        -4.37795     0.15653    -0.19503    -4.33944
     42.195        -4.37388     0.15656    -0.19502    -4.33541
     42.345        -4.36983     0.15659    -0.19501    -4.33140
     42.495        -4.36578     0.15662    -0.19500    -4.32740
     42.645        -4.36177     0.15665    -0.19498    -4.32343
     42.795        -4.35778     0.15667    -0.19496    -4.31949
     42.945        -4.35379     0.15670    -0.19495    -4.31554
     43.095        -4.34984     0.15673    -0.19493    -4.31163
     43.245        -4.34589     0.15676    -0.19492    -4.30772
     43.395        -4.34195     0.15679    -0.19491    -4.30383
     43.545        -4.33805     0.15682    -0.19489    -4.29997
     43.695        -4.33413     0.15685    -0.19488    -4.29610
     43.845        -4.33023     0.15687    -0.19486    -4.29224
     43.995        -4.32636     0.15690    -0.19485    -4.28841
     44.145        -4.32250     0.15693    -0.19484    -4.28459
     44.295        -4.31866     0.15695    -0.19482    -4.28079
     44.445        -4.31483     0.15698    -0.19481    -4.27700
     44.595        -4.31098     0.15701    -0.19479    -4.27320
     44.745        -4.30717     0.15703    -0.19478    -4.26943
     44.895        -4.30338     0.15706    -0.19477    -4.26568
     45.045        -4.29960     0.15709    -0.19475    -4.26194
     45.195        -4.29584     0.15711    -0.19474    -4.25821
     45.345        -4.29207     0.15714    -0.19473    -4.25449
     45.495        -4.28833     0.15717    -0.19472    -4.25078
     45.645        -4.28460     0.15719    -0.19471    -4.24709
     45.795        -4.28088     0.15722    -0.19469    -4.24340
     45.945        -4.27718     0.15725    -0.19468    -4.23975
     46.095        -4.27349     0.15727    -0.19467    -4.23610
     46.245        -4.26982     0.15730    -0.19466    -4.23246
     46.395        -4.26616     0.15733    -0.19464    -4.22885
     46.545        -4.26250     0.15735    -0.19463    -4.22523
     46.695        -4.25889     0.15738    -0.19462    -4.22165
     46.845        -4.25526     0.15741    -0.19461    -4.21806
     46.995        -4.25163     0.15743    -0.19460    -4.21447
     47.145        -4.24802     0.15746    -0.19458    -4.21090
     47.295        -4.24443     0.15749    -0.19457    -4.20734
     47.445        -4.24084     0.15751    -0.19456    -4.20379
     47.595        -4.23727     0.15754    -0.19455    -4.20026
     47.745        -4.23370     0.15756    -0.19454    -4.19673
     47.895        -4.23015     0.15759    -0.19452    -4.19321
     48.045        -4.22660     0.15761    -0.19451    -4.18970
     48.195        -4.22309     0.15764    -0.19450    -4.18623
     48.345        -4.21956     0.15766    -0.19448    -4.18274
     48.495        -4.21605     0.15769    -0.19447    -4.17927
     48.645        -4.21257     0.15771    -0.19445    -4.17583
     48.795        -4.20910     0.15774    -0.19444    -4.17239
     48.945        -4.20564     0.15776    -0.19443    -4.16896
     49.095        -4.20219     0.15779    -0.19442    -4.16555
     49.245        -4.19873     0.15781    -0.19441    -4.16213
     49.395        -4.19532     0.15783    -0.19440    -4.15875
     49.545        -4.19191     0.15786    -0.19439    -4.15538
     49.695        -4.18850     0.15788    -0.19438    -4.15200
     49.845        -4.18512     0.15791    -0.19437    -4.14866
     49.995        -4.18174     0.15793    -0.19436    -4.14532
     50.145        -4.17838     0.15796    -0.19435    -4.14199
     50.295        -4.17501     0.15798    -0.19433    -4.13866
     50.445        -4.17165     0.15800    -0.19432    -4.13533
     50.595        -4.16830     0.15803    -0.19431    -4.13202
     50.745        -4.16497     0.15805    -0.19430    -4.12872
     50.895        -4.16166     0.15808    -0.19429    -4.12544
     51.045        -4.15834     0.15810    -0.19428    -4.12216
     51.195        -4.15504     0.15812    -0.19427    -4.11890
     51.345        -4.15176     0.15815    -0.19425    -4.11566
     51.495        -4.14848     0.15817    -0.19424    -4.11241
     51.645        -4.14523     0.15820    -0.19423    -4.10919
     51.795        -4.14197     0.15822    -0.19422    -4.10597
     51.945        -4.13872     0.15824    -0.19421    -4.10275
     52.095        -4.13547     0.15827    -0.19420    -4.09954
     52.245        -4.13225     0.15829    -0.19419    -4.09635
     52.395        -4.12903     0.15831    -0.19418    -4.09316
     52.545        -4.12583     0.15834    -0.19417    -4.09000
     52.695        -4.12261     0.15836    -0.19415    -4.08682
     52.845        -4.11943     0.15838    -0.19414    -4.08367
     52.995        -4.11626     0.15841    -0.19414    -4.08053
     53.145        -4.11309     0.15843    -0.19413    -4.07740
     53.295        -4.10991     0.15846    -0.19411    -4.07425
     53.445        -4.10677     0.15848    -0.19410    -4.07114
     53.595        -4.10364     0.15850    -0.19409    -4.06804
     53.745        -4.10052     0.15852    -0.19408    -4.06496
     53.895        -4.09741     0.15855    -0.19407    -4.06189
     54.045        -4.09432     0.15857    -0.19406    -4.05883
     54.195        -4.09122     0.15859    -0.19405    -4.05577
     54.345        -4.08812     0.15861    -0.19403    -4.05271
     54.495        -4.08504     0.15864    -0.19402    -4.04966
     54.645        -4.08196     0.15866    -0.19401    -4.04661
     54.795        -4.07891     0.15868    -0.19400    -4.04359
     54.945        -4.07586     0.15870    -0.19399    -4.04057
     55.095        -4.07280     0.15873    -0.19398    -4.03754
     59.433        -3.83435     0.16044    -0.19313    -3.80167
     80.646        -3.48662     0.16299    -0.19181    -3.45780
     111.21        -3.14903     0.16546    -0.19052    -3.12397
     153.36        -2.82216     0.16788    -0.18922    -2.80082
     211.49        -2.50622     0.17022    -0.18797    -2.48846
     291.64        -2.20114     0.17250    -0.18669    -2.18695
     402.18        -1.90685     0.17470    -0.18545    -1.89610
     554.60        -1.62297     0.17682    -0.18425    -1.61555
     764.80        -1.34931     0.17887    -0.18307    -1.34511
     1054.7        -1.08564     0.18084    -0.18191    -1.08457
     1454.4        -0.83139     0.18274    -0.18079    -0.83335
     2005.6        -0.58621     0.18460    -0.17972    -0.59109
     2765.8        -0.34979     0.18637    -0.17868    -0.35748
     3814.0        -0.12164     0.18808    -0.17767    -0.13205
     5259.5         0.09870     0.18974    -0.17669     0.08566
     7252.9         0.31120     0.19135    -0.17575     0.29560
     10002.         0.51605     0.19290    -0.17485     0.49800
     13793.         0.71325     0.19439    -0.17398     0.69284
     19020.         0.90291     0.19582    -0.17314     0.88024
     26229.         1.08477     0.19720    -0.17235     1.05992
     36170.         1.25889     0.19851    -0.17159     1.23196
     49878.         1.42518     0.19977    -0.17088     1.39630
     68782.         1.58389     0.20098    -0.17019     1.55310
     94851.         1.73546     0.20212    -0.16954     1.70288
    0.13080E+06     1.88002     0.20322    -0.16891     1.84572
    0.18038E+06     2.01764     0.20425    -0.16831     1.98171
    0.24874E+06     2.14878     0.20525    -0.16774     2.11128
    0.34301E+06     2.27370     0.20619    -0.16722     2.23473
    0.47302E+06     2.39257     0.20709    -0.16671     2.35220
    0.65229E+06     2.50578     0.20793    -0.16624     2.46408
    0.89952E+06     2.61330     0.20874    -0.16578     2.57034
    0.12404E+07     2.71569     0.20952    -0.16535     2.67152
    0.17106E+07     2.81310     0.21025    -0.16496     2.76782
    0.23589E+07     2.90575     0.21094    -0.16459     2.85939
    0.32529E+07     2.99391     0.21160    -0.16423     2.94654
    0.44858E+07     3.07770     0.21223    -0.16390     3.02937
    0.61860E+07     3.15729     0.21283    -0.16359     3.10805
    0.85305E+07     3.23301     0.21339    -0.16329     3.18291
    0.11764E+08     3.30505     0.21393    -0.16301     3.25414
    0.16222E+08     3.37353     0.21444    -0.16275     3.32184
    0.22370E+08     3.43848     0.21492    -0.16250     3.38607
    0.30849E+08     3.49987     0.21537    -0.16228     3.44678
    0.42541E+08     3.55739     0.21580    -0.16207     3.50366
    0.58664E+08     3.61131     0.21620    -0.16187     3.55698
    0.80898E+08     3.66183     0.21658    -0.16170     3.60695
    0.11156E+09     3.70942     0.21693    -0.16152     3.65401
    0.15384E+09     3.75423     0.21727    -0.16137     3.69833
    0.21215E+09     3.79645     0.21758    -0.16123     3.74011
    0.29255E+09     3.83615     0.21787    -0.16109     3.77937
    0.40343E+09     3.87356     0.21815    -0.16096     3.81637
    0.55633E+09     3.90875     0.21841    -0.16084     3.85118
    0.76719E+09     3.94095     0.21864    -0.16074     3.88304
    0.10580E+10     3.97009     0.21886    -0.16065     3.91188
    0.14589E+10     3.99690     0.21906    -0.16055     3.93839
    0.20119E+10     4.02150     0.21925    -0.16047     3.96272
    0.27744E+10     4.04418     0.21942    -0.16039     3.98516
    0.38259E+10     4.06507     0.21957    -0.16033     4.00583
    0.52760E+10     4.08436     0.21972    -0.16026     4.02491
    0.72756E+10     4.10216     0.21985    -0.16020     4.04251
    0.10033E+11     4.11856     0.21997    -0.16015     4.05874
    0.13836E+11     4.13373     0.22009    -0.16010     4.07375
    0.19079E+11     4.14771     0.22019    -0.16006     4.08758
    0.26311E+11     4.16068     0.22029    -0.16001     4.10040
    0.36283E+11     4.17261     0.22038    -0.15998     4.11221
    0.50034E+11     4.18360     0.22046    -0.15994     4.12309
    0.68997E+11     4.19375     0.22053    -0.15991     4.13312
    0.10000E+12     4.31543     0.22145    -0.15949     4.25348
