    -99.945         0.00000
    -99.795         0.00000
    -99.645         0.00000
    -99.495         0.00000
    -99.345         0.00000
    -99.195         0.00000
    -99.045         0.00000
    -98.895         0.00000
    -98.745         0.00000
    -98.595         0.00000
    -98.445         0.00000
    -98.295         0.00000
    -98.145         0.00000
    -97.995         0.00000
    -97.845         0.00000
    -97.695         0.00000
    -97.545         0.00000
    -97.395         0.00000
    -97.245         0.00000
    -97.095         0.00000
    -96.945         0.00000
    -96.795         0.00000
    -96.645         0.00000
    -96.495         0.00000
    -96.345         0.00000
    -96.195         0.00000
    -96.045         0.00000
    -95.895         0.00000
    -95.745         0.00000
    -95.595         0.00000
    -95.445         0.00000
    -95.295         0.00000
    -95.145         0.00000
    -94.995         0.00000
    -94.845         0.00000
    -94.695         0.00000
    -94.545         0.00000
    -94.395         0.00000
    -94.245         0.00000
    -94.095         0.00000
    -93.945         0.00000
    -93.795         0.00000
    -93.645         0.00000
    -93.495         0.00000
    -93.345         0.00000
    -93.195         0.00000
    -93.045         0.00000
    -92.895         0.00000
    -92.745         0.00000
    -92.595         0.00000
    -92.445         0.00000
    -92.295         0.00000
    -92.145         0.00000
    -91.995         0.00000
    -91.845         0.00000
    -91.695         0.00000
    -91.545         0.00000
    -91.395         0.00000
    -91.245         0.00000
    -91.095         0.00000
    -90.945         0.00000
    -90.795         0.00000
    -90.645         0.00000
    -90.495         0.00000
    -90.345         0.00000
    -90.195         0.00000
    -90.045         0.00000
    -89.895         0.00000
    -89.745         0.00000
    -89.595         0.00000
    -89.445         0.00000
    -89.295         0.00000
    -89.145         0.00000
    -88.995         0.00000
    -88.845         0.00000
    -88.695         0.00000
    -88.545         0.00000
    -88.395         0.00000
    -88.245         0.00000
    -88.095         0.00000
    -87.945         0.00000
    -87.795         0.00000
    -87.645         0.00000
    -87.495         0.00000
    -87.345         0.00000
    -87.195         0.00000
    -87.045         0.00000
    -86.895         0.00000
    -86.745         0.00000
    -86.595         0.00000
    -86.445         0.00000
    -86.295         0.00000
    -86.145         0.00000
    -85.995         0.00000
    -85.845         0.00000
    -85.695         0.00000
    -85.545         0.00000
    -85.395         0.00000
    -85.245         0.00000
    -85.095         0.00000
    -84.945         0.00000
    -84.795         0.00000
    -84.645         0.00000
    -84.495         0.00000
    -84.345         0.00000
    -84.195         0.00000
    -84.045         0.00000
    -83.895         0.00000
    -83.745         0.00000
    -83.595         0.00000
    -83.445         0.00000
    -83.295         0.00000
    -83.145         0.00000
    -82.995         0.00000
    -82.845         0.00000
    -82.695         0.00000
    -82.545         0.00000
    -82.395         0.00000
    -82.245         0.00000
    -82.095         0.00000
    -81.945         0.00000
    -81.795         0.00000
    -81.645         0.00000
    -81.495         0.00000
    -81.345         0.00000
    -81.195         0.00000
    -81.045         0.00000
    -80.895         0.00000
    -80.745         0.00000
    -80.595         0.00000
    -80.445         0.00000
    -80.295         0.00000
    -80.145         0.00000
    -79.995         0.00000
    -79.845         0.00000
    -79.695         0.00000
    -79.545         0.00000
    -79.395         0.00000
    -79.245         0.00000
    -79.095         0.00000
    -78.945         0.00000
    -78.795         0.00000
    -78.645         0.00000
    -78.495         0.00000
    -78.345         0.00000
    -78.195         0.00000
    -78.045         0.00000
    -77.895         0.00000
    -77.745         0.00000
    -77.595         0.00000
    -77.445         0.00000
    -77.295         0.00000
    -77.145         0.00000
    -76.995         0.00000
    -76.845         0.00000
    -76.695         0.00000
    -76.545         0.00000
    -76.395         0.00000
    -76.245         0.00000
    -76.095         0.00000
    -75.945         0.00000
    -75.795         0.00000
    -75.645         0.00000
    -75.495         0.00000
    -75.345         0.00000
    -75.195         0.00000
    -75.045         0.00000
    -74.895         0.00000
    -74.745         0.00000
    -74.595         0.00000
    -74.445         0.00000
    -74.295         0.00000
    -74.145         0.00000
    -73.995         0.00000
    -73.845         0.00000
    -73.695         0.00000
    -73.545         0.00000
    -73.395         0.00000
    -73.245         0.00000
    -73.095         0.00000
    -72.945         0.00000
    -72.795         0.00000
    -72.645         0.00000
    -72.495         0.00000
    -72.345         0.00000
    -72.195         0.00000
    -72.045         0.00000
    -71.895         0.00000
    -71.745         0.00000
    -71.595         0.00000
    -71.445         0.00000
    -71.295         0.00000
    -71.145         0.00000
    -70.995         0.00000
    -70.845         0.00000
    -70.695         0.00000
    -70.545         0.00000
    -70.395         0.00000
    -70.245         0.00000
    -70.095         0.00000
    -69.945         0.00000
    -69.795         0.00000
    -69.645         0.00000
    -69.495         0.00000
    -69.345         0.00000
    -69.195         0.00000
    -69.045         0.00000
    -68.895         0.00000
    -68.745         0.00000
    -68.595         0.00000
    -68.445         0.00000
    -68.295         0.00000
    -68.145         0.00000
    -67.995         0.00000
    -67.845         0.00000
    -67.695         0.00000
    -67.545         0.00000
    -67.395         0.00000
    -67.245         0.00000
    -67.095         0.00000
    -66.945         0.00000
    -66.795         0.00000
    -66.645         0.00000
    -66.495         0.00000
    -66.345         0.00000
    -66.195         0.00000
    -66.045         0.00000
    -65.895         0.00000
    -65.745         0.00000
    -65.595         0.00000
    -65.445         0.00000
    -65.295         0.00000
    -65.145         0.00000
    -64.995         0.00000
    -64.845         0.00000
    -64.695         0.00000
    -64.545         0.00000
    -64.395         0.00000
    -64.245         0.00000
    -64.095         0.00000
    -63.945         0.00000
    -63.795         0.00000
    -63.645         0.00000
    -63.495         0.00000
    -63.345         0.00000
    -63.195         0.00000
    -63.045         0.00000
    -62.895         0.00000
    -62.745         0.00000
    -62.595         0.00000
    -62.445         0.00000
    -62.295         0.00000
    -62.145         0.00000
    -61.995         0.00000
    -61.845         0.00000
    -61.695         0.00000
    -61.545         0.00000
    -61.395         0.00000
    -61.245         0.00000
    -61.095         0.00000
    -60.945         0.00000
    -60.795         0.00000
    -60.645         0.00000
    -60.495         0.00000
    -60.345         0.00000
    -60.195         0.00000
    -60.045         0.00000
    -59.895         0.00000
    -59.745         0.00000
    -59.595         0.00000
    -59.445         0.00000
    -59.295         0.00000
    -59.145         0.00000
    -58.995         0.00000
    -58.845         0.00000
    -58.695         0.00000
    -58.545         0.00000
    -58.395         0.00000
    -58.245         0.00000
    -58.095         0.00000
    -57.945         0.00000
    -57.795         0.00000
    -57.645         0.00000
    -57.495         0.00000
    -57.345         0.00000
    -57.195         0.00000
    -57.045         0.00000
    -56.895         0.00000
    -56.745         0.00000
    -56.595         0.00000
    -56.445         0.00000
    -56.295         0.00000
    -56.145         0.00000
    -55.995         0.00000
    -55.845         0.00000
    -55.695         0.00000
    -55.545         0.00000
    -55.395         0.00000
    -55.245         0.00000
    -55.095         0.00000
    -54.945         0.00000
    -54.795         0.00000
    -54.645         0.00000
    -54.495         0.00000
    -54.345         0.00000
    -54.195         0.00000
    -54.045         0.00000
    -53.895         0.00000
    -53.745         0.00000
    -53.595         0.00000
    -53.445         0.00000
    -53.295         0.00000
    -53.145         0.00000
    -52.995         0.00000
    -52.845         0.00000
    -52.695         0.00000
    -52.545         0.00000
    -52.395         0.00000
    -52.245         0.00000
    -52.095         0.00000
    -51.945         0.00000
    -51.795         0.00000
    -51.645         0.00000
    -51.495         0.00000
    -51.345         0.00000
    -51.195         0.00000
    -51.045         0.00000
    -50.895         0.00000
    -50.745         0.00000
    -50.595         0.00000
    -50.445         0.00000
    -50.295         0.00000
    -50.145         0.00000
    -49.995         0.00000
    -49.845         0.00000
    -49.695         0.00000
    -49.545         0.00000
    -49.395         0.00000
    -49.245         0.00000
    -49.095         0.00000
    -48.945         0.00000
    -48.795         0.00000
    -48.645         0.00000
    -48.495         0.00000
    -48.345         0.00000
    -48.195         0.00000
    -48.045         0.00000
    -47.895         0.00000
    -47.745         0.00000
    -47.595         0.00000
    -47.445         0.00000
    -47.295         0.00000
    -47.145         0.00000
    -46.995         0.00000
    -46.845         0.00000
    -46.695         0.00000
    -46.545         0.00000
    -46.395         0.00000
    -46.245         0.00000
    -46.095         0.00000
    -45.945         0.00000
    -45.795         0.00000
    -45.645         0.00000
    -45.495         0.00000
    -45.345         0.00000
    -45.195         0.00000
    -45.045         0.00000
    -44.895         0.00000
    -44.745         0.00000
    -44.595         0.00000
    -44.445         0.00000
    -44.295         0.00000
    -44.145         0.00000
    -43.995         0.00000
    -43.845         0.00000
    -43.695         0.00000
    -43.545         0.00000
    -43.395         0.00000
    -43.245         0.00000
    -43.095         0.00000
    -42.945         0.00000
    -42.795         0.00000
    -42.645         0.00000
    -42.495         0.00000
    -42.345         0.00000
    -42.195         0.00000
    -42.045         0.00000
    -41.895         0.00000
    -41.745         0.00000
    -41.595         0.00000
    -41.445         0.00000
    -41.295         0.00000
    -41.145         0.00000
    -40.995         0.00000
    -40.845         0.00000
    -40.695         0.00000
    -40.545         0.00000
    -40.395         0.00000
    -40.245         0.00000
    -40.095         0.00000
    -39.945         0.00000
    -39.795         0.00000
    -39.645         0.00000
    -39.495         0.00000
    -39.345         0.00000
    -39.195         0.00000
    -39.045         0.00000
    -38.895         0.00000
    -38.745         0.00000
    -38.595         0.00000
    -38.445         0.00000
    -38.295         0.00000
    -38.145         0.00000
    -37.995         0.00000
    -37.845         0.00000
    -37.695         0.00000
    -37.545         0.00000
    -37.395         0.00000
    -37.245         0.00000
    -37.095         0.00000
    -36.945         0.00000
    -36.795         0.00000
    -36.645         0.00000
    -36.495         0.00000
    -36.345         0.00000
    -36.195         0.00000
    -36.045         0.00000
    -35.895         0.00000
    -35.745         0.00000
    -35.595         0.00000
    -35.445         0.00000
    -35.295         0.00000
    -35.145         0.00000
    -34.995         0.00000
    -34.845         0.00000
    -34.695         0.00000
    -34.545         0.00000
    -34.395         0.00000
    -34.245         0.00000
    -34.095         0.00000
    -33.945         0.00000
    -33.795         0.00000
    -33.645         0.00000
    -33.495         0.00000
    -33.345         0.00000
    -33.195         0.00000
    -33.045         0.00000
    -32.895         0.00000
    -32.745         0.00000
    -32.595         0.00000
    -32.445         0.00000
    -32.295         0.00000
    -32.145         0.00000
    -31.995         0.00000
    -31.845         0.00000
    -31.695         0.00000
    -31.545         0.00000
    -31.395         0.00000
    -31.245         0.00000
    -31.095         0.00000
    -30.945         0.00000
    -30.795         0.00000
    -30.645         0.00000
    -30.495         0.00000
    -30.345         0.00000
    -30.195         0.00000
    -30.045         0.00000
    -29.895         0.00000
    -29.745         0.00000
    -29.595         0.00000
    -29.445         0.00000
    -29.295         0.00000
    -29.145         0.00000
    -28.995         0.00000
    -28.845         0.00000
    -28.695         0.00000
    -28.545         0.00000
    -28.395         0.00000
    -28.245         0.00000
    -28.095         0.00000
    -27.945         0.00000
    -27.795         0.00000
    -27.645         0.00000
    -27.495         0.00000
    -27.345         0.00000
    -27.195         0.00000
    -27.045         0.00000
    -26.895         0.00000
    -26.745         0.00000
    -26.595         0.00000
    -26.445         0.00000
    -26.295         0.00000
    -26.145         0.00000
    -25.995         0.00000
    -25.845         0.00000
    -25.695         0.00000
    -25.545         0.00000
    -25.395         0.00000
    -25.245         0.00000
    -25.095         0.00000
    -24.945         0.00000
    -24.795         0.00000
    -24.645         0.00000
    -24.495         0.00000
    -24.345         0.00000
    -24.195         0.00000
    -24.045         0.00000
    -23.895         0.00000
    -23.745         0.00000
    -23.595         0.00000
    -23.445         0.00000
    -23.295         0.00000
    -23.145         0.00000
    -22.995         0.00000
    -22.845         0.00000
    -22.695         0.00000
    -22.545         0.00000
    -22.395         0.00000
    -22.245         0.00000
    -22.095         0.00000
    -21.945         0.00000
    -21.795         0.00000
    -21.645         0.00000
    -21.495         0.00000
    -21.345         0.00000
    -21.195         0.00000
    -21.045         0.00000
    -20.895         0.00000
    -20.745         0.00000
    -20.595         0.00000
    -20.445         0.00000
    -20.295         0.00000
    -20.145         0.00000
    -19.995         0.00000
    -19.845         0.00000
    -19.695         0.00000
    -19.545         0.00000
    -19.395         0.00000
    -19.245         0.00000
    -19.095         0.00000
    -18.945         0.00000
    -18.795         0.00000
    -18.645         0.00000
    -18.495         0.00000
    -18.345         0.00000
    -18.195         0.00000
    -18.045         0.00000
    -17.895         0.00000
    -17.745         0.00000
    -17.595         0.00000
    -17.445         0.00000
    -17.295         0.00000
    -17.145         0.00000
    -16.995         0.00000
    -16.845         0.00000
    -16.695         0.00000
    -16.545         0.00000
    -16.395         0.00000
    -16.245         0.00000
    -16.095         0.00000
    -15.945         0.00000
    -15.795         0.00000
    -15.645         0.00000
    -15.495         0.00000
    -15.345         0.00000
    -15.195         0.00000
    -15.045         0.00000
    -14.895         0.00000
    -14.745         0.00000
    -14.595         0.00000
    -14.445         0.00000
    -14.295         0.00000
    -14.145         0.00000
    -13.995         0.00000
    -13.845         0.00000
    -13.695         0.00000
    -13.545         0.00000
    -13.395         0.00000
    -13.245         0.00000
    -13.095         0.00000
    -12.945         0.00000
    -12.795         0.00000
    -12.645         0.00000
    -12.495         0.00000
    -12.345         0.00000
    -12.195         0.00000
    -12.045         0.00000
    -11.895         0.00000
    -11.745         0.00000
    -11.595         0.00000
    -11.445         0.00000
    -11.295         0.00000
    -11.145         0.00000
    -10.995         0.00000
    -10.845         0.00000
    -10.695         0.00000
    -10.545         0.00000
    -10.395         0.00000
    -10.245         0.00000
    -10.095         0.00000
    -9.9450         0.00000
    -9.7950         0.00000
    -9.6450         0.00000
    -9.4950         0.00000
    -9.3450         0.00000
    -9.1950         0.00000
    -9.0450         0.00000
    -8.8950         0.00000
    -8.7450         0.00000
    -8.5950         0.00000
    -8.4450         0.00000
    -8.2950         0.00000
    -8.1450         0.00000
    -7.9950         0.00000
    -7.8450         0.00000
    -7.6950         0.00000
    -7.5450         0.00000
    -7.3950         0.00000
    -7.2450         0.00000
    -7.0950         0.00000
    -6.9450        -0.00022
    -6.7950        -0.00072
    -6.6450        -0.00468
    -6.4950        -0.01858
    -6.3450        -0.04717
    -6.1950        -0.10300
    -6.0450        -0.18415
    -5.8950        -0.30670
    -5.7450        -0.45586
    -5.5950        -0.64156
    -5.4450        -0.84405
    -5.2950        -1.06939
    -5.1450        -1.29324
    -4.9950        -1.52085
    -4.8450        -1.74135
    -4.6950        -1.97286
    -4.5450        -2.19534
    -4.3950        -2.40414
    -4.2450        -2.61361
    -4.0950        -2.81826
    -3.9450        -3.01865
    -3.7950        -3.20590
    -3.6450        -3.37988
    -3.4950        -3.54942
    -3.3450        -3.71490
    -3.1950        -3.87949
    -3.0450        -4.03512
    -2.8950        -4.19004
    -2.7450        -4.34927
    -2.5950        -4.51719
    -2.4450        -4.69102
    -2.2950        -4.87645
    -2.1450        -5.08014
    -1.9950        -5.30374
    -1.8450        -5.57580
    -1.6950        -5.88483
    -1.5450        -6.27311
    -1.3950        -6.77323
    -1.2450        -7.40886
    -1.0950        -8.22927
   -0.94500        -9.24505
   -0.79500       -10.48724
   -0.64500       -12.03821
   -0.49500       -14.06364
   -0.34500       -16.74771
   -0.22700       -17.83405
   -0.21300       -17.97266
   -0.20700       -18.11356
   -0.20100       -18.25764
   -0.19500       -18.40593
   -0.18900       -18.55690
   -0.18300       -18.71018
   -0.17700       -18.86628
   -0.17100       -19.02674
   -0.16500       -19.18842
   -0.15900       -19.35743
   -0.15300       -19.53211
   -0.14700       -19.71003
   -0.14100       -19.89329
   -0.13500       -20.08192
   -0.12900       -20.27910
   -0.12300       -20.48412
   -0.11700       -20.69595
   -0.11100       -20.91740
   -0.10500       -21.14986
   -0.99000E-01   -21.39250
   -0.93000E-01   -21.64833
   -0.87000E-01   -21.91840
   -0.81000E-01   -22.20519
   -0.75000E-01   -22.51096
   -0.69000E-01   -22.83963
   -0.63000E-01   -23.19599
   -0.57000E-01   -23.58557
   -0.51000E-01   -24.01569
   -0.45000E-01   -24.49856
   -0.39000E-01   -25.05077
   -0.33000E-01   -25.70159
   -0.27000E-01   -26.49269
   -0.21300E-01   -27.15322
   -0.19500E-01   -27.26099
   -0.18900E-01   -27.37236
   -0.18300E-01   -27.48711
   -0.17700E-01   -27.60596
   -0.17100E-01   -27.72908
   -0.16500E-01   -27.85649
   -0.15900E-01   -27.98854
   -0.15300E-01   -28.12638
   -0.14700E-01   -28.26993
   -0.14100E-01   -28.41916
   -0.13500E-01   -28.57511
   -0.12900E-01   -28.73869
   -0.12300E-01   -28.91059
   -0.11700E-01   -29.09133
   -0.11100E-01   -29.28224
   -0.10500E-01   -29.48466
   -0.99000E-02   -29.70024
   -0.93000E-02   -29.93089
   -0.87000E-02   -30.17893
   -0.81000E-02   -30.44719
   -0.75000E-02   -30.74049
   -0.69000E-02   -31.06349
   -0.63000E-02   -31.42156
   -0.57000E-02   -31.82095
   -0.51000E-02   -32.26878
   -0.45000E-02   -32.77311
   -0.39000E-02   -33.34327
   -0.33000E-02   -33.99017
   -0.27000E-02   -34.72542
   -0.21000E-02   -35.57467
   -0.15000E-02   -36.56323
   -0.90000E-03   -37.53549
   -0.30000E-03   -37.94956
    0.30000E-03   -37.53738
    0.90000E-03   -36.56578
    0.15000E-02   -35.57614
    0.21000E-02   -34.72606
    0.27000E-02   -33.99012
    0.33000E-02   -33.34437
    0.39000E-02   -32.77449
    0.45000E-02   -32.27044
    0.51000E-02   -31.82283
    0.57000E-02   -31.42384
    0.63000E-02   -31.06669
    0.69000E-02   -30.74474
    0.75000E-02   -30.45219
    0.81000E-02   -30.18420
    0.87000E-02   -29.93668
    0.93000E-02   -29.70677
    0.99000E-02   -29.49186
    0.10500E-01   -29.28974
    0.11100E-01   -29.09921
    0.11700E-01   -28.91923
    0.12300E-01   -28.74857
    0.12900E-01   -28.58578
    0.13500E-01   -28.43017
    0.14100E-01   -28.28123
    0.14700E-01   -28.13873
    0.15300E-01   -28.00194
    0.15900E-01   -27.87010
    0.16500E-01   -27.74353
    0.17100E-01   -27.62113
    0.17700E-01   -27.50309
    0.18300E-01   -27.38901
    0.18900E-01   -27.27926
    0.19500E-01   -27.17250
    0.21300E-01   -26.52386
    0.27000E-01   -25.75621
    0.33000E-01   -25.13884
    0.39000E-01   -24.62719
    0.45000E-01   -24.19339
    0.51000E-01   -23.81856
    0.57000E-01   -23.48966
    0.63000E-01   -23.20070
    0.69000E-01   -22.94241
    0.75000E-01   -22.70882
    0.81000E-01   -22.49701
    0.87000E-01   -22.30401
    0.93000E-01   -22.12678
    0.99000E-01   -21.96332
    0.10500       -21.81105
    0.11100       -21.66992
    0.11700       -21.53816
    0.12300       -21.41403
    0.12900       -21.29806
    0.13500       -21.18803
    0.14100       -21.08436
    0.14700       -20.98584
    0.15300       -20.89164
    0.15900       -20.80187
    0.16500       -20.71703
    0.17100       -20.63699
    0.17700       -20.55917
    0.18300       -20.48477
    0.18900       -20.41300
    0.19500       -20.34397
    0.20100       -20.27900
    0.20700       -20.21555
    0.21300       -20.15444
    0.22700       -19.71590
    0.34500       -18.83201
    0.49500       -18.27301
    0.64500       -17.83648
    0.79500       -17.47101
    0.94500       -17.15988
     1.0950       -16.88756
     1.2450       -16.65290
     1.3950       -16.45022
     1.5450       -16.26675
     1.6950       -16.10363
     1.8450       -15.95443
     1.9950       -15.82119
     2.1450       -15.70047
     2.2950       -15.58669
     2.4450       -15.47850
     2.5950       -15.38078
     2.7450       -15.28784
     2.8950       -15.20466
     3.0450       -15.13240
     3.1950       -15.05983
     3.3450       -14.98720
     3.4950       -14.92566
     3.6450       -14.86197
     3.7950       -14.80430
     3.9450       -14.74960
     4.0950       -14.69690
     4.2450       -14.64846
     4.3950       -14.60171
     4.5450       -14.55629
     4.6950       -14.51261
     4.8450       -14.47035
     4.9950       -14.42926
     5.1450       -14.38932
     5.2950       -14.35033
     5.4450       -14.31141
     5.5950       -14.27510
     5.7450       -14.23905
     5.8950       -14.20377
     6.0450       -14.17007
     6.1950       -14.13725
     6.3450       -14.10517
     6.4950       -14.07385
     6.6450       -14.04313
     6.7950       -14.01322
     6.9450       -13.98265
     7.0950       -13.95403
     7.2450       -13.92592
     7.3950       -13.89848
     7.5450       -13.86991
     7.6950       -13.84350
     7.8450       -13.81757
     7.9950       -13.79212
     8.1450       -13.76716
     8.2950       -13.74268
     8.4450       -13.71864
     8.5950       -13.69501
     8.7450       -13.67182
     8.8950       -13.64899
     9.0450       -13.62664
     9.1950       -13.60462
     9.3450       -13.58296
     9.4950       -13.56165
     9.6450       -13.54067
     9.7950       -13.51997
     9.9450       -13.49961
     10.095       -13.47954
     10.245       -13.45975
     10.395       -13.44028
     10.545       -13.42112
     10.695       -13.40219
     10.845       -13.38351
     10.995       -13.36508
     11.145       -13.34698
     11.295       -13.32907
     11.445       -13.31138
     11.595       -13.29396
     11.745       -13.27674
     11.895       -13.25975
     12.045       -13.24299
     12.195       -13.22640
     12.345       -13.21007
     12.495       -13.19391
     12.645       -13.17798
     12.795       -13.16227
     12.945       -13.14674
     13.095       -13.13131
     13.245       -13.11610
     13.395       -13.10105
     13.545       -13.08615
     13.695       -13.07149
     13.845       -13.05691
     13.995       -13.04253
     14.145       -13.02833
     14.295       -13.01427
     14.445       -13.00038
     14.595       -12.98662
     14.745       -12.97303
     14.895       -12.95952
     15.045       -12.94619
     15.195       -12.93298
     15.345       -12.91990
     15.495       -12.90689
     15.645       -12.89411
     15.795       -12.88139
     15.945       -12.86884
     16.095       -12.85640
     16.245       -12.84408
     16.395       -12.83190
     16.545       -12.81979
     16.695       -12.80785
     16.845       -12.79596
     16.995       -12.78421
     17.145       -12.77253
     17.295       -12.76099
     17.445       -12.74955
     17.595       -12.73817
     17.745       -12.72691
     17.895       -12.71573
     18.045       -12.70467
     18.195       -12.69373
     18.345       -12.68288
     18.495       -12.67213
     18.645       -12.66142
     18.795       -12.65081
     18.945       -12.64027
     19.095       -12.62984
     19.245       -12.61952
     19.395       -12.60930
     19.545       -12.59911
     19.695       -12.58900
     19.845       -12.57895
     19.995       -12.56904
     20.145       -12.55920
     20.295       -12.54938
     20.445       -12.53966
     20.595       -12.53006
     20.745       -12.52046
     20.895       -12.51097
     21.045       -12.50153
     21.195       -12.49217
     21.345       -12.48288
     21.495       -12.47364
     21.645       -12.46450
     21.795       -12.45543
     21.945       -12.44641
     22.095       -12.43746
     22.245       -12.42855
     22.395       -12.41972
     22.545       -12.41096
     22.695       -12.40224
     22.845       -12.39360
     22.995       -12.38501
     23.145       -12.37648
     23.295       -12.36801
     23.445       -12.35963
     23.595       -12.35127
     23.745       -12.34294
     23.895       -12.33465
     24.045       -12.32645
     24.195       -12.31831
     24.345       -12.31023
     24.495       -12.30221
     24.645       -12.29421
     24.795       -12.28628
     24.945       -12.27837
     25.095       -12.27054
     25.245       -12.26277
     25.395       -12.25504
     25.545       -12.24733
     25.695       -12.23970
     25.845       -12.23212
     25.995       -12.22455
     26.145       -12.21701
     26.295       -12.20951
     26.445       -12.20205
     26.595       -12.19467
     26.745       -12.18737
     26.895       -12.18007
     27.045       -12.17283
     27.195       -12.16561
     27.345       -12.15845
     27.495       -12.15132
     27.645       -12.14425
     27.795       -12.13722
     27.945       -12.13022
     28.095       -12.12325
     28.245       -12.11632
     28.395       -12.10943
     28.545       -12.10259
     28.695       -12.09576
     28.845       -12.08898
     28.995       -12.08226
     29.145       -12.07559
     29.295       -12.06894
     29.445       -12.06232
     29.595       -12.05574
     29.745       -12.04921
     29.895       -12.04268
     30.045       -12.03619
     30.195       -12.02975
     30.345       -12.02333
     30.495       -12.01694
     30.645       -12.01055
     30.795       -12.00423
     30.945       -11.99792
     31.095       -11.99167
     31.245       -11.98544
     31.395       -11.97923
     31.545       -11.97306
     31.695       -11.96692
     31.845       -11.96083
     31.995       -11.95476
     32.145       -11.94874
     32.295       -11.94275
     32.445       -11.93678
     32.595       -11.93080
     32.745       -11.92490
     32.895       -11.91899
     33.045       -11.91312
     33.195       -11.90731
     33.345       -11.90150
     33.495       -11.89572
     33.645       -11.88995
     33.795       -11.88425
     33.945       -11.87855
     34.095       -11.87286
     34.245       -11.86726
     34.395       -11.86166
     34.545       -11.85604
     34.695       -11.85044
     34.845       -11.84491
     34.995       -11.83938
     35.145       -11.83389
     35.295       -11.82841
     35.445       -11.82295
     35.595       -11.81754
     35.745       -11.81213
     35.895       -11.80673
     36.045       -11.80142
     36.195       -11.79608
     36.345       -11.79079
     36.495       -11.78556
     36.645       -11.78030
     36.795       -11.77508
     36.945       -11.76988
     37.095       -11.76468
     37.245       -11.75952
     37.395       -11.75438
     37.545       -11.74925
     37.695       -11.74415
     37.845       -11.73908
     37.995       -11.73401
     38.145       -11.72897
     38.295       -11.72395
     38.445       -11.71895
     38.595       -11.71399
     38.745       -11.70903
     38.895       -11.70409
     39.045       -11.69918
     39.195       -11.69430
     39.345       -11.68943
     39.495       -11.68459
     39.645       -11.67977
     39.795       -11.67495
     39.945       -11.67019
     40.095       -11.66543
     40.245       -11.66068
     40.395       -11.65594
     40.545       -11.65122
     40.695       -11.64651
     40.845       -11.64183
     40.995       -11.63719
     41.145       -11.63253
     41.295       -11.62791
     41.445       -11.62327
     41.595       -11.61868
     41.745       -11.61410
     41.895       -11.60952
     42.045       -11.60499
     42.195       -11.60047
     42.345       -11.59594
     42.495       -11.59146
     42.645       -11.58700
     42.795       -11.58255
     42.945       -11.57809
     43.095       -11.57365
     43.245       -11.56926
     43.395       -11.56487
     43.545       -11.56051
     43.695       -11.55616
     43.845       -11.55183
     43.995       -11.54748
     44.145       -11.54318
     44.295       -11.53890
     44.445       -11.53463
     44.595       -11.53037
     44.745       -11.52610
     44.895       -11.52186
     45.045       -11.51764
     45.195       -11.51344
     45.345       -11.50922
     45.495       -11.50503
     45.645       -11.50088
     45.795       -11.49673
     45.945       -11.49258
     46.095       -11.48846
     46.245       -11.48438
     46.395       -11.48029
     46.545       -11.47623
     46.695       -11.47218
     46.845       -11.46814
     46.995       -11.46413
     47.145       -11.46013
     47.295       -11.45613
     47.445       -11.45211
     47.595       -11.44812
     47.745       -11.44417
     47.895       -11.44024
     48.045       -11.43631
     48.195       -11.43237
     48.345       -11.42846
     48.495       -11.42457
     48.645       -11.42069
     48.795       -11.41683
     48.945       -11.41295
     49.095       -11.40911
     49.245       -11.40530
     49.395       -11.40149
     49.545       -11.39768
     49.695       -11.39391
     49.845       -11.39013
     49.995       -11.38636
     50.145       -11.38260
     50.295       -11.37885
     50.445       -11.37510
     50.595       -11.37137
     50.745       -11.36763
     50.895       -11.36394
     51.045       -11.36025
     51.195       -11.35657
     51.345       -11.35289
     51.495       -11.34924
     51.645       -11.34558
     51.795       -11.34195
     51.945       -11.33831
     52.095       -11.33471
     52.245       -11.33109
     52.395       -11.32749
     52.545       -11.32395
     52.695       -11.32038
     52.845       -11.31681
     52.995       -11.31327
     53.145       -11.30975
     53.295       -11.30622
     53.445       -11.30273
     53.595       -11.29921
     53.745       -11.29571
     53.895       -11.29223
     54.045       -11.28875
     54.195       -11.28528
     54.345       -11.28185
     54.495       -11.27841
     54.645       -11.27498
     54.795       -11.27156
     54.945       -11.26812
     55.095       -11.26473
     59.433       -10.99845
     80.646       -10.60914
     111.21       -10.23032
     153.36        -9.86238
     211.49        -9.50562
     291.64        -9.15999
     402.18        -8.82552
     554.60        -8.50173
     764.80        -8.18840
     1054.7        -7.88541
     1454.4        -7.59207
     2005.6        -7.30818
     2765.8        -7.03324
     3814.0        -6.76655
     5259.5        -6.50831
     7252.9        -6.25795
     10002.        -6.01529
     13793.        -5.78060
     19020.        -5.55434
     26229.        -5.33676
     36170.        -5.12830
     49878.        -4.92884
     68782.        -4.73826
     94851.        -4.55641
    0.13080E+06    -4.38267
    0.18038E+06    -4.21707
    0.24874E+06    -4.05915
    0.34301E+06    -3.90841
    0.47302E+06    -3.76498
    0.65229E+06    -3.62834
    0.89952E+06    -3.49829
    0.12404E+07    -3.37438
    0.17106E+07    -3.25643
    0.23589E+07    -3.14413
    0.32529E+07    -3.03721
    0.44858E+07    -2.93551
    0.61860E+07    -2.83872
    0.85305E+07    -2.74655
    0.11764E+08    -2.65891
    0.16222E+08    -2.57557
    0.22370E+08    -2.49633
    0.30849E+08    -2.42140
    0.42541E+08    -2.35115
    0.58664E+08    -2.28551
    0.80898E+08    -2.22400
    0.11156E+09    -2.16647
    0.15384E+09    -2.11242
    0.21215E+09    -2.06173
    0.29255E+09    -2.01413
    0.40343E+09    -1.96936
    0.55633E+09    -1.92748
    0.76719E+09    -1.88917
    0.10580E+10    -1.85435
    0.14589E+10    -1.82230
    0.20119E+10    -1.79280
    0.27744E+10    -1.76556
    0.38259E+10    -1.74046
    0.52760E+10    -1.71727
    0.72756E+10    -1.69591
    0.10033E+11    -1.67616
    0.13836E+11    -1.65798
    0.19079E+11    -1.64114
    0.26311E+11    -1.62561
    0.36283E+11    -1.61126
    0.50034E+11    -1.59807
    0.68997E+11    -1.58585
    0.10000E+12    -1.43947
