    -99.945         0.00000     0.00000     0.00000     0.00000
    -99.795         0.00000     0.00000     0.00000     0.00000
    -99.645         0.00000     0.00000     0.00000     0.00000
    -99.495         0.00000     0.00000     0.00000     0.00000
    -99.345         0.00000     0.00000     0.00000     0.00000
    -99.195         0.00000     0.00000     0.00000     0.00000
    -99.045         0.00000     0.00000     0.00000     0.00000
    -98.895         0.00000     0.00000     0.00000     0.00000
    -98.745         0.00000     0.00000     0.00000     0.00000
    -98.595         0.00000     0.00000     0.00000     0.00000
    -98.445         0.00000     0.00000     0.00000     0.00000
    -98.295         0.00000     0.00000     0.00000     0.00000
    -98.145         0.00000     0.00000     0.00000     0.00000
    -97.995         0.00000     0.00000     0.00000     0.00000
    -97.845         0.00000     0.00000     0.00000     0.00000
    -97.695         0.00000     0.00000     0.00000     0.00000
    -97.545         0.00000     0.00000     0.00000     0.00000
    -97.395         0.00000     0.00000     0.00000     0.00000
    -97.245         0.00000     0.00000     0.00000     0.00000
    -97.095         0.00000     0.00000     0.00000     0.00000
    -96.945         0.00000     0.00000     0.00000     0.00000
    -96.795         0.00000     0.00000     0.00000     0.00000
    -96.645         0.00000     0.00000     0.00000     0.00000
    -96.495         0.00000     0.00000     0.00000     0.00000
    -96.345         0.00000     0.00000     0.00000     0.00000
    -96.195         0.00000     0.00000     0.00000     0.00000
    -96.045         0.00000     0.00000     0.00000     0.00000
    -95.895         0.00000     0.00000     0.00000     0.00000
    -95.745         0.00000     0.00000     0.00000     0.00000
    -95.595         0.00000     0.00000     0.00000     0.00000
    -95.445         0.00000     0.00000     0.00000     0.00000
    -95.295         0.00000     0.00000     0.00000     0.00000
    -95.145         0.00000     0.00000     0.00000     0.00000
    -94.995         0.00000     0.00000     0.00000     0.00000
    -94.845         0.00000     0.00000     0.00000     0.00000
    -94.695         0.00000     0.00000     0.00000     0.00000
    -94.545         0.00000     0.00000     0.00000     0.00000
    -94.395         0.00000     0.00000     0.00000     0.00000
    -94.245         0.00000     0.00000     0.00000     0.00000
    -94.095         0.00000     0.00000     0.00000     0.00000
    -93.945         0.00000     0.00000     0.00000     0.00000
    -93.795         0.00000     0.00000     0.00000     0.00000
    -93.645         0.00000     0.00000     0.00000     0.00000
    -93.495         0.00000     0.00000     0.00000     0.00000
    -93.345         0.00000     0.00000     0.00000     0.00000
    -93.195         0.00000     0.00000     0.00000     0.00000
    -93.045         0.00000     0.00000     0.00000     0.00000
    -92.895         0.00000     0.00000     0.00000     0.00000
    -92.745         0.00000     0.00000     0.00000     0.00000
    -92.595         0.00000     0.00000     0.00000     0.00000
    -92.445         0.00000     0.00000     0.00000     0.00000
    -92.295         0.00000     0.00000     0.00000     0.00000
    -92.145         0.00000     0.00000     0.00000     0.00000
    -91.995         0.00000     0.00000     0.00000     0.00000
    -91.845         0.00000     0.00000     0.00000     0.00000
    -91.695         0.00000     0.00000     0.00000     0.00000
    -91.545         0.00000     0.00000     0.00000     0.00000
    -91.395         0.00000     0.00000     0.00000     0.00000
    -91.245         0.00000     0.00000     0.00000     0.00000
    -91.095         0.00000     0.00000     0.00000     0.00000
    -90.945         0.00000     0.00000     0.00000     0.00000
    -90.795         0.00000     0.00000     0.00000     0.00000
    -90.645         0.00000     0.00000     0.00000     0.00000
    -90.495         0.00000     0.00000     0.00000     0.00000
    -90.345         0.00000     0.00000     0.00000     0.00000
    -90.195         0.00000     0.00000     0.00000     0.00000
    -90.045         0.00000     0.00000     0.00000     0.00000
    -89.895         0.00000     0.00000     0.00000     0.00000
    -89.745         0.00000     0.00000     0.00000     0.00000
    -89.595         0.00000     0.00000     0.00000     0.00000
    -89.445         0.00000     0.00000     0.00000     0.00000
    -89.295         0.00000     0.00000     0.00000     0.00000
    -89.145         0.00000     0.00000     0.00000     0.00000
    -88.995         0.00000     0.00000     0.00000     0.00000
    -88.845         0.00000     0.00000     0.00000     0.00000
    -88.695         0.00000     0.00000     0.00000     0.00000
    -88.545         0.00000     0.00000     0.00000     0.00000
    -88.395         0.00000     0.00000     0.00000     0.00000
    -88.245         0.00000     0.00000     0.00000     0.00000
    -88.095         0.00000     0.00000     0.00000     0.00000
    -87.945         0.00000     0.00000     0.00000     0.00000
    -87.795         0.00000     0.00000     0.00000     0.00000
    -87.645         0.00000     0.00000     0.00000     0.00000
    -87.495         0.00000     0.00000     0.00000     0.00000
    -87.345         0.00000     0.00000     0.00000     0.00000
    -87.195         0.00000     0.00000     0.00000     0.00000
    -87.045         0.00000     0.00000     0.00000     0.00000
    -86.895         0.00000     0.00000     0.00000     0.00000
    -86.745         0.00000     0.00000     0.00000     0.00000
    -86.595         0.00000     0.00000     0.00000     0.00000
    -86.445         0.00000     0.00000     0.00000     0.00000
    -86.295         0.00000     0.00000     0.00000     0.00000
    -86.145         0.00000     0.00000     0.00000     0.00000
    -85.995         0.00000     0.00000     0.00000     0.00000
    -85.845         0.00000     0.00000     0.00000     0.00000
    -85.695         0.00000     0.00000     0.00000     0.00000
    -85.545         0.00000     0.00000     0.00000     0.00000
    -85.395         0.00000     0.00000     0.00000     0.00000
    -85.245         0.00000     0.00000     0.00000     0.00000
    -85.095         0.00000     0.00000     0.00000     0.00000
    -84.945         0.00000     0.00000     0.00000     0.00000
    -84.795         0.00000     0.00000     0.00000     0.00000
    -84.645         0.00000     0.00000     0.00000     0.00000
    -84.495         0.00000     0.00000     0.00000     0.00000
    -84.345         0.00000     0.00000     0.00000     0.00000
    -84.195         0.00000     0.00000     0.00000     0.00000
    -84.045         0.00000     0.00000     0.00000     0.00000
    -83.895         0.00000     0.00000     0.00000     0.00000
    -83.745         0.00000     0.00000     0.00000     0.00000
    -83.595         0.00000     0.00000     0.00000     0.00000
    -83.445         0.00000     0.00000     0.00000     0.00000
    -83.295         0.00000     0.00000     0.00000     0.00000
    -83.145         0.00000     0.00000     0.00000     0.00000
    -82.995         0.00000     0.00000     0.00000     0.00000
    -82.845         0.00000     0.00000     0.00000     0.00000
    -82.695         0.00000     0.00000     0.00000     0.00000
    -82.545         0.00000     0.00000     0.00000     0.00000
    -82.395         0.00000     0.00000     0.00000     0.00000
    -82.245         0.00000     0.00000     0.00000     0.00000
    -82.095         0.00000     0.00000     0.00000     0.00000
    -81.945         0.00000     0.00000     0.00000     0.00000
    -81.795         0.00000     0.00000     0.00000     0.00000
    -81.645         0.00000     0.00000     0.00000     0.00000
    -81.495         0.00000     0.00000     0.00000     0.00000
    -81.345         0.00000     0.00000     0.00000     0.00000
    -81.195         0.00000     0.00000     0.00000     0.00000
    -81.045         0.00000     0.00000     0.00000     0.00000
    -80.895         0.00000     0.00000     0.00000     0.00000
    -80.745         0.00000     0.00000     0.00000     0.00000
    -80.595         0.00000     0.00000     0.00000     0.00000
    -80.445         0.00000     0.00000     0.00000     0.00000
    -80.295         0.00000     0.00000     0.00000     0.00000
    -80.145         0.00000     0.00000     0.00000     0.00000
    -79.995         0.00000     0.00000     0.00000     0.00000
    -79.845         0.00000     0.00000     0.00000     0.00000
    -79.695         0.00000     0.00000     0.00000     0.00000
    -79.545         0.00000     0.00000     0.00000     0.00000
    -79.395         0.00000     0.00000     0.00000     0.00000
    -79.245         0.00000     0.00000     0.00000     0.00000
    -79.095         0.00000     0.00000     0.00000     0.00000
    -78.945         0.00000     0.00000     0.00000     0.00000
    -78.795         0.00000     0.00000     0.00000     0.00000
    -78.645         0.00000     0.00000     0.00000     0.00000
    -78.495         0.00000     0.00000     0.00000     0.00000
    -78.345         0.00000     0.00000     0.00000     0.00000
    -78.195         0.00000     0.00000     0.00000     0.00000
    -78.045         0.00000     0.00000     0.00000     0.00000
    -77.895         0.00000     0.00000     0.00000     0.00000
    -77.745         0.00000     0.00000     0.00000     0.00000
    -77.595         0.00000     0.00000     0.00000     0.00000
    -77.445         0.00000     0.00000     0.00000     0.00000
    -77.295         0.00000     0.00000     0.00000     0.00000
    -77.145         0.00000     0.00000     0.00000     0.00000
    -76.995         0.00000     0.00000     0.00000     0.00000
    -76.845         0.00000     0.00000     0.00000     0.00000
    -76.695         0.00000     0.00000     0.00000     0.00000
    -76.545         0.00000     0.00000     0.00000     0.00000
    -76.395         0.00000     0.00000     0.00000     0.00000
    -76.245         0.00000     0.00000     0.00000     0.00000
    -76.095         0.00000     0.00000     0.00000     0.00000
    -75.945         0.00000     0.00000     0.00000     0.00000
    -75.795         0.00000     0.00000     0.00000     0.00000
    -75.645         0.00000     0.00000     0.00000     0.00000
    -75.495         0.00000     0.00000     0.00000     0.00000
    -75.345         0.00000     0.00000     0.00000     0.00000
    -75.195         0.00000     0.00000     0.00000     0.00000
    -75.045         0.00000     0.00000     0.00000     0.00000
    -74.895         0.00000     0.00000     0.00000     0.00000
    -74.745         0.00000     0.00000     0.00000     0.00000
    -74.595         0.00000     0.00000     0.00000     0.00000
    -74.445         0.00000     0.00000     0.00000     0.00000
    -74.295         0.00000     0.00000     0.00000     0.00000
    -74.145         0.00000     0.00000     0.00000     0.00000
    -73.995         0.00000     0.00000     0.00000     0.00000
    -73.845         0.00000     0.00000     0.00000     0.00000
    -73.695         0.00000     0.00000     0.00000     0.00000
    -73.545         0.00000     0.00000     0.00000     0.00000
    -73.395         0.00000     0.00000     0.00000     0.00000
    -73.245         0.00000     0.00000     0.00000     0.00000
    -73.095         0.00000     0.00000     0.00000     0.00000
    -72.945         0.00000     0.00000     0.00000     0.00000
    -72.795         0.00000     0.00000     0.00000     0.00000
    -72.645         0.00000     0.00000     0.00000     0.00000
    -72.495         0.00000     0.00000     0.00000     0.00000
    -72.345         0.00000     0.00000     0.00000     0.00000
    -72.195         0.00000     0.00000     0.00000     0.00000
    -72.045         0.00000     0.00000     0.00000     0.00000
    -71.895         0.00000     0.00000     0.00000     0.00000
    -71.745         0.00000     0.00000     0.00000     0.00000
    -71.595         0.00000     0.00000     0.00000     0.00000
    -71.445         0.00000     0.00000     0.00000     0.00000
    -71.295         0.00000     0.00000     0.00000     0.00000
    -71.145         0.00000     0.00000     0.00000     0.00000
    -70.995         0.00000     0.00000     0.00000     0.00000
    -70.845         0.00000     0.00000     0.00000     0.00000
    -70.695         0.00000     0.00000     0.00000     0.00000
    -70.545         0.00000     0.00000     0.00000     0.00000
    -70.395         0.00000     0.00000     0.00000     0.00000
    -70.245         0.00000     0.00000     0.00000     0.00000
    -70.095         0.00000     0.00000     0.00000     0.00000
    -69.945         0.00000     0.00000     0.00000     0.00000
    -69.795         0.00000     0.00000     0.00000     0.00000
    -69.645         0.00000     0.00000     0.00000     0.00000
    -69.495         0.00000     0.00000     0.00000     0.00000
    -69.345         0.00000     0.00000     0.00000     0.00000
    -69.195         0.00000     0.00000     0.00000     0.00000
    -69.045         0.00000     0.00000     0.00000     0.00000
    -68.895         0.00000     0.00000     0.00000     0.00000
    -68.745         0.00000     0.00000     0.00000     0.00000
    -68.595         0.00000     0.00000     0.00000     0.00000
    -68.445         0.00000     0.00000     0.00000     0.00000
    -68.295         0.00000     0.00000     0.00000     0.00000
    -68.145         0.00000     0.00000     0.00000     0.00000
    -67.995         0.00000     0.00000     0.00000     0.00000
    -67.845         0.00000     0.00000     0.00000     0.00000
    -67.695         0.00000     0.00000     0.00000     0.00000
    -67.545         0.00000     0.00000     0.00000     0.00000
    -67.395         0.00000     0.00000     0.00000     0.00000
    -67.245         0.00000     0.00000     0.00000     0.00000
    -67.095         0.00000     0.00000     0.00000     0.00000
    -66.945         0.00000     0.00000     0.00000     0.00000
    -66.795         0.00000     0.00000     0.00000     0.00000
    -66.645         0.00000     0.00000     0.00000     0.00000
    -66.495         0.00000     0.00000     0.00000     0.00000
    -66.345         0.00000     0.00000     0.00000     0.00000
    -66.195         0.00000     0.00000     0.00000     0.00000
    -66.045         0.00000     0.00000     0.00000     0.00000
    -65.895         0.00000     0.00000     0.00000     0.00000
    -65.745         0.00000     0.00000     0.00000     0.00000
    -65.595         0.00000     0.00000     0.00000     0.00000
    -65.445         0.00000     0.00000     0.00000     0.00000
    -65.295         0.00000     0.00000     0.00000     0.00000
    -65.145         0.00000     0.00000     0.00000     0.00000
    -64.995         0.00000     0.00000     0.00000     0.00000
    -64.845         0.00000     0.00000     0.00000     0.00000
    -64.695         0.00000     0.00000     0.00000     0.00000
    -64.545         0.00000     0.00000     0.00000     0.00000
    -64.395         0.00000     0.00000     0.00000     0.00000
    -64.245         0.00000     0.00000     0.00000     0.00000
    -64.095         0.00000     0.00000     0.00000     0.00000
    -63.945         0.00000     0.00000     0.00000     0.00000
    -63.795         0.00000     0.00000     0.00000     0.00000
    -63.645         0.00000     0.00000     0.00000     0.00000
    -63.495         0.00000     0.00000     0.00000     0.00000
    -63.345         0.00000     0.00000     0.00000     0.00000
    -63.195         0.00000     0.00000     0.00000     0.00000
    -63.045         0.00000     0.00000     0.00000     0.00000
    -62.895         0.00000     0.00000     0.00000     0.00000
    -62.745         0.00000     0.00000     0.00000     0.00000
    -62.595         0.00000     0.00000     0.00000     0.00000
    -62.445         0.00000     0.00000     0.00000     0.00000
    -62.295         0.00000     0.00000     0.00000     0.00000
    -62.145         0.00000     0.00000     0.00000     0.00000
    -61.995         0.00000     0.00000     0.00000     0.00000
    -61.845         0.00000     0.00000     0.00000     0.00000
    -61.695         0.00000     0.00000     0.00000     0.00000
    -61.545         0.00000     0.00000     0.00000     0.00000
    -61.395         0.00000     0.00000     0.00000     0.00000
    -61.245         0.00000     0.00000     0.00000     0.00000
    -61.095         0.00000     0.00000     0.00000     0.00000
    -60.945         0.00000     0.00000     0.00000     0.00000
    -60.795         0.00000     0.00000     0.00000     0.00000
    -60.645         0.00000     0.00000     0.00000     0.00000
    -60.495         0.00000     0.00000     0.00000     0.00000
    -60.345         0.00000     0.00000     0.00000     0.00000
    -60.195         0.00000     0.00000     0.00000     0.00000
    -60.045         0.00000     0.00000     0.00000     0.00000
    -59.895         0.00000     0.00000     0.00000     0.00000
    -59.745         0.00000     0.00000     0.00000     0.00000
    -59.595         0.00000     0.00000     0.00000     0.00000
    -59.445         0.00000     0.00000     0.00000     0.00000
    -59.295         0.00000     0.00000     0.00000     0.00000
    -59.145         0.00000     0.00000     0.00000     0.00000
    -58.995         0.00000     0.00000     0.00000     0.00000
    -58.845         0.00000     0.00000     0.00000     0.00000
    -58.695         0.00000     0.00000     0.00000     0.00000
    -58.545         0.00000     0.00000     0.00000     0.00000
    -58.395         0.00000     0.00000     0.00000     0.00000
    -58.245         0.00000     0.00000     0.00000     0.00000
    -58.095         0.00000     0.00000     0.00000     0.00000
    -57.945         0.00000     0.00000     0.00000     0.00000
    -57.795         0.00000     0.00000     0.00000     0.00000
    -57.645         0.00000     0.00000     0.00000     0.00000
    -57.495         0.00000     0.00000     0.00000     0.00000
    -57.345         0.00000     0.00000     0.00000     0.00000
    -57.195         0.00000     0.00000     0.00000     0.00000
    -57.045         0.00000     0.00000     0.00000     0.00000
    -56.895         0.00000     0.00000     0.00000     0.00000
    -56.745         0.00000     0.00000     0.00000     0.00000
    -56.595         0.00000     0.00000     0.00000     0.00000
    -56.445         0.00000     0.00000     0.00000     0.00000
    -56.295         0.00000     0.00000     0.00000     0.00000
    -56.145         0.00000     0.00000     0.00000     0.00000
    -55.995         0.00000     0.00000     0.00000     0.00000
    -55.845         0.00000     0.00000     0.00000     0.00000
    -55.695         0.00000     0.00000     0.00000     0.00000
    -55.545         0.00000     0.00000     0.00000     0.00000
    -55.395         0.00000     0.00000     0.00000     0.00000
    -55.245         0.00000     0.00000     0.00000     0.00000
    -55.095         0.00000     0.00000     0.00000     0.00000
    -54.945         0.00000     0.00000     0.00000     0.00000
    -54.795         0.00000     0.00000     0.00000     0.00000
    -54.645         0.00000     0.00000     0.00000     0.00000
    -54.495         0.00000     0.00000     0.00000     0.00000
    -54.345         0.00000     0.00000     0.00000     0.00000
    -54.195         0.00000     0.00000     0.00000     0.00000
    -54.045         0.00000     0.00000     0.00000     0.00000
    -53.895         0.00000     0.00000     0.00000     0.00000
    -53.745         0.00000     0.00000     0.00000     0.00000
    -53.595         0.00000     0.00000     0.00000     0.00000
    -53.445         0.00000     0.00000     0.00000     0.00000
    -53.295         0.00000     0.00000     0.00000     0.00000
    -53.145         0.00000     0.00000     0.00000     0.00000
    -52.995         0.00000     0.00000     0.00000     0.00000
    -52.845         0.00000     0.00000     0.00000     0.00000
    -52.695         0.00000     0.00000     0.00000     0.00000
    -52.545         0.00000     0.00000     0.00000     0.00000
    -52.395         0.00000     0.00000     0.00000     0.00000
    -52.245         0.00000     0.00000     0.00000     0.00000
    -52.095         0.00000     0.00000     0.00000     0.00000
    -51.945         0.00000     0.00000     0.00000     0.00000
    -51.795         0.00000     0.00000     0.00000     0.00000
    -51.645         0.00000     0.00000     0.00000     0.00000
    -51.495         0.00000     0.00000     0.00000     0.00000
    -51.345         0.00000     0.00000     0.00000     0.00000
    -51.195         0.00000     0.00000     0.00000     0.00000
    -51.045         0.00000     0.00000     0.00000     0.00000
    -50.895         0.00000     0.00000     0.00000     0.00000
    -50.745         0.00000     0.00000     0.00000     0.00000
    -50.595         0.00000     0.00000     0.00000     0.00000
    -50.445         0.00000     0.00000     0.00000     0.00000
    -50.295         0.00000     0.00000     0.00000     0.00000
    -50.145         0.00000     0.00000     0.00000     0.00000
    -49.995         0.00000     0.00000     0.00000     0.00000
    -49.845         0.00000     0.00000     0.00000     0.00000
    -49.695         0.00000     0.00000     0.00000     0.00000
    -49.545         0.00000     0.00000     0.00000     0.00000
    -49.395         0.00000     0.00000     0.00000     0.00000
    -49.245         0.00000     0.00000     0.00000     0.00000
    -49.095         0.00000     0.00000     0.00000     0.00000
    -48.945         0.00000     0.00000     0.00000     0.00000
    -48.795         0.00000     0.00000     0.00000     0.00000
    -48.645         0.00000     0.00000     0.00000     0.00000
    -48.495         0.00000     0.00000     0.00000     0.00000
    -48.345         0.00000     0.00000     0.00000     0.00000
    -48.195         0.00000     0.00000     0.00000     0.00000
    -48.045         0.00000     0.00000     0.00000     0.00000
    -47.895         0.00000     0.00000     0.00000     0.00000
    -47.745         0.00000     0.00000     0.00000     0.00000
    -47.595         0.00000     0.00000     0.00000     0.00000
    -47.445         0.00000     0.00000     0.00000     0.00000
    -47.295         0.00000     0.00000     0.00000     0.00000
    -47.145         0.00000     0.00000     0.00000     0.00000
    -46.995         0.00000     0.00000     0.00000     0.00000
    -46.845         0.00000     0.00000     0.00000     0.00000
    -46.695         0.00000     0.00000     0.00000     0.00000
    -46.545         0.00000     0.00000     0.00000     0.00000
    -46.395         0.00000     0.00000     0.00000     0.00000
    -46.245         0.00000     0.00000     0.00000     0.00000
    -46.095         0.00000     0.00000     0.00000     0.00000
    -45.945         0.00000     0.00000     0.00000     0.00000
    -45.795         0.00000     0.00000     0.00000     0.00000
    -45.645         0.00000     0.00000     0.00000     0.00000
    -45.495         0.00000     0.00000     0.00000     0.00000
    -45.345         0.00000     0.00000     0.00000     0.00000
    -45.195         0.00000     0.00000     0.00000     0.00000
    -45.045         0.00000     0.00000     0.00000     0.00000
    -44.895         0.00000     0.00000     0.00000     0.00000
    -44.745         0.00000     0.00000     0.00000     0.00000
    -44.595         0.00000     0.00000     0.00000     0.00000
    -44.445         0.00000     0.00000     0.00000     0.00000
    -44.295         0.00000     0.00000     0.00000     0.00000
    -44.145         0.00000     0.00000     0.00000     0.00000
    -43.995         0.00000     0.00000     0.00000     0.00000
    -43.845         0.00000     0.00000     0.00000     0.00000
    -43.695         0.00000     0.00000     0.00000     0.00000
    -43.545         0.00000     0.00000     0.00000     0.00000
    -43.395         0.00000     0.00000     0.00000     0.00000
    -43.245         0.00000     0.00000     0.00000     0.00000
    -43.095         0.00000     0.00000     0.00000     0.00000
    -42.945         0.00000     0.00000     0.00000     0.00000
    -42.795         0.00000     0.00000     0.00000     0.00000
    -42.645         0.00000     0.00000     0.00000     0.00000
    -42.495         0.00000     0.00000     0.00000     0.00000
    -42.345         0.00000     0.00000     0.00000     0.00000
    -42.195         0.00000     0.00000     0.00000     0.00000
    -42.045         0.00000     0.00000     0.00000     0.00000
    -41.895         0.00000     0.00000     0.00000     0.00000
    -41.745         0.00000     0.00000     0.00000     0.00000
    -41.595         0.00000     0.00000     0.00000     0.00000
    -41.445         0.00000     0.00000     0.00000     0.00000
    -41.295         0.00000     0.00000     0.00000     0.00000
    -41.145         0.00000     0.00000     0.00000     0.00000
    -40.995         0.00000     0.00000     0.00000     0.00000
    -40.845         0.00000     0.00000     0.00000     0.00000
    -40.695         0.00000     0.00000     0.00000     0.00000
    -40.545         0.00000     0.00000     0.00000     0.00000
    -40.395         0.00000     0.00000     0.00000     0.00000
    -40.245         0.00000     0.00000     0.00000     0.00000
    -40.095         0.00000     0.00000     0.00000     0.00000
    -39.945         0.00000     0.00000     0.00000     0.00000
    -39.795         0.00000     0.00000     0.00000     0.00000
    -39.645         0.00000     0.00000     0.00000     0.00000
    -39.495         0.00000     0.00000     0.00000     0.00000
    -39.345         0.00000     0.00000     0.00000     0.00000
    -39.195         0.00000     0.00000     0.00000     0.00000
    -39.045         0.00000     0.00000     0.00000     0.00000
    -38.895         0.00000     0.00000     0.00000     0.00000
    -38.745         0.00000     0.00000     0.00000     0.00000
    -38.595         0.00000     0.00000     0.00000     0.00000
    -38.445         0.00000     0.00000     0.00000     0.00000
    -38.295         0.00000     0.00000     0.00000     0.00000
    -38.145         0.00000     0.00000     0.00000     0.00000
    -37.995         0.00000     0.00000     0.00000     0.00000
    -37.845         0.00000     0.00000     0.00000     0.00000
    -37.695         0.00000     0.00000     0.00000     0.00000
    -37.545         0.00000     0.00000     0.00000     0.00000
    -37.395         0.00000     0.00000     0.00000     0.00000
    -37.245         0.00000     0.00000     0.00000     0.00000
    -37.095         0.00000     0.00000     0.00000     0.00000
    -36.945         0.00000     0.00000     0.00000     0.00000
    -36.795         0.00000     0.00000     0.00000     0.00000
    -36.645         0.00000     0.00000     0.00000     0.00000
    -36.495         0.00000     0.00000     0.00000     0.00000
    -36.345         0.00000     0.00000     0.00000     0.00000
    -36.195         0.00000     0.00000     0.00000     0.00000
    -36.045         0.00000     0.00000     0.00000     0.00000
    -35.895         0.00000     0.00000     0.00000     0.00000
    -35.745         0.00000     0.00000     0.00000     0.00000
    -35.595         0.00000     0.00000     0.00000     0.00000
    -35.445         0.00000     0.00000     0.00000     0.00000
    -35.295         0.00000     0.00000     0.00000     0.00000
    -35.145         0.00000     0.00000     0.00000     0.00000
    -34.995         0.00000     0.00000     0.00000     0.00000
    -34.845         0.00000     0.00000     0.00000     0.00000
    -34.695         0.00000     0.00000     0.00000     0.00000
    -34.545         0.00000     0.00000     0.00000     0.00000
    -34.395         0.00000     0.00000     0.00000     0.00000
    -34.245         0.00000     0.00000     0.00000     0.00000
    -34.095         0.00000     0.00000     0.00000     0.00000
    -33.945         0.00000     0.00000     0.00000     0.00000
    -33.795         0.00000     0.00000     0.00000     0.00000
    -33.645         0.00000     0.00000     0.00000     0.00000
    -33.495         0.00000     0.00000     0.00000     0.00000
    -33.345         0.00000     0.00000     0.00000     0.00000
    -33.195         0.00000     0.00000     0.00000     0.00000
    -33.045         0.00000     0.00000     0.00000     0.00000
    -32.895         0.00000     0.00000     0.00000     0.00000
    -32.745         0.00000     0.00000     0.00000     0.00000
    -32.595         0.00000     0.00000     0.00000     0.00000
    -32.445         0.00000     0.00000     0.00000     0.00000
    -32.295         0.00000     0.00000     0.00000     0.00000
    -32.145         0.00000     0.00000     0.00000     0.00000
    -31.995         0.00000     0.00000     0.00000     0.00000
    -31.845         0.00000     0.00000     0.00000     0.00000
    -31.695         0.00000     0.00000     0.00000     0.00000
    -31.545         0.00000     0.00000     0.00000     0.00000
    -31.395         0.00000     0.00000     0.00000     0.00000
    -31.245         0.00000     0.00000     0.00000     0.00000
    -31.095         0.00000     0.00000     0.00000     0.00000
    -30.945         0.00000     0.00000     0.00000     0.00000
    -30.795         0.00000     0.00000     0.00000     0.00000
    -30.645         0.00000     0.00000     0.00000     0.00000
    -30.495         0.00000     0.00000     0.00000     0.00000
    -30.345         0.00000     0.00000     0.00000     0.00000
    -30.195         0.00000     0.00000     0.00000     0.00000
    -30.045         0.00000     0.00000     0.00000     0.00000
    -29.895         0.00000     0.00000     0.00000     0.00000
    -29.745         0.00000     0.00000     0.00000     0.00000
    -29.595         0.00000     0.00000     0.00000     0.00000
    -29.445         0.00000     0.00000     0.00000     0.00000
    -29.295         0.00000     0.00000     0.00000     0.00000
    -29.145         0.00000     0.00000     0.00000     0.00000
    -28.995         0.00000     0.00000     0.00000     0.00000
    -28.845         0.00000     0.00000     0.00000     0.00000
    -28.695         0.00000     0.00000     0.00000     0.00000
    -28.545         0.00000     0.00000     0.00000     0.00000
    -28.395         0.00000     0.00000     0.00000     0.00000
    -28.245         0.00000     0.00000     0.00000     0.00000
    -28.095         0.00000     0.00000     0.00000     0.00000
    -27.945         0.00000     0.00000     0.00000     0.00000
    -27.795         0.00000     0.00000     0.00000     0.00000
    -27.645         0.00000     0.00000     0.00000     0.00000
    -27.495         0.00000     0.00000     0.00000     0.00000
    -27.345         0.00000     0.00000     0.00000     0.00000
    -27.195         0.00000     0.00000     0.00000     0.00000
    -27.045         0.00000     0.00000     0.00000     0.00000
    -26.895         0.00000     0.00000     0.00000     0.00000
    -26.745         0.00000     0.00000     0.00000     0.00000
    -26.595         0.00000     0.00000     0.00000     0.00000
    -26.445         0.00000     0.00000     0.00000     0.00000
    -26.295         0.00000     0.00000     0.00000     0.00000
    -26.145         0.00000     0.00000     0.00000     0.00000
    -25.995         0.00000     0.00000     0.00000     0.00000
    -25.845         0.00000     0.00000     0.00000     0.00000
    -25.695         0.00000     0.00000     0.00000     0.00000
    -25.545         0.00000     0.00000     0.00000     0.00000
    -25.395         0.00000     0.00000     0.00000     0.00000
    -25.245         0.00000     0.00000     0.00000     0.00000
    -25.095         0.00000     0.00000     0.00000     0.00000
    -24.945         0.00000     0.00000     0.00000     0.00000
    -24.795         0.00000     0.00000     0.00000     0.00000
    -24.645         0.00000     0.00000     0.00000     0.00000
    -24.495         0.00000     0.00000     0.00000     0.00000
    -24.345         0.00000     0.00000     0.00000     0.00000
    -24.195         0.00000     0.00000     0.00000     0.00000
    -24.045         0.00000     0.00000     0.00000     0.00000
    -23.895         0.00000     0.00000     0.00000     0.00000
    -23.745         0.00000     0.00000     0.00000     0.00000
    -23.595         0.00000     0.00000     0.00000     0.00000
    -23.445         0.00000     0.00000     0.00000     0.00000
    -23.295         0.00000     0.00000     0.00000     0.00000
    -23.145         0.00000     0.00000     0.00000     0.00000
    -22.995         0.00000     0.00000     0.00000     0.00000
    -22.845         0.00000     0.00000     0.00000     0.00000
    -22.695         0.00000     0.00000     0.00000     0.00000
    -22.545         0.00000     0.00000     0.00000     0.00000
    -22.395         0.00000     0.00000     0.00000     0.00000
    -22.245         0.00000     0.00000     0.00000     0.00000
    -22.095         0.00000     0.00000     0.00000     0.00000
    -21.945         0.00000     0.00000     0.00000     0.00000
    -21.795         0.00000     0.00000     0.00000     0.00000
    -21.645         0.00000     0.00000     0.00000     0.00000
    -21.495         0.00000     0.00000     0.00000     0.00000
    -21.345         0.00000     0.00000     0.00000     0.00000
    -21.195         0.00000     0.00000     0.00000     0.00000
    -21.045         0.00000     0.00000     0.00000     0.00000
    -20.895         0.00000     0.00000     0.00000     0.00000
    -20.745        -0.00000    -0.00000     0.00000     0.00000
    -20.595        -0.00000    -0.00000     0.00000     0.00000
    -20.445        -0.00000    -0.00000     0.00000     0.00000
    -20.295        -0.00009    -0.00009     0.00000     0.00000
    -20.145        -0.00057    -0.00057     0.00000     0.00000
    -19.995        -0.00104    -0.00104     0.00000     0.00000
    -19.845        -0.00171    -0.00171     0.00000     0.00000
    -19.695        -0.00322    -0.00322     0.00000     0.00000
    -19.545        -0.00539    -0.00539     0.00000     0.00000
    -19.395        -0.00778    -0.00778     0.00000     0.00000
    -19.245        -0.01044    -0.01044     0.00000     0.00000
    -19.095        -0.01392    -0.01392     0.00000     0.00000
    -18.945        -0.01743    -0.01743     0.00000     0.00000
    -18.795        -0.02054    -0.02054     0.00000     0.00000
    -18.645        -0.02488    -0.02488     0.00000     0.00000
    -18.495        -0.02832    -0.02832     0.00000     0.00000
    -18.345        -0.03151    -0.03151     0.00000     0.00000
    -18.195        -0.03526    -0.03526     0.00000     0.00000
    -18.045        -0.03921    -0.03921     0.00000     0.00000
    -17.895        -0.04255    -0.04255     0.00000     0.00000
    -17.745        -0.04715    -0.04715     0.00000     0.00000
    -17.595        -0.05083    -0.05083     0.00000     0.00000
    -17.445        -0.05525    -0.05525     0.00000     0.00000
    -17.295        -0.05911    -0.05911     0.00000     0.00000
    -17.145        -0.06261    -0.06261     0.00000     0.00000
    -16.995        -0.06577    -0.06577     0.00000     0.00000
    -16.845        -0.06942    -0.06942     0.00000     0.00000
    -16.695        -0.07270    -0.07270     0.00000     0.00000
    -16.545        -0.07616    -0.07616     0.00000     0.00000
    -16.395        -0.08046    -0.08046     0.00000     0.00000
    -16.245        -0.08375    -0.08375     0.00000     0.00000
    -16.095        -0.08618    -0.08618     0.00000     0.00000
    -15.945        -0.08874    -0.08874     0.00000     0.00000
    -15.795        -0.09174    -0.09174     0.00000     0.00000
    -15.645        -0.09416    -0.09416     0.00000     0.00000
    -15.495        -0.09663    -0.09663     0.00000     0.00000
    -15.345        -0.09918    -0.09918     0.00000     0.00000
    -15.195        -0.10162    -0.10162     0.00000     0.00000
    -15.045        -0.10349    -0.10349     0.00000     0.00000
    -14.895        -0.10616    -0.10616     0.00000     0.00000
    -14.745        -0.10881    -0.10881     0.00000     0.00000
    -14.595        -0.11068    -0.11068     0.00000     0.00000
    -14.445        -0.11390    -0.11390     0.00000     0.00000
    -14.295        -0.11590    -0.11590     0.00000     0.00000
    -14.145        -0.11783    -0.11783     0.00000     0.00000
    -13.995        -0.11963    -0.11963     0.00000     0.00000
    -13.845        -0.12133    -0.12133     0.00000     0.00000
    -13.695        -0.12254    -0.12254     0.00000     0.00000
    -13.545        -0.12461    -0.12461     0.00000     0.00000
    -13.395        -0.12633    -0.12633     0.00000     0.00000
    -13.245        -0.12778    -0.12778     0.00000     0.00000
    -13.095        -0.12916    -0.12916     0.00000     0.00000
    -12.945        -0.13105    -0.13105     0.00000     0.00000
    -12.795        -0.13297    -0.13297     0.00000     0.00000
    -12.645        -0.13464    -0.13464     0.00000     0.00000
    -12.495        -0.13599    -0.13599     0.00000     0.00000
    -12.345        -0.13728    -0.13728     0.00000     0.00000
    -12.195        -0.13827    -0.13827     0.00000     0.00000
    -12.045        -0.13884    -0.13884     0.00000     0.00000
    -11.895        -0.13995    -0.13995     0.00000     0.00000
    -11.745        -0.14158    -0.14158     0.00000     0.00000
    -11.595        -0.14323    -0.14323     0.00000     0.00000
    -11.445        -0.14420    -0.14420     0.00000     0.00000
    -11.295        -0.14562    -0.14562     0.00000     0.00000
    -11.145        -0.14682    -0.14682     0.00000     0.00000
    -10.995        -0.14792    -0.14792     0.00000     0.00000
    -10.845        -0.14942    -0.14942     0.00000     0.00000
    -10.695        -0.15056    -0.15056     0.00000     0.00000
    -10.545        -0.15147    -0.15147     0.00000     0.00000
    -10.395        -0.15283    -0.15275    -0.00008     0.00000
    -10.245        -0.15476    -0.15424    -0.00052     0.00000
    -10.095        -0.15689    -0.15548    -0.00141     0.00000
    -9.9450        -0.16025    -0.15713    -0.00312     0.00000
    -9.7950        -0.16412    -0.15830    -0.00582     0.00000
    -9.6450        -0.16926    -0.15961    -0.00965     0.00000
    -9.4950        -0.17440    -0.16034    -0.01406     0.00000
    -9.3450        -0.18068    -0.16133    -0.01935     0.00000
    -9.1950        -0.18760    -0.16284    -0.02475     0.00000
    -9.0450        -0.19421    -0.16414    -0.03007     0.00000
    -8.8950        -0.20174    -0.16519    -0.03655     0.00000
    -8.7450        -0.20872    -0.16636    -0.04237     0.00000
    -8.5950        -0.21525    -0.16767    -0.04758     0.00000
    -8.4450        -0.22270    -0.16944    -0.05326     0.00000
    -8.2950        -0.22981    -0.17199    -0.05782     0.00000
    -8.1450        -0.23750    -0.17439    -0.06311     0.00000
    -7.9950        -0.24512    -0.17688    -0.06824     0.00000
    -7.8450        -0.25316    -0.17966    -0.07350     0.00000
    -7.6950        -0.26053    -0.18267    -0.07786     0.00000
    -7.5450        -0.26757    -0.18509    -0.08248     0.00000
    -7.3950        -0.27609    -0.18875    -0.08735     0.00000
    -7.2450        -0.28482    -0.19292    -0.09190     0.00000
    -7.0950        -0.29253    -0.19677    -0.09577     0.00000
    -6.9450        -0.30037    -0.20056    -0.09981     0.00000
    -6.7950        -0.30956    -0.20485    -0.10389    -0.00082
    -6.6450        -0.32265    -0.20987    -0.10806    -0.00472
    -6.4950        -0.34301    -0.21502    -0.11158    -0.01640
    -6.3450        -0.37667    -0.22041    -0.11573    -0.04053
    -6.1950        -0.42083    -0.22608    -0.11963    -0.07512
    -6.0450        -0.47787    -0.23236    -0.12373    -0.12178
    -5.8950        -0.54875    -0.23922    -0.12845    -0.18108
    -5.7450        -0.63723    -0.24570    -0.13401    -0.25752
    -5.5950        -0.75184    -0.25314    -0.13968    -0.35902
    -5.4450        -0.89822    -0.26075    -0.14567    -0.49181
    -5.2950        -1.07151    -0.26772    -0.15231    -0.65148
    -5.1450        -1.26765    -0.27534    -0.16008    -0.83222
    -4.9950        -1.48173    -0.28281    -0.16817    -1.03075
    -4.8450        -1.71089    -0.29171    -0.17690    -1.24228
    -4.6950        -1.94580    -0.30011    -0.18669    -1.45899
    -4.5450        -2.18252    -0.30932    -0.19705    -1.67615
    -4.3950        -2.41988    -0.31948    -0.20761    -1.89278
    -4.2450        -2.65338    -0.32917    -0.21984    -2.10436
    -4.0950        -2.88417    -0.33988    -0.23280    -2.31149
    -3.9450        -3.11083    -0.35128    -0.24706    -2.51249
    -3.7950        -3.33051    -0.36219    -0.26221    -2.70611
    -3.6450        -3.54749    -0.37398    -0.27740    -2.89612
    -3.4950        -3.75863    -0.38648    -0.29444    -3.07771
    -3.3450        -3.96938    -0.40034    -0.31198    -3.25707
    -3.1950        -4.17639    -0.41585    -0.33041    -3.43013
    -3.0450        -4.38314    -0.43221    -0.34989    -3.60105
    -2.8950        -4.59210    -0.45018    -0.37018    -3.77173
    -2.7450        -4.80419    -0.46975    -0.39194    -3.94250
    -2.5950        -5.02268    -0.49091    -0.41498    -4.11680
    -2.4450        -5.25065    -0.51452    -0.44014    -4.29599
    -2.2950        -5.49023    -0.53998    -0.46660    -4.48365
    -2.1450        -5.74936    -0.56726    -0.49605    -4.68605
    -1.9950        -6.03542    -0.59743    -0.52762    -4.91037
    -1.8450        -6.35467    -0.63166    -0.56419    -5.15882
    -1.6950        -6.72281    -0.67031    -0.60446    -5.44804
    -1.5450        -7.15018    -0.71466    -0.65155    -5.78397
    -1.3950        -7.66836    -0.76687    -0.70513    -6.19635
    -1.2450        -8.31981    -0.82913    -0.76788    -6.72280
    -1.0950        -9.13023    -0.90389    -0.84311    -7.38323
   -0.94500       -10.11101    -0.99644    -0.93565    -8.17893
   -0.79500       -11.28430    -1.11809    -1.05537    -9.11084
   -0.64500       -12.67758    -1.27972    -1.21821   -10.17965
   -0.49500       -14.41532    -1.51377    -1.46012   -11.44143
   -0.34500       -16.91260    -1.89525    -1.85967   -13.15768
   -0.22700       -18.06225    -2.08073    -2.05633   -13.92519
   -0.21300       -18.21585    -2.10597    -2.08301   -14.02687
   -0.20700       -18.37357    -2.13197    -2.11050   -14.13110
   -0.20100       -18.53606    -2.15863    -2.13907   -14.23836
   -0.19500       -18.70339    -2.18625    -2.16839   -14.34874
   -0.18900       -18.87560    -2.21495    -2.19880   -14.46184
   -0.18300       -19.05370    -2.24431    -2.23032   -14.57907
   -0.17700       -19.23678    -2.27452    -2.26292   -14.69933
   -0.17100       -19.42634    -2.30609    -2.29646   -14.82380
   -0.16500       -19.62233    -2.33882    -2.33139   -14.95212
   -0.15900       -19.82535    -2.37255    -2.36751   -15.08529
   -0.15300       -20.03543    -2.40751    -2.40492   -15.22300
   -0.14700       -20.25353    -2.44384    -2.44382   -15.36587
   -0.14100       -20.48004    -2.48150    -2.48409   -15.51445
   -0.13500       -20.71644    -2.52081    -2.52612   -15.66952
   -0.12900       -20.96242    -2.56153    -2.56989   -15.83099
   -0.12300       -21.21959    -2.60406    -2.61563   -15.99990
   -0.11700       -21.48825    -2.64848    -2.66301   -16.17676
   -0.11100       -21.76978    -2.69467    -2.71260   -16.36251
   -0.10500       -22.06505    -2.74262    -2.76440   -16.55803
   -0.99000E-01   -22.37636    -2.79273    -2.81886   -16.76477
   -0.93000E-01   -22.70510    -2.84520    -2.87616   -16.98373
   -0.87000E-01   -23.05347    -2.89998    -2.93638   -17.21711
   -0.81000E-01   -23.42374    -2.95745    -2.99966   -17.46663
   -0.75000E-01   -23.81934    -3.01794    -3.06664   -17.73476
   -0.69000E-01   -24.24496    -3.08187    -3.13766   -18.02543
   -0.63000E-01   -24.70595    -3.14970    -3.21396   -18.34230
   -0.57000E-01   -25.21110    -3.22234    -3.29783   -18.69093
   -0.51000E-01   -25.77351    -3.30232    -3.39183   -19.07936
   -0.45000E-01   -26.40377    -3.39079    -3.49435   -19.51863
   -0.39000E-01   -27.10873    -3.48418    -3.59965   -20.02489
   -0.33000E-01   -27.90368    -3.57718    -3.70333   -20.62317
   -0.27000E-01   -28.82433    -3.66564    -3.80129   -21.35740
   -0.21300E-01   -29.55393    -3.72077    -3.86152   -21.97164
   -0.19500E-01   -29.67005    -3.72840    -3.86971   -22.07194
   -0.18900E-01   -29.78905    -3.73585    -3.87765   -22.17555
   -0.18300E-01   -29.91110    -3.74317    -3.88545   -22.28248
   -0.17700E-01   -30.03643    -3.75033    -3.89302   -22.39307
   -0.17100E-01   -30.16541    -3.75733    -3.90039   -22.50769
   -0.16500E-01   -30.29801    -3.76416    -3.90753   -22.62632
   -0.15900E-01   -30.43471    -3.77077    -3.91444   -22.74950
   -0.15300E-01   -30.57603    -3.77718    -3.92114   -22.87771
   -0.14700E-01   -30.72215    -3.78338    -3.92764   -23.01112
   -0.14100E-01   -30.87355    -3.78939    -3.93388   -23.15029
   -0.13500E-01   -31.03057    -3.79515    -3.93989   -23.29553
   -0.12900E-01   -31.19408    -3.80069    -3.94564   -23.44775
   -0.12300E-01   -31.36470    -3.80601    -3.95117   -23.60752
   -0.11700E-01   -31.54311    -3.81112    -3.95642   -23.77556
   -0.11100E-01   -31.73051    -3.81600    -3.96142   -23.95309
   -0.10500E-01   -31.92779    -3.82061    -3.96616   -24.14102
   -0.99000E-02   -32.13652    -3.82499    -3.97067   -24.34087
   -0.93000E-02   -32.35824    -3.82914    -3.97490   -24.55421
   -0.87000E-02   -32.59508    -3.83303    -3.97887   -24.78319
   -0.81000E-02   -32.84964    -3.83665    -3.98256   -25.03042
   -0.75000E-02   -33.12600    -3.84001    -3.98599   -25.30000
   -0.69000E-02   -33.42914    -3.84312    -3.98914   -25.59689
   -0.63000E-02   -33.76528    -3.84599    -3.99203   -25.92726
   -0.57000E-02   -34.14139    -3.84857    -3.99466   -26.29816
   -0.51000E-02   -34.56479    -3.85090    -3.99701   -26.71687
   -0.45000E-02   -35.04409    -3.85295    -3.99909   -27.19205
   -0.39000E-02   -35.58878    -3.85474    -4.00088   -27.73316
   -0.33000E-02   -36.20993    -3.85625    -4.00241   -28.35127
   -0.27000E-02   -36.92122    -3.85749    -4.00365   -29.06007
   -0.21000E-02   -37.74374    -3.85845    -4.00462   -29.88067
   -0.15000E-02   -38.71972    -3.85915    -4.00532   -30.85526
   -0.90000E-03   -39.72149    -3.85956    -4.00573   -31.85620
   -0.30000E-03   -40.15789    -3.85970    -4.00587   -32.29232
    0.30000E-03   -39.72217    -3.85956    -4.00573   -31.85687
    0.90000E-03   -38.72010    -3.85915    -4.00532   -30.85563
    0.15000E-02   -37.74378    -3.85846    -4.00463   -29.88069
    0.21000E-02   -36.92078    -3.85749    -4.00367   -29.05962
    0.27000E-02   -36.20926    -3.85624    -4.00244   -28.35058
    0.33000E-02   -35.58771    -3.85472    -4.00093   -27.73207
    0.39000E-02   -35.04263    -3.85291    -3.99915   -27.19057
    0.45000E-02   -34.56292    -3.85084    -3.99711   -26.71497
    0.51000E-02   -34.13903    -3.84848    -3.99479   -26.29575
    0.57000E-02   -33.76243    -3.84586    -3.99221   -25.92435
    0.63000E-02   -33.42572    -3.84296    -3.98937   -25.59339
    0.69000E-02   -33.12204    -3.83979    -3.98627   -25.29598
    0.75000E-02   -32.84542    -3.83637    -3.98290   -25.02614
    0.81000E-02   -32.59043    -3.83266    -3.97929   -24.77848
    0.87000E-02   -32.35320    -3.82869    -3.97541   -24.54910
    0.93000E-02   -32.13105    -3.82445    -3.97130   -24.33530
    0.99000E-02   -31.92202    -3.81995    -3.96694   -24.13513
    0.10500E-01   -31.72436    -3.81519    -3.96232   -23.94684
    0.11100E-01   -31.53674    -3.81020    -3.95749   -23.76905
    0.11700E-01   -31.35791    -3.80494    -3.95238   -23.60059
    0.12300E-01   -31.18695    -3.79942    -3.94708   -23.44045
    0.12900E-01   -31.02319    -3.79369    -3.94153   -23.28797
    0.13500E-01   -30.86570    -3.78767    -3.93579   -23.14225
    0.14100E-01   -30.71409    -3.78143    -3.92981   -23.00285
    0.14700E-01   -30.56789    -3.77494    -3.92364   -22.86931
    0.15300E-01   -30.42665    -3.76823    -3.91725   -22.74116
    0.15900E-01   -30.28966    -3.76130    -3.91069   -22.61768
    0.16500E-01   -30.15705    -3.75414    -3.90392   -22.49899
    0.17100E-01   -30.02817    -3.74677    -3.89696   -22.38444
    0.17700E-01   -29.90274    -3.73916    -3.88983   -22.27375
    0.18300E-01   -29.78076    -3.73136    -3.88255   -22.16685
    0.18900E-01   -29.66172    -3.72335    -3.87515   -22.06322
    0.19500E-01   -29.54555    -3.71517    -3.86756   -21.96282
    0.21300E-01   -28.81612    -3.65477    -3.81277   -21.34858
    0.27000E-01   -27.89658    -3.55674    -3.72461   -20.61523
    0.33000E-01   -27.10231    -3.45270    -3.63196   -20.01765
    0.39000E-01   -26.39898    -3.34689    -3.53867   -19.51342
    0.45000E-01   -25.77265    -3.24433    -3.45032   -19.07799
    0.51000E-01   -25.21521    -3.14989    -3.37077   -18.69455
    0.57000E-01   -24.71715    -3.06581    -3.29816   -18.35317
    0.63000E-01   -24.26498    -2.98930    -3.23061   -18.04507
    0.69000E-01   -23.84980    -2.91782    -3.16696   -17.76501
    0.75000E-01   -23.46551    -2.85089    -3.10638   -17.50824
    0.81000E-01   -23.10819    -2.78742    -3.04882   -17.27195
    0.87000E-01   -22.77352    -2.72711    -2.99389   -17.05252
    0.93000E-01   -22.45948    -2.66990    -2.94130   -16.84828
    0.99000E-01   -22.16351    -2.61538    -2.89092   -16.65721
    0.10500       -21.88402    -2.56355    -2.84279   -16.47768
    0.11100       -21.61886    -2.51401    -2.79659   -16.30826
    0.11700       -21.36677    -2.46659    -2.75226   -16.14793
    0.12300       -21.12722    -2.42112    -2.70977   -15.99633
    0.12900       -20.89819    -2.37739    -2.66898   -15.85182
    0.13500       -20.67956    -2.33544    -2.62966   -15.71446
    0.14100       -20.47018    -2.29500    -2.59182   -15.58337
    0.14700       -20.26952    -2.25643    -2.55524   -15.45785
    0.15300       -20.07686    -2.21933    -2.51996   -15.33757
    0.15900       -19.89150    -2.18370    -2.48599   -15.22180
    0.16500       -19.71367    -2.14946    -2.45311   -15.11111
    0.17100       -19.54241    -2.11638    -2.42133   -15.00470
    0.17700       -19.37674    -2.08436    -2.39028   -14.90209
    0.18300       -19.21821    -2.05370    -2.36059   -14.80392
    0.18900       -19.06423    -2.02391    -2.33185   -14.70847
    0.19500       -18.91517    -1.99478    -2.30412   -14.61626
    0.20100       -18.77125    -1.96682    -2.27706   -14.52737
    0.20700       -18.63193    -1.93997    -2.25069   -14.44127
    0.21300       -18.49710    -1.91391    -2.22516   -14.35803
    0.22700       -17.50440    -1.72157    -2.03737   -13.74547
    0.34500       -15.48456    -1.33188    -1.65468   -12.49801
    0.49500       -14.24430    -1.09640    -1.41966   -11.72825
    0.64500       -13.36315    -0.93675    -1.25706   -11.16934
    0.79500       -12.68190    -0.81805    -1.13835   -10.72551
    0.94500       -12.13349    -0.72697    -1.04640   -10.36012
     1.0950       -11.68293    -0.65508    -0.97328   -10.05457
     1.2450       -11.30330    -0.59606    -0.91265    -9.79460
     1.3950       -10.98038    -0.54812    -0.86170    -9.57056
     1.5450       -10.69874    -0.50716    -0.81869    -9.37289
     1.6950       -10.45248    -0.47227    -0.78101    -9.19920
     1.8450       -10.23318    -0.44153    -0.74764    -9.04401
     1.9950       -10.03682    -0.41391    -0.71879    -8.90412
     2.1450        -9.85941    -0.38979    -0.69283    -8.77679
     2.2950        -9.69959    -0.36770    -0.66946    -8.66242
     2.4450        -9.55650    -0.34830    -0.64820    -8.56000
     2.5950        -9.42797    -0.33084    -0.62892    -8.46821
     2.7450        -9.31072    -0.31401    -0.61148    -8.38524
     2.8950        -9.20761    -0.29953    -0.59556    -8.31252
     3.0450        -9.11115    -0.28570    -0.58109    -8.24436
     3.1950        -9.02542    -0.27312    -0.56751    -8.18479
     3.3450        -8.94545    -0.26131    -0.55422    -8.12992
     3.4950        -8.87478    -0.25021    -0.54242    -8.08215
     3.6450        -8.80934    -0.24046    -0.53120    -8.03768
     3.7950        -8.74919    -0.23071    -0.52081    -7.99767
     3.9450        -8.69282    -0.22189    -0.51105    -7.95988
     4.0950        -8.64087    -0.21387    -0.50205    -7.92496
     4.2450        -8.59188    -0.20676    -0.49349    -7.89163
     4.3950        -8.54678    -0.20002    -0.48566    -7.86110
     4.5450        -8.50366    -0.19352    -0.47825    -7.83189
     4.6950        -8.46386    -0.18761    -0.47188    -7.80436
     4.8450        -8.42624    -0.18249    -0.46521    -7.77854
     4.9950        -8.39091    -0.17703    -0.45897    -7.75491
     5.1450        -8.35780    -0.17201    -0.45339    -7.73240
     5.2950        -8.32690    -0.16811    -0.44892    -7.70987
     5.4450        -8.29783    -0.16437    -0.44470    -7.68876
     5.5950        -8.27025    -0.16138    -0.44045    -7.66842
     5.7450        -8.24216    -0.15763    -0.43637    -7.64817
     5.8950        -8.21611    -0.15383    -0.43317    -7.62912
     6.0450        -8.19142    -0.15032    -0.43039    -7.61071
     6.1950        -8.16872    -0.14824    -0.42774    -7.59274
     6.3450        -8.14712    -0.14640    -0.42556    -7.57515
     6.4950        -8.12648    -0.14411    -0.42379    -7.55859
     6.6450        -8.10558    -0.14221    -0.42123    -7.54215
     6.7950        -8.08631    -0.14034    -0.41971    -7.52627
     6.9450        -8.06797    -0.13856    -0.41854    -7.51088
     7.0950        -8.05029    -0.13729    -0.41722    -7.49578
     7.2450        -8.03249    -0.13572    -0.41563    -7.48114
     7.3950        -8.01576    -0.13417    -0.41478    -7.46681
     7.5450        -7.99979    -0.13310    -0.41405    -7.45264
     7.6950        -7.98472    -0.13241    -0.41335    -7.43897
     7.8450        -7.96998    -0.13210    -0.41229    -7.42559
     7.9950        -7.95534    -0.13143    -0.41143    -7.41248
     8.1450        -7.93983    -0.13059    -0.40978    -7.39946
     8.2950        -7.92653    -0.13032    -0.40933    -7.38688
     8.4450        -7.91314    -0.12969    -0.40889    -7.37456
     8.5950        -7.90022    -0.12926    -0.40847    -7.36249
     8.7450        -7.88736    -0.12865    -0.40806    -7.35065
     8.8950        -7.87491    -0.12843    -0.40748    -7.33900
     9.0450        -7.86267    -0.12820    -0.40691    -7.32755
     9.1950        -7.85070    -0.12781    -0.40655    -7.31634
     9.3450        -7.83913    -0.12761    -0.40620    -7.30532
     9.4950        -7.82779    -0.12742    -0.40585    -7.29452
     9.6450        -7.81664    -0.12724    -0.40552    -7.28388
     9.7950        -7.80572    -0.12705    -0.40520    -7.27347
     9.9450        -7.79499    -0.12688    -0.40488    -7.26322
     10.095        -7.78444    -0.12672    -0.40457    -7.25314
     10.245        -7.77405    -0.12656    -0.40428    -7.24322
     10.395        -7.76387    -0.12641    -0.40399    -7.23347
     10.545        -7.75381    -0.12626    -0.40371    -7.22384
     10.695        -7.74393    -0.12611    -0.40343    -7.21438
     10.845        -7.73419    -0.12597    -0.40317    -7.20505
     10.995        -7.72460    -0.12584    -0.40291    -7.19585
     11.145        -7.71519    -0.12571    -0.40267    -7.18681
     11.295        -7.70592    -0.12558    -0.40242    -7.17792
     11.445        -7.69678    -0.12546    -0.40218    -7.16914
     11.595        -7.68780    -0.12535    -0.40194    -7.16052
     11.745        -7.67893    -0.12523    -0.40171    -7.15200
     11.895        -7.67018    -0.12512    -0.40148    -7.14358
     12.045        -7.66154    -0.12501    -0.40125    -7.13528
     12.195        -7.65303    -0.12492    -0.40104    -7.12708
     12.345        -7.64466    -0.12482    -0.40082    -7.11902
     12.495        -7.63640    -0.12472    -0.40061    -7.11107
     12.645        -7.62828    -0.12463    -0.40040    -7.10325
     12.795        -7.62023    -0.12454    -0.40020    -7.09548
     12.945        -7.61231    -0.12445    -0.40000    -7.08786
     13.095        -7.60447    -0.12436    -0.39981    -7.08030
     13.245        -7.59676    -0.12428    -0.39962    -7.07286
     13.395        -7.58913    -0.12420    -0.39943    -7.06550
     13.545        -7.58160    -0.12412    -0.39925    -7.05823
     13.695        -7.57413    -0.12404    -0.39907    -7.05102
     13.845        -7.56677    -0.12396    -0.39889    -7.04392
     13.995        -7.55952    -0.12389    -0.39871    -7.03692
     14.145        -7.55233    -0.12381    -0.39854    -7.02998
     14.295        -7.54523    -0.12374    -0.39837    -7.02312
     14.445        -7.53821    -0.12367    -0.39820    -7.01633
     14.595        -7.53128    -0.12360    -0.39804    -7.00964
     14.745        -7.52441    -0.12354    -0.39787    -7.00300
     14.895        -7.51760    -0.12347    -0.39771    -6.99641
     15.045        -7.51088    -0.12341    -0.39755    -6.98992
     15.195        -7.50428    -0.12335    -0.39740    -6.98353
     15.345        -7.49772    -0.12328    -0.39725    -6.97719
     15.495        -7.49121    -0.12322    -0.39710    -6.97089
     15.645        -7.48480    -0.12317    -0.39695    -6.96468
     15.795        -7.47846    -0.12311    -0.39680    -6.95856
     15.945        -7.47217    -0.12305    -0.39665    -6.95247
     16.095        -7.46596    -0.12300    -0.39651    -6.94646
     16.245        -7.45981    -0.12294    -0.39637    -6.94049
     16.395        -7.45372    -0.12289    -0.39623    -6.93460
     16.545        -7.44769    -0.12284    -0.39610    -6.92876
     16.695        -7.44172    -0.12279    -0.39596    -6.92297
     16.845        -7.43585    -0.12274    -0.39583    -6.91728
     16.995        -7.43000    -0.12269    -0.39570    -6.91161
     17.145        -7.42423    -0.12264    -0.39557    -6.90602
     17.295        -7.41850    -0.12259    -0.39544    -6.90047
     17.445        -7.41284    -0.12255    -0.39532    -6.89497
     17.595        -7.40720    -0.12250    -0.39519    -6.88951
     17.745        -7.40165    -0.12246    -0.39507    -6.88412
     17.895        -7.39613    -0.12242    -0.39494    -6.87877
     18.045        -7.39066    -0.12238    -0.39482    -6.87346
     18.195        -7.38528    -0.12233    -0.39470    -6.86824
     18.345        -7.37993    -0.12230    -0.39458    -6.86305
     18.495        -7.37460    -0.12226    -0.39446    -6.85789
     18.645        -7.36933    -0.12222    -0.39434    -6.85277
     18.795        -7.36412    -0.12218    -0.39423    -6.84771
     18.945        -7.35896    -0.12214    -0.39412    -6.84270
     19.095        -7.35385    -0.12210    -0.39401    -6.83774
     19.245        -7.34877    -0.12206    -0.39390    -6.83280
     19.395        -7.34374    -0.12203    -0.39379    -6.82792
     19.545        -7.33873    -0.12199    -0.39368    -6.82306
     19.695        -7.33380    -0.12196    -0.39357    -6.81827
     19.845        -7.32889    -0.12192    -0.39346    -6.81351
     19.995        -7.32402    -0.12188    -0.39336    -6.80878
     20.145        -7.31919    -0.12185    -0.39325    -6.80409
     20.295        -7.31440    -0.12181    -0.39315    -6.79943
     20.445        -7.30964    -0.12178    -0.39305    -6.79481
     20.595        -7.30493    -0.12175    -0.39294    -6.79024
     20.745        -7.30025    -0.12171    -0.39284    -6.78570
     20.895        -7.29563    -0.12168    -0.39274    -6.78121
     21.045        -7.29106    -0.12165    -0.39265    -6.77676
     21.195        -7.28650    -0.12162    -0.39255    -6.77233
     21.345        -7.28197    -0.12159    -0.39245    -6.76793
     21.495        -7.27747    -0.12156    -0.39235    -6.76356
     21.645        -7.27301    -0.12153    -0.39226    -6.75922
     21.795        -7.26860    -0.12150    -0.39216    -6.75494
     21.945        -7.26420    -0.12147    -0.39206    -6.75066
     22.095        -7.25982    -0.12144    -0.39197    -6.74640
     22.245        -7.25550    -0.12142    -0.39188    -6.74220
     22.395        -7.25120    -0.12139    -0.39179    -6.73802
     22.545        -7.24694    -0.12136    -0.39170    -6.73388
     22.695        -7.24271    -0.12133    -0.39161    -6.72976
     22.845        -7.23852    -0.12130    -0.39153    -6.72569
     22.995        -7.23437    -0.12128    -0.39144    -6.72166
     23.145        -7.23024    -0.12125    -0.39135    -6.71764
     23.295        -7.22615    -0.12123    -0.39126    -6.71366
     23.445        -7.22206    -0.12120    -0.39118    -6.70968
     23.595        -7.21801    -0.12118    -0.39109    -6.70574
     23.745        -7.21401    -0.12115    -0.39101    -6.70185
     23.895        -7.21003    -0.12113    -0.39092    -6.69798
     24.045        -7.20606    -0.12110    -0.39083    -6.69412
     24.195        -7.20213    -0.12108    -0.39075    -6.69030
     24.345        -7.19820    -0.12105    -0.39066    -6.68648
     24.495        -7.19430    -0.12103    -0.39058    -6.68269
     24.645        -7.19045    -0.12100    -0.39050    -6.67894
     24.795        -7.18662    -0.12098    -0.39042    -6.67521
     24.945        -7.18279    -0.12096    -0.39034    -6.67149
     25.095        -7.17901    -0.12093    -0.39027    -6.66781
     25.245        -7.17526    -0.12091    -0.39019    -6.66416
     25.395        -7.17152    -0.12089    -0.39011    -6.66053
     25.545        -7.16781    -0.12086    -0.39003    -6.65692
     25.695        -7.16415    -0.12084    -0.38995    -6.65336
     25.845        -7.16049    -0.12081    -0.38988    -6.64980
     25.995        -7.15684    -0.12079    -0.38980    -6.64625
     26.145        -7.15323    -0.12077    -0.38973    -6.64273
     26.295        -7.14966    -0.12075    -0.38965    -6.63926
     26.445        -7.14611    -0.12073    -0.38958    -6.63580
     26.595        -7.14254    -0.12071    -0.38951    -6.63232
     26.745        -7.13901    -0.12069    -0.38943    -6.62889
     26.895        -7.13554    -0.12067    -0.38936    -6.62551
     27.045        -7.13205    -0.12065    -0.38929    -6.62212
     27.195        -7.12858    -0.12063    -0.38922    -6.61874
     27.345        -7.12514    -0.12061    -0.38914    -6.61539
     27.495        -7.12174    -0.12059    -0.38907    -6.61208
     27.645        -7.11835    -0.12057    -0.38900    -6.60878
     27.795        -7.11498    -0.12055    -0.38893    -6.60550
     27.945        -7.11163    -0.12053    -0.38886    -6.60224
     28.095        -7.10829    -0.12051    -0.38880    -6.59899
     28.245        -7.10499    -0.12049    -0.38873    -6.59576
     28.395        -7.10171    -0.12047    -0.38867    -6.59257
     28.545        -7.09842    -0.12046    -0.38860    -6.58937
     28.695        -7.09517    -0.12044    -0.38853    -6.58620
     28.845        -7.09195    -0.12042    -0.38847    -6.58306
     28.995        -7.08873    -0.12040    -0.38840    -6.57993
     29.145        -7.08553    -0.12038    -0.38833    -6.57681
     29.295        -7.08235    -0.12036    -0.38827    -6.57372
     29.445        -7.07920    -0.12035    -0.38820    -6.57065
     29.595        -7.07606    -0.12033    -0.38814    -6.56759
     29.745        -7.07293    -0.12031    -0.38807    -6.56454
     29.895        -7.06982    -0.12029    -0.38801    -6.56152
     30.045        -7.06676    -0.12028    -0.38795    -6.55854
     30.195        -7.06369    -0.12026    -0.38789    -6.55554
     30.345        -7.06064    -0.12025    -0.38783    -6.55257
     30.495        -7.05760    -0.12023    -0.38776    -6.54961
     30.645        -7.05457    -0.12021    -0.38770    -6.54665
     30.795        -7.05159    -0.12020    -0.38764    -6.54375
     30.945        -7.04861    -0.12018    -0.38758    -6.54084
     31.095        -7.04564    -0.12017    -0.38752    -6.53795
     31.245        -7.04268    -0.12015    -0.38746    -6.53507
     31.395        -7.03975    -0.12014    -0.38740    -6.53221
     31.545        -7.03684    -0.12012    -0.38734    -6.52938
     31.695        -7.03393    -0.12011    -0.38728    -6.52654
     31.845        -7.03106    -0.12009    -0.38722    -6.52374
     31.995        -7.02819    -0.12008    -0.38717    -6.52095
     32.145        -7.02531    -0.12006    -0.38711    -6.51814
     32.295        -7.02246    -0.12005    -0.38705    -6.51536
     32.445        -7.01962    -0.12003    -0.38699    -6.51260
     32.595        -7.01682    -0.12002    -0.38693    -6.50987
     32.745        -7.01401    -0.12000    -0.38688    -6.50713
     32.895        -7.01122    -0.11999    -0.38682    -6.50441
     33.045        -7.00842    -0.11997    -0.38676    -6.50169
     33.195        -7.00566    -0.11996    -0.38671    -6.49899
     33.345        -7.00293    -0.11994    -0.38665    -6.49633
     33.495        -7.00020    -0.11993    -0.38660    -6.49368
     33.645        -6.99749    -0.11992    -0.38654    -6.49103
     33.795        -6.99477    -0.11990    -0.38648    -6.48839
     33.945        -6.99207    -0.11989    -0.38643    -6.48575
     34.095        -6.98939    -0.11987    -0.38638    -6.48314
     34.245        -6.98673    -0.11986    -0.38632    -6.48055
     34.395        -6.98407    -0.11984    -0.38627    -6.47795
     34.545        -6.98144    -0.11983    -0.38622    -6.47539
     34.695        -6.97883    -0.11982    -0.38617    -6.47284
     34.845        -6.97622    -0.11981    -0.38611    -6.47031
     34.995        -6.97362    -0.11979    -0.38606    -6.46777
     35.145        -6.97102    -0.11978    -0.38600    -6.46524
     35.295        -6.96844    -0.11977    -0.38595    -6.46272
     35.445        -6.96587    -0.11975    -0.38590    -6.46022
     35.595        -6.96332    -0.11974    -0.38585    -6.45773
     35.745        -6.96079    -0.11973    -0.38579    -6.45526
     35.895        -6.95825    -0.11972    -0.38574    -6.45279
     36.045        -6.95574    -0.11971    -0.38569    -6.45034
     36.195        -6.95324    -0.11970    -0.38564    -6.44791
     36.345        -6.95075    -0.11968    -0.38559    -6.44548
     36.495        -6.94826    -0.11967    -0.38554    -6.44305
     36.645        -6.94580    -0.11965    -0.38549    -6.44066
     36.795        -6.94333    -0.11964    -0.38544    -6.43825
     36.945        -6.94088    -0.11963    -0.38539    -6.43586
     37.095        -6.93847    -0.11962    -0.38534    -6.43351
     37.245        -6.93606    -0.11961    -0.38529    -6.43115
     37.395        -6.93363    -0.11959    -0.38525    -6.42879
     37.545        -6.93122    -0.11958    -0.38520    -6.42644
     37.695        -6.92883    -0.11957    -0.38515    -6.42412
     37.845        -6.92646    -0.11956    -0.38510    -6.42180
     37.995        -6.92408    -0.11955    -0.38505    -6.41948
     38.145        -6.92172    -0.11954    -0.38500    -6.41718
     38.295        -6.91937    -0.11953    -0.38496    -6.41489
     38.445        -6.91701    -0.11952    -0.38491    -6.41259
     38.595        -6.91470    -0.11950    -0.38486    -6.41033
     38.745        -6.91238    -0.11949    -0.38482    -6.40807
     38.895        -6.91004    -0.11948    -0.38477    -6.40579
     39.045        -6.90774    -0.11947    -0.38473    -6.40355
     39.195        -6.90544    -0.11946    -0.38468    -6.40130
     39.345        -6.90315    -0.11945    -0.38463    -6.39907
     39.495        -6.90088    -0.11944    -0.38459    -6.39686
     39.645        -6.89862    -0.11942    -0.38454    -6.39465
     39.795        -6.89636    -0.11941    -0.38450    -6.39245
     39.945        -6.89411    -0.11940    -0.38445    -6.39026
     40.095        -6.89189    -0.11939    -0.38441    -6.38809
     40.245        -6.88964    -0.11938    -0.38436    -6.38590
     40.395        -6.88741    -0.11937    -0.38432    -6.38372
     40.545        -6.88521    -0.11936    -0.38428    -6.38157
     40.695        -6.88302    -0.11935    -0.38423    -6.37943
     40.845        -6.88081    -0.11934    -0.38419    -6.37729
     40.995        -6.87862    -0.11933    -0.38415    -6.37515
     41.145        -6.87645    -0.11932    -0.38410    -6.37303
     41.295        -6.87430    -0.11931    -0.38406    -6.37093
     41.445        -6.87214    -0.11930    -0.38402    -6.36883
     41.595        -6.86998    -0.11928    -0.38397    -6.36672
     41.745        -6.86783    -0.11927    -0.38393    -6.36462
     41.895        -6.86570    -0.11927    -0.38389    -6.36255
     42.045        -6.86359    -0.11926    -0.38385    -6.36049
     42.195        -6.86147    -0.11925    -0.38381    -6.35842
     42.345        -6.85938    -0.11924    -0.38377    -6.35637
     42.495        -6.85728    -0.11923    -0.38372    -6.35433
     42.645        -6.85520    -0.11922    -0.38368    -6.35230
     42.795        -6.85312    -0.11921    -0.38364    -6.35027
     42.945        -6.85106    -0.11920    -0.38359    -6.34827
     43.095        -6.84902    -0.11919    -0.38355    -6.34627
     43.245        -6.84696    -0.11918    -0.38351    -6.34426
     43.395        -6.84490    -0.11917    -0.38347    -6.34226
     43.545        -6.84286    -0.11916    -0.38343    -6.34027
     43.695        -6.84082    -0.11915    -0.38339    -6.33828
     43.845        -6.83881    -0.11914    -0.38335    -6.33632
     43.995        -6.83679    -0.11912    -0.38331    -6.33435
     44.145        -6.83478    -0.11912    -0.38328    -6.33239
     44.295        -6.83278    -0.11911    -0.38324    -6.33044
     44.445        -6.83079    -0.11910    -0.38320    -6.32849
     44.595        -6.82881    -0.11909    -0.38316    -6.32656
     44.745        -6.82684    -0.11908    -0.38312    -6.32463
     44.895        -6.82487    -0.11907    -0.38308    -6.32272
     45.045        -6.82290    -0.11906    -0.38304    -6.32080
     45.195        -6.82094    -0.11905    -0.38300    -6.31888
     45.345        -6.81898    -0.11904    -0.38296    -6.31698
     45.495        -6.81703    -0.11903    -0.38292    -6.31508
     45.645        -6.81509    -0.11902    -0.38288    -6.31318
     45.795        -6.81315    -0.11902    -0.38285    -6.31129
     45.945        -6.81122    -0.11901    -0.38281    -6.30941
     46.095        -6.80931    -0.11900    -0.38277    -6.30754
     46.245        -6.80740    -0.11899    -0.38273    -6.30569
     46.395        -6.80549    -0.11898    -0.38269    -6.30382
     46.545        -6.80360    -0.11897    -0.38265    -6.30198
     46.695        -6.80173    -0.11896    -0.38262    -6.30015
     46.845        -6.79984    -0.11895    -0.38258    -6.29831
     46.995        -6.79797    -0.11894    -0.38254    -6.29648
     47.145        -6.79611    -0.11894    -0.38251    -6.29467
     47.295        -6.79425    -0.11893    -0.38247    -6.29285
     47.445        -6.79239    -0.11892    -0.38243    -6.29104
     47.595        -6.79054    -0.11891    -0.38240    -6.28924
     47.745        -6.78872    -0.11890    -0.38236    -6.28746
     47.895        -6.78688    -0.11890    -0.38232    -6.28567
     48.045        -6.78506    -0.11889    -0.38229    -6.28388
     48.195        -6.78322    -0.11888    -0.38225    -6.28210
     48.345        -6.78143    -0.11887    -0.38221    -6.28035
     48.495        -6.77962    -0.11886    -0.38218    -6.27859
     48.645        -6.77782    -0.11885    -0.38214    -6.27683
     48.795        -6.77602    -0.11884    -0.38211    -6.27507
     48.945        -6.77423    -0.11884    -0.38207    -6.27333
     49.095        -6.77245    -0.11883    -0.38203    -6.27158
     49.245        -6.77067    -0.11882    -0.38200    -6.26985
     49.395        -6.76890    -0.11881    -0.38196    -6.26812
     49.545        -6.76713    -0.11881    -0.38193    -6.26640
     49.695        -6.76538    -0.11880    -0.38190    -6.26469
     49.845        -6.76363    -0.11879    -0.38186    -6.26298
     49.995        -6.76189    -0.11878    -0.38183    -6.26128
     50.145        -6.76013    -0.11878    -0.38179    -6.25956
     50.295        -6.75841    -0.11877    -0.38176    -6.25788
     50.445        -6.75667    -0.11876    -0.38172    -6.25619
     50.595        -6.75496    -0.11875    -0.38169    -6.25452
     50.745        -6.75325    -0.11874    -0.38165    -6.25286
     50.895        -6.75154    -0.11874    -0.38162    -6.25118
     51.045        -6.74984    -0.11873    -0.38159    -6.24952
     51.195        -6.74813    -0.11872    -0.38155    -6.24785
     51.345        -6.74643    -0.11872    -0.38152    -6.24619
     51.495        -6.74473    -0.11871    -0.38149    -6.24454
     51.645        -6.74305    -0.11870    -0.38145    -6.24290
     51.795        -6.74137    -0.11870    -0.38142    -6.24126
     51.945        -6.73971    -0.11869    -0.38139    -6.23963
     52.095        -6.73804    -0.11868    -0.38135    -6.23801
     52.245        -6.73637    -0.11867    -0.38132    -6.23638
     52.395        -6.73472    -0.11867    -0.38129    -6.23477
     52.545        -6.73307    -0.11866    -0.38126    -6.23316
     52.695        -6.73144    -0.11865    -0.38122    -6.23156
     52.845        -6.72980    -0.11864    -0.38119    -6.22996
     52.995        -6.72817    -0.11864    -0.38116    -6.22838
     53.145        -6.72654    -0.11863    -0.38113    -6.22679
     53.295        -6.72492    -0.11862    -0.38109    -6.22520
     53.445        -6.72330    -0.11861    -0.38106    -6.22362
     53.595        -6.72167    -0.11861    -0.38103    -6.22204
     53.745        -6.72005    -0.11860    -0.38100    -6.22046
     53.895        -6.71844    -0.11859    -0.38096    -6.21889
     54.045        -6.71685    -0.11859    -0.38094    -6.21733
     54.195        -6.71526    -0.11858    -0.38090    -6.21577
     54.345        -6.71367    -0.11857    -0.38087    -6.21422
     54.495        -6.71210    -0.11857    -0.38084    -6.21270
     54.645        -6.71052    -0.11856    -0.38081    -6.21115
     54.795        -6.70895    -0.11855    -0.38078    -6.20962
     54.945        -6.70738    -0.11855    -0.38075    -6.20808
     55.095        -6.70581    -0.11854    -0.38072    -6.20655
     59.433        -6.58393    -0.11801    -0.37832    -6.08760
     80.646        -6.40787    -0.11726    -0.37489    -5.91572
     111.21        -6.23933    -0.11658    -0.37164    -5.75111
     153.36        -6.07811    -0.11593    -0.36855    -5.59363
     211.49        -5.92425    -0.11531    -0.36564    -5.44331
     291.64        -5.77757    -0.11473    -0.36287    -5.29996
     402.18        -5.63788    -0.11416    -0.36024    -5.16348
     554.60        -5.50493    -0.11362    -0.35775    -5.03355
     764.80        -5.37847    -0.11311    -0.35539    -4.90997
     1054.7        -5.25842    -0.11261    -0.35315    -4.79265
     1454.4        -5.14445    -0.11214    -0.35103    -4.68128
     2005.6        -5.03632    -0.11170    -0.34902    -4.57560
     2765.8        -4.93375    -0.11129    -0.34713    -4.47534
     3814.0        -4.83647    -0.11088    -0.34536    -4.38023
     5259.5        -4.74419    -0.11049    -0.34368    -4.29003
     7252.9        -4.65669    -0.11012    -0.34209    -4.20448
     10002.        -4.57387    -0.10978    -0.34059    -4.12350
     13793.        -4.49528    -0.10945    -0.33918    -4.04665
     19020.        -4.42071    -0.10914    -0.33784    -3.97373
     26229.        -4.35011    -0.10885    -0.33658    -3.90467
     36170.        -4.28315    -0.10858    -0.33540    -3.83917
     49878.        -4.21978    -0.10833    -0.33427    -3.77718
     68782.        -4.15977    -0.10808    -0.33322    -3.71848
     94851.        -4.10281    -0.10785    -0.33221    -3.66275
    0.13080E+06    -4.04884    -0.10763    -0.33126    -3.60995
    0.18038E+06    -3.99766    -0.10743    -0.33036    -3.55987
    0.24874E+06    -3.94914    -0.10724    -0.32951    -3.51239
    0.34301E+06    -3.90326    -0.10706    -0.32871    -3.46749
    0.47302E+06    -3.85970    -0.10689    -0.32795    -3.42486
    0.65229E+06    -3.81852    -0.10673    -0.32724    -3.38454
    0.89952E+06    -3.77948    -0.10658    -0.32657    -3.34632
    0.12404E+07    -3.74251    -0.10645    -0.32594    -3.31013
    0.17106E+07    -3.70749    -0.10631    -0.32533    -3.27584
    0.23589E+07    -3.67424    -0.10619    -0.32476    -3.24329
    0.32529E+07    -3.64274    -0.10608    -0.32422    -3.21245
    0.44858E+07    -3.61288    -0.10597    -0.32370    -3.18321
    0.61860E+07    -3.58463    -0.10587    -0.32322    -3.15554
    0.85305E+07    -3.55788    -0.10577    -0.32277    -3.12934
    0.11764E+08    -3.53252    -0.10569    -0.32234    -3.10450
    0.16222E+08    -3.50844    -0.10560    -0.32193    -3.08091
    0.22370E+08    -3.48568    -0.10553    -0.32154    -3.05862
    0.30849E+08    -3.46407    -0.10546    -0.32117    -3.03743
    0.42541E+08    -3.44363    -0.10540    -0.32083    -3.01740
    0.58664E+08    -3.42430    -0.10534    -0.32050    -2.99846
    0.80898E+08    -3.40618    -0.10529    -0.32019    -2.98070
    0.11156E+09    -3.38920    -0.10524    -0.31989    -2.96407
    0.15384E+09    -3.37340    -0.10520    -0.31961    -2.94859
    0.21215E+09    -3.35854    -0.10516    -0.31935    -2.93403
    0.29255E+09    -3.34461    -0.10512    -0.31910    -2.92039
    0.40343E+09    -3.33152    -0.10509    -0.31886    -2.90758
    0.55633E+09    -3.31936    -0.10505    -0.31864    -2.89567
    0.76719E+09    -3.30831    -0.10502    -0.31843    -2.88485
    0.10580E+10    -3.29820    -0.10499    -0.31823    -2.87498
    0.14589E+10    -3.28888    -0.10497    -0.31805    -2.86586
    0.20119E+10    -3.28030    -0.10495    -0.31788    -2.85747
    0.27744E+10    -3.27238    -0.10493    -0.31772    -2.84974
    0.38259E+10    -3.26506    -0.10491    -0.31757    -2.84258
    0.52760E+10    -3.25827    -0.10489    -0.31743    -2.83595
    0.72756E+10    -3.25202    -0.10487    -0.31730    -2.82986
    0.10033E+11    -3.24623    -0.10486    -0.31717    -2.82420
    0.13836E+11    -3.24089    -0.10484    -0.31706    -2.81898
    0.19079E+11    -3.23598    -0.10484    -0.31696    -2.81418
    0.26311E+11    -3.23142    -0.10482    -0.31686    -2.80973
    0.36283E+11    -3.22722    -0.10482    -0.31678    -2.80562
    0.50034E+11    -3.22334    -0.10481    -0.31670    -2.80183
    0.68997E+11    -3.21975    -0.10480    -0.31663    -2.79832
    0.10000E+12    -3.17663    -0.10471    -0.31575    -2.75617
